#Insight Transform File V1.0
#Transform 0
Transform: AffineTransform_float_3_3
Parameters: 0.999997 -0.00220138 0.000334713 0.00220362 0.999965 -0.00804128 -0.00031729 0.00804172 0.999967 0.168898 -0.0144357 -0.187654
FixedParameters: 0 0 0

#Transform 1
Transform: AffineTransform_float_3_3
Parameters: 0.999998 -0.00188487 -0.000307769 0.00188313 0.999981 -0.00596159 0.000319232 0.00596141 0.999982 0.14924 -0.00590914 -0.0811113
FixedParameters: 0 0 0

#Transform 2
Transform: AffineTransform_float_3_3
Parameters: 0.999998 -0.00188356 -7.85399e-05 0.00188244 0.999977 -0.00661616 9.14561e-05 0.00661584 0.999978 0.130097 0.0975283 -0.128117
FixedParameters: 0 0 0

#Transform 3
Transform: AffineTransform_float_3_3
Parameters: 0.999999 -0.00136585 0.000214485 0.00136716 0.999984 -0.00547771 -0.000207515 0.00547729 0.999985 0.0975948 0.0305658 -0.0705923
FixedParameters: 0 0 0

#Transform 4
Transform: AffineTransform_float_3_3
Parameters: 1 -0.00122055 7.47556e-05 0.00122145 0.999979 -0.00635291 -6.72414e-05 0.00635309 0.99998 0.111865 0.0675951 -0.129433
FixedParameters: 0 0 0

#Transform 5
Transform: AffineTransform_float_3_3
Parameters: 0.999999 -0.00080896 -0.000369588 0.000806036 0.999968 -0.00794131 0.000376412 0.0079407 0.999969 0.0616962 -0.0188589 -0.148287
FixedParameters: 0 0 0

#Transform 6
Transform: AffineTransform_float_3_3
Parameters: 1 -0.000488521 0.000900993 0.000493479 0.999982 -0.00609056 -0.000898011 0.00609144 0.999981 0.0749755 0.0846153 -0.141491
FixedParameters: 0 0 0

#Transform 7
Transform: AffineTransform_float_3_3
Parameters: 1 -0.000521225 0.000424191 0.000522774 0.999991 -0.00419578 -0.00042181 0.00419622 0.999991 0.0382112 0.00929304 -0.0525259
FixedParameters: 0 0 0

#Transform 8
Transform: AffineTransform_float_3_3
Parameters: 1 -0.0005213 0.000424097 0.000522699 0.999992 -0.00401678 -0.000421904 0.00401722 0.999992 0.0330302 0.0536478 -0.0758462
FixedParameters: 0 0 0

#Transform 9
Transform: AffineTransform_float_3_3
Parameters: 1 -0.000521348 0.00042404 0.000522652 0.999992 -0.00390578 -0.000421962 0.00390522 0.999993 0.0330398 0.0262882 -0.0989216
FixedParameters: 0 0 0

#Transform 10
Transform: AffineTransform_float_3_3
Parameters: 1 -0.000522578 0.000118869 0.000523422 0.999993 -0.00357593 -0.000117129 0.00357606 0.999993 0.015513 0.0431635 -0.0615751
FixedParameters: 0 0 0

#Transform 11
Transform: AffineTransform_float_3_3
Parameters: 0.999999 -0.000770352 -0.000119755 0.000769647 0.999996 -0.00291509 0.000122244 0.00291491 0.999995 0.0299212 0.0438615 -0.0827127
FixedParameters: 0 0 0

#Transform 12
Transform: AffineTransform_float_3_3
Parameters: 1 -0.000522627 0.000167171 0.000523373 0.999998 -0.00223991 -0.000165828 0.00224009 0.999998 0.0155498 0.0133387 -0.0792993
FixedParameters: 0 0 0

#Transform 13
Transform: AffineTransform_float_3_3
Parameters: 1 -0.000522187 0.0003273 0.000522812 0.999997 -0.00248783 -0.0003257 0.00248817 0.999997 0.00641344 0.0575016 -0.0812463
FixedParameters: 0 0 0

#Transform 14
Transform: AffineTransform_float_3_3
Parameters: 1 -2.10128e-05 0.000617034 2.19872e-05 0.999998 -0.00159999 -0.000616965 0.00160001 0.999998 -0.0203223 0.0563354 -0.056636
FixedParameters: 0 0 0

#Transform 15
Transform: AffineTransform_float_3_3
Parameters: 1 8.55594e-06 0.000365987 -8.44403e-06 0.999999 -0.001519 -0.000366013 0.001519 0.999999 -0.0219217 -0.00265554 -0.072099
FixedParameters: 0 0 0

#Transform 16
Transform: AffineTransform_float_3_3
Parameters: 1 -6.40856e-05 -7.09228e-05 6.39143e-05 1 -0.00120601 7.10772e-05 0.001206 1 -0.0350979 0.0248247 -0.0847942
FixedParameters: 0 0 0

#Transform 17
Transform: AffineTransform_float_3_3
Parameters: 1 -0.000396524 0.000278678 0.000396474 0.999998 -0.00170789 -0.000277323 0.00170811 0.999999 -0.00934535 -0.0459093 -0.0638474
FixedParameters: 0 0 0

#Transform 18
Transform: AffineTransform_float_3_3
Parameters: 1 -0.000253907 6.33736e-05 0.000254094 0.999999 -0.00147098 -6.36263e-05 0.00147102 0.999999 -0.0143901 -0.0207089 -0.0543317
FixedParameters: 0 0 0

#Transform 19
Transform: AffineTransform_float_3_3
Parameters: 1 -0.000151022 -0.000406992 0.000150978 1 -5.50614e-05 0.000407008 5.49385e-05 1 0.00181168 -0.00772477 0.0110689
FixedParameters: 0 0 0

#Transform 20
Transform: AffineTransform_float_3_3
Parameters: 1 0.000152125 -0.000200905 -0.000151875 1 0.00062303 0.000201095 -0.000622969 1 -0.00243205 0.002826 0.0128687
FixedParameters: 0 0 0

#Transform 21
Transform: AffineTransform_float_3_3
Parameters: 1 0.000152152 0.000211891 -0.000151848 0.999999 -0.000716032 -0.000212109 0.000715967 0.999999 -0.0305978 -0.00341766 -0.0410948
FixedParameters: 0 0 0

#Transform 22
Transform: AffineTransform_float_3_3
Parameters: 1 0.000151955 -0.000275025 -0.000151045 1 -0.000163958 0.000274975 0.000164042 1 -0.0465183 0.000491933 0.0842901
FixedParameters: 0 0 0

#Transform 23
Transform: AffineTransform_float_3_3
Parameters: 1 9.11182e-05 -0.000200946 -9.08818e-05 1 0.000588018 0.000201053 -0.000587981 1 -0.0431549 0.015408 0.0664255
FixedParameters: 0 0 0

#Transform 24
Transform: AffineTransform_float_3_3
Parameters: 1 0.000152175 -0.000390932 -0.000151825 1 0.000448059 0.000391068 -0.00044794 1 -0.0440892 0.000594703 0.056134
FixedParameters: 0 0 0

#Transform 25
Transform: AffineTransform_float_3_3
Parameters: 1 6.27435e-05 -0.000337048 -6.22564e-05 0.999999 -0.000760979 0.000336953 0.000761021 0.999999 -0.0406674 0.0165175 -0.045655
FixedParameters: 0 0 0

#Transform 26
Transform: AffineTransform_float_3_3
Parameters: 1 -7.12433e-05 0.000528967 7.07566e-05 1 0.000460037 -0.000529032 -0.000459962 1 -0.0179656 -0.0282108 0.0219862
FixedParameters: 0 0 0

#Transform 27
Transform: AffineTransform_float_3_3
Parameters: 1 0.000152684 0.000335689 -0.000151317 0.999998 -0.00203805 -0.000335309 0.00203795 0.999998 -0.0072343 -0.00400129 -0.0553475
FixedParameters: 0 0 0

#Transform 28
Transform: AffineTransform_float_3_3
Parameters: 1 -0.000256791 0.000107502 0.00025621 0.999998 -0.00195297 -0.0001075 0.00195303 0.999998 0.0405282 0.0228118 -0.0536392
FixedParameters: 0 0 0

#Transform 29
Transform: AffineTransform_float_3_3
Parameters: 1 7.01105e-06 7.99032e-06 -6.98894e-06 0.999999 -0.001382 -8.00967e-06 0.001382 0.999999 0.0205538 -0.00079155 -0.00707121
FixedParameters: 0 0 0

#Transform 30
Transform: AffineTransform_float_3_3
Parameters: 1 0.000236235 0.000323829 -0.000235765 0.999999 -0.000725076 -0.000324171 0.000724923 0.999999 0.0244162 -0.0118202 -0.0120497
FixedParameters: 0 0 0

#Transform 31
Transform: AffineTransform_float_3_3
Parameters: 1 -9.9983e-05 -9.60177e-05 0.000100017 1 0.00017699 9.59823e-05 -0.00017701 1 0.0220879 0.00889293 0.0557859
FixedParameters: 0 0 0

#Transform 32
Transform: AffineTransform_float_3_3
Parameters: 1 -0.000246049 0.000293959 0.000245951 1 0.000166072 -0.000294041 -0.000165928 1 0.0458951 0.0214705 0.029052
FixedParameters: 0 0 0

#Transform 33
Transform: AffineTransform_float_3_3
Parameters: 1 3.28032e-05 0.000199032 -3.31968e-05 0.999999 0.000988992 -0.000198967 -0.000989006 0.999999 0.0226376 -0.0115366 0.0599998
FixedParameters: 0 0 0

#Transform 34
Transform: AffineTransform_float_3_3
Parameters: 1 7.40752e-05 0.000286981 -7.39248e-05 1 -0.000262021 -0.000287019 0.000261979 1 -0.00275264 0.024891 -0.0664744
FixedParameters: 0 0 0

#Transform 35
Transform: AffineTransform_float_3_3
Parameters: 1 5.10121e-05 0.000525999 -5.09879e-05 1 -2.30268e-05 -0.000526001 2.29732e-05 1 0.0201354 -0.0142198 0.0313706
FixedParameters: 0 0 0

#Transform 36
Transform: AffineTransform_float_3_3
Parameters: 0.999999 -0.000245042 0.000704334 0.000245959 0.999999 -0.00136083 -0.000704666 0.00136017 0.999999 0.00819409 0.0291181 -0.0252046
FixedParameters: 0 0 0

#Transform 37
Transform: AffineTransform_float_3_3
Parameters: 1 -0.000246199 0.000594918 0.000245801 1 0.000334146 -0.000595082 -0.000333853 1 0.00826102 -0.0111808 0.0220158
FixedParameters: 0 0 0

#Transform 38
Transform: AffineTransform_float_3_3
Parameters: 0.999999 0.000374221 0.000725885 -0.000373778 1 -0.000305271 -0.000726114 0.000304728 0.999999 -0.0179603 -0.00446729 -0.0377352
FixedParameters: 0 0 0

#Transform 39
Transform: AffineTransform_float_3_3
Parameters: 0.999999 0.000415434 0.000594697 -0.000415567 0.999999 -0.000729247 -0.000594303 0.000729753 0.999999 -0.000687609 -0.00513763 0.0282767
FixedParameters: 0 0 0

#Transform 40
Transform: AffineTransform_float_3_3
Parameters: 1 0.000144096 0.000594735 -0.000143905 0.999999 -0.00184309 -0.000594266 0.00184292 0.999998 0.0148094 0.00787717 -0.0596009
FixedParameters: 0 0 0

#Transform 41
Transform: AffineTransform_float_3_3
Parameters: 1 0.000341859 0.000594506 -0.000341141 0.999999 -0.0014452 -0.000594493 0.0014448 0.999999 0.0119918 -0.0381401 -0.011784
FixedParameters: 0 0 0

#Transform 42
Transform: AffineTransform_float_3_3
Parameters: 1 0.000341284 0.000145336 -0.000340715 0.999998 -0.00194705 -0.000146664 0.00194695 0.999998 -0.00900357 0.00575447 -0.0305782
FixedParameters: 0 0 0

#Transform 43
Transform: AffineTransform_float_3_3
Parameters: 1 -0.000109961 2.02141e-05 0.000110039 0.999998 -0.001947 -1.97858e-05 0.001947 0.999998 0.0101757 -0.0354324 -0.040948
FixedParameters: 0 0 0

#Transform 44
Transform: AffineTransform_float_3_3
Parameters: 1 0.00015492 0.000342585 -0.000154079 0.999997 -0.00268505 -0.000343415 0.00268495 0.999997 -0.00635174 0.0077992 -0.0737092
FixedParameters: 0 0 0

#Transform 45
Transform: AffineTransform_float_3_3
Parameters: 1 0.000585277 0.000148915 -0.000584723 0.999998 -0.00185509 -0.000150085 0.00185491 0.999999 -0.0125134 -0.0157622 -0.0558452
FixedParameters: 0 0 0

#Transform 46
Transform: AffineTransform_float_3_3
Parameters: 1 0.000239044 1.53291e-05 -0.000238957 0.999996 -0.002807 -1.56708e-05 0.002807 0.999996 -0.00758111 0.0305356 -0.0537304
FixedParameters: 0 0 0

#Transform 47
Transform: AffineTransform_float_3_3
Parameters: 1 0.000436901 -4.49753e-05 -0.000437099 0.999998 -0.00223198 4.40245e-05 0.00223202 0.999998 -0.0306947 0.00308799 -0.0252144
FixedParameters: 0 0 0

#Transform 48
Transform: AffineTransform_float_3_3
Parameters: 0.999999 0.000732661 0.000286316 -0.00073234 0.999997 -0.00230021 -0.000287686 0.00230079 0.999998 -0.0701349 0.0186106 0.0157216
FixedParameters: 0 0 0

#Transform 49
Transform: AffineTransform_float_3_3
Parameters: 0.999999 0.000869981 0.000461153 -0.000869019 0.999998 -0.0021244 -0.000462846 0.0021236 0.999997 -0.0856533 0.0170474 -0.0559234
FixedParameters: 0 0 0

#Transform 50
Transform: AffineTransform_float_3_3
Parameters: 1 0.000935923 0.000461132 -0.000935077 0.999997 -0.00199743 -0.000462868 0.00199657 0.999998 -0.0777985 0.0122123 0.0261339
FixedParameters: 0 0 0

#Transform 51
Transform: AffineTransform_float_3_3
Parameters: 1 0.000437769 0.000283817 -0.00043623 0.999996 -0.00270513 -0.000285181 0.00270488 0.999997 -0.0724313 0.063156 -0.0361254
FixedParameters: 0 0 0

#Transform 52
Transform: AffineTransform_float_3_3
Parameters: 0.999998 4.58094e-06 -0.00203704 -1.34189e-05 0.999992 -0.00413298 0.00203696 0.00413302 0.99999 -0.0890328 0.0243156 0.00859091
FixedParameters: 0 0 0

#Transform 53
Transform: AffineTransform_float_3_3
Parameters: 0.999996 -0.00032563 -0.00260769 0.000315372 0.999991 -0.00407584 0.00260831 0.00407516 0.999989 -0.0820468 0.122478 -0.021221
FixedParameters: 0 0 0

#Transform 54
Transform: AffineTransform_float_3_3
Parameters: 0.999998 -0.000253481 -0.00201507 0.00024652 0.999993 -0.00371151 0.00201593 0.0037115 0.999991 -0.0829873 0.0567246 0.0171794
FixedParameters: 0 0 0

#Transform 55
Transform: AffineTransform_float_3_3
Parameters: 0.999998 0.000436551 -0.00162874 -0.00044245 0.999992 -0.00396128 0.00162726 0.00396172 0.999991 -0.119345 0.0906596 -0.0797408
FixedParameters: 0 0 0

#Transform 56
Transform: AffineTransform_float_3_3
Parameters: 0.999998 0.000305382 -0.00164424 -0.000311617 0.999992 -0.00402649 0.00164276 0.0040265 0.99999 -0.11703 0.0292745 -0.0776087
FixedParameters: 0 0 0

#Transform 57
Transform: AffineTransform_float_3_3
Parameters: 0.999998 0.000683921 -0.00145235 -0.000691077 0.999988 -0.004879 0.00144864 0.00488 0.999987 -0.116528 0.0636719 -0.104078
FixedParameters: 0 0 0

#Transform 58
Transform: AffineTransform_float_3_3
Parameters: 0.999998 0.00023494 -0.00173797 -0.000242059 0.999991 -0.00406259 0.00173703 0.00406341 0.99999 -0.0896277 0.0322758 -0.0711393
FixedParameters: 0 0 0

#Transform 59
Transform: AffineTransform_float_3_3
Parameters: 0.999999 0.000337194 -0.00129053 -0.000342808 0.99999 -0.00450156 0.00128947 0.00450144 0.999989 -0.0909084 0.0903154 -0.0785738
FixedParameters: 0 0 0

#Transform 60
Transform: AffineTransform_float_3_3
Parameters: 0.999998 0.000236133 -0.00159888 -0.000242868 0.999993 -0.00367062 0.00159812 0.00367038 0.999992 -0.0896272 0.0292204 -0.0479884
FixedParameters: 0 0 0

#Transform 61
Transform: AffineTransform_float_3_3
Parameters: 0.999999 0.000708522 -0.00125654 -0.000712477 0.999994 -0.00356711 0.00125347 0.00356789 0.999993 -0.10698 0.0598647 -0.0673121
FixedParameters: 0 0 0

#Transform 62
Transform: AffineTransform_float_3_3
Parameters: 0.999999 0.000643058 -0.000587134 -0.000645942 0.999995 -0.00331362 0.000584863 0.00331338 0.999995 -0.0950835 -0.0143461 -0.0721953
FixedParameters: 0 0 0

#Transform 63
Transform: AffineTransform_float_3_3
Parameters: 1 0.000539625 -0.00010789 -0.000540375 0.999993 -0.00350094 0.000106109 0.00350106 0.999994 -0.0935282 0.0493189 -0.0882081
FixedParameters: 0 0 0

#Transform 64
Transform: AffineTransform_float_3_3
Parameters: 0.999999 0.000443691 -0.00064659 -0.000446306 0.999993 -0.00357471 0.000644409 0.00357429 0.999994 -0.0923607 0.00776347 -0.0776088
FixedParameters: 0 0 0

#Transform 65
Transform: AffineTransform_float_3_3
Parameters: 0.999999 0.000427018 -0.000782634 -0.000429983 0.999992 -0.00381367 0.000781366 0.00381334 0.999993 -0.0624089 0.0399785 -0.0220501
FixedParameters: 0 0 0

#Transform 66
Transform: AffineTransform_float_3_3
Parameters: 0.999999 0.00021863 -0.00088384 -0.00022237 0.999992 -0.00381381 0.000883158 0.00381419 0.999993 -0.0282978 0.0166979 -0.106481
FixedParameters: 0 0 0

#Transform 67
Transform: AffineTransform_float_3_3
Parameters: 1 0.00049356 -0.00106061 -0.000497438 0.999994 -0.00324547 0.00105839 0.00324652 0.999994 -0.0733293 0.00499275 -0.08072
FixedParameters: 0 0 0

#Transform 68
Transform: AffineTransform_float_3_3
Parameters: 0.999999 0.000628508 -0.000481952 -0.000630492 0.999995 -0.0031017 0.000480046 0.0031023 0.999995 -0.075176 0.0195556 -0.105199
FixedParameters: 0 0 0

#Transform 69
Transform: AffineTransform_float_3_3
Parameters: 1 0.000746118 -0.000685056 -0.000747882 0.999996 -0.00275149 0.000682945 0.00275251 0.999996 -0.0878855 -0.00925225 -0.0373984
FixedParameters: 0 0 0

#Transform 70
Transform: AffineTransform_float_3_3
Parameters: 0.999999 0.000578464 -0.000545633 -0.000579537 0.999996 -0.00281868 0.000544369 0.00281832 0.999996 -0.0810768 0.0511827 -0.0650285
FixedParameters: 0 0 0

#Transform 71
Transform: AffineTransform_float_3_3
Parameters: 0.999999 0.000507562 -0.00053038 -0.000509437 0.999996 -0.00271473 0.000528619 0.00271527 0.999996 -0.0909259 0.00226577 -0.00722909
FixedParameters: 0 0 0

#Transform 72
Transform: AffineTransform_float_3_3
Parameters: 0.999999 0.000650943 -0.000580315 -0.000653055 0.999994 -0.00355062 0.000577684 0.00355138 0.999993 -0.10148 0.0351839 -0.0629242
FixedParameters: 0 0 0

#Transform 73
Transform: AffineTransform_float_3_3
Parameters: 0.999999 0.00058585 -0.000406662 -0.000587148 0.999996 -0.00283376 0.000404337 0.00283424 0.999996 -0.0921649 -0.0060855 -0.00982289
FixedParameters: 0 0 0

#Transform 74
Transform: AffineTransform_float_3_3
Parameters: 0.999999 0.000668525 -0.000436269 -0.000670474 0.999994 -0.00338971 0.000433729 0.00339029 0.999994 -0.107866 0.0333029 -0.0302098
FixedParameters: 0 0 0

#Transform 75
Transform: AffineTransform_float_3_3
Parameters: 1 0.000657874 -3.82304e-05 -0.000658125 0.999994 -0.00338998 3.57692e-05 0.00339003 0.999995 -0.123961 -0.00804031 -0.0265496
FixedParameters: 0 0 0

#Transform 76
Transform: AffineTransform_float_3_3
Parameters: 0.999999 0.000544821 -0.00064385 -0.00054618 0.999994 -0.00338965 0.000642152 0.00338935 0.999994 -0.117902 -0.0232103 0.0381991
FixedParameters: 0 0 0

#Transform 77
Transform: AffineTransform_float_3_3
Parameters: 0.999999 0.00075644 -0.00113174 -0.000761555 0.999987 -0.00491914 0.00112727 0.00492086 0.999988 -0.114207 0.0401046 0.021144
FixedParameters: 0 0 0

#Transform 78
Transform: AffineTransform_float_3_3
Parameters: 0.999998 0.000601272 -0.00154563 -0.000607729 0.999991 -0.00435607 0.00154337 0.00435694 0.99999 -0.131485 0.0781008 -0.0200629
FixedParameters: 0 0 0

#Transform 79
Transform: AffineTransform_float_3_3
Parameters: 0.999999 0.000978702 -0.00101818 -0.000982298 0.999995 -0.003244 0.00101482 0.003245 0.999994 -0.140768 0.018065 -0.0112509
FixedParameters: 0 0 0

#Transform 80
Transform: AffineTransform_float_3_3
Parameters: 0.999999 0.000662926 -0.00118629 -0.000667076 0.999994 -0.00343721 0.00118471 0.00343779 0.999994 -0.136266 0.0650607 0.00699558
FixedParameters: 0 0 0

#Transform 81
Transform: AffineTransform_float_3_3
Parameters: 1 0.000706936 -0.000965253 -0.000710064 0.999994 -0.00317832 0.000962749 0.00317868 0.999995 -0.159718 0.0422204 -0.0153625
FixedParameters: 0 0 0

#Transform 82
Transform: AffineTransform_float_3_3
Parameters: 1 0.000845768 -0.000873143 -0.000849236 0.999993 -0.00370826 0.000870857 0.00370874 0.999992 -0.172955 0.066053 -0.00166374
FixedParameters: 0 0 0

#Transform 83
Transform: AffineTransform_float_3_3
Parameters: 0.999998 0.00092694 -0.00138839 -0.000932059 0.999993 -0.00364871 0.00138461 0.00364929 0.999993 -0.190927 0.0580277 -0.0234549
FixedParameters: 0 0 0

#Transform 84
Transform: AffineTransform_float_3_3
Parameters: 0.999998 0.00119153 -0.00159685 -0.00119747 0.999991 -0.00405609 0.00159215 0.0040579 0.99999 -0.200615 0.0729937 -0.025462
FixedParameters: 0 0 0

#Transform 85
Transform: AffineTransform_float_3_3
Parameters: 1 0.000652763 -0.000986151 -0.000656237 0.999995 -0.00328536 0.000983849 0.00328665 0.999994 -0.176131 0.0475871 -0.0365118
FixedParameters: 0 0 0

#Transform 86
Transform: AffineTransform_float_3_3
Parameters: 0.999999 0.000653695 -0.00057065 -0.000656301 0.999991 -0.00404662 0.000567348 0.00404737 0.999991 -0.175943 0.0829875 -0.0671201
FixedParameters: 0 0 0

#Transform 87
Transform: AffineTransform_float_3_3
Parameters: 0.999999 0.000651652 -0.00112453 -0.000656351 0.999993 -0.00387127 0.00112247 0.00387174 0.999992 -0.175937 0.0569966 -0.0912957
FixedParameters: 0 0 0

#Transform 88
Transform: AffineTransform_float_3_3
Parameters: 0.999999 0.000912816 -0.000899244 -0.000916188 0.999994 -0.00354718 0.000896756 0.00354782 0.999994 -0.186636 0.0291361 -0.033894
FixedParameters: 0 0 0

#Transform 89
Transform: AffineTransform_float_3_3
Parameters: 0.999999 0.000837492 -0.00113534 -0.00084251 0.999991 -0.00397605 0.00113266 0.00397695 0.999992 -0.178528 0.053614 -0.116093
FixedParameters: 0 0 0

#Transform 90
Transform: AffineTransform_float_3_3
Parameters: 1 0.000652131 -0.000927733 -0.000655871 0.999991 -0.00417739 0.000925268 0.00417761 0.999991 -0.176091 0.0587753 -0.0319607
FixedParameters: 0 0 0

#Transform 91
Transform: AffineTransform_float_3_3
Parameters: 1 0.000652129 -0.000979589 -0.000655874 0.999992 -0.00395736 0.000977412 0.00395764 0.999991 -0.158727 0.0918867 -0.0918087
FixedParameters: 0 0 0

#Transform 92
Transform: AffineTransform_float_3_3
Parameters: 0.999999 0.000443044 -0.00122144 -0.000446958 0.999994 -0.00324046 0.00122056 0.00324054 0.999994 -0.120842 0.0601496 -0.0176002
FixedParameters: 0 0 0

#Transform 93
Transform: AffineTransform_float_3_3
Parameters: 0.999999 0.000600005 -0.000680652 -0.000602992 0.99999 -0.00440859 0.000677348 0.00440941 0.99999 -0.133658 0.0758119 -0.0820326
FixedParameters: 0 0 0

#Transform 94
Transform: AffineTransform_float_3_3
Parameters: 0.999999 0.000440324 -0.000898316 -0.000442675 0.999996 -0.00298061 0.000896684 0.0029814 0.999995 -0.112763 0.041805 -0.0583534
FixedParameters: 0 0 0

#Transform 95
Transform: AffineTransform_float_3_3
Parameters: 0.999999 0.000233159 -0.0007409 -0.000236841 0.999992 -0.00383683 0.000740097 0.00383717 0.999993 -0.0652634 0.0726016 -0.102279
FixedParameters: 0 0 0

#Transform 96
Transform: AffineTransform_float_3_3
Parameters: 1 0.000240419 -0.00060004 -0.00024358 0.99999 -0.00430385 0.000598957 0.00430414 0.99999 0.0107438 0.0675944 -0.0816715
FixedParameters: 0 0 0

#Transform 97
Transform: AffineTransform_float_3_3
Parameters: 0.999999 0.000190544 -0.00138191 -0.000196456 0.999989 -0.00467273 0.0013811 0.00467327 0.999988 -0.0259367 0.0429585 -0.098538
FixedParameters: 0 0 0

#Transform 98
Transform: AffineTransform_float_3_3
Parameters: 0.999999 0.000396033 -0.00135246 -0.000400964 0.999993 -0.00367346 0.00135054 0.00367454 0.999993 -0.0468755 0.0541458 -0.131243
FixedParameters: 0 0 0

#Transform 99
Transform: AffineTransform_float_3_3
Parameters: 0.999999 0.000218745 -0.00152491 -0.000225256 0.999991 -0.00410366 0.00152409 0.00410334 0.999991 -0.0528628 0.0522828 -0.107744
FixedParameters: 0 0 0

#Transform 100
Transform: AffineTransform_float_3_3
Parameters: 1 0.000117109 -0.00100746 -0.000120889 0.999992 -0.00386288 0.00100654 0.00386312 0.999992 -0.0626358 0.0615736 -0.135542
FixedParameters: 0 0 0

#Transform 101
Transform: AffineTransform_float_3_3
Parameters: 0.999998 0.00079982 -0.0017149 -0.000806176 0.999993 -0.00360562 0.0017111 0.00360738 0.999992 -0.0907381 0.0297888 -0.096302
FixedParameters: 0 0 0

#Transform 102
Transform: AffineTransform_float_3_3
Parameters: 0.999999 0.000175797 -0.000955782 -0.000180204 0.999991 -0.00439883 0.000955216 0.00439917 0.99999 -0.0359223 0.0300696 -0.128504
FixedParameters: 0 0 0

#Transform 103
Transform: AffineTransform_float_3_3
Parameters: 0.999999 0.000118171 -0.000836404 -0.000120831 0.999995 -0.0033829 0.000836596 0.0033831 0.999994 -0.017635 0.0528007 -0.10251
FixedParameters: 0 0 0

#Transform 104
Transform: AffineTransform_float_3_3
Parameters: 1 0.000118402 -0.000641485 -0.0001206 0.999992 -0.00405192 0.000641516 0.00405207 0.999991 -0.018048 0.0642971 -0.143014
FixedParameters: 0 0 0

#Transform 105
Transform: AffineTransform_float_3_3
Parameters: 0.999999 -2.78017e-05 -0.000730899 2.51978e-05 0.999992 -0.00383302 0.000731102 0.00383298 0.999993 -0.012865 0.0203773 -0.129385
FixedParameters: 0 0 0

#Transform 106
Transform: AffineTransform_float_3_3
Parameters: 0.999999 0.000117986 -0.000721499 -0.000121016 0.999992 -0.00417891 0.0007215 0.00417909 0.999991 -0.0303883 0.052949 -0.130778
FixedParameters: 0 0 0

#Transform 107
Transform: AffineTransform_float_3_3
Parameters: 0.999999 0.000116491 -0.00126142 -0.000121507 0.999993 -0.00357485 0.00126057 0.00357515 0.999993 -0.0143405 0.0135264 -0.113208
FixedParameters: 0 0 0

#Transform 108
Transform: AffineTransform_float_3_3
Parameters: 0.999999 0.000117343 -0.000901484 -0.000120659 0.999992 -0.00405789 0.000901518 0.00405811 0.999992 -0.0124724 0.0594505 -0.109127
FixedParameters: 0 0 0

#Transform 109
Transform: AffineTransform_float_3_3
Parameters: 1 0.00017683 -0.00110867 -0.000180171 0.999993 -0.0037618 0.00110833 0.0037622 0.999993 -0.0115397 0.0301797 -0.140799
FixedParameters: 0 0 0

#Transform 110
Transform: AffineTransform_float_3_3
Parameters: 0.999999 0.000117255 -0.00085852 -0.000120742 0.99999 -0.0043629 0.000857481 0.0043631 0.99999 -0.0106923 0.0685893 -0.138026
FixedParameters: 0 0 0

#Transform 111
Transform: AffineTransform_float_3_3
Parameters: 0.999999 0.000280168 -0.000752061 -0.000282832 0.999993 -0.00376879 0.000750939 0.00376821 0.999992 -0.0350477 0.0115521 -0.159401
FixedParameters: 0 0 0

#Transform 112
Transform: AffineTransform_float_3_3
Parameters: 0.999999 0.000210868 -0.00126187 -0.000216128 0.999991 -0.00406773 0.00126013 0.00406827 0.999991 -0.0340977 0.0376137 -0.148216
FixedParameters: 0 0 0

#Transform 113
Transform: AffineTransform_float_3_3
Parameters: 0.999999 0.000116235 -0.00126154 -0.000121763 0.999989 -0.00457085 0.00126046 0.00457115 0.999989 -0.0221727 0.0505879 -0.197491
FixedParameters: 0 0 0

#Transform 114
Transform: AffineTransform_float_3_3
Parameters: 0.999999 9.82528e-05 -0.00126138 -0.000102747 0.999993 -0.00376487 0.00126062 0.00376413 0.999992 -0.0260855 0.0323778 -0.128663
FixedParameters: 0 0 0

#Transform 115
Transform: AffineTransform_float_3_3
Parameters: 0.999999 0.000306929 -0.000957315 -0.000311069 0.999991 -0.00425471 0.000955685 0.0042553 0.999991 -0.0353901 0.0543446 -0.189238
FixedParameters: 0 0 0

#Transform 116
Transform: AffineTransform_float_3_3
Parameters: 0.999999 0.000307797 -0.000874134 -0.000311203 0.999993 -0.00366673 0.000872864 0.00366627 0.999993 0.00597253 0.0239655 -0.126325
FixedParameters: 0 0 0

#Transform 117
Transform: AffineTransform_float_3_3
Parameters: 0.999999 0.000305548 -0.0013982 -0.000311455 0.999993 -0.00390057 0.0013978 0.00390143 0.999992 -0.06593 0.061406 -0.167053
FixedParameters: 0 0 0

#Transform 118
Transform: AffineTransform_float_3_3
Parameters: 1 0.000307032 -0.00100922 -0.000310972 0.999992 -0.00393469 0.00100878 0.00393431 0.999992 -0.0591933 0.0267126 -0.150452
FixedParameters: 0 0 0

#Transform 119
Transform: AffineTransform_float_3_3
Parameters: 0.999999 0.000305373 -0.0012384 -0.000310625 0.999989 -0.00454562 0.0012366 0.00454638 0.999989 -0.0669124 0.0809429 -0.166406
FixedParameters: 0 0 0

#Transform 120
Transform: AffineTransform_float_3_3
Parameters: 0.999998 0.00017469 -0.00157683 -0.000182307 0.999989 -0.00463772 0.00157517 0.00463728 0.999988 -0.0684545 0.00715876 -0.121284
FixedParameters: 0 0 0

#Transform 121
Transform: AffineTransform_float_3_3
Parameters: 0.999997 -0.000157161 -0.00251321 0.000143842 0.999987 -0.00523538 0.00251379 0.00523562 0.999983 -0.0740383 0.133102 -0.116144
FixedParameters: 0 0 0

#Transform 122
Transform: AffineTransform_float_3_3
Parameters: 0.999998 -2.55391e-05 -0.0023079 1.24602e-05 0.999985 -0.00543304 0.0023081 0.00543295 0.999982 -0.0438215 0.0955784 -0.0537252
FixedParameters: 0 0 0

#Transform 123
Transform: AffineTransform_float_3_3
Parameters: 0.999998 0.000323081 -0.00204475 -0.000333914 0.999985 -0.00534133 0.00204224 0.00534267 0.999983 -0.086716 0.11321 -0.121331
FixedParameters: 0 0 0

#Transform 124
Transform: AffineTransform_float_3_3
Parameters: 0.999999 -0.000227845 -0.001755 0.000220156 0.99999 -0.0044684 0.001756 0.00446861 0.999989 -0.0703532 0.0578523 -0.148635
FixedParameters: 0 0 0

#Transform 125
Transform: AffineTransform_float_3_3
Parameters: 0.999998 -8.61806e-05 -0.00160858 7.7817e-05 0.999987 -0.00508513 0.00160942 0.00508487 0.999986 -0.0723124 0.085355 -0.144073
FixedParameters: 0 0 0

#Transform 126
Transform: AffineTransform_float_3_3
Parameters: 0.999998 0.000322093 -0.00161081 -0.000330906 0.999984 -0.00553147 0.00160919 0.00553253 0.999984 -0.0695216 0.0466646 -0.168777
FixedParameters: 0 0 0

#Transform 127
Transform: AffineTransform_float_3_3
Parameters: 0.999998 0.000213675 -0.00160999 -0.000221326 0.999989 -0.00455165 0.00160901 0.00455135 0.999989 -0.0600027 0.0469194 -0.134696
FixedParameters: 0 0 0

#Transform 128
Transform: AffineTransform_float_3_3
Parameters: 0.999998 0.000323487 -0.00161053 -0.000330515 0.999989 -0.00466647 0.00160947 0.00466753 0.999988 -0.0667442 0.0664407 -0.173026
FixedParameters: 0 0 0

#Transform 129
Transform: AffineTransform_float_3_3
Parameters: 0.999999 0.000323279 -0.00181439 -0.000330723 0.999991 -0.00425641 0.00181361 0.00425759 0.99999 -0.0815572 0.0467552 -0.141774
FixedParameters: 0 0 0

#Transform 130
Transform: AffineTransform_float_3_3
Parameters: 0.999998 0.000322015 -0.00186058 -0.000330988 0.999989 -0.00483139 0.00185942 0.00483161 0.999986 -0.0590918 0.0761145 -0.16555
FixedParameters: 0 0 0

#Transform 131
Transform: AffineTransform_float_3_3
Parameters: 0.999998 0.000324403 -0.00161034 -0.000330594 0.999991 -0.00409747 0.00160866 0.00409853 0.999991 -0.0765457 0.0684321 -0.156131
FixedParameters: 0 0 0

#Transform 132
Transform: AffineTransform_float_3_3
Parameters: 0.999999 -0.000115418 -0.00140957 0.000109584 0.999992 -0.00384316 0.00140943 0.00384284 0.999991 -0.00465403 0.0678699 -0.084514
FixedParameters: 0 0 0

#Transform 133
Transform: AffineTransform_float_3_3
Parameters: 0.999999 0.00050593 -0.00161124 -0.00051307 0.99999 -0.00439118 0.00160876 0.00439182 0.999989 -0.0460164 0.0500949 -0.134585
FixedParameters: 0 0 0

#Transform 134
Transform: AffineTransform_float_3_3
Parameters: 0.999998 0.000218862 -0.00160999 -0.000226139 0.99999 -0.00443564 0.00160901 0.00443536 0.999989 -0.0381294 0.0660068 -0.126846
FixedParameters: 0 0 0

#Transform 135
Transform: AffineTransform_float_3_3
Parameters: 0.999999 0.000106942 -0.00153458 -0.00011506 0.999986 -0.00525183 0.00153442 0.00525217 0.999985 -0.0356537 0.0630052 -0.175038
FixedParameters: 0 0 0

#Transform 136
Transform: AffineTransform_float_3_3
Parameters: 0.999999 5.16936e-05 -0.00146024 -5.83052e-05 0.99999 -0.00431892 0.00145976 0.00431908 0.999989 -0.0315253 0.0332613 -0.130626
FixedParameters: 0 0 0

#Transform 137
Transform: AffineTransform_float_3_3
Parameters: 0.999999 5.00293e-05 -0.00151028 -5.79743e-05 0.999986 -0.00527792 0.00151071 0.00527808 0.999985 -0.0288347 0.0663346 -0.174542
FixedParameters: 0 0 0

#Transform 138
Transform: AffineTransform_float_3_3
Parameters: 0.999998 5.10441e-05 -0.00164023 -5.79589e-05 0.999991 -0.00424091 0.00164077 0.00424109 0.999989 -0.0400423 0.0434416 -0.129329
FixedParameters: 0 0 0

#Transform 139
Transform: AffineTransform_float_3_3
Parameters: 0.999999 5.00694e-05 -0.00157427 -5.79291e-05 0.999988 -0.00503792 0.00157373 0.00503809 0.999986 -0.0358312 0.0560147 -0.189673
FixedParameters: 0 0 0

#Transform 140
Transform: AffineTransform_float_3_3
Parameters: 0.999998 -9.04577e-05 -0.00160865 8.35446e-05 0.999992 -0.00401414 0.00160835 0.00401386 0.99999 -0.0209506 0.0437799 -0.12426
FixedParameters: 0 0 0

#Transform 141
Transform: AffineTransform_float_3_3
Parameters: 0.999999 0.000243252 -0.00149528 -0.000250752 0.999987 -0.00518364 0.00149472 0.00518437 0.999986 -0.0389907 0.0635774 -0.183426
FixedParameters: 0 0 0

#Transform 142
Transform: AffineTransform_float_3_3
Parameters: 0.999998 0.000302865 -0.00201539 -0.000312137 0.999989 -0.00453338 0.0020146 0.00453462 0.999987 -0.0468568 0.0172974 -0.146292
FixedParameters: 0 0 0

#Transform 143
Transform: AffineTransform_float_3_3
Parameters: 0.999998 0.000113031 -0.00206069 -0.00012497 0.999983 -0.00580876 0.00206031 0.00580925 0.999981 -0.0125766 0.104544 -0.177377
FixedParameters: 0 0 0

#Transform 144
Transform: AffineTransform_float_3_3
Parameters: 0.999998 0.000172138 -0.00225527 -0.000187859 0.999975 -0.00703459 0.00225373 0.00703541 0.999972 -0.0134936 0.0437003 -0.215492
FixedParameters: 0 0 0

#Transform 145
Transform: AffineTransform_float_3_3
Parameters: 0.999996 1.5984e-05 -0.0026282 -3.60219e-05 0.999971 -0.00761593 0.0026288 0.00761606 0.999967 -0.0371364 0.071682 -0.230297
FixedParameters: 0 0 0

#Transform 146
Transform: AffineTransform_float_3_3
Parameters: 0.999995 -8.56736e-05 -0.00310468 7.33274e-05 0.999991 -0.00408125 0.00310533 0.00408175 0.999987 -0.0268284 0.0692453 -0.173345
FixedParameters: 0 0 0

#Transform 147
Transform: AffineTransform_float_3_3
Parameters: 0.999994 2.35539e-05 -0.00327011 -3.54453e-05 0.999993 -0.00380591 0.00326989 0.0038061 0.999988 -0.0374853 0.0612844 -0.147476
FixedParameters: 0 0 0

#Transform 148
Transform: AffineTransform_float_3_3
Parameters: 0.999996 0.000175789 -0.00305067 -0.00018721 0.999993 -0.00367545 0.00304933 0.00367555 0.999988 -0.0395014 0.0607483 -0.139096
FixedParameters: 0 0 0

#Transform 149
Transform: AffineTransform_float_3_3
Parameters: 0.999996 1.24792e-05 -0.00301405 -2.15235e-05 0.999996 -0.00282795 0.00301395 0.00282705 0.999992 -0.0372553 0.033069 -0.106945
FixedParameters: 0 0 0

#Transform 150
Transform: AffineTransform_float_3_3
Parameters: 0.999997 0.000293629 -0.002488 -0.000302372 0.999995 -0.00336526 0.002487 0.00336574 0.999991 -0.0312808 0.0830339 -0.0846552
FixedParameters: 0 0 0

#Transform 151
Transform: AffineTransform_float_3_3
Parameters: 0.999997 0.000399549 -0.00241707 -0.000406451 0.999997 -0.00266903 0.00241592 0.00266997 0.999993 -0.0428658 0.047811 -0.0373472
FixedParameters: 0 0 0

#Transform 152
Transform: AffineTransform_float_3_3
Parameters: 0.999998 0.000238774 -0.00230376 -0.000246228 0.999995 -0.00313744 0.00230324 0.00313756 0.999993 -0.0199674 0.060473 -0.125757
FixedParameters: 0 0 0

#Transform 153
Transform: AffineTransform_float_3_3
Parameters: 0.999998 3.11299e-05 -0.00209711 -3.88695e-05 0.999994 -0.00327593 0.00209688 0.00327607 0.999993 -0.0328924 0.0533356 -0.14168
FixedParameters: 0 0 0

#Transform 154
Transform: AffineTransform_float_3_3
Parameters: 0.999998 0.000179574 -0.00230359 -0.000187427 0.999995 -0.00322358 0.00230341 0.00322442 0.999992 -0.036695 0.0545754 -0.123153
FixedParameters: 0 0 0

#Transform 155
Transform: AffineTransform_float_3_3
Parameters: 0.999998 0.000182287 -0.00230338 -0.000186715 0.999998 -0.00204658 0.00230362 0.00204643 0.999996 -0.0326347 0.0525035 -0.106535
FixedParameters: 0 0 0

#Transform 156
Transform: AffineTransform_float_3_3
Parameters: 0.999998 0.000181326 -0.0021015 -0.000186672 0.999997 -0.00269962 0.0021005 0.00270039 0.999994 -0.0317185 0.0515765 -0.0722097
FixedParameters: 0 0 0

#Transform 157
Transform: AffineTransform_float_3_3
Parameters: 0.999998 0.000287225 -0.00194716 -0.000294775 0.999992 -0.00399443 0.00194584 0.00399457 0.99999 -0.0246283 0.0484159 -0.168203
FixedParameters: 0 0 0

#Transform 158
Transform: AffineTransform_float_3_3
Parameters: 0.999998 0.000377128 -0.0023043 -0.000384875 0.999994 -0.00341712 0.0023037 0.00341788 0.999992 -0.0435328 0.0531908 -0.153941
FixedParameters: 0 0 0

#Transform 159
Transform: AffineTransform_float_3_3
Parameters: 0.999996 0.000481502 -0.00256299 -0.0004915 0.999992 -0.00409776 0.00256101 0.00409825 0.999989 -0.0617742 0.0379054 -0.222335
FixedParameters: 0 0 0

#Transform 160
Transform: AffineTransform_float_3_3
Parameters: 0.999996 0.000377848 -0.00255807 -0.000385152 0.999996 -0.00279602 0.00255693 0.00279698 0.999993 -0.0438207 0.0673644 -0.103425
FixedParameters: 0 0 0

#Transform 161
Transform: AffineTransform_float_3_3
Parameters: 0.999996 0.000373901 -0.0028125 -0.000385097 0.999992 -0.00394693 0.0028105 0.00394807 0.999989 -0.0637639 0.0777635 -0.188064
FixedParameters: 0 0 0

#Transform 162
Transform: AffineTransform_float_3_3
Parameters: 0.999997 9.97547e-05 -0.00262241 -0.000110243 0.999993 -0.00390673 0.00262159 0.00390728 0.999989 -0.0541533 0.0587637 -0.122208
FixedParameters: 0 0 0

#Transform 163
Transform: AffineTransform_float_3_3
Parameters: 0.999997 -2.44825e-05 -0.00239392 1.45171e-05 0.999992 -0.00396105 0.00239408 0.00396095 0.99999 -0.0325657 0.0742811 -0.172767
FixedParameters: 0 0 0

#Transform 164
Transform: AffineTransform_float_3_3
Parameters: 0.999998 8.85776e-05 -0.00223535 -9.74207e-05 0.999993 -0.00376779 0.00223465 0.00376821 0.999991 -0.0534174 0.0516723 -0.148263
FixedParameters: 0 0 0

#Transform 165
Transform: AffineTransform_float_3_3
Parameters: 0.999997 6.09226e-05 -0.00239325 -7.0076e-05 0.999993 -0.00379284 0.00239275 0.00379316 0.99999 -0.0592383 0.0592466 -0.203584
FixedParameters: 0 0 0

#Transform 166
Transform: AffineTransform_float_3_3
Parameters: 0.999997 0.000427591 -0.00231257 -0.000436407 0.999994 -0.003637 0.00231043 0.003638 0.99999 -0.0644643 0.0580776 -0.162825
FixedParameters: 0 0 0

#Transform 167
Transform: AffineTransform_float_3_3
Parameters: 0.999998 0.000347885 -0.00220929 -0.000356113 0.999993 -0.00367322 0.00220771 0.00367478 0.999991 -0.0489727 0.0628428 -0.195869
FixedParameters: 0 0 0

#Transform 168
Transform: AffineTransform_float_3_3
Parameters: 0.999997 0.000356261 -0.00213531 -0.000364738 0.999994 -0.00362523 0.00213369 0.00362577 0.999991 -0.0635143 0.0417985 -0.163185
FixedParameters: 0 0 0

#Transform 169
Transform: AffineTransform_float_3_3
Parameters: 0.999998 0.000533837 -0.00186906 -0.000541163 0.999992 -0.00383399 0.00186694 0.003835 0.999991 -0.0658026 0.055747 -0.228944
FixedParameters: 0 0 0

#Transform 170
Transform: AffineTransform_float_3_3
Parameters: 0.999998 0.000483484 -0.00221488 -0.000491517 0.999993 -0.00384592 0.00221313 0.00384708 0.99999 -0.0496189 0.0309749 -0.163412
FixedParameters: 0 0 0

#Transform 171
Transform: AffineTransform_float_3_3
Parameters: 0.999997 0.000699309 -0.00206496 -0.000707692 0.999991 -0.00421155 0.00206204 0.00421245 0.999989 -0.0497651 0.0504729 -0.244902
FixedParameters: 0 0 0

#Transform 172
Transform: AffineTransform_float_3_3
Parameters: 0.999998 0.000733121 -0.00198256 -0.000740879 0.999993 -0.00347054 0.00198044 0.00347246 0.999992 -0.0448224 0.0305494 -0.213662
FixedParameters: 0 0 0

#Transform 173
Transform: AffineTransform_float_3_3
Parameters: 0.999998 0.000858888 -0.00173354 -0.000866115 0.999991 -0.00410651 0.00173046 0.0041075 0.99999 -0.046443 0.0556922 -0.241308
FixedParameters: 0 0 0

#Transform 174
Transform: AffineTransform_float_3_3
Parameters: 0.999999 0.000863349 -0.00165948 -0.000869649 0.999991 -0.00401156 0.00165552 0.00401243 0.99999 -0.0316032 0.0170864 -0.231326
FixedParameters: 0 0 0

#Transform 175
Transform: AffineTransform_float_3_3
Parameters: 0.999998 0.000753179 -0.00171446 -0.000760826 0.99999 -0.00456671 0.00171154 0.0045673 0.999988 -0.0449464 0.051189 -0.279609
FixedParameters: 0 0 0

#Transform 176
Transform: AffineTransform_float_3_3
Parameters: 0.999999 0.00078394 -0.00162791 -0.000792062 0.999988 -0.00495672 0.00162409 0.00495829 0.999987 -0.0454226 0.013414 -0.244267
FixedParameters: 0 0 0

#Transform 177
Transform: AffineTransform_float_3_3
Parameters: 0.999998 0.000529102 -0.00158799 -0.000537898 0.999984 -0.00560815 0.00158501 0.00560885 0.999983 -0.0270555 0.0741095 -0.265919
FixedParameters: 0 0 0

#Transform 178
Transform: AffineTransform_float_3_3
Parameters: 0.999999 0.000605251 -0.0012089 -0.000610749 0.999989 -0.00476027 0.00120611 0.00476174 0.999988 -0.0110141 0.0231039 -0.254601
FixedParameters: 0 0 0

#Transform 179
Transform: AffineTransform_float_3_3
Parameters: 0.999999 0.000507786 -0.0014216 -0.000514217 0.999987 -0.00507928 0.00141941 0.00507973 0.999986 -0.0372597 0.0928618 -0.194877
FixedParameters: 0 0 0

#Transform 180
Transform: AffineTransform_float_3_3
Parameters: 0.999998 0.000603629 -0.00157085 -0.000611371 0.999989 -0.00469604 0.00156814 0.00469695 0.999987 -0.0419284 0.0373131 -0.235416
FixedParameters: 0 0 0

#Transform 181
Transform: AffineTransform_float_3_3
Parameters: 0.999997 0.00128743 -0.00171025 -0.00129658 0.999984 -0.0056088 0.00170375 0.00561121 0.999983 -0.068202 0.0283025 -0.335545
FixedParameters: 0 0 0

#Transform 182
Transform: AffineTransform_float_3_3
Parameters: 0.999998 0.000456309 -0.00164073 -0.000465693 0.999983 -0.00591125 0.00163828 0.00591176 0.999981 -0.00857479 0.0714838 -0.257513
FixedParameters: 0 0 0

#Transform 183
Transform: AffineTransform_float_3_3
Parameters: 0.999998 0.000513167 -0.00167573 -0.000521834 0.999986 -0.00527513 0.00167327 0.00527586 0.999984 -0.00193507 0.0712161 -0.211908
FixedParameters: 0 0 0

#Transform 184
Transform: AffineTransform_float_3_3
Parameters: 0.999997 -0.000237384 -0.00270894 0.000224614 0.999989 -0.00457162 0.00271006 0.00457037 0.999986 0.00314695 0.0731026 -0.176126
FixedParameters: 0 0 0

#Transform 185
Transform: AffineTransform_float_3_3
Parameters: 0.999997 0.000168068 -0.00237895 -0.000180932 0.999985 -0.00543659 0.00237805 0.00543742 0.999983 0.0205511 0.0718322 -0.188616
FixedParameters: 0 0 0

#Transform 186
Transform: AffineTransform_float_3_3
Parameters: 0.999997 -0.000252243 -0.00216072 0.000240762 0.999987 -0.00520154 0.00216128 0.00520147 0.999984 0.0198837 0.0777412 -0.23316
FixedParameters: 0 0 0

#Transform 187
