# transform file /out/sourcedata/freesurfer/sub-v1s13x0050019_ses-1/mri/transforms/cc_up.lta
# created by oesteban on Sun Mar  8 15:56:37 2026

type      = 0 # LINEAR_VOX_TO_VOX
nxforms   = 1
mean      = 128.0000 142.0000 123.0000
sigma     = 10000.0000
1 4 4
9.994286298751831e-01 3.322239965200424e-02 -6.205848418176174e-03 -2.784065246582031e+00 
-3.322175890207291e-02 9.994478821754456e-01 2.062870771624148e-04 9.345905303955078e+00 
6.209276150912046e-03 -1.455191349364338e-11 9.999806284904480e-01 1.719830322265625e+01 
0.000000000000000e+00 0.000000000000000e+00 0.000000000000000e+00 1.000000000000000e+00 
src volume info
valid = 1  # volume info valid
filename = /out/sourcedata/freesurfer/sub-v1s13x0050019_ses-1/mri/norm.mgz
volume = 256 256 256
voxelsize = 1.000000000000000e+00 1.000000000000000e+00 1.000000000000000e+00
xras   = -9.999999403953552e-01 0.000000000000000e+00 0.000000000000000e+00
yras   = 0.000000000000000e+00 0.000000000000000e+00 -9.999999403953552e-01
zras   = 0.000000000000000e+00 9.999999403953552e-01 0.000000000000000e+00
cras   = 4.156959533691406e+00 -1.859207153320312e+00 9.216728210449219e+00
dst volume info
valid = 1  # volume info valid
filename = /out/sourcedata/freesurfer/sub-v1s13x0050019_ses-1/mri/norm.mgz
volume = 256 256 256
voxelsize = 1.000000000000000e+00 1.000000000000000e+00 1.000000000000000e+00
xras   = -9.999999403953552e-01 0.000000000000000e+00 0.000000000000000e+00
yras   = 0.000000000000000e+00 0.000000000000000e+00 -9.999999403953552e-01
zras   = 0.000000000000000e+00 9.999999403953552e-01 0.000000000000000e+00
cras   = 4.156959533691406e+00 -1.859207153320312e+00 9.216728210449219e+00
