#Insight Transform File V1.0
#Transform 0
Transform: AffineTransform_float_3_3
Parameters: 0.99999 -0.00272338 -0.00352828 0.00269462 0.999964 -0.00802259 0.00355072 0.00801341 0.999961 -0.0965863 0.378593 1.24823
FixedParameters: 0 0 0

#Transform 1
Transform: AffineTransform_float_3_3
Parameters: 0.999999 -0.00170437 -0.000753666 0.00170263 0.999993 -0.00313229 0.000758335 0.00313071 0.999995 -0.066324 0.278478 0.396553
FixedParameters: 0 0 0

#Transform 2
Transform: AffineTransform_float_3_3
Parameters: 0.999997 -0.0025291 -0.000204694 0.00252889 0.999996 -0.000516519 0.000205304 0.000515482 1 -0.0509456 0.140874 0.71447
FixedParameters: 0 0 0

#Transform 3
Transform: AffineTransform_float_3_3
Parameters: 0.999999 -0.00140903 -0.00104896 0.00140897 0.999999 -2.7478e-05 0.00104904 2.55219e-05 1 -0.0515453 0.144948 0.393878
FixedParameters: 0 0 0

#Transform 4
Transform: AffineTransform_float_3_3
Parameters: 0.999999 -0.000990899 -0.000906205 0.0009921 0.999999 0.0012151 0.000904795 -0.0012159 0.999999 -0.0501612 0.0571176 0.37836
FixedParameters: 0 0 0

#Transform 5
Transform: AffineTransform_float_3_3
Parameters: 0.999999 -0.000884913 -0.00096508 0.000885087 0.999999 9.01458e-05 0.00096492 -9.08539e-05 0.999999 -0.0829975 0.104165 0.215727
FixedParameters: 0 0 0

#Transform 6
Transform: AffineTransform_float_3_3
Parameters: 1 -0.000991643 -0.000460769 0.000992358 0.999999 0.000775543 0.00046023 -0.000776457 0.999999 -0.0533979 0.0785908 0.375851
FixedParameters: 0 0 0

#Transform 7
Transform: AffineTransform_float_3_3
Parameters: 1 -0.000487809 -0.000317295 0.000488192 0.999999 0.000603845 0.000317706 -0.000603155 1 -0.053681 0.0803195 0.158269
FixedParameters: 0 0 0

#Transform 8
Transform: AffineTransform_float_3_3
Parameters: 0.999999 -0.00063485 -0.000494192 0.00063515 1 0.000302686 0.000494807 -0.000303314 1 -0.0313362 0.0520107 0.269369
FixedParameters: 0 0 0

#Transform 9
Transform: AffineTransform_float_3_3
Parameters: 1 -0.000481948 -0.000239104 0.000482051 1 0.000215885 0.000238896 -0.000216115 1 -0.0401316 0.0768586 0.20083
FixedParameters: 0 0 0

#Transform 10
Transform: AffineTransform_float_3_3
Parameters: 1 6.89792e-05 -0.000153009 -6.90208e-05 1 -0.000135989 0.000152991 0.000136011 1 -0.0409469 0.0809063 0.11339
FixedParameters: 0 0 0

#Transform 11
Transform: AffineTransform_float_3_3
Parameters: 1 -0.000482092 -0.000238814 0.000481908 1 -0.000386115 0.000239186 0.000385885 1 -0.022513 0.0665561 0.164594
FixedParameters: 0 0 0

#Transform 12
Transform: AffineTransform_float_3_3
Parameters: 1 -0.000482023 -0.000339967 0.000481977 1 -6.81639e-05 0.000340033 6.78361e-05 1 -0.0039422 0.0856247 0.0854483
FixedParameters: 0 0 0

#Transform 13
Transform: AffineTransform_float_3_3
Parameters: 1 -0.000293981 2.12587e-05 0.000294018 0.999999 -0.000879993 -2.07413e-05 0.000880005 0.999999 -0.03408 0.0705362 -0.0380414
FixedParameters: 0 0 0

#Transform 14
Transform: AffineTransform_float_3_3
Parameters: 1 -0.000160009 -0.000127989 0.000159991 1 -7.00205e-05 0.000128011 6.99795e-05 1 -0.0320446 0.0312442 0.0739861
FixedParameters: 0 0 0

#Transform 15
Transform: AffineTransform_float_3_3
Parameters: 1 -0.00029597 0.000287031 0.00029603 1 -0.000105915 -0.000286969 0.000106085 1 0.0059844 0.037191 -0.0424512
FixedParameters: 0 0 0

#Transform 16
Transform: AffineTransform_float_3_3
Parameters: 1 -7.90744e-05 -9.4938e-05 7.89255e-05 0.999999 -0.000784007 9.50619e-05 0.000783992 0.999999 0.000429347 0.0364985 -0.142036
FixedParameters: 0 0 0

#Transform 17
Transform: AffineTransform_float_3_3
Parameters: 1 -4.96425e-05 0.000304059 5.03575e-05 1 -0.00117599 -0.000303941 0.00117602 1 -0.0212726 0.0492611 0.0158488
FixedParameters: 0 0 0

#Transform 18
Transform: AffineTransform_float_3_3
Parameters: 1 0.000108091 0.00019495 -0.000107909 1 -0.000465021 -0.00019505 0.000464979 1 -0.0108462 0.0188084 -0.101436
FixedParameters: 0 0 0

#Transform 19
Transform: AffineTransform_float_3_3
Parameters: 1 0.00023891 -0.000220098 -0.00023909 1 -0.000409947 0.000219902 0.000410052 1 -0.0129747 -0.00817564 -0.113602
FixedParameters: 0 0 0

#Transform 20
Transform: AffineTransform_float_3_3
Parameters: 1 -4.15708e-06 -0.000219997 3.84292e-06 0.999999 -0.000714 0.000220003 0.000713999 0.999999 0.0163039 0.0233 0.00938347
FixedParameters: 0 0 0

#Transform 21
Transform: AffineTransform_float_3_3
Parameters: 1 0.000239001 4.19952e-05 -0.000238999 1 -2.001e-05 -4.20048e-05 1.999e-05 1 -0.0297041 -0.016389 -0.0885731
FixedParameters: 0 0 0

#Transform 22
Transform: AffineTransform_float_3_3
Parameters: 1 0.000238997 -1.70476e-05 -0.000239003 1 -0.000198996 1.69524e-05 0.000199004 1 0.00690872 -0.0106494 -0.135251
FixedParameters: 0 0 0

#Transform 23
Transform: AffineTransform_float_3_3
Parameters: 1 0.000239187 0.000276838 -0.000238812 0.999999 -0.000677066 -0.000277162 0.000676933 0.999999 0.0280122 0.020107 -0.0240266
FixedParameters: 0 0 0

#Transform 24
Transform: AffineTransform_float_3_3
Parameters: 0.999999 0.00082399 7.31013e-05 -0.000824008 0.999999 0.00012294 -7.28986e-05 -0.00012306 1 0.022571 0.0157547 -0.0644329
FixedParameters: 0 0 0

#Transform 25
Transform: AffineTransform_float_3_3
Parameters: 0.999999 0.00124371 0.000268332 -0.00124429 0.999998 0.00107067 -0.000267667 -0.00107133 1 -0.0150275 -0.037925 -0.0324753
FixedParameters: 0 0 0

#Transform 26
Transform: AffineTransform_float_3_3
Parameters: 0.999999 0.000770866 0.000275373 -0.000771133 0.999999 0.000483788 -0.000275627 -0.000484212 1 -0.0366903 -0.00442613 0.094509
FixedParameters: 0 0 0

#Transform 27
Transform: AffineTransform_float_3_3
Parameters: 0.999999 0.00069191 0.000157395 -0.000692089 0.999999 0.000570891 -0.000156605 -0.000571108 1 -0.0597006 -0.00170028 -0.136365
FixedParameters: 0 0 0

#Transform 28
Transform: AffineTransform_float_3_3
Parameters: 1 0.000462647 0.000335488 -0.000462353 1 0.00105385 -0.000334513 -0.00105316 1 -0.047906 -0.0514053 -0.0157159
FixedParameters: 0 0 0

#Transform 29
Transform: AffineTransform_float_3_3
Parameters: 0.999999 0.000462923 0.00069705 -0.000463076 1 0.000109677 -0.000696949 -0.000110323 1 -0.0370061 -0.0219669 -0.129914
FixedParameters: 0 0 0

#Transform 30
Transform: AffineTransform_float_3_3
Parameters: 1 0.000463 -8.73601e-07 -0.000463 1 0.000273 1.1264e-06 -0.000272999 1 -0.015123 -0.0568295 -0.138326
FixedParameters: 0 0 0

#Transform 31
Transform: AffineTransform_float_3_3
Parameters: 1 5.67417e-05 0.000467031 -5.72582e-05 1 0.000552973 -0.000466968 -0.000553026 0.999999 0.0134733 -0.0643362 -0.0720629
FixedParameters: 0 0 0

#Transform 32
Transform: AffineTransform_float_3_3
Parameters: 1 -7.79986e-05 0.00045 7.80018e-05 1 -3.9649e-06 -0.00045 3.0351e-06 1 0.0221757 -0.0186175 -0.18677
FixedParameters: 0 0 0

#Transform 33
Transform: AffineTransform_float_3_3
Parameters: 1 -0.000364582 0.000584638 0.000364419 1 0.000995214 -0.000584363 -0.000994788 1 0.0234144 -0.0631993 -0.0264751
FixedParameters: 0 0 0

#Transform 34
Transform: AffineTransform_float_3_3
Parameters: 1 0.000166615 0.000626102 -0.000166386 1 0.000615896 -0.000626897 -0.000615104 0.999999 0.0174164 -0.0325288 -0.186529
FixedParameters: 0 0 0

#Transform 35
Transform: AffineTransform_float_3_3
Parameters: 1 0.000129992 0.000371003 -0.000130008 1 2.09518e-05 -0.000370997 -2.10482e-05 1 0.0454312 -0.0402837 -0.0784471
FixedParameters: 0 0 0

#Transform 36
Transform: AffineTransform_float_3_3
Parameters: 1 -3.18872e-05 0.00037101 3.21128e-05 1 -0.000303988 -0.00037099 0.000304012 1 0.0172335 -0.00930562 -0.0948699
FixedParameters: 0 0 0

#Transform 37
Transform: AffineTransform_float_3_3
Parameters: 1 0.000129917 0.000371029 -0.000130083 1 0.000222952 -0.000370971 -0.000223048 1 -0.0102214 -0.0108663 -0.144279
FixedParameters: 0 0 0

#Transform 38
Transform: AffineTransform_float_3_3
Parameters: 1 2.55663e-05 0.00037103 -2.64337e-05 1 0.00116899 -0.000370969 -0.00116901 0.999999 0.0104296 -0.0311271 0.0168569
FixedParameters: 0 0 0

#Transform 39
Transform: AffineTransform_float_3_3
Parameters: 1 0.000129945 0.000517014 -0.000130055 1 0.000105933 -0.000516986 -0.000106067 1 -0.0148132 0.047576 -0.152828
FixedParameters: 0 0 0

#Transform 40
Transform: AffineTransform_float_3_3
Parameters: 1 -0.000300431 0.000370651 0.000300569 1 0.00116211 -0.00037135 -0.00116289 1 0.0172525 -0.0374722 -0.0170959
FixedParameters: 0 0 0

#Transform 41
Transform: AffineTransform_float_3_3
Parameters: 0.999999 0.000137527 0.000841078 -0.000138473 1 0.000562884 -0.000840922 -0.000562116 1 0.0154789 -0.0225087 -0.163209
FixedParameters: 0 0 0

#Transform 42
Transform: AffineTransform_float_3_3
Parameters: 1 0.00019779 0.000371112 -0.00019821 1 0.000566926 -0.000370888 -0.000567073 1 0.0290983 -0.0384546 -0.100803
FixedParameters: 0 0 0

#Transform 43
Transform: AffineTransform_float_3_3
Parameters: 0.999999 -3.19956e-05 0.000864963 3.10044e-05 1 0.00115103 -0.000865036 -0.00115097 0.999999 0.0179173 -0.0389467 -0.0476236
FixedParameters: 0 0 0

#Transform 44
Transform: AffineTransform_float_3_3
Parameters: 1 0.000197743 0.000371137 -0.000198257 0.999999 0.000692926 -0.000370863 -0.000693073 0.999999 0.0221644 -0.0325043 -0.176535
FixedParameters: 0 0 0

#Transform 45
Transform: AffineTransform_float_3_3
Parameters: 1 9.99297e-05 0.00115209 -0.00010107 0.999999 0.000928884 -0.00115191 -0.000929115 0.999999 -0.00772034 -0.0760341 -0.0869833
FixedParameters: 0 0 0

#Transform 46
Transform: AffineTransform_float_3_3
Parameters: 1 0.00019762 0.000668112 -0.00019838 1 0.000568867 -0.000667887 -0.000569132 0.999999 0.0363327 -0.0539941 -0.200627
FixedParameters: 0 0 0

#Transform 47
Transform: AffineTransform_float_3_3
Parameters: 1 -0.000433999 -3.00191e-05 0.000434001 1 4.3987e-05 2.99809e-05 -4.4013e-05 1 0.0535399 -0.0151326 -0.0804701
FixedParameters: 0 0 0

#Transform 48
Transform: AffineTransform_float_3_3
Parameters: 1 -0.000241133 0.000370914 0.000240867 1 0.000358089 -0.000371086 -0.00035791 1 0.0373162 -0.0290955 -0.162507
FixedParameters: 0 0 0

#Transform 49
Transform: AffineTransform_float_3_3
Parameters: 1 -0.000349176 0.000370834 0.000348824 1 0.000475129 -0.000371166 -0.00047487 1 0.0623195 -0.0870777 -0.131167
FixedParameters: 0 0 0

#Transform 50
Transform: AffineTransform_float_3_3
Parameters: 1 -0.000434118 0.000505899 0.000433882 1 0.000233219 -0.000506101 -0.00023278 1 0.0761919 -0.0368736 -0.155191
FixedParameters: 0 0 0

#Transform 51
Transform: AffineTransform_float_3_3
Parameters: 1 -0.000334243 0.000370781 0.000333756 0.999999 0.000656123 -0.000371219 -0.000655876 0.999999 0.0785652 -0.0859752 -0.166471
FixedParameters: 0 0 0

#Transform 52
Transform: AffineTransform_float_3_3
Parameters: 1 -0.000434926 0.00112264 0.000434075 0.999999 0.000824488 -0.00112236 -0.000824512 0.999999 0.0570783 -0.0707724 -0.043474
FixedParameters: 0 0 0

#Transform 53
Transform: AffineTransform_float_3_3
Parameters: 0.999999 7.94121e-05 0.00131804 -7.95878e-05 1 0.000445895 -0.00131796 -0.000446105 0.999999 0.0217779 -0.0526489 -0.0745558
FixedParameters: 0 0 0

#Transform 54
Transform: AffineTransform_float_3_3
Parameters: 1 -0.000303217 0.000883243 0.000301784 0.999997 0.00250927 -0.000883761 -0.00250873 0.999997 0.0324819 -0.117054 0.0208427
FixedParameters: 0 0 0

#Transform 55
Transform: AffineTransform_float_3_3
Parameters: 1 -0.000353439 0.00107853 0.000352561 0.999999 0.00133338 -0.00107947 -0.00133362 0.999998 0.039208 -0.0690583 -0.0131603
FixedParameters: 0 0 0

#Transform 56
Transform: AffineTransform_float_3_3
Parameters: 1 -0.000352919 0.00114841 0.000351081 0.999998 0.0016714 -0.00114859 -0.00167059 0.999998 0.0816341 -0.0848478 -0.0776329
FixedParameters: 0 0 0

#Transform 57
Transform: AffineTransform_float_3_3
Parameters: 1 -0.000188887 0.00049166 0.000188112 0.999999 0.00180409 -0.00049234 -0.00180391 0.999999 0.0955563 -0.110879 -0.00932605
FixedParameters: 0 0 0

#Transform 58
Transform: AffineTransform_float_3_3
Parameters: 1 2.44793e-05 0.00102701 -2.55207e-05 1 0.000506974 -0.00102699 -0.000507026 1 0.0420803 -0.0548872 -0.189064
FixedParameters: 0 0 0

#Transform 59
Transform: AffineTransform_float_3_3
Parameters: 0.999999 -0.000247462 0.000791544 0.000246537 0.999999 0.0018462 -0.000792456 -0.0018458 0.999998 0.0526708 -0.103349 -0.0162722
FixedParameters: 0 0 0

#Transform 60
Transform: AffineTransform_float_3_3
Parameters: 1 3.14695e-05 0.000674025 -3.25304e-05 0.999999 0.000786978 -0.000673975 -0.000787022 1 0.0579184 -0.107457 -0.209146
FixedParameters: 0 0 0

#Transform 61
Transform: AffineTransform_float_3_3
Parameters: 0.999999 -0.000475175 0.000801304 0.000473826 0.999999 0.00146538 -0.000801695 -0.00146562 0.999998 0.0769837 -0.12864 -0.0620314
FixedParameters: 0 0 0

#Transform 62
Transform: AffineTransform_float_3_3
Parameters: 0.999999 -0.000198823 0.00085981 0.000198177 0.999999 0.00095717 -0.00086019 -0.000956829 0.999999 0.0851325 -0.096823 -0.179451
FixedParameters: 0 0 0

#Transform 63
Transform: AffineTransform_float_3_3
Parameters: 1 -0.000363478 0.00110952 0.000361522 0.999999 0.0013324 -0.00110948 -0.0013316 0.999999 0.0889478 -0.100597 -0.0831628
FixedParameters: 0 0 0

#Transform 64
Transform: AffineTransform_float_3_3
Parameters: 0.999999 2.03632e-05 0.000797017 -2.16368e-05 0.999999 0.000798983 -0.000796983 -0.000799017 1 0.0600802 -0.0839107 -0.135481
FixedParameters: 0 0 0

#Transform 65
Transform: AffineTransform_float_3_3
Parameters: 1 -2.82586e-05 0.00018096 2.77413e-05 0.999999 0.001429 -0.00018104 -0.00142899 0.999999 0.078103 -0.0938385 -0.147227
FixedParameters: 0 0 0

#Transform 66
Transform: AffineTransform_float_3_3
Parameters: 1 -0.00026229 0.000180579 0.00026171 0.999998 0.00160605 -0.00018042 -0.00160595 0.999998 0.0988158 -0.115632 -0.0673194
FixedParameters: 0 0 0

#Transform 67
Transform: AffineTransform_float_3_3
Parameters: 1 -2.8116e-05 0.000180982 2.7884e-05 1 0.000641005 -0.000181018 -0.000640995 1 0.0993569 -0.0666404 -0.215343
FixedParameters: 0 0 0

#Transform 68
Transform: AffineTransform_float_3_3
Parameters: 1 -0.000457261 0.000180338 0.000456739 0.999999 0.00144808 -0.000180661 -0.00144792 0.999999 0.107455 -0.0942048 -0.0106805
FixedParameters: 0 0 0

#Transform 69
Transform: AffineTransform_float_3_3
Parameters: 1 -3.116e-05 0.000180972 3.184e-05 0.999999 0.000884005 -0.000181028 -0.000883994 0.999999 0.0993797 -0.0742642 -0.195201
FixedParameters: 0 0 0

#Transform 70
Transform: AffineTransform_float_3_3
Parameters: 1 -0.000186273 0.000592601 0.000184726 0.999997 0.00214811 -0.000593398 -0.00214789 0.999998 0.0894634 -0.134623 -0.0880555
FixedParameters: 0 0 0

#Transform 71
Transform: AffineTransform_float_3_3
Parameters: 1 -0.000453851 0.0009626 0.000453149 0.999999 0.000884436 -0.000962401 -0.000883563 0.999999 0.100378 -0.0682782 -0.101794
FixedParameters: 0 0 0

#Transform 72
Transform: AffineTransform_float_3_3
Parameters: 0.999999 -0.00110989 0.00150561 0.00110811 0.999998 0.00125767 -0.00150639 -0.00125533 0.999998 0.161011 -0.108083 -0.107089
FixedParameters: 0 0 0

#Transform 73
Transform: AffineTransform_float_3_3
Parameters: 0.999998 -0.00135223 0.00177478 0.00134777 0.999997 0.0023834 -0.00177822 -0.0023816 0.999995 0.148925 -0.150457 0.0829357
FixedParameters: 0 0 0

#Transform 74
Transform: AffineTransform_float_3_3
Parameters: 0.999999 -0.000508738 0.00177022 0.000506262 0.999998 0.0015469 -0.00177079 -0.0015461 0.999997 0.101002 -0.102187 -0.0472762
FixedParameters: 0 0 0

#Transform 75
Transform: AffineTransform_float_3_3
Parameters: 0.999999 -0.000922304 0.00127361 0.000918699 0.999996 0.00259117 -0.00127538 -0.00259083 0.999996 0.124393 -0.152088 0.0081222
FixedParameters: 0 0 0

#Transform 76
Transform: AffineTransform_float_3_3
Parameters: 0.999999 -0.000688419 0.0012747 0.000685583 0.999998 0.00189688 -0.0012753 -0.00189612 0.999998 0.119861 -0.127842 -0.110745
FixedParameters: 0 0 0

#Transform 77
Transform: AffineTransform_float_3_3
Parameters: 0.999999 -0.00075323 0.00118659 0.000750771 0.999998 0.00187889 -0.00118741 -0.00187811 0.999997 0.111305 -0.109763 -0.0563424
FixedParameters: 0 0 0

#Transform 78
Transform: AffineTransform_float_3_3
Parameters: 0.999998 -0.000920485 0.00162916 0.000919516 0.999999 0.0009115 -0.00162984 -0.000910502 0.999999 0.113201 -0.105992 -0.116117
FixedParameters: 0 0 0

#Transform 79
Transform: AffineTransform_float_3_3
Parameters: 0.999999 -0.000919946 0.00119227 0.000919053 1 0.000794097 -0.00119373 -0.000792903 0.999999 0.105707 -0.109248 -0.155993
FixedParameters: 0 0 0

#Transform 80
Transform: AffineTransform_float_3_3
Parameters: 0.999999 -0.000920832 0.000829973 0.000919168 0.999997 0.00220477 -0.000832029 -0.00220424 0.999997 0.116823 -0.155576 -0.00251299
FixedParameters: 0 0 0

#Transform 81
Transform: AffineTransform_float_3_3
Parameters: 0.999999 -0.000919305 0.000415326 0.000918695 1 0.000733382 -0.000415674 -0.000733618 0.999999 0.151065 -0.109915 -0.172742
FixedParameters: 0 0 0

#Transform 82
Transform: AffineTransform_float_3_3
Parameters: 0.999999 -0.000920908 0.00108538 0.000919091 0.999998 0.001757 -0.00108762 -0.001756 0.999998 0.0871821 -0.131745 0.00435946
FixedParameters: 0 0 0

#Transform 83
Transform: AffineTransform_float_3_3
Parameters: 1 -0.000488536 0.000415371 0.000488465 0.999999 0.0012892 -0.00041563 -0.0012888 0.999999 0.0999091 -0.12156 -0.160484
FixedParameters: 0 0 0

#Transform 84
Transform: AffineTransform_float_3_3
Parameters: 1 -0.000443384 0.000291416 0.000442616 0.999999 0.00131813 -0.000291584 -0.00131787 0.999999 0.0822288 -0.103297 -0.0405754
FixedParameters: 0 0 0

#Transform 85
Transform: AffineTransform_float_3_3
Parameters: 0.999999 -0.000575113 0.000670902 0.000574886 1 0.000169386 -0.000671097 -0.000168614 1 0.0935778 -0.0568965 -0.131346
FixedParameters: 0 0 0

#Transform 86
Transform: AffineTransform_float_3_3
Parameters: 0.999999 -0.000709131 0.000446791 0.000709868 0.999999 0.000294317 -0.000447208 -0.000293683 1 0.10308 -0.0996073 -0.182236
FixedParameters: 0 0 0

#Transform 87
Transform: AffineTransform_float_3_3
Parameters: 1 -0.000972643 0.000564895 0.000971358 0.999999 0.00113655 -0.000566105 -0.00113645 0.999999 0.104542 -0.141989 -0.0721042
FixedParameters: 0 0 0

#Transform 88
Transform: AffineTransform_float_3_3
Parameters: 0.999999 -0.000919378 0.000446221 0.000919622 0.999999 0.000847411 -0.000446778 -0.000846589 0.999999 0.107077 -0.133015 -0.208984
FixedParameters: 0 0 0

#Transform 89
Transform: AffineTransform_float_3_3
Parameters: 0.999999 -0.000687307 0.000293283 0.000686694 0.999999 0.0010442 -0.000293718 -0.0010448 1 0.113764 -0.139145 -0.139883
FixedParameters: 0 0 0

#Transform 90
Transform: AffineTransform_float_3_3
Parameters: 0.999999 -0.000781357 0.000446375 0.000780643 1 0.000799349 -0.000446624 -0.000799651 0.999999 0.0922137 -0.0691035 -0.0992487
FixedParameters: 0 0 0

#Transform 91
Transform: AffineTransform_float_3_3
Parameters: 1 -0.000373996 0.000446167 0.000373005 0.999998 0.00223017 -0.000446833 -0.00222984 0.999998 0.0539548 -0.0761642 -0.0389829
FixedParameters: 0 0 0

#Transform 92
Transform: AffineTransform_float_3_3
Parameters: 0.999999 -0.000857825 0.000445414 0.000857175 0.999998 0.00184938 -0.000446586 -0.00184962 0.999998 0.0496912 -0.0886597 0.00147028
FixedParameters: 0 0 0

#Transform 93
Transform: AffineTransform_float_3_3
Parameters: 0.999999 -0.000445125 0.000593157 0.000444875 0.999998 0.00189526 -0.000593844 -0.00189574 0.999998 0.049409 -0.0565388 -0.149639
FixedParameters: 0 0 0

#Transform 94
Transform: AffineTransform_float_3_3
Parameters: 1 -0.000444849 0.000446155 0.000444151 0.999998 0.0019012 -0.000446845 -0.0019008 0.999998 0.0419176 -0.0653711 0.0287039
FixedParameters: 0 0 0

#Transform 95
Transform: AffineTransform_float_3_3
Parameters: 0.999999 -0.000351647 0.000944759 0.000350353 0.999999 0.000684331 -0.00094524 -0.000684668 1 0.0449909 -0.00679726 -0.155831
FixedParameters: 0 0 0

#Transform 96
Transform: AffineTransform_float_3_3
Parameters: 1 -0.000445608 0.00109435 0.000444392 0.999999 0.00146949 -0.00109465 -0.00146851 0.999999 0.0515365 -0.07593 -0.0308935
FixedParameters: 0 0 0

#Transform 97
Transform: AffineTransform_float_3_3
Parameters: 0.999999 -0.000445089 0.00125161 0.000444912 1 0.000869558 -0.00125239 -0.000869444 0.999999 0.0858055 -0.044358 -0.177921
FixedParameters: 0 0 0

#Transform 98
Transform: AffineTransform_float_3_3
Parameters: 0.999999 -0.000614848 0.00114254 0.000614152 0.999999 0.000742702 -0.00114246 -0.000742298 0.999999 0.124564 -0.0727619 -0.130204
FixedParameters: 0 0 0

#Transform 99
Transform: AffineTransform_float_3_3
Parameters: 0.999998 -0.000533126 0.00162663 0.000532873 0.999999 0.000692867 -0.00162737 -0.000692133 0.999998 0.0890417 -0.0252011 -0.0608696
FixedParameters: 0 0 0

#Transform 100
Transform: AffineTransform_float_3_3
Parameters: 0.999999 -4.16843e-05 0.00141398 4.13156e-05 1 0.000484059 -0.00141402 -0.000483941 0.999999 0.105075 -0.0145264 -0.214116
FixedParameters: 0 0 0

#Transform 101
Transform: AffineTransform_float_3_3
Parameters: 0.999998 -0.000852124 0.00191606 0.000849877 0.999999 0.00110863 -0.00191694 -0.00110737 0.999997 0.15041 -0.0966881 -0.0659688
FixedParameters: 0 0 0

#Transform 102
Transform: AffineTransform_float_3_3
Parameters: 0.999998 -0.000158599 0.00206795 0.000157402 1 0.000289326 -0.00206805 -0.000289673 0.999998 0.149683 -0.048917 -0.196421
FixedParameters: 0 0 0

#Transform 103
Transform: AffineTransform_float_3_3
Parameters: 0.999997 -0.000221532 0.00216274 0.000218469 1 0.00117048 -0.00216326 -0.00117052 0.999997 0.176317 -0.116796 -0.120581
FixedParameters: 0 0 0

#Transform 104
Transform: AffineTransform_float_3_3
Parameters: 0.999997 -0.00041371 0.00267943 0.000410289 0.999999 0.0013851 -0.00268057 -0.0013839 0.999995 0.186009 -0.121067 -0.0149151
FixedParameters: 0 0 0

#Transform 105
Transform: AffineTransform_float_3_3
Parameters: 0.999996 0.000175971 0.00257721 -0.000179027 1 0.00117454 -0.00257679 -0.00117546 0.999996 0.161765 -0.0932182 -0.120877
FixedParameters: 0 0 0

#Transform 106
Transform: AffineTransform_float_3_3
Parameters: 0.999996 0.000280332 0.00258851 -0.000284669 0.999999 0.00180327 -0.00258849 -0.00180373 0.999995 0.120297 -0.098467 0.0690055
FixedParameters: 0 0 0

#Transform 107
Transform: AffineTransform_float_3_3
Parameters: 0.999998 1.75847e-05 0.00223803 -2.14151e-05 0.999999 0.00152596 -0.00223797 -0.00152604 0.999997 0.111237 -0.114362 -0.0884501
FixedParameters: 0 0 0

#Transform 108
Transform: AffineTransform_float_3_3
Parameters: 0.999999 0.000126388 0.00146423 -0.000129613 0.999999 0.00178381 -0.00146477 -0.00178419 0.999998 0.074358 -0.0708151 0.0661105
FixedParameters: 0 0 0

#Transform 109
Transform: AffineTransform_float_3_3
Parameters: 0.999999 0.000128039 0.00139909 -0.000128961 1 0.00068682 -0.00139891 -0.000687179 0.999999 0.0834812 -0.0157358 -0.0897636
FixedParameters: 0 0 0

#Transform 110
Transform: AffineTransform_float_3_3
Parameters: 1 1.36547e-05 0.00105102 -1.43453e-05 0.999999 0.00127999 -0.00105098 -0.00128001 0.999998 0.0726377 -0.0668448 0.0371075
FixedParameters: 0 0 0

#Transform 111
Transform: AffineTransform_float_3_3
Parameters: 0.999999 7.85856e-05 0.00140308 -7.94151e-05 0.999999 0.00100789 -0.00140392 -0.00100811 0.999999 0.0842703 -0.0437453 -0.0556489
FixedParameters: 0 0 0

#Transform 112
Transform: AffineTransform_float_3_3
Parameters: 1 -0.000367509 0.00114752 0.000365491 0.999999 0.00131542 -0.00114748 -0.00131458 0.999998 0.117112 -0.0788641 -0.0429639
FixedParameters: 0 0 0

#Transform 113
Transform: AffineTransform_float_3_3
Parameters: 1 -0.000366781 0.000961703 0.00036522 0.999999 0.000811352 -0.000962297 -0.000811647 0.999999 0.0969505 -0.0610326 -0.0355178
FixedParameters: 0 0 0

#Transform 114
Transform: AffineTransform_float_3_3
Parameters: 0.999999 0.000156195 0.000962131 -0.000156805 0.999999 0.000836849 -0.000961869 -0.00083715 0.999999 0.101418 -0.0857572 -0.167161
FixedParameters: 0 0 0

#Transform 115
Transform: AffineTransform_float_3_3
Parameters: 1 0.000359019 0.000962367 -0.000359983 1 0.00102065 -0.000962634 -0.00102035 0.999999 0.0900987 -0.0983759 -0.0380593
FixedParameters: 0 0 0

#Transform 116
Transform: AffineTransform_float_3_3
Parameters: 1 0.000329971 0.00096201 -0.000330029 1 2.96825e-05 -0.00096199 -3.03174e-05 0.999999 0.0810687 -0.053077 -0.169938
FixedParameters: 0 0 0

#Transform 117
Transform: AffineTransform_float_3_3
Parameters: 1 0.000514435 0.000962839 -0.000515566 0.999998 0.0016265 -0.000962163 -0.0016265 0.999998 0.0763023 -0.0931177 6.86548e-05
FixedParameters: 0 0 0

#Transform 118
Transform: AffineTransform_float_3_3
Parameters: 1 0.000515107 0.000962479 -0.000515895 1 0.000928505 -0.000962522 -0.000928497 0.999999 0.106126 -0.115791 -0.155105
FixedParameters: 0 0 0

#Transform 119
Transform: AffineTransform_float_3_3
Parameters: 0.999999 0.000221244 0.000763219 -0.000221756 0.999999 0.000989831 -0.000763781 -0.000990169 0.999999 0.142393 -0.132696 -0.13726
FixedParameters: 0 0 0

#Transform 120
Transform: AffineTransform_float_3_3
Parameters: 1 3.17344e-05 0.000454018 -3.22656e-05 1 0.000584985 -0.000453981 -0.000585014 0.999999 0.13095 -0.105188 -0.122679
FixedParameters: 0 0 0

#Transform 121
Transform: AffineTransform_float_3_3
Parameters: 1 3.15052e-05 0.000570028 -3.24953e-05 0.999999 0.000868982 -0.000569972 -0.000868018 1 0.132476 -0.0953169 -0.232392
FixedParameters: 0 0 0

#Transform 122
Transform: AffineTransform_float_3_3
Parameters: 1 3.14202e-05 0.000514036 -3.15803e-05 1 0.00112898 -0.000513965 -0.00112802 0.999999 0.13547 -0.103294 -0.0785568
FixedParameters: 0 0 0

#Transform 123
Transform: AffineTransform_float_3_3
Parameters: 0.999999 3.16456e-05 0.000762014 -3.23543e-05 1 0.000464975 -0.000761985 -0.000465024 0.999999 0.146046 -0.0827012 -0.19036
FixedParameters: 0 0 0

#Transform 124
Transform: AffineTransform_float_3_3
Parameters: 0.999999 0.000168528 0.0012342 -0.000169472 1 0.00119279 -0.0012338 -0.00119321 0.999998 0.14831 -0.105481 -0.0765793
FixedParameters: 0 0 0

#Transform 125
Transform: AffineTransform_float_3_3
Parameters: 0.999998 8.47634e-05 0.00171511 -8.72378e-05 0.999999 0.00130485 -0.00171489 -0.00130415 0.999997 0.178653 -0.0838089 -0.105868
FixedParameters: 0 0 0

#Transform 126
Transform: AffineTransform_float_3_3
Parameters: 0.999998 3.83168e-05 0.00174006 -4.06829e-05 0.999999 0.00154193 -0.00173994 -0.00154207 0.999998 0.188335 -0.0974779 -0.0717875
FixedParameters: 0 0 0

#Transform 127
Transform: AffineTransform_float_3_3
Parameters: 0.999999 4.04921e-05 0.000773027 -4.05078e-05 1 0.000656969 -0.000772974 -0.000657032 1 0.185211 -0.0716426 -0.136909
FixedParameters: 0 0 0

#Transform 128
Transform: AffineTransform_float_3_3
Parameters: 0.999999 3.99409e-05 0.000773055 -4.1059e-05 0.999999 0.00136997 -0.000772944 -0.00137003 0.999999 0.165925 -0.0910642 -0.123057
FixedParameters: 0 0 0

#Transform 129
Transform: AffineTransform_float_3_3
Parameters: 1 -0.000237659 0.00115666 0.000236341 0.999999 0.00143427 -0.00115734 -0.00143373 0.999999 0.159264 -0.11554 -0.0450608
FixedParameters: 0 0 0

#Transform 130
Transform: AffineTransform_float_3_3
Parameters: 0.999999 4.03522e-05 0.000773034 -4.06477e-05 0.999999 0.000837969 -0.000772966 -0.000838031 1 0.16587 -0.0789633 -0.184015
FixedParameters: 0 0 0

#Transform 131
Transform: AffineTransform_float_3_3
Parameters: 0.999999 -0.000126476 0.00077276 0.000125525 0.999998 0.0019101 -0.000772241 -0.0019099 0.999998 0.16916 -0.120676 0.0080913
FixedParameters: 0 0 0

#Transform 132
Transform: AffineTransform_float_3_3
Parameters: 0.999999 -3.88961e-05 0.000986965 3.81037e-05 0.999999 0.000908038 -0.000987035 -0.000907962 0.999999 0.177754 -0.106243 -0.155994
FixedParameters: 0 0 0

#Transform 133
Transform: AffineTransform_float_3_3
Parameters: 0.999999 -3.84566e-06 0.000772996 2.15434e-06 1 0.001094 -0.000773003 -0.001094 0.999999 0.18281 -0.134501 -0.107937
FixedParameters: 0 0 0

#Transform 134
Transform: AffineTransform_float_3_3
Parameters: 1 -4.67881e-05 0.00120697 4.62118e-05 1 0.000653056 -0.00120703 -0.000652944 0.999999 0.183111 -0.0860018 -0.102877
FixedParameters: 0 0 0

#Transform 135
Transform: AffineTransform_float_3_3
Parameters: 0.999999 6.76783e-05 0.000919023 -6.83216e-05 1 0.000349937 -0.000918975 -0.000350062 0.999999 0.180922 -0.0845354 -0.205114
FixedParameters: 0 0 0

#Transform 136
Transform: AffineTransform_float_3_3
Parameters: 1 -6.39873e-05 0.00117589 6.20124e-05 0.999998 0.00169007 -0.00117611 -0.00168992 0.999998 0.175502 -0.146699 -0.0368642
FixedParameters: 0 0 0

#Transform 137
Transform: AffineTransform_float_3_3
Parameters: 0.999999 0.000151252 0.000898126 -0.000151748 0.999999 0.000832864 -0.000897874 -0.000833136 0.999999 0.179944 -0.114294 -0.182019
FixedParameters: 0 0 0

#Transform 138
Transform: AffineTransform_float_3_3
Parameters: 1 -0.000132642 0.00100892 0.000131358 1 0.000636133 -0.00100908 -0.000635867 1 0.182 -0.0978977 -0.112594
FixedParameters: 0 0 0

#Transform 139
Transform: AffineTransform_float_3_3
Parameters: 0.999998 -0.000133732 0.00169286 0.000131268 1 0.00102322 -0.00169313 -0.00102278 0.999998 0.181362 -0.0921015 -0.0791651
FixedParameters: 0 0 0

#Transform 140
Transform: AffineTransform_float_3_3
Parameters: 0.999999 0.000165563 0.00135818 -0.000167438 1 0.00105777 -0.00135882 -0.00105823 0.999998 0.195455 -0.093172 -0.16316
FixedParameters: 0 0 0

#Transform 141
Transform: AffineTransform_float_3_3
Parameters: 0.999999 0.00056035 0.00168422 -0.000564651 0.999998 0.00216805 -0.00168278 -0.00216895 0.999996 0.188781 -0.127626 0.00773644
FixedParameters: 0 0 0

#Transform 142
Transform: AffineTransform_float_3_3
Parameters: 0.999999 0.000458371 0.00177768 -0.00046063 0.999999 0.00147918 -0.00177732 -0.00147982 0.999998 0.144838 -0.105989 -0.0191324
FixedParameters: 0 0 0

#Transform 143
Transform: AffineTransform_float_3_3
Parameters: 1 0.000370708 0.00116773 -0.000372291 0.999998 0.00196357 -0.00116627 -0.00196343 0.999998 0.146111 -0.121397 -0.121594
FixedParameters: 0 0 0

#Transform 144
Transform: AffineTransform_float_3_3
Parameters: 0.999998 6.91438e-06 0.00163002 -1.00856e-05 0.999998 0.00189299 -0.00162998 -0.00189301 0.999997 0.160796 -0.172723 -0.0226751
FixedParameters: 0 0 0

#Transform 145
Transform: AffineTransform_float_3_3
Parameters: 0.999999 0.000124924 0.00136919 -0.000127077 0.999999 0.00151583 -0.00136981 -0.00151617 0.999998 0.183059 -0.117035 -0.11765
FixedParameters: 0 0 0

#Transform 146
Transform: AffineTransform_float_3_3
Parameters: 0.999999 0.000122671 0.00155735 -0.000126331 0.999996 0.00277981 -0.00155765 -0.00278019 0.999995 0.160594 -0.129668 0.0708672
FixedParameters: 0 0 0

#Transform 147
Transform: AffineTransform_float_3_3
Parameters: 0.999999 0.000537427 0.00111025 -0.000539573 0.999997 0.0023184 -0.00110875 -0.0023196 0.999996 0.148714 -0.167591 -0.100829
FixedParameters: 0 0 0

#Transform 148
Transform: AffineTransform_float_3_3
Parameters: 1 0.000214588 0.000569534 -0.000215413 0.999997 0.00248088 -0.000569467 -0.00248012 0.999997 0.171727 -0.179573 -0.0638322
FixedParameters: 0 0 0

#Transform 149
Transform: AffineTransform_float_3_3
Parameters: 1 0.000287905 0.00102459 -0.000290093 0.999998 0.0020447 -0.00102341 -0.0020453 0.999998 0.163373 -0.159238 -0.06788
FixedParameters: 0 0 0

#Transform 150
Transform: AffineTransform_float_3_3
Parameters: 0.999999 0.000213317 0.000915629 -0.000215681 0.999995 0.0029308 -0.000914372 -0.0029312 0.999996 0.160859 -0.187032 -0.122906
FixedParameters: 0 0 0

#Transform 151
Transform: AffineTransform_float_3_3
Parameters: 1 0.000213334 0.00104755 -0.000215666 0.999996 0.00254678 -0.00104645 -0.00254622 0.999996 0.174747 -0.166742 -0.0319147
FixedParameters: 0 0 0

#Transform 152
Transform: AffineTransform_float_3_3
Parameters: 0.999999 0.000214107 0.00143528 -0.000215894 0.999999 0.00131969 -0.00143472 -0.00131931 0.999998 0.162421 -0.13669 -0.169256
FixedParameters: 0 0 0

#Transform 153
Transform: AffineTransform_float_3_3
Parameters: 0.999999 0.00021235 0.00126862 -0.000215652 0.999996 0.00287873 -0.00126838 -0.00287827 0.999995 0.190849 -0.187982 -0.00148642
FixedParameters: 0 0 0

#Transform 154
Transform: AffineTransform_float_3_3
Parameters: 1 0.000213177 0.00104858 -0.000215822 0.999997 0.00269278 -0.00104742 -0.00269323 0.999996 0.207955 -0.190288 -0.142459
FixedParameters: 0 0 0

#Transform 155
Transform: AffineTransform_float_3_3
Parameters: 0.999999 0.000116156 0.00138333 -0.000119844 0.999996 0.00277984 -0.00138267 -0.00277916 0.999995 0.205192 -0.20923 -0.00576671
FixedParameters: 0 0 0

#Transform 156
Transform: AffineTransform_float_3_3
Parameters: 0.999999 0.000173868 0.00138352 -0.00017813 0.999995 0.00298675 -0.00138247 -0.00298724 0.999994 0.18281 -0.191331 -0.0473477
FixedParameters: 0 0 0

#Transform 157
Transform: AffineTransform_float_3_3
Parameters: 0.999999 2.59515e-05 0.000952088 -2.90481e-05 0.999995 0.00320197 -0.000951912 -0.00320203 0.999995 0.222701 -0.237378 -0.132434
FixedParameters: 0 0 0

#Transform 158
Transform: AffineTransform_float_3_3
Parameters: 0.999999 2.45679e-05 0.00138809 -2.84317e-05 0.999995 0.00319296 -0.00138792 -0.00319304 0.999994 0.219071 -0.211719 0.00681131
FixedParameters: 0 0 0

#Transform 159
Transform: AffineTransform_float_3_3
Parameters: 0.999998 0.000790109 0.0017662 -0.000794892 0.999996 0.0027696 -0.0017648 -0.0027714 0.999994 0.210804 -0.173308 -0.171752
FixedParameters: 0 0 0

#Transform 160
Transform: AffineTransform_float_3_3
Parameters: 0.999998 0.000523734 0.00196968 -0.000530264 0.999995 0.00318196 -0.00196732 -0.00318304 0.999993 0.220982 -0.204737 -0.0177704
FixedParameters: 0 0 0

#Transform 161
Transform: AffineTransform_float_3_3
Parameters: 0.999999 0.000524627 0.0016697 -0.000529374 0.999994 0.00321912 -0.00166831 -0.00321988 0.999994 0.194532 -0.166247 -0.154812
FixedParameters: 0 0 0

#Transform 162
Transform: AffineTransform_float_3_3
Parameters: 0.999998 0.000524513 0.00153888 -0.000529487 0.999993 0.00356719 -0.00153712 -0.00356781 0.999993 0.177414 -0.233426 -0.0294757
FixedParameters: 0 0 0

#Transform 163
Transform: AffineTransform_float_3_3
Parameters: 0.999999 0.000526145 0.00134851 -0.000529857 0.999996 0.00286029 -0.00134749 -0.00286071 0.999995 0.183134 -0.192518 -0.171879
FixedParameters: 0 0 0

#Transform 164
Transform: AffineTransform_float_3_3
Parameters: 0.999998 1.93963e-05 0.00165509 -2.66072e-05 0.999992 0.00398996 -0.00165591 -0.00399004 0.99999 0.183347 -0.24464 0.083752
FixedParameters: 0 0 0

#Transform 165
Transform: AffineTransform_float_3_3
Parameters: 0.999998 0.000546856 0.00156416 -0.000553143 0.999992 0.00393014 -0.00156184 -0.00393086 0.999991 0.150818 -0.25397 -0.0776357
FixedParameters: 0 0 0

#Transform 166
Transform: AffineTransform_float_3_3
Parameters: 0.999999 0.000302328 0.00146618 -0.000307671 0.999993 0.00386956 -0.00146482 -0.00387045 0.999992 0.142141 -0.21523 0.075549
FixedParameters: 0 0 0

#Transform 167
Transform: AffineTransform_float_3_3
Parameters: 0.999999 0.000694687 0.000445057 -0.000696314 0.999996 0.00295869 -0.000442942 -0.00295831 0.999995 0.245567 -0.194901 -0.218207
FixedParameters: 0 0 0

#Transform 168
Transform: AffineTransform_float_3_3
Parameters: 1 0.00102569 -0.000249191 -0.00102531 0.999995 0.00274026 0.00025281 -0.00273974 0.999996 0.211363 -0.163845 -0.0963861
FixedParameters: 0 0 0

#Transform 169
Transform: AffineTransform_float_3_3
Parameters: 1 0.000147559 -0.000303215 -0.000147441 0.999999 -0.00145596 0.000302786 0.00145604 0.999999 0.188879 0.0312488 0.200591
FixedParameters: 0 0 0

#Transform 170
Transform: AffineTransform_float_3_3
Parameters: 0.999999 -0.000521782 -0.000588972 0.000524218 0.999992 0.00377169 0.000587026 -0.00377231 0.999992 0.110054 -0.0233834 0.54804
FixedParameters: 0 0 0

#Transform 171
Transform: AffineTransform_float_3_3
Parameters: 0.999998 -0.000809646 0.00180648 0.000804354 0.999995 0.00312446 -0.00180852 -0.00312254 0.999993 -0.0273459 -0.174887 0.0738244
FixedParameters: 0 0 0

#Transform 172
Transform: AffineTransform_float_3_3
Parameters: 0.999999 -0.00072052 0.000228516 0.000721478 0.999997 -0.00210383 -0.000226482 0.00210416 0.999998 0.0187989 -0.0475744 0.784138
FixedParameters: 0 0 0

#Transform 173
Transform: AffineTransform_float_3_3
Parameters: 1 -0.000450961 0.00113802 0.000451038 1 -3.34867e-05 -0.00113799 3.45132e-05 1 0.0519975 -0.0139487 0.185979
FixedParameters: 0 0 0

#Transform 174
Transform: AffineTransform_float_3_3
Parameters: 0.999997 -0.000742737 0.00229519 0.000734261 0.999993 0.0038047 -0.00229881 -0.00380331 0.99999 0.0363518 -0.185278 0.0783105
FixedParameters: 0 0 0

#Transform 175
Transform: AffineTransform_float_3_3
Parameters: 0.999998 -0.000683138 0.00219479 0.000675864 0.999995 0.00325049 -0.00219721 -0.00324951 0.999993 0.013567 -0.203702 -0.119657
FixedParameters: 0 0 0

#Transform 176
Transform: AffineTransform_float_3_3
Parameters: 0.999998 -0.000910334 0.001661 0.000903665 0.99999 0.00441151 -0.001665 -0.00440949 0.999989 0.0594403 -0.209676 0.130228
FixedParameters: 0 0 0

#Transform 177
Transform: AffineTransform_float_3_3
Parameters: 1 -0.00037259 0.00106741 0.000368411 0.99999 0.0042974 -0.00106859 -0.0042966 0.99999 0.0677341 -0.255886 -0.0181528
FixedParameters: 0 0 0

#Transform 178
Transform: AffineTransform_float_3_3
Parameters: 0.999999 0.000502831 0.0011444 -0.000506169 0.999996 0.00277142 -0.0011426 -0.00277158 0.999995 -0.0284652 -0.13965 -0.132548
FixedParameters: 0 0 0

#Transform 179
Transform: AffineTransform_float_3_3
Parameters: 0.999999 0.000158968 0.00100265 -0.000163033 0.999992 0.00402184 -0.00100235 -0.00402216 0.999992 -0.0494511 -0.0945898 0.150314
FixedParameters: 0 0 0

#Transform 180
Transform: AffineTransform_float_3_3
Parameters: 0.999998 0.000417097 0.00170896 -0.000420902 0.999998 0.00228328 -0.00170804 -0.00228472 0.999996 -0.0822103 -0.0649496 -0.0630574
FixedParameters: 0 0 0

#Transform 181
Transform: AffineTransform_float_3_3
Parameters: 0.999999 0.000313866 0.00148524 -0.000315134 0.999999 0.000763532 -0.00148476 -0.000763466 0.999998 -0.0648454 -0.0024195 -0.126795
FixedParameters: 0 0 0

#Transform 182
Transform: AffineTransform_float_3_3
Parameters: 0.999999 0.000246031 0.00148499 -0.00024597 1 -2.03653e-05 -0.001485 2.06347e-05 0.999999 -0.0730927 0.0706608 -0.082761
FixedParameters: 0 0 0

#Transform 183
Transform: AffineTransform_float_3_3
Parameters: 0.999999 0.000256693 0.00142006 -0.000256306 1 0.000215636 -0.00141994 -0.000216365 0.999999 -0.0830755 0.0415953 -0.136983
FixedParameters: 0 0 0

#Transform 184
Transform: AffineTransform_float_3_3
Parameters: 0.999999 0.00031502 0.001485 -0.00031498 1 -1.34678e-05 -0.001485 1.35322e-05 0.999999 -0.0840563 0.0487608 -0.0924692
FixedParameters: 0 0 0

#Transform 185
Transform: AffineTransform_float_3_3
Parameters: 0.999999 0.000315926 0.0014848 -0.000315073 1 -0.000624468 -0.0014852 0.000623531 0.999998 -0.0649343 0.104485 -0.203287
FixedParameters: 0 0 0

#Transform 186
Transform: AffineTransform_float_3_3
Parameters: 0.999999 -0.00015047 0.00148505 0.000150531 1 -0.000357777 -0.00148495 0.000357224 0.999999 -0.0399389 0.0592301 -0.136094
FixedParameters: 0 0 0

#Transform 187
Transform: AffineTransform_float_3_3
Parameters: 0.999998 -0.00032292 0.00190718 0.000324081 1 -0.000566383 -0.00190682 0.000566617 0.999998 -0.0492566 0.0656795 -0.1371
FixedParameters: 0 0 0

#Transform 188
Transform: AffineTransform_float_3_3
Parameters: 0.999999 -0.000176057 0.00148511 0.000176944 1 -0.000635738 -0.00148489 0.000635262 0.999998 -0.01814 0.0680389 -0.260985
FixedParameters: 0 0 0

#Transform 189
Transform: AffineTransform_float_3_3
Parameters: 0.999999 -0.00032282 0.00148526 0.000324178 0.999999 -0.000793519 -0.00148474 0.00079448 0.999998 -0.0119136 0.0408506 -0.157809
FixedParameters: 0 0 0

#Transform 190
Transform: AffineTransform_float_3_3
Parameters: 0.999999 6.46676e-05 0.00148493 -6.33322e-05 1 -0.0011231 -0.00148507 0.00112291 0.999999 -0.0451194 0.0639285 -0.256544
