# transform file /out/sourcedata/freesurfer/sub-v1s13x0050048_ses-1/mri/transforms/cc_up.lta
# created by oesteban on Sun Mar  8 18:07:04 2026

type      = 0 # LINEAR_VOX_TO_VOX
nxforms   = 1
mean      = 127.0000 133.0000 113.0000
sigma     = 10000.0000
1 4 4
9.977926015853882e-01 4.682345315814018e-02 -4.709129035472870e-02 8.095982074737549e-01 
-4.677139595150948e-02 9.989032149314880e-01 2.207397716119885e-03 2.379437828063965e+01 
4.714299738407135e-02 2.328306714094452e-10 9.988881945610046e-01 1.215875339508057e+01 
0.000000000000000e+00 0.000000000000000e+00 0.000000000000000e+00 1.000000000000000e+00 
src volume info
valid = 1  # volume info valid
filename = /out/sourcedata/freesurfer/sub-v1s13x0050048_ses-1/mri/norm.mgz
volume = 256 256 256
voxelsize = 1.000000000000000e+00 1.000000000000000e+00 1.000000000000000e+00
xras   = -9.999999403953552e-01 0.000000000000000e+00 0.000000000000000e+00
yras   = 0.000000000000000e+00 0.000000000000000e+00 -9.999999403953552e-01
zras   = 0.000000000000000e+00 9.999999403953552e-01 0.000000000000000e+00
cras   = -1.654167175292969e+00 -2.048477172851562e+00 -1.000651550292969e+01
dst volume info
valid = 1  # volume info valid
filename = /out/sourcedata/freesurfer/sub-v1s13x0050048_ses-1/mri/norm.mgz
volume = 256 256 256
voxelsize = 1.000000000000000e+00 1.000000000000000e+00 1.000000000000000e+00
xras   = -9.999999403953552e-01 0.000000000000000e+00 0.000000000000000e+00
yras   = 0.000000000000000e+00 0.000000000000000e+00 -9.999999403953552e-01
zras   = 0.000000000000000e+00 9.999999403953552e-01 0.000000000000000e+00
cras   = -1.654167175292969e+00 -2.048477172851562e+00 -1.000651550292969e+01
