#Insight Transform File V1.0
#Transform 0
Transform: AffineTransform_float_3_3
Parameters: 1 0 0 0 1 0.000243 0 -0.000243 1 0 -0.00377189 0.0150994
FixedParameters: 0 0 0

#Transform 1
Transform: AffineTransform_float_3_3
Parameters: 1 0.00031 -1.0044e-07 -0.00031 1 -0.000324 -1.0044e-07 0.000324 1 -0.00653742 0.0397569 -0.00563871
FixedParameters: 0 0 0

#Transform 2
Transform: AffineTransform_float_3_3
Parameters: 0.999999 0.000580105 -0.00043386 -0.000579895 1 0.000241252 0.00043314 -0.000241749 1 -0.0177946 -0.0867287 -0.0946753
FixedParameters: 0 0 0

#Transform 3
Transform: AffineTransform_float_3_3
Parameters: 1 0.000609966 -0.000200102 -0.000610033 1 -0.000167878 0.000199897 0.000168122 1 -0.0218398 -0.0321202 -0.072891
FixedParameters: 0 0 0

#Transform 4
Transform: AffineTransform_float_3_3
Parameters: 1 0.000609933 -0.000104387 -0.000610066 0.999999 -0.000634936 0.000103613 0.000635063 1 -0.0112777 -0.071052 -0.144329
FixedParameters: 0 0 0

#Transform 5
Transform: AffineTransform_float_3_3
Parameters: 1 0.000610064 -0.000266854 -0.000609936 1 0.000239163 0.000267146 -0.000238837 1 -0.00876637 -0.11953 -0.107401
FixedParameters: 0 0 0

#Transform 6
Transform: AffineTransform_float_3_3
Parameters: 1 0.000610036 6.46602e-05 -0.000609964 0.999999 -0.000557039 -6.43397e-05 0.000556961 1 -0.013868 -0.0645216 -0.196307
FixedParameters: 0 0 0

#Transform 7
Transform: AffineTransform_float_3_3
Parameters: 1 0.000610041 -0.000140822 -0.000609959 1 0.000292086 0.000141178 -0.000291914 1 -0.0107351 -0.140127 -0.143458
FixedParameters: 0 0 0

#Transform 8
Transform: AffineTransform_float_3_3
Parameters: 1 0.000417602 -0.000434383 -0.000418397 0.999999 -0.000916818 0.000433617 0.000917181 1 -0.00204543 -0.0550147 -0.227318
FixedParameters: 0 0 0

#Transform 9
Transform: AffineTransform_float_3_3
Parameters: 0.999999 0.000610063 -0.000433911 -0.000609936 1 0.000146265 0.000433089 -0.000145736 1 -0.00619879 -0.137915 -0.182966
FixedParameters: 0 0 0

#Transform 10
Transform: AffineTransform_float_3_3
Parameters: 1 0.000609962 -0.000295079 -0.000610038 1 -0.00012882 0.000294922 0.00012818 1 -0.00828251 -0.0514768 -0.207844
FixedParameters: 0 0 0

#Transform 11
Transform: AffineTransform_float_3_3
Parameters: 1 0.000610027 -0.000117859 -0.000609972 1 0.000231072 0.000118141 -0.000230928 1 -0.0110826 -0.147962 -0.179777
FixedParameters: 0 0 0

#Transform 12
Transform: AffineTransform_float_3_3
Parameters: 0.999999 0.000609814 -0.0003783 -0.000609186 0.999999 -0.000491769 0.0003787 0.000492231 1 -0.00244536 -0.0713243 -0.168354
FixedParameters: 0 0 0

#Transform 13
Transform: AffineTransform_float_3_3
Parameters: 0.999999 0.000609899 -0.000378162 -0.0006101 1 -0.000265769 0.000378838 0.000266231 1 -0.00700378 -0.119694 -0.210921
FixedParameters: 0 0 0

#Transform 14
Transform: AffineTransform_float_3_3
Parameters: 0.999999 0.000609944 -0.000378089 -0.000610055 1 -0.000145769 0.000377911 0.000146231 1 -0.00702319 -0.126412 -0.17042
FixedParameters: 0 0 0

#Transform 15
Transform: AffineTransform_float_3_3
Parameters: 1 0.000609996 -5.40321e-06 -0.000610003 0.999999 -0.000660996 4.59679e-06 0.000661003 1 -0.0127798 -0.074548 -0.245611
FixedParameters: 0 0 0

#Transform 16
Transform: AffineTransform_float_3_3
Parameters: 1 0.000610001 -0.000211996 -0.000609998 1 7.12932e-06 0.000212004 -6.87068e-06 1 -0.00701158 -0.15049 -0.233834
FixedParameters: 0 0 0

#Transform 17
Transform: AffineTransform_float_3_3
Parameters: 1 0.000609817 -0.000212527 -0.000609184 1 -0.000863871 0.000212474 0.00086413 0.999999 0.00334504 -0.0809484 -0.211172
FixedParameters: 0 0 0

#Transform 18
Transform: AffineTransform_float_3_3
Parameters: 1 0.000610004 -2.89036e-05 -0.000609995 1 0.000158018 2.90964e-05 -0.000157982 1 0.00061358 -0.109307 -0.204604
FixedParameters: 0 0 0

#Transform 19
Transform: AffineTransform_float_3_3
Parameters: 1 0.000610083 -0.000335849 -0.000609917 1 0.000247205 0.00033615 -0.000246795 1 0.00314362 -0.0910198 -0.176205
FixedParameters: 0 0 0

#Transform 20
Transform: AffineTransform_float_3_3
Parameters: 1 0.000610001 1.19506e-05 -0.000609999 1 -8.10073e-05 -1.20494e-05 8.09926e-05 1 0.00153263 -0.0842505 -0.245238
FixedParameters: 0 0 0

#Transform 21
Transform: AffineTransform_float_3_3
Parameters: 1 0.000610029 -3.95431e-05 -0.000609969 0.999999 0.000749024 4.04569e-05 -0.000748975 0.999999 -0.000285744 -0.143735 -0.184179
FixedParameters: 0 0 0

#Transform 22
Transform: AffineTransform_float_3_3
Parameters: 1 0.00060997 -7.22482e-05 -0.000610029 0.999999 -0.000406956 7.27517e-05 0.000407044 1 0.00455553 -0.0396192 -0.244554
FixedParameters: 0 0 0

#Transform 23
Transform: AffineTransform_float_3_3
Parameters: 0.999999 0.000609738 0.000360443 -0.000609261 0.999999 0.00072678 -0.000359557 -0.000727219 0.999999 -0.00215533 -0.156664 -0.199302
FixedParameters: 0 0 0

#Transform 24
Transform: AffineTransform_float_3_3
Parameters: 1 0.000609972 -7.72159e-05 -0.000610027 1 -0.000353953 7.6784e-05 0.000354047 1 0.00542175 -0.0713941 -0.223213
FixedParameters: 0 0 0

#Transform 25
Transform: AffineTransform_float_3_3
Parameters: 1 0.000610093 -0.00021874 -0.000609906 0.999999 0.000426133 0.00021926 -0.000425866 1 0.000218083 -0.128615 -0.212159
FixedParameters: 0 0 0

#Transform 26
Transform: AffineTransform_float_3_3
Parameters: 1 0.000609885 -0.000219318 -0.000610114 0.999999 -0.000521866 0.000219681 0.000522134 1 -0.00161597 -0.0889475 -0.197312
FixedParameters: 0 0 0

#Transform 27
Transform: AffineTransform_float_3_3
Parameters: 1 0.000610072 8.74979e-05 -0.000609928 1 -0.000823054 -8.85019e-05 0.000822946 0.999999 -0.00591536 -0.0871149 -0.212309
FixedParameters: 0 0 0

#Transform 28
Transform: AffineTransform_float_3_3
Parameters: 1 0.000503017 3.37374e-05 -0.000502982 0.999999 -0.000522017 -3.42625e-05 0.000521983 1 -0.00165605 -0.135351 -0.185725
FixedParameters: 0 0 0

#Transform 29
Transform: AffineTransform_float_3_3
Parameters: 1 0.000609916 -6.77557e-05 -0.000610084 0.999999 -0.00123896 6.72441e-05 0.00123904 0.999999 0.000619369 -0.0630568 -0.220297
FixedParameters: 0 0 0

#Transform 30
Transform: AffineTransform_float_3_3
Parameters: 1 0.000609892 -0.000120548 -0.000610109 1 -0.000898927 0.000120451 0.000899074 0.999999 9.81664e-05 -0.122918 -0.227187
FixedParameters: 0 0 0

#Transform 31
Transform: AffineTransform_float_3_3
Parameters: 1 0.000610117 0.000135475 -0.000609883 1 -0.000860083 -0.000136524 0.000859917 0.999999 0.00102942 -0.0923565 -0.212555
FixedParameters: 0 0 0

#Transform 32
Transform: AffineTransform_float_3_3
Parameters: 1 0.000507978 -9.41193e-05 -0.000508022 1 -0.000234952 9.38811e-05 0.000234048 1 0.00753604 -0.0992111 -0.23327
FixedParameters: 0 0 0

#Transform 33
Transform: AffineTransform_float_3_3
Parameters: 0.999999 0.000909983 4.43266e-05 -0.000910015 0.999999 0.00035896 -4.36733e-05 -0.00035904 1 -0.00316317 -0.128006 -0.188043
FixedParameters: 0 0 0

#Transform 34
Transform: AffineTransform_float_3_3
Parameters: 1 0.000610143 0.00018152 -0.000609857 0.999999 -0.00078711 -0.00018148 0.000786889 0.999999 0.00944001 -0.0725372 -0.25293
FixedParameters: 0 0 0

#Transform 35
Transform: AffineTransform_float_3_3
Parameters: 1 0.000609992 -2.22269e-05 -0.000610008 0.999999 -0.000371986 2.17731e-05 0.000372013 1 0.0123274 -0.156838 -0.237513
FixedParameters: 0 0 0

#Transform 36
Transform: AffineTransform_float_3_3
Parameters: 1 0.000609984 -2.24227e-05 -0.000610015 0.999999 -0.000692986 2.25773e-05 0.000693013 1 0.0203745 -0.112776 -0.245962
FixedParameters: 0 0 0

#Transform 37
Transform: AffineTransform_float_3_3
Parameters: 1 0.000609988 -2.23282e-05 -0.000610011 0.999999 -0.000537986 2.16718e-05 0.000538013 1 0.020311 -0.129147 -0.26776
FixedParameters: 0 0 0

#Transform 38
Transform: AffineTransform_float_3_3
Parameters: 1 0.000609988 -2.23282e-05 -0.000610011 0.999999 -0.000537986 2.16718e-05 0.000538013 1 0.0144865 -0.157098 -0.248282
FixedParameters: 0 0 0

#Transform 39
Transform: AffineTransform_float_3_3
Parameters: 1 0.000888002 1.07914e-06 -0.000887999 0.999999 -0.001037 -1.92086e-06 0.001037 1 0.0141551 -0.0802691 -0.269055
FixedParameters: 0 0 0

#Transform 40
Transform: AffineTransform_float_3_3
Parameters: 1 0.000610012 0.000191961 -0.000609988 1 -6.31171e-05 -0.000192039 6.38829e-05 1 0.017959 -0.159292 -0.265824
FixedParameters: 0 0 0

#Transform 41
Transform: AffineTransform_float_3_3
Parameters: 1 0.000609962 -9.72378e-05 -0.000610038 0.999999 -0.000389941 9.6762e-05 0.000390059 1 0.0168745 -0.121101 -0.249272
FixedParameters: 0 0 0

#Transform 42
Transform: AffineTransform_float_3_3
Parameters: 0.999999 0.00130505 9.23448e-05 -0.00130495 0.999999 -0.000502121 -9.2655e-05 0.000501879 1 -0.0121577 -0.123163 -0.265557
FixedParameters: 0 0 0

#Transform 43
Transform: AffineTransform_float_3_3
Parameters: 1 0.000609982 9.31177e-05 -0.000610018 1 0.000192943 -9.28822e-05 -0.000193057 1 0.017652 -0.163075 -0.247015
FixedParameters: 0 0 0

#Transform 44
Transform: AffineTransform_float_3_3
Parameters: 1 0.00107411 0.000186372 -0.00107389 1 -0.000585201 -0.000186628 0.0005848 1 0.0133835 -0.0738631 -0.290615
FixedParameters: 0 0 0

#Transform 45
Transform: AffineTransform_float_3_3
Parameters: 1 0.00107601 -0.000160952 -0.00107599 1 4.51732e-05 0.000161048 -4.48268e-05 1 0.0281946 -0.150371 -0.225183
FixedParameters: 0 0 0

#Transform 46
Transform: AffineTransform_float_3_3
Parameters: 0.999999 0.000774932 -0.000368141 -0.000775066 0.999999 -0.000181715 0.000367859 0.000182285 1 0.0380652 -0.0520111 -0.215643
FixedParameters: 0 0 0

#Transform 47
Transform: AffineTransform_float_3_3
Parameters: 0.999999 0.000891421 0.000483222 -0.000891578 0.999999 -0.000872431 -0.000483777 0.000871569 0.999999 0.0371667 -0.10849 -0.25894
FixedParameters: 0 0 0

#Transform 48
Transform: AffineTransform_float_3_3
Parameters: 1 0.000610005 0.00028599 -0.000609995 1 -1.71745e-05 -0.00028601 1.68255e-05 1 0.0336702 -0.1718 -0.220718
FixedParameters: 0 0 0

#Transform 49
Transform: AffineTransform_float_3_3
Parameters: 0.999999 0.000826046 -0.000392901 -0.000825952 0.999999 0.000120325 0.000393099 -0.000119675 1 0.0425201 -0.152912 -0.268514
FixedParameters: 0 0 0

#Transform 50
Transform: AffineTransform_float_3_3
Parameters: 1 0.00121999 1.77503e-05 -0.00122001 0.999999 0.000614979 -1.72497e-05 -0.000615021 1 0.0264282 -0.199436 -0.287375
FixedParameters: 0 0 0

#Transform 51
Transform: AffineTransform_float_3_3
Parameters: 1 0.00111906 -4.359e-05 -0.00111894 0.999998 0.00126005 4.44099e-05 -0.00125995 0.999999 0.0379978 -0.123648 -0.225806
FixedParameters: 0 0 0

#Transform 52
Transform: AffineTransform_float_3_3
Parameters: 1 0.000610219 -0.00030957 -0.000609782 1 0.000705189 0.00030943 -0.000704812 0.999999 0.05432 -0.173479 -0.290804
FixedParameters: 0 0 0

#Transform 53
Transform: AffineTransform_float_3_3
Parameters: 1 0.00101206 -5.29637e-05 -0.00101195 0.999999 0.00102405 5.40363e-05 -0.00102395 1 0.0423243 -0.232739 -0.262013
FixedParameters: 0 0 0

#Transform 54
Transform: AffineTransform_float_3_3
Parameters: 1 0.000610305 -0.000212123 -0.000609694 0.999999 0.00143713 0.000212877 -0.00143787 0.999999 0.0427558 -0.173226 -0.312853
FixedParameters: 0 0 0

#Transform 55
Transform: AffineTransform_float_3_3
Parameters: 0.999999 0.000610759 -0.000374764 -0.000609239 0.999998 0.00202423 0.000376234 -0.00202377 0.999998 0.0614366 -0.242144 -0.341006
FixedParameters: 0 0 0

#Transform 56
Transform: AffineTransform_float_3_3
Parameters: 1 0.000892224 -0.000654334 -0.000890777 0.999998 0.00186858 0.000655665 -0.00186742 0.999998 0.0624172 -0.197281 -0.261897
FixedParameters: 0 0 0

#Transform 57
Transform: AffineTransform_float_3_3
Parameters: 0.999999 0.000984374 -0.000184008 -0.000983626 0.999998 0.00202418 0.000185991 -0.00202382 0.999998 0.0662033 -0.190229 -0.355827
FixedParameters: 0 0 0

#Transform 58
Transform: AffineTransform_float_3_3
Parameters: 1 0.00111113 -0.000424063 -0.00110987 0.999996 0.00264547 0.000426937 -0.00264453 0.999997 0.0684273 -0.246926 -0.303521
FixedParameters: 0 0 0

#Transform 59
Transform: AffineTransform_float_3_3
Parameters: 0.999999 0.00122819 -0.000653775 -0.00122681 0.999997 0.0018128 0.000655225 -0.0018122 0.999998 0.0633256 -0.144294 -0.353442
FixedParameters: 0 0 0

#Transform 60
Transform: AffineTransform_float_3_3
Parameters: 0.999999 0.00123564 -0.000652907 -0.00123336 0.999996 0.00250481 0.000655091 -0.00250419 0.999996 0.0687889 -0.217656 -0.33792
FixedParameters: 0 0 0

#Transform 61
Transform: AffineTransform_float_3_3
Parameters: 0.999999 0.00113431 -0.000653728 -0.00113269 0.999998 0.00200474 0.000655272 -0.00200426 0.999998 0.0549506 -0.187671 -0.31775
FixedParameters: 0 0 0

#Transform 62
Transform: AffineTransform_float_3_3
Parameters: 0.999999 0.00132012 -0.000653734 -0.00131988 0.999997 0.00171786 0.000655268 -0.00171714 0.999999 0.0640333 -0.170379 -0.366374
FixedParameters: 0 0 0

#Transform 63
Transform: AffineTransform_float_3_3
Parameters: 0.999999 0.00142254 -0.000252989 -0.00142246 0.999996 0.00211736 0.000256013 -0.00211764 0.999997 0.0587956 -0.232174 -0.361556
FixedParameters: 0 0 0

#Transform 64
Transform: AffineTransform_float_3_3
Parameters: 0.999999 0.00113121 -0.000653908 -0.00113079 0.999997 0.00185074 0.000655093 -0.00184926 0.999998 0.0717871 -0.204634 -0.354629
FixedParameters: 0 0 0

#Transform 65
Transform: AffineTransform_float_3_3
Parameters: 0.999999 0.00142222 -0.000558913 -0.00142078 0.999996 0.0021718 0.000562087 -0.0021712 0.999998 0.0650333 -0.223706 -0.410175
FixedParameters: 0 0 0

#Transform 66
Transform: AffineTransform_float_3_3
Parameters: 0.999999 0.00138337 -0.00047302 -0.00138163 0.999995 0.00287866 0.000476979 -0.00287834 0.999995 0.0642275 -0.254677 -0.336707
FixedParameters: 0 0 0

#Transform 67
Transform: AffineTransform_float_3_3
Parameters: 0.999999 0.00122728 -0.000589342 -0.00122572 0.999997 0.00216672 0.000591657 -0.00216627 0.999997 0.066491 -0.18037 -0.402773
FixedParameters: 0 0 0

#Transform 68
Transform: AffineTransform_float_3_3
Parameters: 0.999999 0.00151987 -0.000303695 -0.00151913 0.999995 0.00283346 0.000308305 -0.00283253 0.999996 0.0584608 -0.26134 -0.379718
FixedParameters: 0 0 0

#Transform 69
Transform: AffineTransform_float_3_3
Parameters: 0.999998 0.00162279 -0.000388722 -0.00162221 0.999996 0.00202063 0.000392277 -0.00201937 0.999998 0.0615586 -0.197781 -0.383433
FixedParameters: 0 0 0

#Transform 70
Transform: AffineTransform_float_3_3
Parameters: 0.999999 0.00140628 -0.00063416 -0.00140472 0.999997 0.00202089 0.000636839 -0.00202011 0.999998 0.0717038 -0.189751 -0.413876
FixedParameters: 0 0 0

#Transform 71
Transform: AffineTransform_float_3_3
Parameters: 0.999999 0.00132473 -0.000854324 -0.00132327 0.999997 0.00202113 0.000856675 -0.00201987 0.999997 0.0707837 -0.222934 -0.363948
FixedParameters: 0 0 0

#Transform 72
Transform: AffineTransform_float_3_3
Parameters: 0.999999 0.001077 -0.000987825 -0.001075 0.999998 0.00202106 0.000990173 -0.00201994 0.999997 0.0751586 -0.197558 -0.423901
FixedParameters: 0 0 0

#Transform 73
Transform: AffineTransform_float_3_3
Parameters: 0.999999 0.0012547 -0.000663794 -0.0012533 0.999996 0.00255784 0.000666208 -0.00255717 0.999997 0.0691002 -0.269172 -0.381125
FixedParameters: 0 0 0

#Transform 74
Transform: AffineTransform_float_3_3
Parameters: 1 0.00100127 -0.000665093 -0.00099973 0.999997 0.00190667 0.000666908 -0.00190633 0.999998 0.0775424 -0.196886 -0.422258
FixedParameters: 0 0 0

#Transform 75
Transform: AffineTransform_float_3_3
Parameters: 0.999999 0.00125529 -0.0007743 -0.00125371 0.999995 0.00295097 0.000777703 -0.00295003 0.999996 0.0770904 -0.279867 -0.397368
FixedParameters: 0 0 0

#Transform 76
Transform: AffineTransform_float_3_3
Parameters: 0.999999 0.0012201 -0.000555582 -0.0012189 0.999998 0.00198268 0.000557417 -0.00198132 0.999998 0.0601174 -0.200129 -0.356116
FixedParameters: 0 0 0

#Transform 77
Transform: AffineTransform_float_3_3
Parameters: 0.999999 0.00137968 -0.000642404 -0.00137732 0.999995 0.00260889 0.000646594 -0.00260711 0.999997 0.0495871 -0.2183 -0.369353
FixedParameters: 0 0 0

#Transform 78
Transform: AffineTransform_float_3_3
Parameters: 0.999999 0.00121919 -0.000555396 -0.00121781 0.999997 0.00213668 0.000557603 -0.00213632 0.999997 0.051566 -0.205807 -0.292208
FixedParameters: 0 0 0

#Transform 79
Transform: AffineTransform_float_3_3
Parameters: 1 0.00085107 -0.000838916 -0.00084993 0.999999 0.00127471 0.000840084 -0.00127429 0.999999 0.0638606 -0.155783 -0.366329
FixedParameters: 0 0 0

#Transform 80
Transform: AffineTransform_float_3_3
Parameters: 1 0.000852057 -0.000837914 -0.000849943 0.999996 0.00245171 0.000840086 -0.00245128 0.999996 0.0637658 -0.215387 -0.31256
FixedParameters: 0 0 0

#Transform 81
Transform: AffineTransform_float_3_3
Parameters: 1 0.000851148 -0.000724655 -0.000850853 0.999999 0.00158162 0.000726347 -0.00158138 0.999998 0.0613298 -0.165367 -0.370955
FixedParameters: 0 0 0

#Transform 82
Transform: AffineTransform_float_3_3
Parameters: 1 0.00101845 -0.000631675 -0.00101755 0.999997 0.00228464 0.000634327 -0.00228436 0.999997 0.0600746 -0.213274 -0.339831
FixedParameters: 0 0 0

#Transform 83
Transform: AffineTransform_float_3_3
Parameters: 0.999999 0.00101905 -0.000719511 -0.00101795 0.999999 0.00146173 0.000720489 -0.00146127 0.999998 0.0694987 -0.162436 -0.372032
FixedParameters: 0 0 0

#Transform 84
Transform: AffineTransform_float_3_3
Parameters: 1 0.000851555 -0.000726181 -0.000850444 0.999998 0.00213862 0.00072882 -0.00213738 0.999998 0.0683078 -0.247897 -0.351623
FixedParameters: 0 0 0

#Transform 85
Transform: AffineTransform_float_3_3
Parameters: 1 0.000851118 -0.000726693 -0.000849883 0.999999 0.00153662 0.000728306 -0.00153538 0.999998 0.0748196 -0.146699 -0.336313
FixedParameters: 0 0 0

#Transform 86
Transform: AffineTransform_float_3_3
Parameters: 1 0.000851469 -0.000726281 -0.000850529 0.999997 0.00202062 0.00072872 -0.00202038 0.999997 0.0626612 -0.236467 -0.337531
FixedParameters: 0 0 0

#Transform 87
Transform: AffineTransform_float_3_3
Parameters: 1 0.000851145 -0.000726662 -0.000850856 0.999999 0.00157362 0.000728339 -0.00157238 0.999998 0.0632806 -0.155669 -0.344022
FixedParameters: 0 0 0

#Transform 88
Transform: AffineTransform_float_3_3
Parameters: 1 0.000957594 -0.000694809 -0.000956408 0.999997 0.00229067 0.000696192 -0.00228934 0.999997 0.0687973 -0.245097 -0.366411
FixedParameters: 0 0 0

#Transform 89
Transform: AffineTransform_float_3_3
Parameters: 0.999998 0.00136481 -0.000811959 -0.00136319 0.999997 0.00223011 0.000815041 -0.00222889 0.999997 0.0533407 -0.181024 -0.327406
FixedParameters: 0 0 0

#Transform 90
Transform: AffineTransform_float_3_3
Parameters: 1 0.00085166 -0.000817272 -0.000850339 0.999997 0.00203069 0.000818728 -0.0020293 0.999997 0.074021 -0.202118 -0.378261
FixedParameters: 0 0 0

#Transform 91
Transform: AffineTransform_float_3_3
Parameters: 0.999999 0.00143777 -0.00062896 -0.00143623 0.999995 0.00281191 0.000633039 -0.00281009 0.999996 0.0547676 -0.23054 -0.326106
FixedParameters: 0 0 0

#Transform 92
Transform: AffineTransform_float_3_3
Parameters: 0.999999 0.0013514 -0.00061192 -0.0013496 0.999997 0.00228083 0.00061508 -0.00228017 0.999997 0.07593 -0.172738 -0.40399
FixedParameters: 0 0 0

#Transform 93
Transform: AffineTransform_float_3_3
Parameters: 0.999998 0.00140136 -0.000755643 -0.00139964 0.999994 0.00311206 0.000759358 -0.00311094 0.999995 0.0734504 -0.245857 -0.375778
FixedParameters: 0 0 0

#Transform 94
Transform: AffineTransform_float_3_3
Parameters: 0.999998 0.00141636 -0.0007948 -0.00141463 0.999994 0.00296813 0.000799201 -0.00296687 0.999996 0.0761558 -0.203306 -0.398495
FixedParameters: 0 0 0

#Transform 95
Transform: AffineTransform_float_3_3
Parameters: 0.999998 0.00120288 -0.00121816 -0.00120012 0.999997 0.00236147 0.00122084 -0.00235954 0.999997 0.0831246 -0.177733 -0.501369
FixedParameters: 0 0 0

#Transform 96
Transform: AffineTransform_float_3_3
Parameters: 0.999999 0.000969831 -0.000830868 -0.000968169 0.999997 0.00220081 0.000833133 -0.00220019 0.999997 0.0847796 -0.194485 -0.376603
FixedParameters: 0 0 0

#Transform 97
Transform: AffineTransform_float_3_3
Parameters: 0.999999 0.000852086 -0.00103228 -0.000849914 0.999997 0.00201988 0.00103372 -0.00201912 0.999998 0.0874827 -0.174264 -0.435085
FixedParameters: 0 0 0

#Transform 98
Transform: AffineTransform_float_3_3
Parameters: 0.999999 0.000852432 -0.00101596 -0.000850568 0.999997 0.00239186 0.00101804 -0.00239113 0.999996 0.086999 -0.220222 -0.343388
FixedParameters: 0 0 0

#Transform 99
Transform: AffineTransform_float_3_3
Parameters: 0.999999 0.00085188 -0.000931283 -0.00085012 0.999997 0.00201779 0.000932716 -0.00201621 0.999997 0.0937204 -0.177916 -0.38192
FixedParameters: 0 0 0

#Transform 100
Transform: AffineTransform_float_3_3
Parameters: 1 0.000852915 -0.000877176 -0.000850086 0.999994 0.00331775 0.000879825 -0.00331725 0.999994 0.0869409 -0.242242 -0.337792
FixedParameters: 0 0 0

#Transform 101
Transform: AffineTransform_float_3_3
Parameters: 1 0.000907048 -0.000774609 -0.000904954 0.999996 0.0026397 0.000776392 -0.0026393 0.999996 0.0821358 -0.196201 -0.398033
FixedParameters: 0 0 0

#Transform 102
Transform: AffineTransform_float_3_3
Parameters: 0.999999 0.000928031 -0.000814559 -0.000924967 0.999992 0.00371375 0.000818441 -0.00371324 0.999993 0.0823852 -0.260876 -0.426509
FixedParameters: 0 0 0

#Transform 103
Transform: AffineTransform_float_3_3
Parameters: 0.999999 0.00100635 -0.000913327 -0.00100266 0.999993 0.00365592 0.000916671 -0.00365508 0.999993 0.083558 -0.231299 -0.4279
FixedParameters: 0 0 0

#Transform 104
Transform: AffineTransform_float_3_3
Parameters: 0.999999 0.00105432 -0.000892093 -0.00105068 0.999992 0.00371194 0.000895906 -0.00371106 0.999992 0.0859505 -0.228073 -0.494817
FixedParameters: 0 0 0

#Transform 105
Transform: AffineTransform_float_3_3
Parameters: 0.999999 0.00107729 -0.000802602 -0.00107371 0.999991 0.00408987 0.000806397 -0.00408814 0.999992 0.0792876 -0.27953 -0.464481
FixedParameters: 0 0 0

#Transform 106
Transform: AffineTransform_float_3_3
Parameters: 0.999999 0.00115913 -0.000614002 -0.00115687 0.999994 0.00345271 0.000617998 -0.00345229 0.999994 0.0653198 -0.248386 -0.433511
FixedParameters: 0 0 0

#Transform 107
Transform: AffineTransform_float_3_3
Parameters: 0.999999 0.000853595 -0.00105911 -0.000850406 0.999994 0.0033899 0.00106189 -0.0033891 0.999993 0.0893628 -0.231599 -0.515121
FixedParameters: 0 0 0

#Transform 108
Transform: AffineTransform_float_3_3
Parameters: 0.999999 0.000854282 -0.000961211 -0.000850718 0.99999 0.00444682 0.000964792 -0.00444618 0.999989 0.0803971 -0.291756 -0.469725
FixedParameters: 0 0 0

#Transform 109
Transform: AffineTransform_float_3_3
Parameters: 0.999999 0.00120454 -0.000650315 -0.00120246 0.999991 0.00389379 0.000654686 -0.00389221 0.999992 0.0731688 -0.219395 -0.537794
FixedParameters: 0 0 0

#Transform 110
Transform: AffineTransform_float_3_3
Parameters: 0.999999 0.000853811 -0.000928511 -0.000850188 0.999991 0.00409679 0.000932491 -0.00409621 0.999991 0.0806549 -0.292525 -0.533789
FixedParameters: 0 0 0

#Transform 111
Transform: AffineTransform_float_3_3
Parameters: 1 0.000852956 -0.00066925 -0.000850046 0.99999 0.00440457 0.000672751 -0.00440443 0.99999 0.0661536 -0.289454 -0.476064
FixedParameters: 0 0 0

#Transform 112
Transform: AffineTransform_float_3_3
Parameters: 1 0.00085304 -0.000769645 -0.000849963 0.999992 0.00394066 0.000772356 -0.00394034 0.999992 0.0677477 -0.240216 -0.481578
FixedParameters: 0 0 0

#Transform 113
Transform: AffineTransform_float_3_3
Parameters: 1 0.000852854 -0.000801977 -0.000850147 0.999994 0.00355169 0.000805025 -0.00355132 0.999994 0.0682454 -0.222129 -0.436086
FixedParameters: 0 0 0

#Transform 114
Transform: AffineTransform_float_3_3
Parameters: 1 0.000852476 -0.000788331 -0.000850525 0.999994 0.00313567 0.000790671 -0.00313533 0.999995 0.0761179 -0.252709 -0.515018
FixedParameters: 0 0 0

#Transform 115
Transform: AffineTransform_float_3_3
Parameters: 0.999999 0.000780123 -0.00100983 -0.000775882 0.999992 0.00407579 0.00101217 -0.00407522 0.999991 0.0700489 -0.282794 -0.441733
FixedParameters: 0 0 0

#Transform 116
Transform: AffineTransform_float_3_3
Parameters: 0.999999 0.00112238 -0.000892766 -0.00111862 0.999992 0.00377901 0.000897233 -0.003778 0.999993 0.0746905 -0.227 -0.500242
FixedParameters: 0 0 0

#Transform 117
Transform: AffineTransform_float_3_3
Parameters: 0.999999 0.0011709 -0.000838574 -0.00116709 0.999988 0.00464198 0.000844426 -0.00464101 0.999989 0.07507 -0.295966 -0.472645
FixedParameters: 0 0 0

#Transform 118
Transform: AffineTransform_float_3_3
Parameters: 0.999999 0.00115063 -0.000951422 -0.00114636 0.999987 0.00485809 0.000957579 -0.0048569 0.999987 0.0620251 -0.295242 -0.511108
FixedParameters: 0 0 0

#Transform 119
Transform: AffineTransform_float_3_3
Parameters: 0.999999 0.00108335 -0.000916884 -0.00107965 0.999988 0.004733 0.00092212 -0.00473201 0.999989 0.0688364 -0.282225 -0.531935
FixedParameters: 0 0 0

#Transform 120
Transform: AffineTransform_float_3_3
Parameters: 0.999999 0.00126833 -0.000700001 -0.00126467 0.999988 0.00473589 0.000705996 -0.00473511 0.999988 0.0591028 -0.279144 -0.530509
FixedParameters: 0 0 0

#Transform 121
Transform: AffineTransform_float_3_3
Parameters: 0.999999 0.000986162 -0.000947658 -0.000980836 0.999985 0.00543193 0.000953341 -0.00543106 0.999985 0.0808954 -0.305659 -0.459018
FixedParameters: 0 0 0

#Transform 122
Transform: AffineTransform_float_3_3
Parameters: 0.999999 0.000855265 -0.00102563 -0.000850738 0.999986 0.00512288 0.00102937 -0.00512212 0.999987 0.0775205 -0.251195 -0.507732
FixedParameters: 0 0 0

#Transform 123
Transform: AffineTransform_float_3_3
Parameters: 0.999999 0.000855451 -0.00102548 -0.000850551 0.999985 0.00530488 0.00102953 -0.00530412 0.999986 0.068006 -0.280669 -0.546064
FixedParameters: 0 0 0

#Transform 124
Transform: AffineTransform_float_3_3
Parameters: 0.999999 0.000855149 -0.00102573 -0.000850855 0.999987 0.00500988 0.00102928 -0.00500912 0.999987 0.083875 -0.263398 -0.548335
FixedParameters: 0 0 0

#Transform 125
Transform: AffineTransform_float_3_3
Parameters: 0.999998 0.00163586 -0.00102226 -0.00163114 0.999988 0.00473868 0.00102974 -0.00473733 0.999988 0.039215 -0.259351 -0.498703
FixedParameters: 0 0 0

#Transform 126
Transform: AffineTransform_float_3_3
Parameters: 0.999999 0.000855089 -0.00102578 -0.000849916 0.999988 0.00495088 0.00102922 -0.00495013 0.999987 0.0680261 -0.281252 -0.574848
FixedParameters: 0 0 0

#Transform 127
Transform: AffineTransform_float_3_3
Parameters: 0.999994 0.00255936 -0.00205067 -0.00254664 0.999978 0.00600725 0.00206533 -0.00600174 0.99998 -0.0758633 -0.280183 -0.590764
FixedParameters: 0 0 0

#Transform 128
Transform: AffineTransform_float_3_3
Parameters: 0.999994 0.0029149 -0.00194118 -0.0029071 0.999987 0.00406167 0.00195282 -0.00405633 0.99999 -0.131628 -0.178255 -0.784447
FixedParameters: 0 0 0

#Transform 129
Transform: AffineTransform_float_3_3
Parameters: 0.999993 0.00297546 -0.00256362 -0.00296354 0.999984 0.00484863 0.00257839 -0.00484136 0.999985 -0.0952782 -0.26062 -0.785027
FixedParameters: 0 0 0

#Transform 130
Transform: AffineTransform_float_3_3
Parameters: 0.999989 0.00385245 -0.00260367 -0.00384055 0.999981 0.00477105 0.00262133 -0.00476096 0.999985 -0.13141 -0.289065 -0.791538
FixedParameters: 0 0 0

#Transform 131
Transform: AffineTransform_float_3_3
Parameters: 0.999991 0.00312402 -0.0029271 -0.00310997 0.999983 0.00478415 0.0029419 -0.00477485 0.999985 -0.0985502 -0.26171 -0.87183
FixedParameters: 0 0 0

#Transform 132
Transform: AffineTransform_float_3_3
Parameters: 0.999992 0.00251602 -0.00333675 -0.00249799 0.99998 0.00569138 0.00335026 -0.00568262 0.999978 -0.0573612 -0.348223 -0.804289
FixedParameters: 0 0 0

#Transform 133
Transform: AffineTransform_float_3_3
Parameters: 0.999992 0.00295971 -0.00275126 -0.00294429 0.999982 0.00533615 0.00276674 -0.00532786 0.999982 -0.09255 -0.346749 -0.762057
FixedParameters: 0 0 0

#Transform 134
Transform: AffineTransform_float_3_3
Parameters: 0.999989 0.00320819 -0.00324308 -0.00319181 0.999981 0.0052924 0.00325992 -0.00528159 0.99998 -0.0792167 -0.309564 -0.952902
FixedParameters: 0 0 0

#Transform 135
Transform: AffineTransform_float_3_3
Parameters: 0.99999 0.00325389 -0.00307011 -0.00323411 0.999976 0.00613699 0.00308989 -0.00612701 0.999977 -0.109838 -0.375166 -0.795103
FixedParameters: 0 0 0

#Transform 136
Transform: AffineTransform_float_3_3
Parameters: 0.999988 0.00326471 -0.0036526 -0.00324429 0.999978 0.00566092 0.00367141 -0.00564908 0.999978 -0.0886244 -0.312901 -0.960205
FixedParameters: 0 0 0

#Transform 137
Transform: AffineTransform_float_3_3
Parameters: 0.999991 0.00269041 -0.00345922 -0.00267059 0.999979 0.00589129 0.00347578 -0.0058817 0.999976 -0.01445 -0.35642 -1.00688
FixedParameters: 0 0 0

#Transform 138
Transform: AffineTransform_float_3_3
Parameters: 0.999992 0.00274106 -0.00296248 -0.00272193 0.999975 0.00641911 0.00298052 -0.00641088 0.999975 -0.0578962 -0.363186 -0.852494
FixedParameters: 0 0 0

#Transform 139
Transform: AffineTransform_float_3_3
Parameters: 0.999985 0.00367271 -0.00409196 -0.00364829 0.999975 0.00603002 0.00411405 -0.00601498 0.999974 -0.0745682 -0.354782 -1.29818
FixedParameters: 0 0 0

#Transform 140
Transform: AffineTransform_float_3_3
Parameters: 0.99999 0.00300304 -0.00338319 -0.00298396 0.99998 0.00562015 0.00339981 -0.00560985 0.999979 -0.0656949 -0.370808 -1.186
FixedParameters: 0 0 0

#Transform 141
Transform: AffineTransform_float_3_3
Parameters: 0.99999 0.00310397 -0.00305586 -0.00308803 0.999981 0.00521648 0.00307214 -0.00520751 0.999981 -0.0764963 -0.341528 -1.02832
FixedParameters: 0 0 0

#Transform 142
Transform: AffineTransform_float_3_3
Parameters: 0.999989 0.00289244 -0.00350549 -0.00287555 0.999985 0.00468713 0.0035195 -0.00467687 0.999983 -0.0290851 -0.339178 -1.2429
FixedParameters: 0 0 0

#Transform 143
Transform: AffineTransform_float_3_3
Parameters: 0.99999 0.00327425 -0.00322154 -0.00325076 0.999966 0.00750355 0.00324547 -0.00749345 0.999966 -0.0452072 -0.450124 -1.12047
FixedParameters: 0 0 0

#Transform 144
Transform: AffineTransform_float_3_3
Parameters: 0.999991 0.0030983 -0.00266129 -0.00308269 0.999979 0.00573425 0.00267971 -0.00572674 0.99998 -0.063178 -0.367882 -1.18659
FixedParameters: 0 0 0

#Transform 145
Transform: AffineTransform_float_3_3
Parameters: 0.999985 0.00341869 -0.00422133 -0.00338832 0.999968 0.00725541 0.00424567 -0.00724159 0.999965 -0.0188746 -0.399055 -1.26993
FixedParameters: 0 0 0

#Transform 146
Transform: AffineTransform_float_3_3
Parameters: 0.999987 0.00356115 -0.00344123 -0.00353885 0.999973 0.00642126 0.00346377 -0.00640875 0.999974 -0.0405381 -0.383044 -1.01018
FixedParameters: 0 0 0

#Transform 147
Transform: AffineTransform_float_3_3
Parameters: 0.999987 0.00356091 -0.00366082 -0.00353909 0.999976 0.00597304 0.00368218 -0.00595997 0.999976 -0.0420804 -0.328059 -1.28681
FixedParameters: 0 0 0

#Transform 148
Transform: AffineTransform_float_3_3
Parameters: 0.999988 0.00358308 -0.00351966 -0.00355893 0.999971 0.00682161 0.00354434 -0.00680939 0.99997 -0.0517885 -0.426921 -1.21482
FixedParameters: 0 0 0

#Transform 149
Transform: AffineTransform_float_3_3
Parameters: 0.999991 0.00309909 -0.00270011 -0.00307991 0.999968 0.00741338 0.00272289 -0.00740462 0.999969 -0.0823327 -0.397538 -1.39781
FixedParameters: 0 0 0

#Transform 150
Transform: AffineTransform_float_3_3
Parameters: 0.999989 0.00353095 -0.00304243 -0.00350705 0.999963 0.00783975 0.00307057 -0.00782924 0.999964 -0.0694469 -0.449156 -1.48176
FixedParameters: 0 0 0

#Transform 151
Transform: AffineTransform_float_3_3
Parameters: 0.999987 0.0040089 -0.003218 -0.0039831 0.99996 0.00801492 0.00325 -0.00800207 0.999962 -0.0535497 -0.47384 -1.41895
FixedParameters: 0 0 0

#Transform 152
Transform: AffineTransform_float_3_3
Parameters: 0.999986 0.00377706 -0.00371971 -0.00374793 0.999962 0.00779005 0.00374928 -0.00777594 0.999962 -0.016874 -0.425388 -1.48427
FixedParameters: 0 0 0

#Transform 153
Transform: AffineTransform_float_3_3
Parameters: 0.999983 0.00330314 -0.00467118 -0.00326186 0.999956 0.00878839 0.00469982 -0.00877262 0.999951 0.0262036 -0.485405 -1.4895
FixedParameters: 0 0 0

#Transform 154
Transform: AffineTransform_float_3_3
Parameters: 0.999983 0.00325976 -0.00479991 -0.00321424 0.999951 0.00930258 0.00483009 -0.00928741 0.999945 0.0509453 -0.484731 -1.7886
FixedParameters: 0 0 0

#Transform 155
Transform: AffineTransform_float_3_3
Parameters: 0.999981 0.00363874 -0.00486721 -0.00358826 0.999941 0.0101887 0.00490378 -0.0101713 0.999936 0.0339824 -0.577223 -1.68629
FixedParameters: 0 0 0

#Transform 156
Transform: AffineTransform_float_3_3
Parameters: 0.999984 0.0030779 -0.00472496 -0.0030361 0.999956 0.00885049 0.00475203 -0.00883551 0.999949 0.0917849 -0.479336 -1.69668
FixedParameters: 0 0 0

#Transform 157
Transform: AffineTransform_float_3_3
Parameters: 0.999983 0.0032823 -0.0049476 -0.0032367 0.999951 0.00933618 0.00497841 -0.00932083 0.999944 0.0366954 -0.516638 -1.64328
FixedParameters: 0 0 0

#Transform 158
Transform: AffineTransform_float_3_3
Parameters: 0.99999 0.00357993 -0.00264798 -0.00355307 0.999942 0.0101055 0.00268403 -0.0100955 0.999946 -0.0845623 -0.56086 -1.33773
FixedParameters: 0 0 0

#Transform 159
Transform: AffineTransform_float_3_3
Parameters: 0.999989 0.00358478 -0.00297116 -0.00355922 0.999957 0.00863867 0.00300184 -0.00862734 0.999959 -0.101427 -0.482147 -1.11717
FixedParameters: 0 0 0

#Transform 160
Transform: AffineTransform_float_3_3
Parameters: 0.999992 0.00320171 -0.00239007 -0.00318929 0.999981 0.00530166 0.00240693 -0.00529334 0.999983 -0.129631 -0.365103 -0.953694
FixedParameters: 0 0 0

#Transform 161
Transform: AffineTransform_float_3_3
Parameters: 0.999992 0.00291673 -0.00265894 -0.00290127 0.99998 0.00552576 0.00267506 -0.00551824 0.999981 -0.118543 -0.393143 -1.01204
FixedParameters: 0 0 0

#Transform 162
Transform: AffineTransform_float_3_3
Parameters: 0.999991 0.0032596 -0.00272123 -0.00324339 0.999976 0.00608388 0.00274177 -0.00607512 0.999978 -0.157242 -0.430518 -0.8849
FixedParameters: 0 0 0

#Transform 163
Transform: AffineTransform_float_3_3
Parameters: 0.999991 0.00316819 -0.00277777 -0.00315281 0.99998 0.00545681 0.00279523 -0.00544819 0.999982 -0.149079 -0.358578 -1.01622
FixedParameters: 0 0 0

#Transform 164
Transform: AffineTransform_float_3_3
Parameters: 0.999991 0.00317602 -0.00284965 -0.00315398 0.999966 0.00769906 0.00287435 -0.00768995 0.999967 -0.141294 -0.464783 -1.09837
FixedParameters: 0 0 0

#Transform 165
Transform: AffineTransform_float_3_3
Parameters: 0.99999 0.00326429 -0.00282242 -0.00324171 0.999964 0.00786722 0.00284758 -0.00785778 0.999965 -0.140416 -0.455226 -1.09124
FixedParameters: 0 0 0

#Transform 166
Transform: AffineTransform_float_3_3
Parameters: 0.999986 0.00401608 -0.00325429 -0.00399092 0.999962 0.00767809 0.00328471 -0.00766491 0.999965 -0.121078 -0.446221 -1.3469
FixedParameters: 0 0 0

#Transform 167
Transform: AffineTransform_float_3_3
Parameters: 0.999987 0.00420979 -0.00281367 -0.0041872 0.999961 0.00770688 0.00284633 -0.00769512 0.999967 -0.148441 -0.491969 -1.16537
FixedParameters: 0 0 0

#Transform 168
Transform: AffineTransform_float_3_3
Parameters: 0.999987 0.00376675 -0.00322834 -0.00374224 0.999964 0.00763817 0.00325765 -0.00762582 0.999965 -0.148588 -0.423359 -1.25543
FixedParameters: 0 0 0

#Transform 169
Transform: AffineTransform_float_3_3
Parameters: 0.999987 0.00411359 -0.00296353 -0.00408941 0.999961 0.00792122 0.00299646 -0.00790878 0.999964 -0.160535 -0.50241 -1.20614
FixedParameters: 0 0 0

#Transform 170
Transform: AffineTransform_float_3_3
Parameters: 0.999989 0.00393649 -0.00277375 -0.00391551 0.999962 0.00771095 0.00280426 -0.00770005 0.999967 -0.159624 -0.460505 -1.20833
FixedParameters: 0 0 0

#Transform 171
Transform: AffineTransform_float_3_3
Parameters: 0.999989 0.00354837 -0.00322608 -0.00352064 0.999956 0.00875447 0.00325693 -0.00874355 0.999957 -0.144259 -0.531204 -1.29778
FixedParameters: 0 0 0

#Transform 172
Transform: AffineTransform_float_3_3
Parameters: 0.999988 0.00415818 -0.0028191 -0.00413482 0.999958 0.00818076 0.0028529 -0.00816824 0.999963 -0.17584 -0.488594 -1.20852
FixedParameters: 0 0 0

#Transform 173
Transform: AffineTransform_float_3_3
Parameters: 0.99999 0.00375211 -0.00267198 -0.00373189 0.999965 0.00749205 0.00270002 -0.00748195 0.999969 -0.145257 -0.442005 -1.34654
FixedParameters: 0 0 0

#Transform 174
Transform: AffineTransform_float_3_3
Parameters: 0.999986 0.00385304 -0.00355983 -0.00382396 0.999959 0.00812772 0.00359117 -0.00811427 0.99996 -0.14285 -0.504124 -1.18439
FixedParameters: 0 0 0

#Transform 175
Transform: AffineTransform_float_3_3
Parameters: 0.999986 0.00391428 -0.0033458 -0.00388972 0.999967 0.00723211 0.0033742 -0.00721989 0.999968 -0.140433 -0.430204 -1.2825
FixedParameters: 0 0 0

#Transform 176
Transform: AffineTransform_float_3_3
Parameters: 0.999987 0.00367939 -0.00333208 -0.0036526 0.999962 0.00789327 0.00336091 -0.00788073 0.999964 -0.152241 -0.498416 -1.22704
FixedParameters: 0 0 0

#Transform 177
Transform: AffineTransform_float_3_3
Parameters: 0.99999 0.00318694 -0.00309352 -0.00316306 0.999965 0.00771487 0.00311748 -0.00770415 0.999966 -0.149464 -0.444376 -1.24645
FixedParameters: 0 0 0

#Transform 178
Transform: AffineTransform_float_3_3
Parameters: 0.999988 0.00338881 -0.00336624 -0.00336018 0.999958 0.00852941 0.00339476 -0.00851759 0.999958 -0.118492 -0.487117 -1.37809
FixedParameters: 0 0 0

#Transform 179
Transform: AffineTransform_float_3_3
Parameters: 0.999989 0.00334324 -0.00344895 -0.00331277 0.999957 0.00873553 0.00347806 -0.00872447 0.999956 -0.136766 -0.522632 -1.30508
FixedParameters: 0 0 0

#Transform 180
Transform: AffineTransform_float_3_3
Parameters: 0.999986 0.00390931 -0.00351366 -0.00387969 0.999958 0.00831175 0.00354534 -0.00829726 0.99996 -0.103383 -0.476916 -1.32605
FixedParameters: 0 0 0

#Transform 181
Transform: AffineTransform_float_3_3
Parameters: 0.999984 0.00427659 -0.00355956 -0.00424641 0.999955 0.00855825 0.00359544 -0.00854276 0.999957 -0.118204 -0.498597 -1.39906
FixedParameters: 0 0 0

#Transform 182
Transform: AffineTransform_float_3_3
Parameters: 0.999987 0.0039526 -0.00336989 -0.0039254 0.999959 0.00815834 0.00340211 -0.00814466 0.999961 -0.15145 -0.516849 -1.26154
FixedParameters: 0 0 0

#Transform 183
Transform: AffineTransform_float_3_3
Parameters: 0.999987 0.0035289 -0.00364122 -0.0035001 0.999962 0.00791184 0.00366879 -0.00789915 0.999962 -0.123045 -0.476736 -1.41801
FixedParameters: 0 0 0

#Transform 184
Transform: AffineTransform_float_3_3
Parameters: 0.999988 0.00346591 -0.00359843 -0.00343609 0.99996 0.00828547 0.00362657 -0.00827253 0.999959 -0.129999 -0.514963 -1.45268
FixedParameters: 0 0 0

#Transform 185
Transform: AffineTransform_float_3_3
Parameters: 0.999983 0.00474701 -0.00343385 -0.004744 0.999989 0.000882305 0.00343815 -0.000866694 0.999993 -0.0435121 -0.315566 -1.00455
FixedParameters: 0 0 0

#Transform 186
Transform: AffineTransform_float_3_3
Parameters: 0.999996 0.00257017 -0.00100613 -0.00257083 0.999997 -0.000827417 0.00100387 0.000829584 0.999999 -0.189058 -0.154701 -0.221681
FixedParameters: 0 0 0

#Transform 187
Transform: AffineTransform_float_3_3
Parameters: 0.999994 0.00307816 -0.00111232 -0.00307884 0.999995 -0.000751579 0.00110968 0.00075542 0.999999 -0.225616 -0.0964471 0.201442
FixedParameters: 0 0 0

#Transform 188
Transform: AffineTransform_float_3_3
Parameters: 0.999995 0.00308317 -0.000908416 -0.00308283 0.999995 0.000190801 0.000909581 -0.000187197 0.999999 -0.211221 -0.0941631 0.19398
FixedParameters: 0 0 0

#Transform 189
Transform: AffineTransform_float_3_3
Parameters: 0.999995 0.00303018 -0.000979453 -0.00302982 0.999996 0.000181968 0.000979546 -0.000179033 0.999999 -0.221817 -0.154043 0.24296
FixedParameters: 0 0 0

#Transform 190
Transform: AffineTransform_float_3_3
