# transform file /out/sourcedata/freesurfer/sub-v1s13x0050036_ses-1/mri/transforms/cc_up.lta
# created by oesteban on Sun Mar  8 17:45:41 2026

type      = 0 # LINEAR_VOX_TO_VOX
nxforms   = 1
mean      = 128.0000 122.0000 118.0000
sigma     = 10000.0000
1 4 4
9.976149797439575e-01 -6.865964829921722e-02 7.102542091161013e-03 6.202949047088623e+00 
6.865790486335754e-02 9.976402521133423e-01 4.888114635832608e-04 2.138586235046387e+01 
-7.119342684745789e-03 0.000000000000000e+00 9.999747276306152e-01 1.191423702239990e+01 
0.000000000000000e+00 0.000000000000000e+00 0.000000000000000e+00 1.000000000000000e+00 
src volume info
valid = 1  # volume info valid
filename = /out/sourcedata/freesurfer/sub-v1s13x0050036_ses-1/mri/norm.mgz
volume = 256 256 256
voxelsize = 1.000000000000000e+00 1.000000000000000e+00 1.000000000000000e+00
xras   = -9.999999403953552e-01 0.000000000000000e+00 0.000000000000000e+00
yras   = 0.000000000000000e+00 0.000000000000000e+00 -9.999999403953552e-01
zras   = 0.000000000000000e+00 9.999999403953552e-01 0.000000000000000e+00
cras   = 5.250015258789062e-01 -7.202148437500000e-01 -2.108688354492188e+01
dst volume info
valid = 1  # volume info valid
filename = /out/sourcedata/freesurfer/sub-v1s13x0050036_ses-1/mri/norm.mgz
volume = 256 256 256
voxelsize = 1.000000000000000e+00 1.000000000000000e+00 1.000000000000000e+00
xras   = -9.999999403953552e-01 0.000000000000000e+00 0.000000000000000e+00
yras   = 0.000000000000000e+00 0.000000000000000e+00 -9.999999403953552e-01
zras   = 0.000000000000000e+00 9.999999403953552e-01 0.000000000000000e+00
cras   = 5.250015258789062e-01 -7.202148437500000e-01 -2.108688354492188e+01
