#Insight Transform File V1.0
#Transform 0
Transform: AffineTransform_float_3_3
Parameters: 0.999999 -0.000265465 0.00100335 0.000262533 0.999997 0.00245627 -0.00100465 -0.00245574 0.999997 0.22986 -0.350587 -0.646565
FixedParameters: 0 0 0

#Transform 1
Transform: AffineTransform_float_3_3
Parameters: 1 3.28341e-05 0.0011101 -3.61656e-05 0.999996 0.00285196 -0.0011099 -0.00285204 0.999996 0.194225 -0.346508 -0.576235
FixedParameters: 0 0 0

#Transform 2
Transform: AffineTransform_float_3_3
Parameters: 1 -6.03641e-05 0.000250913 5.96357e-05 0.999999 0.00145101 -0.000251087 -0.00145098 0.999999 0.143066 -0.184412 -0.382329
FixedParameters: 0 0 0

#Transform 3
Transform: AffineTransform_float_3_3
Parameters: 1 4.9146e-05 -0.000159955 -4.88539e-05 0.999999 0.000913007 0.000160045 -0.000912991 0.999999 0.0983382 -0.130163 0.00676401
FixedParameters: 0 0 0

#Transform 4
Transform: AffineTransform_float_3_3
Parameters: 1 7.30032e-05 0.000179999 -7.29968e-05 1 -1.80131e-05 -0.000180001 1.79869e-05 1 0.0642005 -0.015402 -0.0265947
FixedParameters: 0 0 0

#Transform 5
Transform: AffineTransform_float_3_3
Parameters: 1 -0.000276871 -0.000160223 0.000277129 0.999999 0.000805955 0.000159777 -0.000806044 0.999999 0.0736461 -0.116863 -0.0096481
FixedParameters: 0 0 0

#Transform 6
Transform: AffineTransform_float_3_3
Parameters: 1 -0.000229037 -0.000159947 0.000228963 1 -0.000231037 0.000160053 0.000230963 1 0.0495728 -0.00102768 -0.0708046
FixedParameters: 0 0 0

#Transform 7
Transform: AffineTransform_float_3_3
Parameters: 1 -0.000221842 -0.000160219 0.000222157 0.999999 0.000984963 0.000159781 -0.000984034 0.999999 0.0441825 -0.0792268 0.00672927
FixedParameters: 0 0 0

#Transform 8
Transform: AffineTransform_float_3_3
Parameters: 1 -0.000379241 -0.000419782 0.000378759 1 -0.000574159 0.000420217 0.00057384 0.999999 0.0561005 0.0150244 -0.0699319
FixedParameters: 0 0 0

#Transform 9
Transform: AffineTransform_float_3_3
Parameters: 1 -0.000379328 -0.000334629 0.000378673 1 -0.000978128 0.000334371 0.000977874 1 0.0442578 0.0204887 0.0262517
FixedParameters: 0 0 0

#Transform 10
Transform: AffineTransform_float_3_3
Parameters: 1 -0.00017732 -0.000671915 0.00017768 1 -0.000476119 0.000672084 0.000476881 0.999999 0.0506745 -0.0129457 -0.0232117
FixedParameters: 0 0 0

#Transform 11
Transform: AffineTransform_float_3_3
Parameters: 1 -0.000379008 -6.56225e-06 0.000378993 1 -0.001155 6.43774e-06 0.001155 1 0.0267789 0.0435548 0.00856057
FixedParameters: 0 0 0

#Transform 12
Transform: AffineTransform_float_3_3
Parameters: 1 -0.000379517 -0.00057766 0.000379482 0.999999 -0.000896219 0.00057834 0.000895781 1 0.0542693 -0.0143405 -0.0260533
FixedParameters: 0 0 0

#Transform 13
Transform: AffineTransform_float_3_3
Parameters: 1 -8.80118e-05 -9.89554e-06 8.79881e-05 1 -0.001187 1.01045e-05 0.001187 1 0.0174237 0.0338811 0.0111082
FixedParameters: 0 0 0

#Transform 14
Transform: AffineTransform_float_3_3
Parameters: 1 -4.10942e-05 -0.000577993 4.09058e-05 1 -0.000163024 0.000578006 0.000162976 1 0.0380629 -0.0212007 -0.0362477
FixedParameters: 0 0 0

#Transform 15
Transform: AffineTransform_float_3_3
Parameters: 1 0.000182104 0.000133859 -0.000181896 0.999999 -0.000775024 -0.000134141 0.000774975 0.999999 -0.00708531 0.054993 -0.113777
FixedParameters: 0 0 0

#Transform 16
Transform: AffineTransform_float_3_3
Parameters: 1 -0.000135711 -0.00024516 0.000135289 1 0.00117897 0.000244841 -0.00117903 1 0.0248905 -0.0528852 0.0380297
FixedParameters: 0 0 0

#Transform 17
Transform: AffineTransform_float_3_3
Parameters: 1 3.09847e-05 -0.000105005 -3.10153e-05 1 -0.000145997 0.000104995 0.000146003 1 0.00207569 0.0161859 -0.114841
FixedParameters: 0 0 0

#Transform 18
Transform: AffineTransform_float_3_3
Parameters: 1 -4.5812e-05 -0.000235037 4.5188e-05 0.999999 0.000799989 0.000234964 -0.00080001 0.999999 0.0014799 -0.0407065 0.0153122
FixedParameters: 0 0 0

#Transform 19
Transform: AffineTransform_float_3_3
Parameters: 1 -0.000175144 -0.000577956 0.000174856 1 -0.000249101 0.000578043 0.000248899 1 0.0271153 0.0274236 -0.128477
FixedParameters: 0 0 0

#Transform 20
Transform: AffineTransform_float_3_3
Parameters: 1 0.000178133 0.000424944 -0.000178867 1 -0.000312076 -0.000425056 0.000311924 1 -0.0272945 0.00788595 -0.000971041
FixedParameters: 0 0 0

#Transform 21
Transform: AffineTransform_float_3_3
Parameters: 1 -0.000378899 -0.000578066 0.000379101 1 0.000174781 0.000578933 -0.000175219 1 0.0361335 -0.00558511 -0.0805466
FixedParameters: 0 0 0

#Transform 22
Transform: AffineTransform_float_3_3
Parameters: 1 -3.63404e-05 -0.000577978 3.56601e-05 1 -0.00058802 0.000578021 0.000588979 0.999999 0.0219981 0.0450696 -0.111866
FixedParameters: 0 0 0

#Transform 23
Transform: AffineTransform_float_3_3
Parameters: 1 0.000246438 -0.000509788 -0.000246562 0.999999 0.000859125 0.000510212 -0.000858874 0.999999 0.0241968 -0.0256033 -0.0114908
FixedParameters: 0 0 0

#Transform 24
Transform: AffineTransform_float_3_3
Parameters: 1 0.000176743 -0.000521087 -0.000177257 1 -0.000492908 0.000520912 0.000493092 0.999999 0.0261486 0.0638242 -0.221016
FixedParameters: 0 0 0

#Transform 25
Transform: AffineTransform_float_3_3
Parameters: 1 0.000268011 4.5933e-05 -0.000267988 1 -0.000250012 -4.6067e-05 0.000249988 1 -0.0159752 0.0131966 0.0446243
FixedParameters: 0 0 0

#Transform 26
Transform: AffineTransform_float_3_3
Parameters: 1 0.000101949 -0.000578009 -0.000102051 1 -8.8941e-05 0.000577991 8.90589e-05 1 0.025992 0.0357408 -0.154976
FixedParameters: 0 0 0

#Transform 27
Transform: AffineTransform_float_3_3
Parameters: 1 5.59796e-05 -3.10368e-05 -5.6021e-05 1 -0.000656998 3.19632e-05 0.000657002 1 -0.000928025 0.0703848 -0.101068
FixedParameters: 0 0 0

#Transform 28
Transform: AffineTransform_float_3_3
Parameters: 1 5.60539e-05 -0.000123976 -5.5946e-05 1 0.000435007 0.000124024 -0.000434993 1 0.0127523 -0.0186743 -0.068313
FixedParameters: 0 0 0

#Transform 29
Transform: AffineTransform_float_3_3
Parameters: 1 5.60259e-05 8.19823e-05 -5.59741e-05 1 -0.000316005 -8.20177e-05 0.000315995 1 0.00216396 0.0780939 -0.145554
FixedParameters: 0 0 0

#Transform 30
Transform: AffineTransform_float_3_3
Parameters: 1 0.000376618 0.000303474 -0.000377382 0.999999 0.00125889 -0.000303525 -0.00125911 0.999999 -0.0341538 -0.0373537 0.0137929
FixedParameters: 0 0 0

#Transform 31
Transform: AffineTransform_float_3_3
Parameters: 1 5.58537e-05 -0.000434019 -5.61462e-05 1 -0.000336976 0.000433981 0.000337024 1 -0.00462586 0.0774632 -0.210363
FixedParameters: 0 0 0

#Transform 32
Transform: AffineTransform_float_3_3
Parameters: 1 5.58443e-05 0.000241036 -5.61557e-05 1 0.000645986 -0.000240964 -0.000646013 1 -0.0343795 -0.0042195 -0.0176035
FixedParameters: 0 0 0

#Transform 33
Transform: AffineTransform_float_3_3
Parameters: 1 -3.27975e-06 -0.000577998 3.72025e-06 1 -0.000484002 0.000578002 0.000483998 0.999999 0.0158892 0.0463147 -0.173309
FixedParameters: 0 0 0

#Transform 34
Transform: AffineTransform_float_3_3
Parameters: 1 5.62341e-05 -0.000577977 -5.57659e-05 1 0.000405032 0.000578022 -0.000404967 1 0.015327 0.00189006 -0.0230537
FixedParameters: 0 0 0

#Transform 35
Transform: AffineTransform_float_3_3
Parameters: 0.999999 -0.000687849 -0.000578179 0.000687151 0.999999 0.000260603 0.000578821 -0.000260398 1 0.0912629 -0.0062154 -0.173916
FixedParameters: 0 0 0

#Transform 36
Transform: AffineTransform_float_3_3
Parameters: 0.999999 -0.000544433 -0.000714669 0.000543566 0.999999 -0.000606388 0.000715329 0.00060561 0.999999 0.108444 0.0267701 -0.167971
FixedParameters: 0 0 0

#Transform 37
Transform: AffineTransform_float_3_3
Parameters: 1 -0.00054399 -0.000428012 0.000544009 1 2.17672e-05 0.000427988 -2.22328e-05 1 0.101362 -0.0577117 -0.148535
FixedParameters: 0 0 0

#Transform 38
Transform: AffineTransform_float_3_3
Parameters: 0.999999 -0.000544439 -0.000645629 0.00054356 0.999999 -0.000681351 0.00064537 0.000680648 0.999999 0.110244 0.0217402 -0.248444
FixedParameters: 0 0 0

#Transform 39
Transform: AffineTransform_float_3_3
Parameters: 0.999999 -0.000458685 -0.000661218 0.000459315 1 0.000476696 0.000660781 -0.000476303 0.999999 0.110045 -0.102313 -0.121679
FixedParameters: 0 0 0

#Transform 40
Transform: AffineTransform_float_3_3
Parameters: 1 -0.000650492 -0.00100968 0.000649507 0.999999 -0.000488656 0.00101032 0.000487343 1 0.151313 -0.0104035 -0.315708
FixedParameters: 0 0 0

#Transform 41
Transform: AffineTransform_float_3_3
Parameters: 1 -0.000543815 -0.0010101 0.000543186 1 0.000183452 0.0010099 -0.000183549 1 0.126174 -0.0407849 -0.155582
FixedParameters: 0 0 0

#Transform 42
Transform: AffineTransform_float_3_3
Parameters: 1 -2.5007e-05 -0.000388999 2.4993e-05 1 -1.80097e-05 0.000389 1.79903e-05 1 0.0868482 -0.0592549 -0.149043
FixedParameters: 0 0 0

#Transform 43
Transform: AffineTransform_float_3_3
Parameters: 1 -0.000544473 -0.00106776 0.000543527 1 -0.000443581 0.00106724 0.000442419 1 0.144979 -0.0124657 -0.291267
FixedParameters: 0 0 0

#Transform 44
Transform: AffineTransform_float_3_3
Parameters: 0.999999 -0.000990807 -0.00114117 0.000991192 0.999999 0.000167869 0.00114083 -0.000169131 1 0.192853 -0.0515693 -0.178383
FixedParameters: 0 0 0

#Transform 45
Transform: AffineTransform_float_3_3
Parameters: 0.999999 -0.000558836 -0.00117808 0.000559163 1 0.000138341 0.00117792 -0.000139658 1 0.180494 -0.0362956 -0.239577
FixedParameters: 0 0 0

#Transform 46
Transform: AffineTransform_float_3_3
Parameters: 0.999999 -0.000625463 -0.000805639 0.000625535 0.999999 -0.000576504 0.000806359 0.000575495 0.999999 0.152783 0.0304541 -0.267835
FixedParameters: 0 0 0

#Transform 47
Transform: AffineTransform_float_3_3
Parameters: 0.999999 -0.000457024 -0.000646982 0.000456975 1 -3.82957e-05 0.000647017 3.77043e-05 1 0.14517 -0.0515697 -0.193064
FixedParameters: 0 0 0

#Transform 48
Transform: AffineTransform_float_3_3
Parameters: 0.999999 -0.000626153 -0.00064685 0.000625846 1 -0.000238405 0.000646148 0.000237595 1 0.147564 0.021023 -0.336095
FixedParameters: 0 0 0

#Transform 49
Transform: AffineTransform_float_3_3
Parameters: 1 -0.000692788 -0.000753196 0.000692213 0.999999 0.000282479 0.000753805 -0.000282522 0.999999 0.147924 -0.0475295 -0.182293
FixedParameters: 0 0 0

#Transform 50
Transform: AffineTransform_float_3_3
Parameters: 0.999999 -0.000961361 -0.000926626 0.000960641 1 -0.00038889 0.000926373 0.00038811 0.999999 0.164463 0.0171031 -0.254018
FixedParameters: 0 0 0

#Transform 51
Transform: AffineTransform_float_3_3
Parameters: 1 -0.000875661 -0.00054255 0.000876341 1 0.000627525 0.000542451 -0.000627475 0.999999 0.147379 -0.0593501 -0.162058
FixedParameters: 0 0 0

#Transform 52
Transform: AffineTransform_float_3_3
Parameters: 0.999999 -0.000961141 -0.00106987 0.000960858 0.999999 -0.000133028 0.00107013 0.000131972 1 0.188314 -0.00897742 -0.215166
FixedParameters: 0 0 0

#Transform 53
Transform: AffineTransform_float_3_3
Parameters: 0.999999 -0.000960897 -0.000820121 0.000961103 0.999999 0.000125212 0.000819879 -0.000125788 0.999999 0.166587 -0.0388225 -0.172818
FixedParameters: 0 0 0

#Transform 54
Transform: AffineTransform_float_3_3
Parameters: 0.999999 -0.000961296 -0.00106973 0.000960705 1 -0.000277028 0.00107027 0.000275972 1 0.199065 -0.0572848 -0.240408
FixedParameters: 0 0 0

#Transform 55
Transform: AffineTransform_float_3_3
Parameters: 0.999999 -0.000961296 -0.00106973 0.000960705 1 -0.000277028 0.00107027 0.000275972 1 0.196623 -0.0365957 -0.194673
FixedParameters: 0 0 0

#Transform 56
Transform: AffineTransform_float_3_3
Parameters: 1 -0.000960697 -0.000664439 0.000960304 1 0.000456362 0.000663561 -0.000457638 0.999999 0.180178 -0.107177 -0.199404
FixedParameters: 0 0 0

#Transform 57
Transform: AffineTransform_float_3_3
Parameters: 0.999999 -0.000960812 -0.00141613 0.000961187 0.999999 0.000131639 0.00141587 -0.000133361 0.999999 0.228482 -0.0341186 -0.318965
FixedParameters: 0 0 0

#Transform 58
Transform: AffineTransform_float_3_3
Parameters: 1 -0.000578764 -0.000384355 0.000579236 0.999999 0.000613777 0.000384645 -0.000613222 0.999999 0.176297 -0.0966724 -0.201455
FixedParameters: 0 0 0

#Transform 59
Transform: AffineTransform_float_3_3
Parameters: 0.999999 -0.000621989 -0.00120901 0.000622012 1 9.24799e-06 0.00120899 -9.75199e-06 1 0.224805 -0.025351 -0.410311
FixedParameters: 0 0 0

#Transform 60
Transform: AffineTransform_float_3_3
Parameters: 0.999999 -0.00049569 -0.000569269 0.000496309 0.999999 0.000543717 0.00056873 -0.000544282 0.999999 0.189537 -0.102201 -0.234309
FixedParameters: 0 0 0

#Transform 61
Transform: AffineTransform_float_3_3
Parameters: 0.999996 -0.00168919 0.00219331 0.00168781 0.999998 0.00100171 -0.00219569 -0.000997295 0.999997 0.313681 -0.147522 -0.466076
FixedParameters: 0 0 0

#Transform 62
Transform: AffineTransform_float_3_3
Parameters: 0.999997 -0.00189862 0.00109492 0.00189838 0.999998 0.00057008 -0.00109608 -0.00056792 0.999999 0.317274 -0.121007 -0.318382
FixedParameters: 0 0 0

#Transform 63
Transform: AffineTransform_float_3_3
Parameters: 0.999998 -0.00142383 0.000753435 0.00142317 0.999999 0.00110007 -0.000754565 -0.00109893 0.999999 0.281992 -0.171416 -0.184026
FixedParameters: 0 0 0

#Transform 64
Transform: AffineTransform_float_3_3
Parameters: 0.999998 -0.00189808 0.000365589 0.00189892 0.999998 0.000216695 -0.00036541 -0.000215307 1 0.301777 -0.0340518 -0.294119
FixedParameters: 0 0 0

#Transform 65
Transform: AffineTransform_float_3_3
Parameters: 0.999999 -0.00124174 0.000363497 0.00124127 0.999997 0.00201645 -0.000365504 -0.00201655 0.999998 0.21886 -0.158223 -0.0227305
FixedParameters: 0 0 0

#Transform 66
Transform: AffineTransform_float_3_3
Parameters: 0.999998 -0.00161305 0.000310741 0.00161295 0.999998 0.000160501 -0.000311258 -0.000159498 1 0.270671 -0.0245618 -0.291055
FixedParameters: 0 0 0

#Transform 67
Transform: AffineTransform_float_3_3
Parameters: 0.999996 -0.0025636 0.000528099 0.0025634 0.999996 0.00113236 -0.0005309 -0.00113064 0.999999 0.364754 -0.0869249 -0.249358
FixedParameters: 0 0 0

#Transform 68
Transform: AffineTransform_float_3_3
Parameters: 0.999996 -0.00256313 0.000114165 0.00256287 0.999996 0.0011063 -0.000116837 -0.0011067 1 0.457434 -0.0786008 -0.640433
FixedParameters: 0 0 0

#Transform 69
Transform: AffineTransform_float_3_3
Parameters: 0.999996 -0.00256331 0.000409061 0.00256269 0.999997 0.000757051 -0.000410938 -0.000755949 0.999999 0.415595 -0.0970433 -0.596459
FixedParameters: 0 0 0

#Transform 70
Transform: AffineTransform_float_3_3
Parameters: 0.999994 -0.00185544 0.00291391 0.00184956 0.999996 0.0022104 -0.00291809 -0.0022046 0.999994 0.311744 -0.20283 -0.211589
FixedParameters: 0 0 0

#Transform 71
Transform: AffineTransform_float_3_3
Parameters: 0.999996 -0.0020395 0.00165015 0.0020375 0.999998 0.000911366 -0.00165185 -0.000907635 0.999998 0.340105 -0.094695 -0.399828
FixedParameters: 0 0 0

#Transform 72
Transform: AffineTransform_float_3_3
Parameters: 0.999996 -0.00211378 0.00193096 0.00211122 0.999996 0.00144108 -0.00193404 -0.00143692 0.999997 0.328873 -0.153348 -0.277255
FixedParameters: 0 0 0

#Transform 73
Transform: AffineTransform_float_3_3
Parameters: 0.999996 -0.0022266 0.00144454 0.0022254 0.999997 0.00110622 -0.00144646 -0.00110378 0.999999 0.353551 -0.113735 -0.354541
FixedParameters: 0 0 0

#Transform 74
Transform: AffineTransform_float_3_3
Parameters: 0.999996 -0.00211259 0.00175208 0.00211141 0.999998 0.000910703 -0.00175392 -0.000906298 0.999998 0.328986 -0.116519 -0.224237
FixedParameters: 0 0 0

#Transform 75
Transform: AffineTransform_float_3_3
Parameters: 0.999996 -0.00243359 0.0017464 0.00243141 0.999996 0.00148325 -0.0017506 -0.00147875 0.999998 0.37035 -0.176271 -0.319038
FixedParameters: 0 0 0

#Transform 76
Transform: AffineTransform_float_3_3
Parameters: 0.999994 -0.00287784 0.00190322 0.00287616 0.999996 0.00096848 -0.00190678 -0.000962518 0.999997 0.495761 -0.144494 -0.455493
FixedParameters: 0 0 0

#Transform 77
Transform: AffineTransform_float_3_3
Parameters: 0.999994 -0.00251678 0.00259842 0.00251122 0.999995 0.00222554 -0.00260359 -0.00221846 0.999994 0.434419 -0.268464 -0.363358
FixedParameters: 0 0 0

#Transform 78
Transform: AffineTransform_float_3_3
Parameters: 0.999994 -0.00122191 0.00326468 0.00121309 0.999995 0.00272898 -0.00326832 -0.00272502 0.999991 0.26338 -0.310358 -0.768432
FixedParameters: 0 0 0

#Transform 79
Transform: AffineTransform_float_3_3
Parameters: 0.999992 -0.000817872 0.00373277 0.00080313 0.999991 0.00398403 -0.00373523 -0.00398097 0.999985 0.196457 -0.388965 -0.647258
FixedParameters: 0 0 0

#Transform 80
Transform: AffineTransform_float_3_3
Parameters: 0.999992 -0.000257244 0.0039381 0.000242757 0.999994 0.00361698 -0.0039389 -0.00361602 0.999985 0.149001 -0.362617 -0.96565
FixedParameters: 0 0 0

#Transform 81
Transform: AffineTransform_float_3_3
Parameters: 0.999975 -0.000945497 0.00697372 0.000920507 0.999994 0.00351451 -0.00697727 -0.00350849 0.999969 0.13094 -0.5402 -0.703011
FixedParameters: 0 0 0

#Transform 82
Transform: AffineTransform_float_3_3
Parameters: 0.999944 -3.41452e-05 0.0105699 -6.1432e-06 0.999993 0.00379815 -0.0105691 -0.00379785 0.999937 -0.107683 -0.597212 -1.19983
FixedParameters: 0 0 0

#Transform 83
Transform: AffineTransform_float_3_3
Parameters: 0.999955 -0.000255133 0.00947294 0.000211865 0.999989 0.00455421 -0.00947406 -0.00455178 0.999945 -0.0532137 -0.605274 -0.908133
FixedParameters: 0 0 0

#Transform 84
Transform: AffineTransform_float_3_3
Parameters: 0.999962 -0.00140405 0.00868973 0.00137095 0.999992 0.00380806 -0.00869428 -0.00379594 0.999955 0.155199 -0.562816 -0.927055
FixedParameters: 0 0 0

#Transform 85
Transform: AffineTransform_float_3_3
Parameters: 0.999968 0.000671211 0.00794149 -0.000699788 0.999993 0.00362256 -0.00793952 -0.00362844 0.999962 -0.0385758 -0.617646 -1.1378
FixedParameters: 0 0 0

#Transform 86
Transform: AffineTransform_float_3_3
Parameters: 0.999963 0.00151067 0.00840879 -0.00154733 0.999989 0.00443415 -0.00840221 -0.00444685 0.999955 -0.100109 -0.724031 -0.96473
FixedParameters: 0 0 0

#Transform 87
Transform: AffineTransform_float_3_3
Parameters: 0.99997 0.000409362 0.00770247 -0.000435638 0.999994 0.00345675 -0.00770154 -0.00346026 0.999965 0.0572922 -0.598815 -1.23231
FixedParameters: 0 0 0

#Transform 88
Transform: AffineTransform_float_3_3
Parameters: 0.999978 -0.00195509 0.00644745 0.00192992 0.99999 0.00389453 -0.00645455 -0.00388247 0.999971 0.259985 -0.700968 -0.958295
FixedParameters: 0 0 0

#Transform 89
Transform: AffineTransform_float_3_3
Parameters: 0.999971 -0.00104017 0.00757472 0.00101583 0.999995 0.00319379 -0.00757828 -0.00318621 0.999966 0.156359 -0.626868 -1.12129
FixedParameters: 0 0 0

#Transform 90
Transform: AffineTransform_float_3_3
Parameters: 0.999964 0.00177405 0.00828894 -0.00179694 0.999995 0.00276121 -0.00828405 -0.0027768 0.999962 -0.203598 -0.835135 -1.69403
FixedParameters: 0 0 0

#Transform 91
Transform: AffineTransform_float_3_3
Parameters: 0.999976 0.00112613 0.00693375 -0.00115587 0.99999 0.00416109 -0.00692925 -0.00416891 0.999968 -0.050164 -0.865629 -1.23075
FixedParameters: 0 0 0

#Transform 92
Transform: AffineTransform_float_3_3
Parameters: 0.999971 0.00185349 0.00736143 -0.00187051 0.999996 0.0023723 -0.00735657 -0.00238671 0.99997 -0.144164 -0.765064 -1.75132
FixedParameters: 0 0 0

#Transform 93
Transform: AffineTransform_float_3_3
Parameters: 0.999972 0.00198706 0.00721675 -0.00201494 0.999991 0.00386557 -0.00720925 -0.00388043 0.999966 -0.108112 -0.80593 -1.08372
FixedParameters: 0 0 0

#Transform 94
Transform: AffineTransform_float_3_3
Parameters: 0.999969 0.00145098 0.00764202 -0.00147202 0.999995 0.00274583 -0.00763798 -0.00275717 0.999967 -0.0969989 -0.694523 -1.23966
FixedParameters: 0 0 0

#Transform 95
Transform: AffineTransform_float_3_3
Parameters: 0.999971 0.00174973 0.00742904 -0.00177128 0.999995 0.00285793 -0.00742496 -0.00287108 0.999969 -0.0909609 -0.678238 -1.275
FixedParameters: 0 0 0

#Transform 96
Transform: AffineTransform_float_3_3
Parameters: 0.999979 0.0011288 0.00641766 -0.00115519 0.999991 0.00407967 -0.00641234 -0.00408733 0.999971 -0.021455 -0.818413 -1.17046
FixedParameters: 0 0 0

#Transform 97
Transform: AffineTransform_float_3_3
Parameters: 0.999974 0.00179202 0.00708032 -0.00180898 0.999995 0.00239225 -0.00707568 -0.00240574 0.999972 -0.118401 -0.725903 -1.74388
FixedParameters: 0 0 0

#Transform 98
Transform: AffineTransform_float_3_3
Parameters: 0.99997 0.00223049 0.00741433 -0.00225851 0.99999 0.00370436 -0.00740566 -0.00372063 0.999965 -0.17417 -0.842345 -1.23675
FixedParameters: 0 0 0

#Transform 99
Transform: AffineTransform_float_3_3
Parameters: 0.999966 0.00223201 0.00800729 -0.002258 0.999992 0.00323903 -0.00799971 -0.00325697 0.999962 -0.214373 -0.777039 -1.54248
FixedParameters: 0 0 0

#Transform 100
Transform: AffineTransform_float_3_3
Parameters: 0.999961 0.0026739 0.00835407 -0.0026991 0.999992 0.00299457 -0.00834592 -0.00301743 0.99996 -0.234362 -0.793699 -1.68173
FixedParameters: 0 0 0

#Transform 101
Transform: AffineTransform_float_3_3
Parameters: 0.999964 0.00184537 0.00828234 -0.00187762 0.99999 0.00393259 -0.00827466 -0.00394841 0.999958 -0.194941 -0.884619 -1.4365
FixedParameters: 0 0 0

#Transform 102
Transform: AffineTransform_float_3_3
Parameters: 0.999964 0.00191083 0.0081862 -0.00193317 0.999994 0.00270127 -0.00818079 -0.00271673 0.999963 -0.209295 -0.762898 -1.7211
FixedParameters: 0 0 0

#Transform 103
Transform: AffineTransform_float_3_3
Parameters: 0.999963 0.00194693 0.00829483 -0.00198007 0.99999 0.00398072 -0.00828716 -0.00399728 0.999957 -0.195923 -0.887642 -1.37328
FixedParameters: 0 0 0

#Transform 104
Transform: AffineTransform_float_3_3
Parameters: 0.999965 0.000630673 0.00827804 -0.000657324 0.999994 0.00317767 -0.00827594 -0.00318333 0.99996 -0.133968 -0.757838 -1.6804
FixedParameters: 0 0 0

#Transform 105
Transform: AffineTransform_float_3_3
Parameters: 0.999974 -0.000524711 0.00717731 0.000500293 0.999995 0.00330468 -0.00717869 -0.00330132 0.999969 0.0277343 -0.783425 -1.62999
FixedParameters: 0 0 0

#Transform 106
Transform: AffineTransform_float_3_3
Parameters: 0.999959 0.00248069 0.00868517 -0.00251531 0.999988 0.00405732 -0.00867484 -0.00407868 0.999954 -0.265204 -0.840885 -1.43894
FixedParameters: 0 0 0

#Transform 107
Transform: AffineTransform_float_3_3
Parameters: 0.999977 0.000761018 0.00665443 -0.000781989 0.999994 0.00315187 -0.00665256 -0.00315613 0.999973 0.0225827 -0.767496 -1.79437
FixedParameters: 0 0 0

#Transform 108
Transform: AffineTransform_float_3_3
Parameters: 0.999985 0.000605344 0.00557496 -0.000632655 0.999989 0.00478055 -0.00557204 -0.00478445 0.999973 0.111864 -0.90336 -1.52588
FixedParameters: 0 0 0

#Transform 109
Transform: AffineTransform_float_3_3
Parameters: 0.999975 0.000893709 0.00692591 -0.00091629 0.999995 0.00321573 -0.00692308 -0.00322227 0.999971 0.00493697 -0.822181 -1.79047
FixedParameters: 0 0 0

#Transform 110
Transform: AffineTransform_float_3_3
Parameters: 0.999979 0.000327282 0.00654056 -0.000356725 0.999989 0.00454376 -0.00653945 -0.00454524 0.999969 0.0316324 -0.861355 -1.47912
FixedParameters: 0 0 0

#Transform 111
Transform: AffineTransform_float_3_3
Parameters: 0.999971 0.00115012 0.00762303 -0.00118288 0.99999 0.00431011 -0.00761797 -0.00431889 0.999961 -0.0513789 -0.827581 -1.50351
FixedParameters: 0 0 0

#Transform 112
Transform: AffineTransform_float_3_3
Parameters: 0.999972 0.00132818 0.00738142 -0.00135782 0.999991 0.00403609 -0.00737557 -0.00404591 0.999964 -0.0622644 -0.782069 -1.72688
FixedParameters: 0 0 0

#Transform 113
Transform: AffineTransform_float_3_3
Parameters: 0.999969 0.000752299 0.00775255 -0.000787698 0.999989 0.00460304 -0.00774845 -0.00460897 0.99996 -0.0861754 -0.871321 -1.49582
FixedParameters: 0 0 0

#Transform 114
Transform: AffineTransform_float_3_3
Parameters: 0.999967 0.000879818 0.00816498 -0.000906188 0.999994 0.00332671 -0.00816203 -0.00333329 0.999961 -0.0734657 -0.792003 -1.80295
FixedParameters: 0 0 0

#Transform 115
Transform: AffineTransform_float_3_3
Parameters: 0.999974 0.000560524 0.00708481 -0.000595476 0.999988 0.0048649 -0.00708218 -0.00486909 0.999963 -0.00684833 -0.917342 -1.43062
FixedParameters: 0 0 0

#Transform 116
Transform: AffineTransform_float_3_3
Parameters: 0.999971 0.000680996 0.00756529 -0.000706002 0.999995 0.00330275 -0.00756271 -0.00330825 0.999966 -0.0540286 -0.801115 -1.78273
FixedParameters: 0 0 0

#Transform 117
Transform: AffineTransform_float_3_3
Parameters: 0.999973 0.000511581 0.00730935 -0.000544423 0.99999 0.00443414 -0.00730766 -0.00443786 0.999964 0.00176927 -0.878779 -1.65863
FixedParameters: 0 0 0

#Transform 118
Transform: AffineTransform_float_3_3
Parameters: 0.999969 0.00126592 0.00783975 -0.00130108 0.999989 0.00447094 -0.00783426 -0.00448106 0.99996 -0.0988713 -0.869712 -1.29677
FixedParameters: 0 0 0

#Transform 119
Transform: AffineTransform_float_3_3
Parameters: 0.999968 0.000897853 0.00787314 -0.000925144 0.999993 0.00344482 -0.00786985 -0.00345217 0.999963 -0.0738555 -0.766706 -1.79879
FixedParameters: 0 0 0

#Transform 120
Transform: AffineTransform_float_3_3
Parameters: 0.99997 0.00118693 0.0076309 -0.00121807 0.999991 0.00406782 -0.0076261 -0.00407717 0.999962 -0.0591257 -0.836908 -1.57794
FixedParameters: 0 0 0

#Transform 121
Transform: AffineTransform_float_3_3
Parameters: 0.99997 0.00195496 0.00757782 -0.00198504 0.99999 0.00395908 -0.00757019 -0.00397392 0.999964 -0.180057 -0.770432 -1.2443
FixedParameters: 0 0 0

#Transform 122
Transform: AffineTransform_float_3_3
Parameters: 0.999967 0.0019629 0.00795949 -0.0019851 0.999994 0.00276929 -0.00795352 -0.00278571 0.999965 -0.145976 -0.712802 -1.75151
FixedParameters: 0 0 0

#Transform 123
Transform: AffineTransform_float_3_3
Parameters: 0.999968 0.00195311 0.00776809 -0.00198488 0.999989 0.00409871 -0.00775992 -0.00411429 0.999962 -0.120869 -0.815978 -1.35966
FixedParameters: 0 0 0

#Transform 124
Transform: AffineTransform_float_3_3
Parameters: 0.999973 0.000692685 0.00732314 -0.000714313 0.999995 0.00304485 -0.00732085 -0.00305015 0.999968 -0.075324 -0.724047 -1.62657
FixedParameters: 0 0 0

#Transform 125
Transform: AffineTransform_float_3_3
Parameters: 0.999972 -0.000210791 0.00739225 0.000183214 0.999993 0.00375946 -0.00739274 -0.00375854 0.999965 0.0100652 -0.740186 -0.954246
FixedParameters: 0 0 0

#Transform 126
Transform: AffineTransform_float_3_3
Parameters: 0.99997 -0.000432394 0.00774973 0.000408603 0.999996 0.00302026 -0.00775127 -0.00301674 0.999966 0.0222363 -0.685115 -1.49413
FixedParameters: 0 0 0

#Transform 127
Transform: AffineTransform_float_3_3
Parameters: 0.999968 -0.00114413 0.00791643 0.00111187 0.999991 0.00406193 -0.00792058 -0.00405307 0.999961 0.0756037 -0.734577 -1.46459
FixedParameters: 0 0 0

#Transform 128
Transform: AffineTransform_float_3_3
Parameters: 0.999969 0.000376459 0.00793466 -0.000410542 0.999991 0.00422587 -0.00793334 -0.00422912 0.999959 -0.0616268 -0.787471 -1.32169
FixedParameters: 0 0 0

#Transform 129
Transform: AffineTransform_float_3_3
Parameters: 0.999965 0.000816924 0.00840619 -0.000849077 0.999993 0.003813 -0.00840283 -0.00382 0.999958 -0.0564466 -0.759853 -1.71237
FixedParameters: 0 0 0

#Transform 130
Transform: AffineTransform_float_3_3
Parameters: 0.999968 6.5836e-05 0.00807245 -0.000107169 0.999987 0.0050993 -0.00807257 -0.0050997 0.999955 -0.0369452 -0.868784 -1.25662
FixedParameters: 0 0 0

#Transform 131
Transform: AffineTransform_float_3_3
Parameters: 0.999963 -0.000101857 0.00866471 7.21447e-05 0.999994 0.00344576 -0.00866531 -0.00344525 0.999957 -0.0437678 -0.75202 -1.73051
FixedParameters: 0 0 0

#Transform 132
Transform: AffineTransform_float_3_3
Parameters: 0.999959 0.000853281 0.00903974 -0.000891712 0.999991 0.00427912 -0.00903626 -0.00428789 0.99995 -0.156263 -0.823135 -1.30659
FixedParameters: 0 0 0

#Transform 133
Transform: AffineTransform_float_3_3
Parameters: 0.999956 -9.83234e-05 0.00940268 5.96682e-05 0.999991 0.00407674 -0.00940332 -0.00407526 0.999948 -0.0405596 -0.789518 -1.47209
FixedParameters: 0 0 0

#Transform 134
Transform: AffineTransform_float_3_3
Parameters: 0.99996 -0.000639722 0.00884656 0.000605276 0.999992 0.00392751 -0.00884844 -0.00392149 0.999953 0.0227472 -0.729361 -1.49079
FixedParameters: 0 0 0

#Transform 135
Transform: AffineTransform_float_3_3
Parameters: 0.999968 -0.00102375 0.00793072 0.000990252 0.999991 0.00425799 -0.00793529 -0.00425002 0.99996 0.0432818 -0.703228 -0.913881
FixedParameters: 0 0 0

#Transform 136
Transform: AffineTransform_float_3_3
Parameters: 0.999964 -0.0010176 0.00841171 0.000990396 0.999994 0.00328545 -0.0084143 -0.00327656 0.999959 0.0295238 -0.650129 -1.50687
FixedParameters: 0 0 0

#Transform 137
Transform: AffineTransform_float_3_3
Parameters: 0.999971 -0.000957315 0.00758086 0.000924687 0.99999 0.00439714 -0.00758413 -0.00438987 0.999961 0.0441876 -0.719584 -1.30087
FixedParameters: 0 0 0

#Transform 138
Transform: AffineTransform_float_3_3
Parameters: 0.99997 -0.00102303 0.00765266 0.000989969 0.99999 0.00431871 -0.00765735 -0.0043103 0.999962 -0.0119846 -0.724823 -1.17137
FixedParameters: 0 0 0

#Transform 139
Transform: AffineTransform_float_3_3
Parameters: 0.99997 -0.00101553 0.00770268 0.000990475 0.999994 0.00331673 -0.00770632 -0.00330927 0.999965 -0.000445173 -0.666097 -1.73228
FixedParameters: 0 0 0

#Transform 140
Transform: AffineTransform_float_3_3
Parameters: 0.999973 -0.000762968 0.00722839 0.000728031 0.999988 0.00483939 -0.0072316 -0.00483361 0.999962 -0.0212414 -0.800241 -1.27861
FixedParameters: 0 0 0

#Transform 141
Transform: AffineTransform_float_3_3
Parameters: 0.99997 -0.000468324 0.00780419 0.00043768 0.999992 0.00401454 -0.00780583 -0.00401147 0.999962 -0.0345627 -0.736359 -1.60203
FixedParameters: 0 0 0

#Transform 142
Transform: AffineTransform_float_3_3
Parameters: 0.99997 4.04872e-05 0.00772822 -7.15086e-05 0.999992 0.00394757 -0.00772778 -0.00394843 0.999963 -0.051428 -0.726521 -1.59252
FixedParameters: 0 0 0

#Transform 143
Transform: AffineTransform_float_3_3
Parameters: 0.99997 3.00455e-05 0.00775327 -7.09578e-05 0.999986 0.00528261 -0.00775273 -0.00528239 0.999956 -0.119368 -0.813487 -1.29231
FixedParameters: 0 0 0

#Transform 144
Transform: AffineTransform_float_3_3
Parameters: 0.999966 -0.000457207 0.00820827 0.000424789 0.999992 0.00392562 -0.00820973 -0.00392138 0.999958 -0.0568295 -0.770825 -1.75698
FixedParameters: 0 0 0

#Transform 145
Transform: AffineTransform_float_3_3
Parameters: 0.999961 0.000312864 0.00880456 -0.000354139 0.999989 0.00467106 -0.00880345 -0.00467394 0.999951 -0.173455 -0.813505 -1.41579
FixedParameters: 0 0 0

#Transform 146
Transform: AffineTransform_float_3_3
Parameters: 0.999963 0.000157528 0.00860781 -0.000196469 0.99999 0.00458448 -0.00860718 -0.00458653 0.999952 -0.138922 -0.800278 -1.42711
FixedParameters: 0 0 0

#Transform 147
Transform: AffineTransform_float_3_3
Parameters: 0.999957 3.87698e-05 0.00920519 -7.1234e-05 0.999994 0.00350149 -0.00920481 -0.00350151 0.999952 -0.105918 -0.782872 -1.76799
FixedParameters: 0 0 0

#Transform 148
Transform: AffineTransform_float_3_3
Parameters: 0.999963 2.77119e-05 0.00857825 -7.12883e-05 0.999988 0.00504558 -0.00857876 -0.00504643 0.999951 -0.144642 -0.842709 -1.25236
FixedParameters: 0 0 0

#Transform 149
Transform: AffineTransform_float_3_3
Parameters: 0.999958 3.44189e-05 0.00916521 -7.15849e-05 0.999992 0.00399151 -0.00916479 -0.00399148 0.99995 -0.103792 -0.794876 -1.71492
FixedParameters: 0 0 0

#Transform 150
Transform: AffineTransform_float_3_3
Parameters: 0.999966 -0.00061652 0.00813831 0.000580478 0.99999 0.00448887 -0.00814168 -0.00448413 0.999957 -0.0849299 -0.817966 -1.60618
FixedParameters: 0 0 0

#Transform 151
Transform: AffineTransform_float_3_3
Parameters: 0.999967 -0.000268641 0.00803574 0.000227363 0.999987 0.00505799 -0.00803625 -0.00505601 0.999955 -0.118001 -0.824405 -1.2973
FixedParameters: 0 0 0

#Transform 152
Transform: AffineTransform_float_3_3
Parameters: 0.999964 -0.000685805 0.00852689 0.000658197 0.999995 0.00314573 -0.00852911 -0.00314026 0.999958 -0.0739784 -0.748749 -1.81229
FixedParameters: 0 0 0

#Transform 153
Transform: AffineTransform_float_3_3
Parameters: 0.999967 -0.000818648 0.00810838 0.000782357 0.999989 0.00452149 -0.00811162 -0.00451551 0.999957 -0.0436131 -0.800671 -1.58154
FixedParameters: 0 0 0

#Transform 154
Transform: AffineTransform_float_3_3
Parameters: 0.999964 -0.00115723 0.00847948 0.00111578 0.999987 0.00486464 -0.00848453 -0.00485536 0.999952 -0.0180689 -0.850403 -1.66362
FixedParameters: 0 0 0

#Transform 155
Transform: AffineTransform_float_3_3
Parameters: 0.999966 -0.00108781 0.00823912 0.00105819 0.999993 0.00362184 -0.00824288 -0.00361316 0.999959 -0.0021337 -0.780073 -1.85556
FixedParameters: 0 0 0

#Transform 156
Transform: AffineTransform_float_3_3
Parameters: 0.999963 -0.000477616 0.00852172 0.000435384 0.999988 0.0050019 -0.00852428 -0.00499811 0.999951 -0.0669434 -0.774596 -1.30815
FixedParameters: 0 0 0

#Transform 157
Transform: AffineTransform_float_3_3
Parameters: 0.999961 -0.000900474 0.00884615 0.00087153 0.999995 0.00322184 -0.00884885 -0.00321416 0.999955 -0.0245422 -0.762302 -1.75714
FixedParameters: 0 0 0

#Transform 158
Transform: AffineTransform_float_3_3
Parameters: 0.999965 -0.00111978 0.0082096 0.00108722 0.999992 0.00399607 -0.00821441 -0.00398694 0.999959 -0.0377642 -0.762903 -1.66687
FixedParameters: 0 0 0

#Transform 159
Transform: AffineTransform_float_3_3
Parameters: 0.999951 -0.000571131 0.00988303 0.000535864 0.999993 0.00355747 -0.00988497 -0.00355153 0.999945 -0.0959479 -0.812793 -1.54305
FixedParameters: 0 0 0

#Transform 160
Transform: AffineTransform_float_3_3
Parameters: 0.99995 -0.000785245 0.00990465 0.000754747 0.999995 0.00305763 -0.00990735 -0.00304937 0.999947 -0.0340573 -0.832684 -2.06773
FixedParameters: 0 0 0

#Transform 161
Transform: AffineTransform_float_3_3
Parameters: 0.999944 -0.000472428 0.010585 0.000426575 0.999991 0.00438776 -0.010587 -0.00438325 0.999935 -0.109121 -0.949228 -1.62284
FixedParameters: 0 0 0

#Transform 162
Transform: AffineTransform_float_3_3
Parameters: 0.999947 -0.00164659 0.0101633 0.00161742 0.999995 0.00291859 -0.0101678 -0.00290241 0.999944 0.101323 -0.830919 -2.03636
FixedParameters: 0 0 0

#Transform 163
Transform: AffineTransform_float_3_3
Parameters: 0.999963 -0.00292322 0.00810797 0.00288378 0.999984 0.00484456 -0.00812204 -0.00482144 0.999956 0.323326 -0.959797 -1.92142
FixedParameters: 0 0 0

#Transform 164
Transform: AffineTransform_float_3_3
Parameters: 0.99995 -0.00254697 0.00960697 0.00250504 0.999988 0.00437728 -0.00961803 -0.00435372 0.999945 0.244307 -0.916409 -1.98074
FixedParameters: 0 0 0

#Transform 165
Transform: AffineTransform_float_3_3
Parameters: 0.999972 -0.00424195 0.00626954 0.00421907 0.999985 0.00366756 -0.00628446 -0.00364145 0.999973 0.45393 -0.975638 -2.28933
FixedParameters: 0 0 0

#Transform 166
Transform: AffineTransform_float_3_3
Parameters: 0.999966 -0.0018917 0.00800334 0.00184631 0.999982 0.00571297 -0.00801366 -0.00569803 0.999951 0.192692 -1.00425 -1.61358
FixedParameters: 0 0 0

#Transform 167
Transform: AffineTransform_float_3_3
Parameters: 0.999968 -0.00218294 0.00761974 0.00216006 0.999993 0.00288655 -0.00762625 -0.00287044 0.999967 0.279266 -0.821102 -2.23169
FixedParameters: 0 0 0

#Transform 168
Transform: AffineTransform_float_3_3
Parameters: 0.999966 -0.00315473 0.00758979 0.00311226 0.99998 0.00550481 -0.00760721 -0.00548019 0.999956 0.312063 -0.995712 -1.87734
FixedParameters: 0 0 0

#Transform 169
Transform: AffineTransform_float_3_3
Parameters: 0.999964 -0.00270323 0.00805092 0.00266977 0.999988 0.00413564 -0.00806208 -0.00411435 0.999959 0.287126 -0.883843 -2.16661
FixedParameters: 0 0 0

#Transform 170
Transform: AffineTransform_float_3_3
Parameters: 0.999967 -0.00187753 0.0078093 0.00184147 0.999988 0.00468153 -0.00781869 -0.00466747 0.999958 0.258065 -0.921137 -2.13648
FixedParameters: 0 0 0

#Transform 171
Transform: AffineTransform_float_3_3
Parameters: 0.999959 -0.00175838 0.00889404 0.00170161 0.999979 0.0063434 -0.00890496 -0.00632761 0.999941 0.17875 -0.994455 -1.86042
FixedParameters: 0 0 0

#Transform 172
Transform: AffineTransform_float_3_3
Parameters: 0.999966 -0.00262712 0.0077859 0.00259688 0.999989 0.00387635 -0.0077961 -0.00385565 0.999962 0.277607 -0.900548 -2.36104
FixedParameters: 0 0 0

#Transform 173
Transform: AffineTransform_float_3_3
Parameters: 0.999961 -0.00312847 0.00826207 0.00307853 0.999976 0.00611467 -0.00828094 -0.00608933 0.999947 0.260839 -1.04823 -1.89543
FixedParameters: 0 0 0

#Transform 174
Transform: AffineTransform_float_3_3
Parameters: 0.999961 -0.00311502 0.00826514 0.00307798 0.999985 0.00448761 -0.00827886 -0.00446239 0.999956 0.294114 -0.933708 -2.16804
FixedParameters: 0 0 0

#Transform 175
Transform: AffineTransform_float_3_3
Parameters: 0.999966 -0.00256598 0.00790445 0.00252702 0.999984 0.00493714 -0.00791655 -0.00491685 0.999956 0.280324 -0.975733 -2.23529
FixedParameters: 0 0 0

#Transform 176
Transform: AffineTransform_float_3_3
Parameters: 0.999966 -0.00247775 0.00783437 0.00243125 0.999979 0.00597125 -0.00784864 -0.00595176 0.999952 0.263947 -1.0446 -2.1353
FixedParameters: 0 0 0

#Transform 177
Transform: AffineTransform_float_3_3
Parameters: 0.999968 -0.00229621 0.00766513 0.0022628 0.999988 0.00433748 -0.00767487 -0.00432052 0.999961 0.320236 -0.966764 -2.35667
FixedParameters: 0 0 0

#Transform 178
Transform: AffineTransform_float_3_3
Parameters: 0.999974 -0.00336337 0.0064883 0.00332963 0.999981 0.00530075 -0.00650571 -0.00527926 0.999965 0.491645 -1.0159 -2.25946
FixedParameters: 0 0 0

#Transform 179
Transform: AffineTransform_float_3_3
Parameters: 0.999972 -0.00344644 0.00654546 0.00341056 0.99998 0.00541847 -0.00656353 -0.00539553 0.999964 0.461202 -1.0407 -2.14239
FixedParameters: 0 0 0

#Transform 180
Transform: AffineTransform_float_3_3
Parameters: 0.999971 -0.00369742 0.00674817 0.00366059 0.999978 0.00540086 -0.00676782 -0.00537613 0.999962 0.510372 -1.04462 -2.18989
FixedParameters: 0 0 0

#Transform 181
Transform: AffineTransform_float_3_3
Parameters: 0.99997 -0.00430058 0.00641193 0.00427242 0.999981 0.00446453 -0.00643108 -0.00443648 0.99997 0.595806 -1.01184 -2.30349
FixedParameters: 0 0 0

#Transform 182
Transform: AffineTransform_float_3_3
Parameters: 0.999973 -0.00503065 0.00534064 0.00499535 0.999966 0.00666686 -0.00537435 -0.00664014 0.999963 0.744238 -1.1366 -2.10685
FixedParameters: 0 0 0

#Transform 183
Transform: AffineTransform_float_3_3
Parameters: 0.999978 -0.00374725 0.00559016 0.00372575 0.999985 0.00398492 -0.00560486 -0.00396409 0.999977 0.605348 -1.00894 -2.49919
FixedParameters: 0 0 0

#Transform 184
Transform: AffineTransform_float_3_3
Parameters: 0.999972 -0.00466253 0.00583838 0.00462946 0.999973 0.00574419 -0.00586563 -0.00571681 0.999967 0.708678 -1.03244 -2.20928
FixedParameters: 0 0 0

#Transform 185
Transform: AffineTransform_float_3_3
Parameters: 0.999974 -0.00548167 0.00479053 0.00545435 0.999969 0.00576828 -0.00482147 -0.00574172 0.999972 0.806384 -1.05184 -2.18132
FixedParameters: 0 0 0

#Transform 186
Transform: AffineTransform_float_3_3
Parameters: 0.999971 -0.00624621 0.00420513 0.00622579 0.999969 0.00480232 -0.00423487 -0.00477668 0.999979 0.940015 -0.991118 -2.34389
FixedParameters: 0 0 0

#Transform 187
Transform: AffineTransform_float_3_3
Parameters: 0.999965 -0.00714888 0.00448572 0.00711911 0.999952 0.00664317 -0.00453328 -0.00661082 0.999968 0.888891 -0.910518 -1.31143
FixedParameters: 0 0 0

#Transform 188
Transform: AffineTransform_float_3_3
Parameters: 0.999966 -0.00508918 0.00639875 0.00505682 0.999973 0.00519053 -0.00642425 -0.00515848 0.999966 0.64936 -0.84641 -1.37193
FixedParameters: 0 0 0

#Transform 189
Transform: AffineTransform_float_3_3
Parameters: 0.999978 -0.00420967 0.00499297 0.00418133 0.999975 0.005739 -0.00501703 -0.005718 0.999971 0.539516 -0.81359 -1.70562
FixedParameters: 0 0 0

#Transform 190
Transform: AffineTransform_float_3_3
