# transform file /out/sourcedata/freesurfer/sub-v1s13x0050046_ses-1/mri/transforms/cc_up.lta
# created by oesteban on Sun Mar  8 18:05:20 2026

type      = 0 # LINEAR_VOX_TO_VOX
nxforms   = 1
mean      = 128.0000 127.0000 109.0000
sigma     = 10000.0000
1 4 4
9.998146295547485e-01 -1.417204551398754e-02 -1.303376723080873e-02 2.549607753753662e+00 
1.417084038257599e-02 9.998995661735535e-01 -1.847336825449020e-04 1.921119117736816e+01 
1.303507573902607e-02 0.000000000000000e+00 9.999150037765503e-01 2.433600234985352e+01 
0.000000000000000e+00 0.000000000000000e+00 0.000000000000000e+00 1.000000000000000e+00 
src volume info
valid = 1  # volume info valid
filename = /out/sourcedata/freesurfer/sub-v1s13x0050046_ses-1/mri/norm.mgz
volume = 256 256 256
voxelsize = 1.000000000000000e+00 1.000000000000000e+00 1.000000000000000e+00
xras   = -9.999999403953552e-01 0.000000000000000e+00 0.000000000000000e+00
yras   = 0.000000000000000e+00 0.000000000000000e+00 -9.999999403953552e-01
zras   = 0.000000000000000e+00 9.999999403953552e-01 0.000000000000000e+00
cras   = -9.277725219726562e-01 1.050796508789062e+00 -4.033950805664062e+00
dst volume info
valid = 1  # volume info valid
filename = /out/sourcedata/freesurfer/sub-v1s13x0050046_ses-1/mri/norm.mgz
volume = 256 256 256
voxelsize = 1.000000000000000e+00 1.000000000000000e+00 1.000000000000000e+00
xras   = -9.999999403953552e-01 0.000000000000000e+00 0.000000000000000e+00
yras   = 0.000000000000000e+00 0.000000000000000e+00 -9.999999403953552e-01
zras   = 0.000000000000000e+00 9.999999403953552e-01 0.000000000000000e+00
cras   = -9.277725219726562e-01 1.050796508789062e+00 -4.033950805664062e+00
