# transform file /out/sourcedata/freesurfer/sub-v1s13x0050044_ses-1/mri/transforms/cc_up.lta
# created by oesteban on Sun Mar  8 18:02:26 2026

type      = 0 # LINEAR_VOX_TO_VOX
nxforms   = 1
mean      = 128.0000 127.0000 115.0000
sigma     = 10000.0000
1 4 4
9.978756904602051e-01 2.924481220543385e-02 -5.821381509304047e-02 3.342350482940674e+00 
-2.919517457485199e-02 9.995722770690918e-01 1.703180605545640e-03 2.360093116760254e+01 
5.823872610926628e-02 0.000000000000000e+00 9.983026981353760e-01 1.372705936431885e+01 
0.000000000000000e+00 0.000000000000000e+00 0.000000000000000e+00 1.000000000000000e+00 
src volume info
valid = 1  # volume info valid
filename = /out/sourcedata/freesurfer/sub-v1s13x0050044_ses-1/mri/norm.mgz
volume = 256 256 256
voxelsize = 1.000000000000000e+00 1.000000000000000e+00 1.000000000000000e+00
xras   = -9.999999403953552e-01 0.000000000000000e+00 0.000000000000000e+00
yras   = 0.000000000000000e+00 0.000000000000000e+00 -9.999999403953552e-01
zras   = 0.000000000000000e+00 9.999999403953552e-01 0.000000000000000e+00
cras   = 3.430580139160156e+00 -1.155471801757812e+00 -1.697605895996094e+01
dst volume info
valid = 1  # volume info valid
filename = /out/sourcedata/freesurfer/sub-v1s13x0050044_ses-1/mri/norm.mgz
volume = 256 256 256
voxelsize = 1.000000000000000e+00 1.000000000000000e+00 1.000000000000000e+00
xras   = -9.999999403953552e-01 0.000000000000000e+00 0.000000000000000e+00
yras   = 0.000000000000000e+00 0.000000000000000e+00 -9.999999403953552e-01
zras   = 0.000000000000000e+00 9.999999403953552e-01 0.000000000000000e+00
cras   = 3.430580139160156e+00 -1.155471801757812e+00 -1.697605895996094e+01
