#Insight Transform File V1.0
#Transform 0
Transform: AffineTransform_float_3_3
Parameters: 1 0 0 0 1 -0.00027 0 0.00027 1 -0.003386 0.00408852 0.0332817
FixedParameters: 0 0 0

#Transform 1
Transform: AffineTransform_float_3_3
Parameters: 1 -2.26674e-07 0.000441 -2.26674e-07 1 0.000514 -0.000441 -0.000514 1 0.0309508 0.0632177 -0.237519
FixedParameters: 0 0 0

#Transform 2
Transform: AffineTransform_float_3_3
Parameters: 1 1.01474e-07 -0.000449 1.01474e-07 1 0.000226 0.000449 -0.000226 1 0.0160148 -0.00331865 -0.0209474
FixedParameters: 0 0 0

#Transform 3
Transform: AffineTransform_float_3_3
Parameters: 0.999999 0.000531154 -0.000473827 -0.000530845 1 0.000326251 0.000474173 -0.000325748 1 -0.0302653 0.0556372 -0.205095
FixedParameters: 0 0 0

#Transform 4
Transform: AffineTransform_float_3_3
Parameters: 1 0.000739238 -0.000882801 -0.000739762 0.999999 0.000269653 0.000883199 -0.000269347 0.999999 -0.0596793 -0.000288571 -0.385556
FixedParameters: 0 0 0

#Transform 5
Transform: AffineTransform_float_3_3
Parameters: 1 0.000651076 -0.000775937 -0.000650925 1 9.75051e-05 0.000776064 -9.74947e-05 0.999999 -0.102888 -0.0564884 -0.131354
FixedParameters: 0 0 0

#Transform 6
Transform: AffineTransform_float_3_3
Parameters: 0.999999 0.00065069 -0.000451447 -0.00065031 1 -0.000686707 0.000450553 0.000687294 0.999999 -0.072231 0.0604186 -0.178845
FixedParameters: 0 0 0

#Transform 7
Transform: AffineTransform_float_3_3
Parameters: 1 0.000650993 -2.02077e-05 -0.000651006 0.999999 -0.000318987 1.97923e-05 0.000319013 1 -0.0534493 0.0221333 -0.0373816
FixedParameters: 0 0 0

#Transform 8
Transform: AffineTransform_float_3_3
Parameters: 0.999999 0.000651238 0.000439647 -0.000650761 0.999999 -0.000542286 -0.000439353 0.000542714 1 -0.0874102 0.0418679 0.119967
FixedParameters: 0 0 0

#Transform 9
Transform: AffineTransform_float_3_3
Parameters: 0.999999 0.00184197 -2.87038e-05 -0.00184203 0.999998 -0.000924948 2.62961e-05 0.000925049 0.999999 -0.191823 0.0963523 -0.184606
FixedParameters: 0 0 0

#Transform 10
Transform: AffineTransform_float_3_3
Parameters: 0.999998 0.00190935 -0.000862444 -0.00190965 0.999998 -0.000755355 0.000860555 0.000757645 1 -0.207545 0.0207865 -0.135634
FixedParameters: 0 0 0

#Transform 11
Transform: AffineTransform_float_3_3
Parameters: 0.999999 0.0013051 0.000139039 -0.0013049 0.999999 -0.000736182 -0.00013996 0.000735818 0.999999 -0.164012 -0.00243159 0.0616396
FixedParameters: 0 0 0

#Transform 12
Transform: AffineTransform_float_3_3
Parameters: 0.999998 0.00130308 -0.00104839 -0.00130492 0.999998 -0.00183563 0.0010466 0.00183737 0.999998 -0.154423 0.0898519 -0.223348
FixedParameters: 0 0 0

#Transform 13
Transform: AffineTransform_float_3_3
Parameters: 0.999999 0.00130341 -0.00123269 -0.0013046 0.999999 -0.00129339 0.00123131 0.00129461 0.999999 -0.174158 0.0025052 -0.0174979
FixedParameters: 0 0 0

#Transform 14
Transform: AffineTransform_float_3_3
Parameters: 0.999998 0.00143055 -0.000890336 -0.00143145 0.999997 -0.00163173 0.000888664 0.00163327 0.999999 -0.170458 0.0464077 -0.10432
FixedParameters: 0 0 0

#Transform 15
Transform: AffineTransform_float_3_3
Parameters: 0.999998 0.00130166 -0.00150689 -0.00130434 0.999996 -0.00221604 0.00150411 0.00221796 0.999997 -0.15524 0.0535884 -0.179485
FixedParameters: 0 0 0

#Transform 16
Transform: AffineTransform_float_3_3
Parameters: 0.999997 0.00130506 -0.00176895 -0.00130494 0.999999 3.63085e-05 0.00176905 -3.36914e-05 0.999999 -0.149503 -0.0412357 0.0718852
FixedParameters: 0 0 0

#Transform 17
Transform: AffineTransform_float_3_3
Parameters: 0.999999 0.00155118 -0.000998841 -0.00155283 0.999997 -0.00182945 0.00099616 0.00183055 0.999998 -0.144427 0.072788 -0.18109
FixedParameters: 0 0 0

#Transform 18
Transform: AffineTransform_float_3_3
Parameters: 0.999998 0.00160385 -0.000997857 -0.00160515 0.999998 -0.0011564 0.000996142 0.0011586 0.999999 -0.12577 0.0322338 -0.0221339
FixedParameters: 0 0 0

#Transform 19
Transform: AffineTransform_float_3_3
Parameters: 0.999998 0.00173647 -0.000946803 -0.00173852 0.999997 -0.00161236 0.000943196 0.00161464 0.999999 -0.18158 0.0613843 -0.0718923
FixedParameters: 0 0 0

#Transform 20
Transform: AffineTransform_float_3_3
Parameters: 0.999998 0.00193021 -0.00115368 -0.00193279 0.999995 -0.00242378 0.00114932 0.00242623 0.999997 -0.190668 0.0952937 -0.217625
FixedParameters: 0 0 0

#Transform 21
Transform: AffineTransform_float_3_3
Parameters: 0.999997 0.00207641 -0.000868803 -0.00207759 0.999996 -0.0018302 0.000865197 0.0018318 0.999998 -0.210516 -0.0165491 -0.0861002
FixedParameters: 0 0 0

#Transform 22
Transform: AffineTransform_float_3_3
Parameters: 0.999997 0.0024088 -0.000780817 -0.0024102 0.999993 -0.00282813 0.000774184 0.00282987 0.999995 -0.219883 0.0771999 -0.267609
FixedParameters: 0 0 0

#Transform 23
Transform: AffineTransform_float_3_3
Parameters: 0.999996 0.00240858 -0.00101277 -0.00241042 0.999994 -0.00239457 0.00100723 0.00239643 0.999996 -0.247426 0.00470089 -0.030662
FixedParameters: 0 0 0

#Transform 24
Transform: AffineTransform_float_3_3
Parameters: 0.999997 0.00241 -0.000373522 -0.002411 0.999994 -0.00270511 0.000367479 0.0027059 0.999997 -0.254972 0.0320787 -0.0810428
FixedParameters: 0 0 0

#Transform 25
Transform: AffineTransform_float_3_3
Parameters: 0.999995 0.00283212 -0.00132631 -0.00283588 0.999991 -0.00293025 0.00131869 0.00293375 0.999995 -0.22786 0.0677409 -0.120278
FixedParameters: 0 0 0

#Transform 26
Transform: AffineTransform_float_3_3
Parameters: 0.999996 0.00220601 -0.00201727 -0.00220899 0.999997 -0.00148055 0.00201373 0.00148445 0.999997 -0.210602 -0.0184752 0.065092
FixedParameters: 0 0 0

#Transform 27
Transform: AffineTransform_float_3_3
Parameters: 0.999994 0.00275791 -0.00177549 -0.00276409 0.999991 -0.00343611 0.0017665 0.00344089 0.999992 -0.220147 0.106899 -0.164649
FixedParameters: 0 0 0

#Transform 28
Transform: AffineTransform_float_3_3
Parameters: 0.999995 0.00261889 -0.00137088 -0.00262311 0.999992 -0.00300442 0.00136312 0.00300858 0.999995 -0.225107 0.0378161 0.0433068
FixedParameters: 0 0 0

#Transform 29
Transform: AffineTransform_float_3_3
Parameters: 0.999997 0.00229078 -0.000747849 -0.00229322 0.999993 -0.00298729 0.000741152 0.00298871 0.999996 -0.230833 0.0551928 0.155597
FixedParameters: 0 0 0

#Transform 30
Transform: AffineTransform_float_3_3
Parameters: 0.999995 0.00279249 -0.00149038 -0.00279752 0.999989 -0.00371085 0.00148063 0.00371415 0.999992 -0.225082 0.107472 -0.0849158
FixedParameters: 0 0 0

#Transform 31
Transform: AffineTransform_float_3_3
Parameters: 0.999994 0.00295912 -0.00132172 -0.00296288 0.999992 -0.0029421 0.00131328 0.0029459 0.999995 -0.256473 0.0315388 0.118449
FixedParameters: 0 0 0

#Transform 32
Transform: AffineTransform_float_3_3
Parameters: 0.999996 0.00276123 -0.000888797 -0.00276477 0.999987 -0.00426856 0.000877204 0.00427044 0.99999 -0.257653 0.102397 0.00110888
FixedParameters: 0 0 0

#Transform 33
Transform: AffineTransform_float_3_3
Parameters: 0.999996 0.00235697 -0.00100911 -0.00236003 0.999992 -0.00301563 0.00100189 0.00301737 0.999995 -0.249767 0.044568 0.150706
FixedParameters: 0 0 0

#Transform 34
Transform: AffineTransform_float_3_3
Parameters: 0.999996 0.00262017 -0.00122125 -0.00262382 0.999991 -0.00314281 0.00121276 0.00314519 0.999995 -0.262638 0.0854408 0.0674511
FixedParameters: 0 0 0

#Transform 35
Transform: AffineTransform_float_3_3
Parameters: 0.999995 0.00261881 -0.00142458 -0.00262419 0.99999 -0.00365428 0.00141542 0.00365772 0.999993 -0.240672 0.0988453 0.0206546
FixedParameters: 0 0 0

#Transform 36
Transform: AffineTransform_float_3_3
Parameters: 0.999997 0.00237551 -0.00120689 -0.00237949 0.999993 -0.00289814 0.00120011 0.00290086 0.999995 -0.261084 0.0565096 0.169785
FixedParameters: 0 0 0

#Transform 37
Transform: AffineTransform_float_3_3
Parameters: 0.999995 0.00276707 -0.00110541 -0.00277192 0.999986 -0.00447896 0.00109259 0.00448205 0.99999 -0.245989 0.144658 -0.0901726
FixedParameters: 0 0 0

#Transform 38
Transform: AffineTransform_float_3_3
Parameters: 0.999995 0.00289921 -0.00116845 -0.00290279 0.999991 -0.00325463 0.00115855 0.00325838 0.999994 -0.258816 0.0395903 0.0315053
FixedParameters: 0 0 0

#Transform 39
Transform: AffineTransform_float_3_3
Parameters: 0.999997 0.00249837 -0.00110623 -0.00250163 0.999991 -0.00329224 0.00109776 0.00329575 0.999994 -0.229864 0.0492744 -0.0174335
FixedParameters: 0 0 0

#Transform 40
Transform: AffineTransform_float_3_3
Parameters: 0.999995 0.00289843 -0.00129924 -0.00290256 0.999989 -0.00352724 0.00128877 0.00353075 0.999993 -0.208554 0.0883487 -0.113621
FixedParameters: 0 0 0

#Transform 41
Transform: AffineTransform_float_3_3
Parameters: 0.999996 0.00256445 -0.00135972 -0.00256855 0.999994 -0.00261552 0.00135328 0.00261948 0.999995 -0.220045 0.0278016 0.158489
FixedParameters: 0 0 0

#Transform 42
Transform: AffineTransform_float_3_3
Parameters: 0.999995 0.00276103 -0.000982225 -0.00276497 0.999988 -0.0040613 0.000970776 0.0040637 0.999992 -0.227756 0.1242 -0.0709593
FixedParameters: 0 0 0

#Transform 43
Transform: AffineTransform_float_3_3
Parameters: 0.999996 0.0028232 -0.00049732 -0.0028248 0.99999 -0.00365361 0.000486682 0.00365439 0.999993 -0.230538 0.0674332 -0.0522854
FixedParameters: 0 0 0

#Transform 44
Transform: AffineTransform_float_3_3
Parameters: 0.999998 0.0018241 0.000952195 -0.00182091 0.999989 -0.00428475 -0.00095981 0.00428326 0.999991 -0.218814 -0.0192599 0.0669598
FixedParameters: 0 0 0

#Transform 45
Transform: AffineTransform_float_3_3
Parameters: 0.999996 0.00260749 0.000852472 -0.00260652 0.999995 -0.00173823 -0.000857529 0.00173577 0.999998 -0.279267 0.0466946 -0.0128981
FixedParameters: 0 0 0

#Transform 46
Transform: AffineTransform_float_3_3
Parameters: 0.999995 0.00323141 0.000150388 -0.00323059 0.999991 -0.0026655 -0.000158613 0.0026655 0.999997 -0.309824 0.0439406 0.00958022
FixedParameters: 0 0 0

#Transform 47
Transform: AffineTransform_float_3_3
Parameters: 0.999994 0.00322935 -0.000620654 -0.00323065 0.999991 -0.00267801 0.000612347 0.00267999 0.999996 -0.344465 0.0520497 0.0332425
FixedParameters: 0 0 0

#Transform 48
Transform: AffineTransform_float_3_3
Parameters: 0.999995 0.00323167 0.00020671 -0.00323032 0.999989 -0.00318468 -0.000217285 0.00318331 0.999995 -0.342298 0.114667 -0.188379
FixedParameters: 0 0 0

#Transform 49
Transform: AffineTransform_float_3_3
Parameters: 0.999995 0.00311897 0.00062416 -0.00311803 0.999994 -0.00155295 -0.00062984 0.00155104 0.999998 -0.315888 -0.0017512 -0.0684669
FixedParameters: 0 0 0

#Transform 50
Transform: AffineTransform_float_3_3
Parameters: 0.999996 0.00238586 0.00160269 -0.00238814 0.999995 0.00196218 -0.00159831 -0.00196582 0.999997 -0.270552 -0.023911 0.10788
FixedParameters: 0 0 0

#Transform 51
Transform: AffineTransform_float_3_3
Parameters: 0.999994 0.00284441 0.00170698 -0.00284558 0.999996 0.000341144 -0.00170602 -0.000345854 0.999998 -0.259911 0.0656682 -0.0631613
FixedParameters: 0 0 0

#Transform 52
Transform: AffineTransform_float_3_3
Parameters: 0.999994 0.00284462 0.00170663 -0.00284538 0.999996 0.000219145 -0.00170537 -0.000223852 0.999998 -0.263946 -0.00471381 0.0540543
FixedParameters: 0 0 0

#Transform 53
Transform: AffineTransform_float_3_3
Parameters: 0.999995 0.00274105 0.00170592 -0.00274095 0.999996 -3.0676e-05 -0.00170508 2.63264e-05 0.999998 -0.237903 0.0389729 0.00833172
FixedParameters: 0 0 0

#Transform 54
Transform: AffineTransform_float_3_3
Parameters: 0.999994 0.00283004 0.00170594 -0.00282996 0.999996 -2.38279e-05 -0.00170506 1.91747e-05 0.999998 -0.22612 0.0466689 0.0316969
FixedParameters: 0 0 0

#Transform 55
Transform: AffineTransform_float_3_3
Parameters: 0.999995 0.00282909 0.00131496 -0.00282991 0.999996 0.000690282 -0.00131304 -0.000693718 0.999999 -0.233902 -0.0335404 0.130424
FixedParameters: 0 0 0

#Transform 56
Transform: AffineTransform_float_3_3
Parameters: 0.999994 0.00323929 0.00110416 -0.00323871 0.999994 -0.000260578 -0.00110484 0.000257423 1 -0.23426 0.0688861 -0.121574
FixedParameters: 0 0 0

#Transform 57
Transform: AffineTransform_float_3_3
Parameters: 0.999995 0.00282934 0.00140432 -0.00282966 0.999996 0.000466028 -0.00140268 -0.000469971 0.999999 -0.244693 -0.0363622 0.213411
FixedParameters: 0 0 0

#Transform 58
Transform: AffineTransform_float_3_3
Parameters: 0.999996 0.00282948 0.00116727 -0.00282953 0.999996 0.000447699 -0.00116673 -0.000451303 0.999999 -0.285809 0.0293123 0.23466
FixedParameters: 0 0 0

#Transform 59
Transform: AffineTransform_float_3_3
Parameters: 0.999991 0.00408621 0.000993137 -0.00408579 0.999991 -0.000213059 -0.000993862 0.000208941 0.999999 -0.293104 0.0823929 -0.286275
FixedParameters: 0 0 0

#Transform 60
Transform: AffineTransform_float_3_3
Parameters: 0.999992 0.00383276 0.00158058 -0.00383324 0.999992 0.000146942 -0.00158043 -0.000153059 0.999998 -0.260947 -0.034061 -0.356595
FixedParameters: 0 0 0

#Transform 61
Transform: AffineTransform_float_3_3
Parameters: 0.999993 0.00328882 0.00174212 -0.00329118 0.999994 0.00125027 -0.00173787 -0.00125672 0.999997 -0.21501 -0.128623 0.100348
FixedParameters: 0 0 0

#Transform 62
Transform: AffineTransform_float_3_3
Parameters: 0.999993 0.00301914 0.00195187 -0.00302185 0.999995 0.000948108 -0.00194913 -0.000953891 0.999997 -0.235449 -0.0393452 0.198602
FixedParameters: 0 0 0

#Transform 63
Transform: AffineTransform_float_3_3
Parameters: 0.999992 0.00365422 0.00191949 -0.00365479 0.999993 0.000404988 -0.00191751 -0.000412011 0.999998 -0.309199 0.0173882 0.169363
FixedParameters: 0 0 0

#Transform 64
Transform: AffineTransform_float_3_3
Parameters: 0.999991 0.00377829 0.00150026 -0.0037777 0.999993 -0.000199669 -0.00150074 0.000193331 0.999999 -0.34764 0.0271236 0.143579
FixedParameters: 0 0 0

#Transform 65
Transform: AffineTransform_float_3_3
Parameters: 0.999992 0.00390213 0.000952451 -0.00390187 0.999993 -0.000142718 -0.000953547 0.00013828 1 -0.333126 0.0265403 -0.120561
FixedParameters: 0 0 0

#Transform 66
Transform: AffineTransform_float_3_3
Parameters: 0.999993 0.00369377 0.00130648 -0.00369423 0.999992 0.00093918 -0.00130252 -0.000943818 0.999998 -0.344132 -0.0539354 0.156407
FixedParameters: 0 0 0

#Transform 67
Transform: AffineTransform_float_3_3
Parameters: 0.999991 0.00395893 0.00115424 -0.00395907 0.999992 5.84308e-05 -0.00115376 -6.25682e-05 1 -0.314474 0.0111712 -0.162467
FixedParameters: 0 0 0

#Transform 68
Transform: AffineTransform_float_3_3
Parameters: 0.999993 0.00369511 0.000222173 -0.00369489 0.999993 -0.000494824 -0.000223827 0.000494176 1 -0.31656 -0.0591841 -0.106294
FixedParameters: 0 0 0

#Transform 69
Transform: AffineTransform_float_3_3
Parameters: 0.999992 0.00360074 0.00197331 -0.00360227 0.999994 0.000636897 -0.00197069 -0.000644101 0.999998 -0.335421 -0.0425266 -0.00750443
FixedParameters: 0 0 0

#Transform 70
Transform: AffineTransform_float_3_3
Parameters: 0.999993 0.0037941 0.000191931 -0.00379389 0.999992 -0.000545732 -0.00019407 0.000545267 1 -0.320277 0.0386832 -0.151564
FixedParameters: 0 0 0

#Transform 71
Transform: AffineTransform_float_3_3
Parameters: 0.999994 0.00312456 0.000984383 -0.00312443 0.999995 0.000440927 -0.000982617 -0.000444073 1 -0.315113 -0.0540989 0.10184
FixedParameters: 0 0 0

#Transform 72
Transform: AffineTransform_float_3_3
Parameters: 0.999993 0.00343601 0.000886095 -0.00343499 0.999994 -0.00113805 -0.000889904 0.00113495 0.999999 -0.247413 0.0413345 -0.112191
FixedParameters: 0 0 0

#Transform 73
Transform: AffineTransform_float_3_3
Parameters: 0.999995 0.00315403 0.000113157 -0.00315397 0.999995 -0.000267358 -0.000113845 0.000267642 1 -0.233935 -0.0377059 0.150602
FixedParameters: 0 0 0

#Transform 74
Transform: AffineTransform_float_3_3
Parameters: 0.999995 0.002929 -4.52019e-05 -0.002929 0.999995 -6.88679e-05 4.47977e-05 6.91315e-05 1 -0.223563 0.00470383 0.115613
FixedParameters: 0 0 0

#Transform 75
Transform: AffineTransform_float_3_3
Parameters: 0.999996 0.00303493 -0.000200107 -0.00303507 0.999996 -0.000364394 0.000198891 0.000365605 1 -0.198113 0.032756 -0.108883
FixedParameters: 0 0 0

#Transform 76
Transform: AffineTransform_float_3_3
Parameters: 0.999995 0.00298097 0.000173491 -0.00298103 0.999995 0.000164483 -0.000173507 -0.000165518 1 -0.203374 -0.0317763 0.0813605
FixedParameters: 0 0 0

#Transform 77
Transform: AffineTransform_float_3_3
Parameters: 0.999996 0.00303521 0.000327056 -0.00303479 0.999995 -0.000640995 -0.000328944 0.000640005 0.999999 -0.205817 0.00596456 -0.0970915
FixedParameters: 0 0 0

#Transform 78
Transform: AffineTransform_float_3_3
Parameters: 0.999994 0.00330671 0.000359481 -0.00330528 0.999992 -0.0019722 -0.000365517 0.0019708 0.999998 -0.245911 0.0272366 -0.0413219
FixedParameters: 0 0 0

#Transform 79
Transform: AffineTransform_float_3_3
Parameters: 0.999996 0.00303521 0.000249495 -0.00303479 0.999995 -0.000825761 -0.000251506 0.00082524 0.999999 -0.226402 0.00854449 0.0899495
FixedParameters: 0 0 0

#Transform 80
Transform: AffineTransform_float_3_3
Parameters: 0.999995 0.0033552 -0.000349773 -0.0033558 0.999991 -0.00231584 0.00034223 0.00231616 0.999998 -0.216314 0.0736452 -0.184936
FixedParameters: 0 0 0

#Transform 81
Transform: AffineTransform_float_3_3
Parameters: 0.999996 0.00303619 0.000443927 -0.00303481 0.999992 -0.00266036 -0.000452072 0.00265864 0.999997 -0.23545 -0.0140051 -0.0169034
FixedParameters: 0 0 0

#Transform 82
Transform: AffineTransform_float_3_3
Parameters: 0.999996 0.00287136 0.000258996 -0.00287164 0.999995 -0.00139475 -0.000263005 0.00139425 0.999999 -0.235552 -0.00649812 0.093526
FixedParameters: 0 0 0

#Transform 83
Transform: AffineTransform_float_3_3
Parameters: 0.999995 0.00333609 0.000565589 -0.00333591 0.999992 -0.0019229 -0.000571413 0.0019211 0.999998 -0.247082 0.0679609 -0.169386
FixedParameters: 0 0 0

#Transform 84
Transform: AffineTransform_float_3_3
Parameters: 0.999996 0.00265879 0.000888675 -0.00265722 0.999995 -0.00200437 -0.000894326 0.00200263 0.999997 -0.230087 -0.0248438 0.00557531
FixedParameters: 0 0 0

#Transform 85
Transform: AffineTransform_float_3_3
Parameters: 0.999995 0.00310815 0.00068077 -0.00310685 0.999994 -0.00168412 -0.00068523 0.00168188 0.999999 -0.243784 0.0188836 -0.0779655
FixedParameters: 0 0 0

#Transform 86
Transform: AffineTransform_float_3_3
Parameters: 0.999995 0.00333718 7.42409e-05 -0.00333682 0.999991 -0.00232526 -8.1758e-05 0.00232474 0.999998 -0.248823 0.0540458 -0.169353
FixedParameters: 0 0 0

#Transform 87
Transform: AffineTransform_float_3_3
Parameters: 0.999996 0.00296864 0.000336442 -0.00296837 0.999994 -0.00187301 -0.000341559 0.00187199 0.999998 -0.237965 -0.0105581 -0.0654841
FixedParameters: 0 0 0

#Transform 88
Transform: AffineTransform_float_3_3
Parameters: 0.999995 0.00306196 0.000377338 -0.00306105 0.999992 -0.00250317 -0.000384661 0.00250183 0.999997 -0.264885 0.015435 -0.0346476
FixedParameters: 0 0 0

#Transform 89
Transform: AffineTransform_float_3_3
Parameters: 0.999994 0.00328952 -0.000158303 -0.00329048 0.999989 -0.0031315 0.000148694 0.00313251 0.999995 -0.278042 0.0869575 -0.125942
FixedParameters: 0 0 0

#Transform 90
Transform: AffineTransform_float_3_3
Parameters: 0.999995 0.00315609 3.13085e-05 -0.00315591 0.999992 -0.00243711 -3.96909e-05 0.00243689 0.999997 -0.282287 -0.02062 0.036106
FixedParameters: 0 0 0

#Transform 91
Transform: AffineTransform_float_3_3
Parameters: 0.999995 0.00310483 -6.14387e-05 -0.00310517 0.99999 -0.00303982 5.15603e-05 0.00304017 0.999996 -0.25851 0.0723883 -0.170818
FixedParameters: 0 0 0

#Transform 92
Transform: AffineTransform_float_3_3
Parameters: 0.999996 0.00284094 -2.35087e-05 -0.00284106 0.999992 -0.00299495 1.4491e-05 0.00299505 0.999995 -0.256205 0.0315152 -0.00981128
FixedParameters: 0 0 0

#Transform 93
Transform: AffineTransform_float_3_3
Parameters: 0.999996 0.0026347 0.00093119 -0.0026333 0.999995 -0.00182746 -0.000935809 0.00182454 0.999998 -0.253522 0.0038428 0.115371
FixedParameters: 0 0 0

#Transform 94
Transform: AffineTransform_float_3_3
Parameters: 0.999993 0.00355542 0.000506086 -0.00355357 0.99999 -0.00278982 -0.000515913 0.00278818 0.999996 -0.253005 0.0798633 -0.119973
FixedParameters: 0 0 0

#Transform 95
Transform: AffineTransform_float_3_3
Parameters: 0.999996 0.00275196 -2.28837e-05 -0.00275204 0.999994 -0.00213794 1.71161e-05 0.00213805 0.999997 -0.2246 -0.0207402 0.00450328
FixedParameters: 0 0 0

#Transform 96
Transform: AffineTransform_float_3_3
Parameters: 0.999995 0.00282683 0.000833802 -0.00282516 0.999993 -0.00219436 -0.000839197 0.00219164 0.999997 -0.205406 -0.00635459 -0.0765592
FixedParameters: 0 0 0

#Transform 97
Transform: AffineTransform_float_3_3
Parameters: 0.999996 0.00275224 8.65524e-05 -0.00275176 0.999992 -0.00270625 -9.34463e-05 0.00270575 0.999997 -0.162991 0.0410804 -0.121499
FixedParameters: 0 0 0

#Transform 98
Transform: AffineTransform_float_3_3
Parameters: 0.999996 0.00275331 0.000624258 -0.00275169 0.999994 -0.00208673 -0.000629739 0.00208427 0.999997 -0.210794 -0.0406423 -0.038464
FixedParameters: 0 0 0

#Transform 99
Transform: AffineTransform_float_3_3
Parameters: 0.999996 0.00297466 0.000277063 -0.00297435 0.999993 -0.00233283 -0.000283936 0.00233117 0.999997 -0.226692 0.0493881 -0.15872
FixedParameters: 0 0 0

#Transform 100
Transform: AffineTransform_float_3_3
Parameters: 0.999995 0.00301923 0.000654346 -0.00301777 0.999993 -0.00187398 -0.000659654 0.00187202 0.999998 -0.216181 -0.0209202 0.00137859
FixedParameters: 0 0 0

#Transform 101
Transform: AffineTransform_float_3_3
Parameters: 0.999994 0.0031882 0.00128455 -0.0031858 0.999994 -0.0017111 -0.00128945 0.0017069 0.999997 -0.260843 -0.0130897 -0.0488482
FixedParameters: 0 0 0

#Transform 102
Transform: AffineTransform_float_3_3
Parameters: 0.999994 0.0033678 0.000713545 -0.0033662 0.999991 -0.00251242 -0.000722457 0.00251058 0.999996 -0.253362 0.0679926 -0.209197
FixedParameters: 0 0 0

#Transform 103
Transform: AffineTransform_float_3_3
Parameters: 0.999996 0.00289286 0.000897022 -0.00289114 0.999993 -0.0020686 -0.000902981 0.0020664 0.999998 -0.26005 -0.00959246 0.101568
FixedParameters: 0 0 0

#Transform 104
Transform: AffineTransform_float_3_3
Parameters: 0.999994 0.00330415 0.000883002 -0.00330285 0.999991 -0.00242293 -0.000891 0.00242007 0.999996 -0.267967 0.0647268 -0.0519749
FixedParameters: 0 0 0

#Transform 105
Transform: AffineTransform_float_3_3
Parameters: 0.999994 0.00330263 0.000263221 -0.00330237 0.999992 -0.00235588 -0.00027078 0.00235512 0.999997 -0.257392 0.0287762 -0.11541
FixedParameters: 0 0 0

#Transform 106
Transform: AffineTransform_float_3_3
Parameters: 0.999995 0.00297508 0.00111244 -0.00297292 0.999994 -0.00187032 -0.00111756 0.00186768 0.999997 -0.263117 -0.000961452 0.110159
FixedParameters: 0 0 0

#Transform 107
Transform: AffineTransform_float_3_3
Parameters: 0.999994 0.00330507 0.00092814 -0.00330193 0.999989 -0.00328909 -0.00093886 0.00328592 0.999994 -0.277306 0.0791556 -0.107336
FixedParameters: 0 0 0

#Transform 108
Transform: AffineTransform_float_3_3
Parameters: 0.999994 0.00330459 0.000923782 -0.00330241 0.99999 -0.00279207 -0.000933219 0.00278893 0.999995 -0.265563 0.0233345 0.0175287
FixedParameters: 0 0 0

#Transform 109
Transform: AffineTransform_float_3_3
Parameters: 0.999995 0.00302266 0.00074631 -0.00302134 0.999993 -0.00221527 -0.000752694 0.00221374 0.999998 -0.256119 0.0370746 -0.0643275
FixedParameters: 0 0 0

#Transform 110
Transform: AffineTransform_float_3_3
Parameters: 0.999995 0.00330346 0.000468862 -0.00330255 0.99999 -0.00307057 -0.000479139 0.00306843 0.999995 -0.265432 0.0365656 -0.0963774
FixedParameters: 0 0 0

#Transform 111
Transform: AffineTransform_float_3_3
Parameters: 0.999994 0.00330474 0.00150601 -0.00330226 0.999993 -0.00181599 -0.00151199 0.00181102 0.999997 -0.300969 -0.0226624 0.137169
FixedParameters: 0 0 0

#Transform 112
Transform: AffineTransform_float_3_3
Parameters: 0.999994 0.00330532 0.000987967 -0.00330269 0.999989 -0.00334128 -0.000998034 0.00333772 0.999994 -0.293268 0.0711266 -0.143564
FixedParameters: 0 0 0

#Transform 113
Transform: AffineTransform_float_3_3
Parameters: 0.999994 0.00330374 0.000770568 -0.00330226 0.999992 -0.00225156 -0.000777431 0.00224844 0.999997 -0.289884 -0.00894947 0.0289711
FixedParameters: 0 0 0

#Transform 114
Transform: AffineTransform_float_3_3
Parameters: 0.999994 0.00317908 0.00128842 -0.00317592 0.999992 -0.00238711 -0.00129558 0.0023829 0.999997 -0.296372 -0.000728948 -0.0218838
FixedParameters: 0 0 0

#Transform 115
Transform: AffineTransform_float_3_3
Parameters: 0.999994 0.00334642 0.000831318 -0.00334358 0.99999 -0.0028958 -0.000840682 0.00289321 0.999996 -0.297222 0.0357914 -0.0658242
FixedParameters: 0 0 0

#Transform 116
Transform: AffineTransform_float_3_3
Parameters: 0.999994 0.00296057 0.0013544 -0.00295743 0.999994 -0.00189402 -0.0013606 0.00188998 0.999998 -0.276128 -0.0134224 0.0520624
FixedParameters: 0 0 0

#Transform 117
Transform: AffineTransform_float_3_3
Parameters: 0.999995 0.00319469 0.00107713 -0.00319032 0.999989 -0.00340645 -0.00108787 0.00340254 0.999993 -0.273626 0.0412071 -0.148613
FixedParameters: 0 0 0

#Transform 118
Transform: AffineTransform_float_3_3
Parameters: 0.999994 0.00319296 0.00119176 -0.00319104 0.999993 -0.00164481 -0.00119724 0.00164119 0.999998 -0.295178 -0.0308202 0.11521
FixedParameters: 0 0 0

#Transform 119
Transform: AffineTransform_float_3_3
Parameters: 0.999994 0.00319352 0.00116913 -0.00319048 0.999992 -0.00215374 -0.00117587 0.00215026 0.999997 -0.322175 0.0173666 -0.00135123
FixedParameters: 0 0 0

#Transform 120
Transform: AffineTransform_float_3_3
Parameters: 0.999993 0.00360215 0.00149844 -0.00359985 0.999992 -0.00210141 -0.00150556 0.00209559 0.999996 -0.301489 -0.0080886 -0.0748038
FixedParameters: 0 0 0

#Transform 121
Transform: AffineTransform_float_3_3
Parameters: 0.999994 0.00291985 0.00217987 -0.00291915 0.999995 -0.000391366 -0.00218113 0.000384634 0.999997 -0.248305 -0.0578723 0.133019
FixedParameters: 0 0 0

#Transform 122
Transform: AffineTransform_float_3_3
Parameters: 0.999993 0.00338143 0.0016592 -0.00338357 0.999994 0.000942393 -0.0016568 -0.000948609 0.999998 -0.284652 -0.0203921 0.178706
FixedParameters: 0 0 0

#Transform 123
Transform: AffineTransform_float_3_3
Parameters: 0.999993 0.00366464 0.00135299 -0.00366437 0.999993 0.000268044 -0.00135201 -0.000272957 0.999999 -0.314534 0.041487 -0.177435
FixedParameters: 0 0 0

#Transform 124
Transform: AffineTransform_float_3_3
Parameters: 0.99999 0.00366172 0.00263856 -0.00366528 0.999992 0.00123934 -0.00263444 -0.00124966 0.999996 -0.372555 -0.12403 -0.0313788
FixedParameters: 0 0 0

#Transform 125
Transform: AffineTransform_float_3_3
Parameters: 0.999993 0.00317244 0.00201188 -0.00317256 0.999995 0.000274619 -0.00201112 -0.000281382 0.999998 -0.40411 -0.0789662 -0.0511785
FixedParameters: 0 0 0

#Transform 126
Transform: AffineTransform_float_3_3
Parameters: 0.999993 0.00353572 0.000630966 -0.00353528 0.999993 -0.00114224 -0.000635034 0.00113976 0.999999 -0.378571 0.00732343 -0.166289
FixedParameters: 0 0 0

#Transform 127
Transform: AffineTransform_float_3_3
Parameters: 0.999994 0.00317273 0.00126967 -0.00317227 0.999995 0.000209974 -0.00126833 -0.000214025 0.999999 -0.383135 -0.0954416 0.102833
FixedParameters: 0 0 0

#Transform 128
Transform: AffineTransform_float_3_3
Parameters: 0.999994 0.00339589 0.00072483 -0.00339511 0.999994 -0.00122947 -0.000728172 0.00122754 0.999999 -0.386304 0.000870978 -0.158277
FixedParameters: 0 0 0

#Transform 129
Transform: AffineTransform_float_3_3
Parameters: 0.999995 0.00317449 0.000624488 -0.00317251 0.999992 -0.00236799 -0.000631511 0.00236601 0.999997 -0.377117 -0.0307731 0.00557619
FixedParameters: 0 0 0

#Transform 130
Transform: AffineTransform_float_3_3
Parameters: 0.999994 0.003175 0.00130314 -0.003173 0.999994 -0.00153214 -0.00130786 0.00152786 0.999998 -0.40296 -0.0546074 0.0801854
FixedParameters: 0 0 0

#Transform 131
Transform: AffineTransform_float_3_3
Parameters: 0.999995 0.00317383 0.000427879 -0.00317217 0.999993 -0.00192937 -0.000433118 0.00192764 0.999998 -0.378369 0.0282849 -0.0504515
FixedParameters: 0 0 0

#Transform 132
Transform: AffineTransform_float_3_3
Parameters: 0.999994 0.00339367 0.000479277 -0.00339333 0.999994 -0.00139263 -0.000483721 0.00139037 0.999999 -0.429457 0.00480007 0.233581
FixedParameters: 0 0 0

#Transform 133
Transform: AffineTransform_float_3_3
Parameters: 0.999994 0.00317421 0.000840431 -0.00317278 0.999994 -0.00144067 -0.000845568 0.00143832 0.999998 -0.414697 -0.0034427 0.184861
FixedParameters: 0 0 0

#Transform 134
Transform: AffineTransform_float_3_3
Parameters: 0.999993 0.00371849 0.000256986 -0.00371751 0.999992 -0.00188697 -0.00026401 0.00188503 0.999998 -0.424142 -0.000194102 -0.248454
FixedParameters: 0 0 0

#Transform 135
Transform: AffineTransform_float_3_3
Parameters: 0.999993 0.00371791 -4.26515e-05 -0.00371809 0.999991 -0.00232686 3.43515e-05 0.00232615 0.999998 -0.428823 -0.0229933 -0.213678
FixedParameters: 0 0 0

#Transform 136
Transform: AffineTransform_float_3_3
Parameters: 0.999993 0.00371948 0.000805185 -0.00371752 0.999992 -0.00183401 -0.000811814 0.00183099 0.999998 -0.454093 -0.0681365 0.07211
FixedParameters: 0 0 0

#Transform 137
Transform: AffineTransform_float_3_3
Parameters: 0.999993 0.00371955 0.00062384 -0.00371745 0.99999 -0.00246434 -0.000633157 0.00246166 0.999997 -0.425649 0.0506642 -0.197852
FixedParameters: 0 0 0

#Transform 138
Transform: AffineTransform_float_3_3
Parameters: 0.999995 0.00321457 -0.000204914 -0.00321543 0.999993 -0.00215035 0.000198086 0.00215065 0.999997 -0.403617 -0.0339145 -0.140526
FixedParameters: 0 0 0

#Transform 139
Transform: AffineTransform_float_3_3
Parameters: 0.999994 0.003216 0.000511727 -0.00321499 0.999993 -0.00195166 -0.000518274 0.00195034 0.999998 -0.427025 -0.0510615 -0.00403946
FixedParameters: 0 0 0

#Transform 140
Transform: AffineTransform_float_3_3
Parameters: 0.999993 0.00363066 0.000831807 -0.00362935 0.999992 -0.00198303 -0.000839193 0.00197997 0.999997 -0.421981 0.0270346 -0.26146
FixedParameters: 0 0 0

#Transform 141
Transform: AffineTransform_float_3_3
Parameters: 0.999991 0.0038492 0.00174276 -0.0038458 0.999989 -0.00240472 -0.00175224 0.00239828 0.999995 -0.507787 -0.0342494 0.0980829
FixedParameters: 0 0 0

#Transform 142
Transform: AffineTransform_float_3_3
Parameters: 0.99999 0.00385075 0.00199771 -0.00384825 0.999991 -0.0013787 -0.00200329 0.0013713 0.999997 -0.524655 -0.036996 0.046876
FixedParameters: 0 0 0

#Transform 143
Transform: AffineTransform_float_3_3
Parameters: 0.999989 0.003916 0.00279201 -0.00391601 0.999993 -2.93357e-06 -0.00279199 -7.93351e-06 0.999996 -0.525222 -0.0514768 0.0738722
FixedParameters: 0 0 0

#Transform 144
Transform: AffineTransform_float_3_3
Parameters: 0.999992 0.00303711 0.00234645 -0.00303889 0.999995 0.000801875 -0.00234355 -0.000809124 0.999997 -0.479327 -0.0480829 0.0098662
FixedParameters: 0 0 0

#Transform 145
Transform: AffineTransform_float_3_3
Parameters: 0.999993 0.00354081 0.000528583 -0.00354018 0.999992 -0.00153088 -0.000534417 0.00152912 0.999998 -0.445631 -0.00687434 -0.177655
FixedParameters: 0 0 0

#Transform 146
Transform: AffineTransform_float_3_3
Parameters: 0.999993 0.00354255 0.00128097 -0.00354045 0.999992 -0.00198655 -0.00128803 0.00198245 0.999997 -0.447947 -0.0578622 -0.0051466
FixedParameters: 0 0 0

#Transform 147
Transform: AffineTransform_float_3_3
Parameters: 0.999992 0.00389516 0.000860778 -0.00389384 0.999991 -0.00134236 -0.000866223 0.00133964 0.999998 -0.463885 0.0140464 -0.108347
FixedParameters: 0 0 0

#Transform 148
Transform: AffineTransform_float_3_3
Parameters: 0.999993 0.00354178 0.00101884 -0.00354022 0.999992 -0.00174062 -0.00102516 0.00173638 0.999998 -0.449867 -0.0116398 -0.0121662
FixedParameters: 0 0 0

#Transform 149
Transform: AffineTransform_float_3_3
Parameters: 0.999993 0.00361914 0.00114022 -0.00361686 0.999991 -0.00187514 -0.00114678 0.00187086 0.999997 -0.44742 0.00554385 -0.0193077
FixedParameters: 0 0 0

#Transform 150
Transform: AffineTransform_float_3_3
Parameters: 0.999995 0.00335777 -0.00011586 -0.00335823 0.999993 -0.00204262 0.000108142 0.00204238 0.999998 -0.396304 0.0384576 -0.190691
FixedParameters: 0 0 0

#Transform 151
Transform: AffineTransform_float_3_3
Parameters: 0.999994 0.00345699 -1.10133e-05 -0.00345702 0.999992 -0.00231798 2.98658e-06 0.00231803 0.999998 -0.447992 -0.0416346 0.0195459
FixedParameters: 0 0 0

#Transform 152
Transform: AffineTransform_float_3_3
Parameters: 0.999993 0.00362348 0.000709467 -0.00362152 0.999992 -0.00208058 -0.000717533 0.00207841 0.999997 -0.450663 0.0430058 -0.070794
FixedParameters: 0 0 0

#Transform 153
Transform: AffineTransform_float_3_3
Parameters: 0.999993 0.00370007 2.79522e-05 -0.00369993 0.999991 -0.00217512 -3.60472e-05 0.00217488 0.999997 -0.427267 0.0340904 -0.111257
FixedParameters: 0 0 0

#Transform 154
Transform: AffineTransform_float_3_3
Parameters: 0.999994 0.00336389 -0.000631915 -0.00336511 0.999993 -0.00175688 0.000626085 0.00175912 0.999999 -0.439584 -0.0554274 0.00499444
FixedParameters: 0 0 0

#Transform 155
Transform: AffineTransform_float_3_3
Parameters: 0.999994 0.00345654 -0.000202981 -0.00345746 0.999992 -0.00230831 0.00019502 0.00230869 0.999998 -0.412912 0.0404457 -0.139439
FixedParameters: 0 0 0

#Transform 156
Transform: AffineTransform_float_3_3
Parameters: 0.999995 0.00326728 -0.000818902 -0.00326872 0.999993 -0.00211034 0.000812101 0.00211267 0.999998 -0.406524 -0.030241 -0.0113013
FixedParameters: 0 0 0

#Transform 157
Transform: AffineTransform_float_3_3
Parameters: 0.999994 0.00326933 0.000199726 -0.00326867 0.999994 -0.00161366 -0.000204271 0.00161234 0.999998 -0.431373 -0.0408355 0.0345361
FixedParameters: 0 0 0

#Transform 158
Transform: AffineTransform_float_3_3
Parameters: 0.999995 0.00335302 2.05153e-06 -0.00335298 0.99999 -0.00296702 -1.19483e-05 0.00296698 0.999995 -0.414758 0.0393948 -0.268727
FixedParameters: 0 0 0

#Transform 159
Transform: AffineTransform_float_3_3
Parameters: 0.999995 0.00335259 -0.000195251 -0.00335342 0.999992 -0.00216236 0.000187746 0.00216364 0.999997 -0.393747 -0.0486167 -0.0821481
FixedParameters: 0 0 0

#Transform 160
Transform: AffineTransform_float_3_3
Parameters: 0.999994 0.00327232 -0.000329844 -0.00327268 0.999993 -0.00209093 0.000323156 0.00209207 0.999998 -0.375988 -0.00760234 -0.244051
FixedParameters: 0 0 0

#Transform 161
Transform: AffineTransform_float_3_3
Parameters: 0.999995 0.00319553 0.000177621 -0.00319546 0.99999 -0.00293558 -0.000187382 0.00293541 0.999995 -0.384746 -0.0454875 -0.113813
FixedParameters: 0 0 0

#Transform 162
Transform: AffineTransform_float_3_3
Parameters: 0.999994 0.00324626 0.0001043 -0.00324574 0.999992 -0.00237235 -0.000111699 0.00237165 0.999997 -0.406064 -0.0267386 -0.0262344
FixedParameters: 0 0 0

#Transform 163
Transform: AffineTransform_float_3_3
Parameters: 0.999992 0.00381631 0.000541846 -0.00381569 0.99999 -0.00240008 -0.000551155 0.00239791 0.999997 -0.411434 0.0152611 -0.214906
FixedParameters: 0 0 0

#Transform 164
Transform: AffineTransform_float_3_3
Parameters: 0.999995 0.00337939 0.000228355 -0.00337861 0.999993 -0.00167078 -0.000233645 0.00167022 0.999998 -0.426538 -0.033458 0.108003
FixedParameters: 0 0 0

#Transform 165
Transform: AffineTransform_float_3_3
Parameters: 0.999995 0.00337948 0.000266973 -0.00337852 0.999992 -0.00178391 -0.000273023 0.00178209 0.999999 -0.400546 0.0278154 -0.204129
FixedParameters: 0 0 0

#Transform 166
Transform: AffineTransform_float_3_3
Parameters: 0.999995 0.00337903 8.33312e-06 -0.00337898 0.999993 -0.00197304 -1.46667e-05 0.00197296 0.999998 -0.387357 -0.0150493 -0.202971
FixedParameters: 0 0 0

#Transform 167
Transform: AffineTransform_float_3_3
Parameters: 0.999997 0.0024798 0.000929883 -0.0024792 0.999996 -0.000855308 -0.000932118 0.000852691 0.999999 -0.354199 -0.096181 0.116413
FixedParameters: 0 0 0

#Transform 168
Transform: AffineTransform_float_3_3
Parameters: 0.999996 0.00289979 0.000764014 -0.00289921 0.999996 -0.00103122 -0.00076699 0.00102978 0.999999 -0.331217 -0.00594624 -0.235777
FixedParameters: 0 0 0

#Transform 169
Transform: AffineTransform_float_3_3
Parameters: 0.999994 0.00342028 0.000421701 -0.00341971 0.999989 -0.00301246 -0.000432303 0.00301154 0.999996 -0.38521 0.00764378 0.288976
FixedParameters: 0 0 0

#Transform 170
Transform: AffineTransform_float_3_3
Parameters: 0.999991 0.00320983 0.00286067 -0.00319717 0.999985 -0.00447719 -0.00287533 0.00446781 0.999986 -0.488819 0.144132 1.16144
FixedParameters: 0 0 0

#Transform 171
Transform: AffineTransform_float_3_3
Parameters: 0.99999 0.00348389 0.00252393 -0.00347011 0.999979 -0.00548881 -0.00254207 0.00547919 0.999982 -0.548062 0.216462 1.1733
FixedParameters: 0 0 0

#Transform 172
Transform: AffineTransform_float_3_3
Parameters: 0.999991 0.00365148 0.00238448 -0.00363852 0.999977 -0.00563473 -0.00240452 0.00562527 0.999982 -0.56438 0.228692 1.24689
FixedParameters: 0 0 0

#Transform 173
Transform: AffineTransform_float_3_3
Parameters: 0.99999 0.0036544 0.00263853 -0.00364059 0.99998 -0.00506865 -0.00265647 0.00505834 0.999983 -0.532018 0.24939 0.972067
FixedParameters: 0 0 0

#Transform 174
Transform: AffineTransform_float_3_3
Parameters: 0.999996 0.00284407 0.000265767 -0.00284293 0.999988 -0.00395077 -0.000277234 0.00395023 0.999992 -0.434627 0.191354 0.116122
FixedParameters: 0 0 0

#Transform 175
Transform: AffineTransform_float_3_3
Parameters: 0.999997 0.00268768 -0.000489292 -0.00268832 0.999992 -0.00271169 0.00048271 0.00271331 0.999996 -0.439466 -0.013225 0.368937
FixedParameters: 0 0 0

#Transform 176
Transform: AffineTransform_float_3_3
Parameters: 0.999996 0.00265443 -0.00099587 -0.00265757 0.999993 -0.00258536 0.00098913 0.00258764 0.999996 -0.433302 0.0275441 0.344023
FixedParameters: 0 0 0

#Transform 177
Transform: AffineTransform_float_3_3
Parameters: 0.999997 0.00234327 -0.000523793 -0.00234473 0.999991 -0.00332378 0.000516208 0.00332522 0.999995 -0.435425 0.0376342 0.358618
FixedParameters: 0 0 0

#Transform 178
Transform: AffineTransform_float_3_3
Parameters: 0.999997 0.00239573 -0.000669179 -0.00239727 0.999992 -0.00341141 0.000660822 0.00341359 0.999994 -0.442657 0.0972594 0.503484
FixedParameters: 0 0 0

#Transform 179
Transform: AffineTransform_float_3_3
Parameters: 0.999995 0.00279488 -0.000881757 -0.00279712 0.999993 -0.00241554 0.000874241 0.00241845 0.999996 -0.465804 0.0471673 0.26069
FixedParameters: 0 0 0

#Transform 180
Transform: AffineTransform_float_3_3
Parameters: 0.999996 0.00270265 -0.000637078 -0.00270536 0.99999 -0.00372629 0.000626922 0.00372771 0.999993 -0.436747 0.0947769 -0.23119
FixedParameters: 0 0 0

#Transform 181
Transform: AffineTransform_float_3_3
Parameters: 0.999997 0.00243849 -0.000711198 -0.00243951 0.999995 -0.00213027 0.0007058 0.00213273 0.999997 -0.435391 -0.102107 0.117608
FixedParameters: 0 0 0

#Transform 182
Transform: AffineTransform_float_3_3
Parameters: 0.999997 0.00268697 0.000108763 -0.00268703 0.999997 0.000283709 -0.000108239 -0.000283292 1 -0.432486 -0.126027 0.271897
FixedParameters: 0 0 0

#Transform 183
Transform: AffineTransform_float_3_3
Parameters: 0.999995 0.00282546 0.000920489 -0.00282354 0.999993 -0.00266061 -0.000927513 0.00265839 0.999996 -0.433192 0.0430309 0.011797
FixedParameters: 0 0 0

#Transform 184
Transform: AffineTransform_float_3_3
Parameters: 0.999997 0.00262416 0.000391936 -0.00262384 0.999997 -0.00040603 -0.000393064 0.00040497 1 -0.416579 -0.110555 0.243832
FixedParameters: 0 0 0

#Transform 185
Transform: AffineTransform_float_3_3
Parameters: 0.999997 0.00262424 0.000503778 -0.00262377 0.999997 -0.000466324 -0.000505221 0.000464676 1 -0.418279 -0.0327 0.0639506
FixedParameters: 0 0 0

#Transform 186
Transform: AffineTransform_float_3_3
Parameters: 0.999995 0.00293037 -0.000372986 -0.00293063 0.999995 -0.00170091 0.000368014 0.00170209 0.999998 -0.369362 0.0035791 -0.117731
FixedParameters: 0 0 0

#Transform 187
Transform: AffineTransform_float_3_3
