#Insight Transform File V1.0
#Transform 0
Transform: AffineTransform_float_3_3
Parameters: 0.999998 -0.00126581 -0.00119439 0.00126919 0.999995 0.00267249 0.00119161 -0.00267351 0.999995 0.0875538 -0.247088 0.106747
FixedParameters: 0 0 0

#Transform 1
Transform: AffineTransform_float_3_3
Parameters: 0.999996 -0.00152136 -0.00234659 0.00153264 0.999987 0.00496543 0.00233842 -0.00496858 0.999985 0.226974 -0.50324 0.0568461
FixedParameters: 0 0 0

#Transform 2
Transform: AffineTransform_float_3_3
Parameters: 0.999992 -0.00297916 -0.00261883 0.00299384 0.999981 0.0052982 0.00260216 -0.00530579 0.999982 0.279956 -0.538278 0.176622
FixedParameters: 0 0 0

#Transform 3
Transform: AffineTransform_float_3_3
Parameters: 0.999996 -0.00250694 -0.00173888 0.00251107 0.999994 0.00233964 0.00173312 -0.00234436 0.999996 0.29841 -0.360357 0.127038
FixedParameters: 0 0 0

#Transform 4
Transform: AffineTransform_float_3_3
Parameters: 0.999996 -0.00209913 -0.00145017 0.00210187 0.999996 0.00198196 0.00144683 -0.00198504 0.999997 0.324635 -0.263624 0.154489
FixedParameters: 0 0 0

#Transform 5
Transform: AffineTransform_float_3_3
Parameters: 0.999998 -0.00210113 -0.000897033 0.00210187 0.999998 0.000966118 0.000894966 -0.000968883 0.999999 0.323904 -0.181036 0.176773
FixedParameters: 0 0 0

#Transform 6
Transform: AffineTransform_float_3_3
Parameters: 0.999998 -0.00190466 -0.000800798 0.00190534 0.999998 0.000418475 0.0008002 -0.000420525 0.999999 0.273888 -0.119339 0.145356
FixedParameters: 0 0 0

#Transform 7
Transform: AffineTransform_float_3_3
Parameters: 0.999998 -0.00110481 -0.00119902 0.00110719 0.999997 0.00182467 0.00119698 -0.00182532 0.999997 0.189056 -0.0433146 0.00608347
FixedParameters: 0 0 0

#Transform 8
Transform: AffineTransform_float_3_3
Parameters: 0.999998 -0.000979857 -0.00176475 0.000983144 0.999998 0.00178127 0.00176325 -0.00178273 0.999997 0.19457 -0.124736 0.046104
FixedParameters: 0 0 0

#Transform 9
Transform: AffineTransform_float_3_3
Parameters: 1 -0.000355312 -0.000299817 0.000355689 0.999998 0.0022979 0.000299183 -0.00229811 0.999998 0.085196 -0.15972 0.0836565
FixedParameters: 0 0 0

#Transform 10
Transform: AffineTransform_float_3_3
Parameters: 1 -0.000344261 0.000236621 0.00034374 1 0.00110108 -0.000236379 -0.00110092 1 0.0738633 -0.0918582 0.163234
FixedParameters: 0 0 0

#Transform 11
Transform: AffineTransform_float_3_3
Parameters: 1 -0.000252256 0.000329804 0.000251744 0.999999 0.000776083 -0.000330195 -0.000775916 0.999999 0.0337585 -0.0518972 0.160846
FixedParameters: 0 0 0

#Transform 12
Transform: AffineTransform_float_3_3
Parameters: 1 -0.000736767 -0.000843956 0.000738234 0.999996 0.00264938 0.000842048 -0.00264962 0.999996 0.0414213 -0.00887692 -0.103285
FixedParameters: 0 0 0

#Transform 13
Transform: AffineTransform_float_3_3
Parameters: 0.999999 -0.000919694 -0.000913329 0.000921306 0.999997 0.00252816 0.000910674 -0.00252884 0.999997 0.0449327 -0.133658 -0.008968
FixedParameters: 0 0 0

#Transform 14
Transform: AffineTransform_float_3_3
Parameters: 1 -0.00101081 -0.000419461 0.00101019 1 0.000455577 0.00041954 -0.000455424 1 0.0299578 -0.0960955 -0.0802241
FixedParameters: 0 0 0

#Transform 15
Transform: AffineTransform_float_3_3
Parameters: 0.999999 -0.000853074 0.000162611 0.000852925 0.999999 0.000456139 -0.000163389 -0.000455861 1 0.010129 -0.0794517 -0.105787
FixedParameters: 0 0 0

#Transform 16
Transform: AffineTransform_float_3_3
Parameters: 1 -0.000505001 -1.19556e-05 0.000504999 1 -8.8006e-05 1.20444e-05 8.79939e-05 1 0.00202771 0.00300709 -0.138258
FixedParameters: 0 0 0

#Transform 17
Transform: AffineTransform_float_3_3
Parameters: 1 -0.000504998 -1.20576e-05 0.000505001 1 0.000113994 1.19424e-05 -0.000114006 1 0.0132517 -0.125517 -0.0649482
FixedParameters: 0 0 0

#Transform 18
Transform: AffineTransform_float_3_3
Parameters: 0.999999 -0.000207388 0.000742891 0.000206611 1 0.000523153 -0.000743108 -0.000522846 0.999999 -0.012982 -0.0996007 0.0457286
FixedParameters: 0 0 0

#Transform 19
Transform: AffineTransform_float_3_3
Parameters: 1 -0.000258821 0.0002312 0.000259178 0.999999 -0.00077194 -0.0002308 0.000772059 0.999999 0.0204925 -0.0345053 0.0682458
FixedParameters: 0 0 0

#Transform 20
Transform: AffineTransform_float_3_3
Parameters: 1 -1.17237e-05 0.000413008 1.22763e-05 1 -0.000668995 -0.000412992 0.000669005 0.999999 -0.0122281 0.0070299 -0.0200208
FixedParameters: 0 0 0

#Transform 21
Transform: AffineTransform_float_3_3
Parameters: 1 -0.0004 -0.000398 0.0004 1 -1.592e-07 0.000398 -1.592e-07 1 0.051181 0.00448447 -0.10371
FixedParameters: 0 0 0

#Transform 22
Transform: AffineTransform_float_3_3
Parameters: 1 -0.000504708 -0.000477308 0.000505291 0.999999 0.000610759 0.000476691 -0.00061124 0.999999 0.0544669 -0.0842396 -0.0120481
FixedParameters: 0 0 0

#Transform 23
Transform: AffineTransform_float_3_3
Parameters: 1 -0.000391017 2.87744e-05 0.000390983 1 0.000577011 -2.92256e-05 -0.000576988 1 0.0375219 -0.105003 0.0285798
FixedParameters: 0 0 0

#Transform 24
Transform: AffineTransform_float_3_3
Parameters: 0.999999 -0.000505522 0.000596558 0.000505478 1 0.000874303 -0.000597442 -0.000873699 1 -0.000616761 -0.0859875 0.00139762
FixedParameters: 0 0 0

#Transform 25
Transform: AffineTransform_float_3_3
Parameters: 1 -0.000296995 -3.10505e-05 0.000297005 1 0.000169991 3.09495e-05 -0.000170009 1 0.0138734 -0.00683705 -0.105774
FixedParameters: 0 0 0

#Transform 26
Transform: AffineTransform_float_3_3
Parameters: 1 -0.000504984 -0.000428019 0.000505016 1 3.77838e-05 0.000427981 -3.72161e-05 1 0.0298811 -0.0260835 -0.0987894
FixedParameters: 0 0 0

#Transform 27
Transform: AffineTransform_float_3_3
Parameters: 1 -0.000504938 -6.74686e-05 0.000505062 1 0.000927966 6.65313e-05 -0.000928034 0.999999 0.02781 -0.128162 0.0122604
FixedParameters: 0 0 0

#Transform 28
Transform: AffineTransform_float_3_3
Parameters: 0.999999 -0.000726851 -0.000189573 0.00072715 1 0.000787862 0.000189427 -0.000788138 0.999999 0.0333172 -0.0794883 0.0230494
FixedParameters: 0 0 0

#Transform 29
Transform: AffineTransform_float_3_3
Parameters: 1 -0.000504818 -0.000189487 0.000505183 1 0.000964904 0.000189513 -0.000964096 0.999999 0.0317058 -0.0773914 0.0831062
FixedParameters: 0 0 0

#Transform 30
Transform: AffineTransform_float_3_3
Parameters: 1 -0.00050496 -2.77403e-05 0.00050504 0.999999 0.00146599 2.72596e-05 -0.00146601 0.999999 0.0450637 -0.0623174 0.141266
FixedParameters: 0 0 0

#Transform 31
Transform: AffineTransform_float_3_3
Parameters: 1 -0.000505365 0.000362491 0.000504634 1 0.00100718 -0.000363508 -0.00100682 1 0.0198624 -0.0342755 0.133374
FixedParameters: 0 0 0

#Transform 32
Transform: AffineTransform_float_3_3
Parameters: 1 -0.000505091 0.000145685 0.000504909 0.999999 0.000623073 -0.000146315 -0.000622926 1 0.00386959 -0.02201 0.11563
FixedParameters: 0 0 0

#Transform 33
Transform: AffineTransform_float_3_3
Parameters: 0.999999 -0.00050431 -0.000525663 0.000504691 0.999999 0.00131474 0.000525337 -0.00131427 0.999999 0.0334148 -0.00391733 0.0165287
FixedParameters: 0 0 0

#Transform 34
Transform: AffineTransform_float_3_3
Parameters: 0.999999 -0.000504524 -0.000539446 0.000505477 1 0.000882728 0.000539554 -0.000883273 1 0.0325175 -0.0944249 0.0872244
FixedParameters: 0 0 0

#Transform 35
Transform: AffineTransform_float_3_3
Parameters: 1 -0.000447778 -0.000173573 0.000448222 0.999999 0.00127892 0.000173427 -0.00127908 0.999999 0.0186315 -0.030928 0.156296
FixedParameters: 0 0 0

#Transform 36
Transform: AffineTransform_float_3_3
Parameters: 1 -0.000504984 -1.74742e-05 0.000505016 1 0.000938991 1.65258e-05 -0.000939008 0.999999 0.0281158 0.0192286 0.149344
FixedParameters: 0 0 0

#Transform 37
Transform: AffineTransform_float_3_3
Parameters: 1 -0.000382949 -6.8288e-05 0.000383052 0.999999 0.000751973 6.87119e-05 -0.000752026 0.999999 -0.000247661 -0.000757415 0.0953871
FixedParameters: 0 0 0

#Transform 38
Transform: AffineTransform_float_3_3
Parameters: 1 -0.000504899 -0.000247206 0.000505101 1 0.000408875 0.000246794 -0.000408125 1 0.00634597 0.0509664 -0.0622297
FixedParameters: 0 0 0

#Transform 39
Transform: AffineTransform_float_3_3
Parameters: 0.999999 -0.000710867 -0.000110857 0.000711133 0.999999 0.00120592 0.000110142 -0.00120608 1 0.0187631 -0.0751433 0.0582678
FixedParameters: 0 0 0

#Transform 40
Transform: AffineTransform_float_3_3
Parameters: 0.999999 -0.000925258 0.000254061 0.000924741 0.999999 0.00101524 -0.000254939 -0.00101477 1 0.00129571 -0.000773152 0.0741027
FixedParameters: 0 0 0

#Transform 41
Transform: AffineTransform_float_3_3
Parameters: 0.999999 -0.000793018 0.000436966 0.000792981 0.999999 4.23465e-05 -0.000437034 -4.26534e-05 1 0.00370999 0.0807879 -0.0178277
FixedParameters: 0 0 0

#Transform 42
Transform: AffineTransform_float_3_3
Parameters: 0.999999 -0.000925067 0.000436855 0.000924931 0.999999 0.000156404 -0.000437144 -0.000155596 1 0.0205804 -0.0102587 0.0897174
FixedParameters: 0 0 0

#Transform 43
Transform: AffineTransform_float_3_3
Parameters: 1 -0.00092499 0.000437021 0.00092501 0.999999 -2.25958e-05 -0.000436979 2.34042e-05 1 -0.0118209 0.0056402 0.0953572
FixedParameters: 0 0 0

#Transform 44
Transform: AffineTransform_float_3_3
Parameters: 0.999999 -0.000924773 0.000840251 0.000925229 1 -0.000271223 -0.000839749 0.000271777 0.999999 -0.0271398 0.0530728 0.0909611
FixedParameters: 0 0 0

#Transform 45
Transform: AffineTransform_float_3_3
Parameters: 1 -0.000925104 0.000561829 0.000924896 0.999999 0.00018552 -0.000562171 -0.00018448 1 -0.0116332 0.00738679 0.114945
FixedParameters: 0 0 0

#Transform 46
Transform: AffineTransform_float_3_3
Parameters: 1 -0.000925472 0.000711387 0.00092453 1 0.000662658 -0.000711613 -0.000662342 0.999999 -0.0213935 0.034476 0.0794414
FixedParameters: 0 0 0

#Transform 47
Transform: AffineTransform_float_3_3
Parameters: 0.999999 -0.000577318 0.000518645 0.000576681 0.999999 0.000614299 -0.000519354 -0.0006137 0.999999 -0.0409986 0.00509357 0.145476
FixedParameters: 0 0 0

#Transform 48
Transform: AffineTransform_float_3_3
Parameters: 1 -0.000363168 0.000401848 0.000362832 1 0.000418146 -0.000401152 -0.000417854 1 -0.0388997 0.0503442 0.168806
FixedParameters: 0 0 0

#Transform 49
Transform: AffineTransform_float_3_3
Parameters: 0.999999 -0.000762015 6.3853e-06 0.000761984 0.999998 0.00211901 -8.61466e-06 -0.00211899 0.999998 -0.00799916 0.00150171 0.267504
FixedParameters: 0 0 0

#Transform 50
Transform: AffineTransform_float_3_3
Parameters: 0.999999 -0.000879352 0.00020852 0.000878647 0.999998 0.00168318 -0.000210479 -0.00168282 0.999998 -0.00706266 0.093544 0.266791
FixedParameters: 0 0 0

#Transform 51
Transform: AffineTransform_float_3_3
Parameters: 1 -0.000671106 5.26639e-05 0.000670893 0.999998 0.00199104 -5.43358e-05 -0.00199096 0.999998 -0.00629453 -0.00797419 0.263801
FixedParameters: 0 0 0

#Transform 52
Transform: AffineTransform_float_3_3
Parameters: 0.999999 -0.000895146 0.000106777 0.000894852 0.999998 0.0013661 -0.000108222 -0.0013659 0.999999 0.0155109 0.0687026 0.193753
FixedParameters: 0 0 0

#Transform 53
Transform: AffineTransform_float_3_3
Parameters: 0.999999 -0.000895761 0.000458517 0.00089424 0.999998 0.00165641 -0.000459482 -0.00165659 0.999998 0.0211743 -0.0249897 0.27399
FixedParameters: 0 0 0

#Transform 54
Transform: AffineTransform_float_3_3
Parameters: 1 -0.000895533 0.000536113 0.000894469 0.999999 0.000991481 -0.000536888 -0.00099152 1 0.0250624 0.0736338 0.216333
FixedParameters: 0 0 0

#Transform 55
Transform: AffineTransform_float_3_3
Parameters: 0.999999 -0.000895093 0.000109243 0.000894907 0.999999 0.000846098 -0.000109757 -0.000845902 0.999999 0.034149 -0.0157166 0.223799
FixedParameters: 0 0 0

#Transform 56
Transform: AffineTransform_float_3_3
Parameters: 0.999999 -0.00112237 0.000583293 0.00112163 0.999999 0.000630655 -0.000583707 -0.000630345 0.999999 0.0275088 0.0483376 0.208498
FixedParameters: 0 0 0

#Transform 57
Transform: AffineTransform_float_3_3
Parameters: 0.999999 -0.00130342 0.000583058 0.00130258 0.999999 0.00072276 -0.000583941 -0.000722239 0.999999 0.0623886 -0.153563 0.271506
FixedParameters: 0 0 0

#Transform 58
Transform: AffineTransform_float_3_3
Parameters: 0.999999 -0.00155803 1.75165e-05 0.00155797 0.999997 0.00159403 -1.94834e-05 -0.00159397 0.999998 0.0958228 -0.116801 0.213684
FixedParameters: 0 0 0

#Transform 59
Transform: AffineTransform_float_3_3
Parameters: 0.999999 -0.00161791 0.000620646 0.00161709 0.999997 0.001456 -0.000623354 -0.00145499 0.999998 0.0771651 -0.125379 0.298186
FixedParameters: 0 0 0

#Transform 60
Transform: AffineTransform_float_3_3
Parameters: 0.999999 -0.00127253 0.000495646 0.00127247 0.999998 0.00106463 -0.000496355 -0.00106437 1 0.0782129 0.0404138 0.15481
FixedParameters: 0 0 0

#Transform 61
Transform: AffineTransform_float_3_3
Parameters: 0.999999 -0.00142443 -0.000349318 0.00142557 0.999997 0.0016265 0.000347682 -0.0016265 0.999998 0.143454 -0.0475485 0.141076
FixedParameters: 0 0 0

#Transform 62
Transform: AffineTransform_float_3_3
Parameters: 0.999998 -0.00172499 -8.7962e-06 0.00172501 0.999997 0.00162099 6.20374e-06 -0.00162101 0.999998 0.168235 -0.133026 0.195328
FixedParameters: 0 0 0

#Transform 63
Transform: AffineTransform_float_3_3
Parameters: 0.999999 -0.00183141 0.000263183 0.00183059 0.999997 0.00153848 -0.000265815 -0.00153752 0.999999 0.138892 -0.0666176 0.194117
FixedParameters: 0 0 0

#Transform 64
Transform: AffineTransform_float_3_3
Parameters: 0.999999 -0.00183135 0.000275687 0.00183065 0.999997 0.00126351 -0.000278312 -0.00126249 0.999999 0.138359 0.00740165 0.109948
FixedParameters: 0 0 0

#Transform 65
Transform: AffineTransform_float_3_3
Parameters: 0.999998 -0.0018319 0.000623371 0.0018311 0.999998 0.00143614 -0.000625629 -0.00143486 0.999999 0.144318 -0.119426 0.170718
FixedParameters: 0 0 0

#Transform 66
Transform: AffineTransform_float_3_3
Parameters: 0.999998 -0.00215831 0.000875785 0.00215769 0.999996 0.00149089 -0.000879216 -0.00148911 0.999998 0.111835 -0.113638 0.179012
FixedParameters: 0 0 0

#Transform 67
Transform: AffineTransform_float_3_3
Parameters: 0.999998 -0.00183215 0.000750209 0.00183086 0.999997 0.00152438 -0.00075279 -0.00152262 0.999998 0.0985123 -0.00470924 0.0945926
FixedParameters: 0 0 0

#Transform 68
Transform: AffineTransform_float_3_3
Parameters: 0.999997 -0.00218962 0.000401651 0.00218938 0.999997 0.00152988 -0.000405349 -0.00152912 0.999998 0.153676 -0.087379 0.0608687
FixedParameters: 0 0 0

#Transform 69
Transform: AffineTransform_float_3_3
Parameters: 0.999997 -0.00228484 0.00055759 0.00228417 0.999997 0.00149328 -0.000561412 -0.00149272 0.999998 0.162055 -0.178447 0.119028
FixedParameters: 0 0 0

#Transform 70
Transform: AffineTransform_float_3_3
Parameters: 0.999996 -0.00296362 0.000499315 0.00296338 0.999995 0.00124449 -0.000502685 -0.00124252 0.999999 0.17704 -0.204614 0.175372
FixedParameters: 0 0 0

#Transform 71
Transform: AffineTransform_float_3_3
Parameters: 0.999995 -0.00294008 -0.000343985 0.00294092 0.999992 0.002715 0.000336015 -0.002716 0.999997 0.2262 -0.118903 0.307347
FixedParameters: 0 0 0

#Transform 72
Transform: AffineTransform_float_3_3
Parameters: 0.999997 -0.00215195 -0.000379976 0.00215305 0.999994 0.00277619 0.000374024 -0.00277681 0.999996 0.172135 -0.0470603 0.192244
FixedParameters: 0 0 0

#Transform 73
Transform: AffineTransform_float_3_3
Parameters: 0.999997 -0.00238931 -0.000615612 0.0023917 0.999994 0.00276554 0.000609385 -0.00276747 0.999996 0.232116 -0.102846 0.122808
FixedParameters: 0 0 0

#Transform 74
Transform: AffineTransform_float_3_3
Parameters: 0.999997 -0.00239153 -0.000170673 0.00239147 0.999993 0.0027896 0.000164328 -0.0027904 0.999996 0.209348 -0.219549 0.12857
FixedParameters: 0 0 0

#Transform 75
Transform: AffineTransform_float_3_3
Parameters: 0.999997 -0.00239097 -0.000385482 0.00239104 0.999994 0.00271009 0.000378521 -0.00271091 0.999997 0.188197 -0.112575 0.141784
FixedParameters: 0 0 0

#Transform 76
Transform: AffineTransform_float_3_3
Parameters: 0.999997 -0.00239095 -0.000385556 0.00239105 0.999994 0.00274109 0.000378447 -0.00274191 0.999996 0.228215 -0.0797182 0.0545857
FixedParameters: 0 0 0

#Transform 77
Transform: AffineTransform_float_3_3
Parameters: 0.999997 -0.00239061 -0.000428828 0.00239139 0.999992 0.00327298 0.000421174 -0.00327401 0.999994 0.235115 -0.212601 0.115846
FixedParameters: 0 0 0

#Transform 78
Transform: AffineTransform_float_3_3
Parameters: 0.999997 -0.00239135 -0.000203727 0.00239165 0.999992 0.00323052 0.000196275 -0.00323048 0.999995 0.230419 -0.225439 0.171451
FixedParameters: 0 0 0

#Transform 79
Transform: AffineTransform_float_3_3
Parameters: 0.999998 -0.00226677 0.000209877 0.00226624 0.999991 0.00358448 -0.000217125 -0.00358452 0.999993 0.202074 -0.174084 0.125822
FixedParameters: 0 0 0

#Transform 80
Transform: AffineTransform_float_3_3
Parameters: 0.999996 -0.00256143 0.000133932 0.00256056 0.999992 0.00315035 -0.000142066 -0.00314965 0.999995 0.244971 -0.133182 0.118259
FixedParameters: 0 0 0

#Transform 81
Transform: AffineTransform_float_3_3
Parameters: 0.999996 -0.00258082 0.000261051 0.00258018 0.999992 0.00308068 -0.000268947 -0.00307932 0.999995 0.241062 -0.190524 0.176888
FixedParameters: 0 0 0

#Transform 82
Transform: AffineTransform_float_3_3
Parameters: 0.999996 -0.00255522 0.000695895 0.00255278 0.999991 0.00317379 -0.000704103 -0.00317221 0.999994 0.216011 -0.229228 0.182828
FixedParameters: 0 0 0

#Transform 83
Transform: AffineTransform_float_3_3
Parameters: 0.999997 -0.00258163 0.00055647 0.00258036 0.999992 0.00291844 -0.00056453 -0.00291655 0.999995 0.203873 -0.190772 0.157931
FixedParameters: 0 0 0

#Transform 84
Transform: AffineTransform_float_3_3
Parameters: 0.999995 -0.00319803 0.000967025 0.00319497 0.99999 0.00312211 -0.000976975 -0.00311889 0.999994 0.216327 -0.212024 0.139001
FixedParameters: 0 0 0

#Transform 85
Transform: AffineTransform_float_3_3
Parameters: 0.999993 -0.00354254 0.00106229 0.00353947 0.999989 0.00330978 -0.00107371 -0.00330622 0.999994 0.228229 -0.280667 0.150237
FixedParameters: 0 0 0

#Transform 86
Transform: AffineTransform_float_3_3
Parameters: 0.999993 -0.00347798 0.000876261 0.00347502 0.999989 0.00337807 -0.000887738 -0.00337493 0.999994 0.230059 -0.243982 0.155102
FixedParameters: 0 0 0

#Transform 87
Transform: AffineTransform_float_3_3
Parameters: 0.999993 -0.00343211 0.00104787 0.00342889 0.99999 0.00295461 -0.00105713 -0.00295139 0.999995 0.210677 -0.198698 0.099934
FixedParameters: 0 0 0

#Transform 88
Transform: AffineTransform_float_3_3
Parameters: 0.999994 -0.00328467 0.00087809 0.00328234 0.99999 0.0030199 -0.000887912 -0.0030171 0.999995 0.219502 -0.135402 0.0439039
FixedParameters: 0 0 0

#Transform 89
Transform: AffineTransform_float_3_3
Parameters: 0.999994 -0.00330268 0.000877972 0.00330032 0.99999 0.00303892 -0.000888029 -0.00303608 0.999995 0.214742 -0.207693 0.094756
FixedParameters: 0 0 0

#Transform 90
Transform: AffineTransform_float_3_3
Parameters: 0.999994 -0.00338702 0.000905792 0.00338398 0.999989 0.00331209 -0.000917208 -0.00330891 0.999994 0.211729 -0.222077 0.0752949
FixedParameters: 0 0 0

#Transform 91
Transform: AffineTransform_float_3_3
Parameters: 0.999995 -0.00311574 0.000886422 0.00311225 0.99999 0.00307677 -0.000896576 -0.00307422 0.999995 0.230026 -0.149542 0.0938912
FixedParameters: 0 0 0

#Transform 92
Transform: AffineTransform_float_3_3
Parameters: 0.999993 -0.00337956 0.00110314 0.00337643 0.999989 0.00321775 -0.00111386 -0.00321426 0.999994 0.247072 -0.230639 0.143458
FixedParameters: 0 0 0

#Transform 93
Transform: AffineTransform_float_3_3
Parameters: 0.999992 -0.0038374 0.000106396 0.0038376 0.999987 0.00354543 -0.000119604 -0.00354457 0.999993 0.334379 -0.129822 0.0655952
FixedParameters: 0 0 0

#Transform 94
Transform: AffineTransform_float_3_3
Parameters: 0.999993 -0.00386433 0.000329763 0.00386267 0.999985 0.0039443 -0.000345235 -0.0039427 0.999992 0.280204 -0.220851 0.155313
FixedParameters: 0 0 0

#Transform 95
Transform: AffineTransform_float_3_3
Parameters: 0.999994 -0.00344744 0.00112449 0.00344257 0.999987 0.0039239 -0.00113751 -0.0039201 0.999991 0.179436 -0.288051 0.219953
FixedParameters: 0 0 0

#Transform 96
Transform: AffineTransform_float_3_3
Parameters: 0.999993 -0.00344711 0.000944101 0.00344288 0.999984 0.00432628 -0.000958897 -0.00432272 0.99999 0.181031 -0.21114 0.140931
FixedParameters: 0 0 0

#Transform 97
Transform: AffineTransform_float_3_3
Parameters: 0.999992 -0.00397071 0.00046051 0.00396929 0.999986 0.00365086 -0.000475492 -0.00364914 0.999993 0.265141 -0.134593 0.0761807
FixedParameters: 0 0 0

#Transform 98
Transform: AffineTransform_float_3_3
Parameters: 0.999991 -0.00406742 -0.000152201 0.00406857 0.999984 0.00398241 0.000135799 -0.00398258 0.999992 0.318232 -0.181178 0.209223
FixedParameters: 0 0 0

#Transform 99
Transform: AffineTransform_float_3_3
Parameters: 0.999992 -0.00402034 6.93788e-05 0.00401966 0.999983 0.00438332 -8.76185e-05 -0.00438269 0.999991 0.24834 -0.302038 0.265498
FixedParameters: 0 0 0

#Transform 100
Transform: AffineTransform_float_3_3
Parameters: 0.999993 -0.00354334 0.000354805 0.00354265 0.999987 0.00372528 -0.000368197 -0.00372372 0.999993 0.210721 -0.147969 0.222569
FixedParameters: 0 0 0

#Transform 101
Transform: AffineTransform_float_3_3
Parameters: 0.999994 -0.0033722 0.000655767 0.00336979 0.999989 0.00333323 -0.000667232 -0.00333077 0.999994 0.195437 -0.163259 0.204722
FixedParameters: 0 0 0

#Transform 102
Transform: AffineTransform_float_3_3
Parameters: 0.999994 -0.00361589 0.000601736 0.00361411 0.999988 0.00311719 -0.000612264 -0.00311481 0.999995 0.228098 -0.137174 0.17974
FixedParameters: 0 0 0

#Transform 103
Transform: AffineTransform_float_3_3
Parameters: 0.999993 -0.00384311 0.00058431 0.0038409 0.999987 0.00356427 -0.000597688 -0.00356173 0.999993 0.23054 -0.198497 0.140804
FixedParameters: 0 0 0

#Transform 104
Transform: AffineTransform_float_3_3
Parameters: 0.999993 -0.00377209 0.000356709 0.00377092 0.999989 0.00299437 -0.000367289 -0.00299264 0.999996 0.260689 -0.0867063 0.136668
FixedParameters: 0 0 0

#Transform 105
Transform: AffineTransform_float_3_3
Parameters: 0.999991 -0.00431139 0.00072799 0.00430961 0.999986 0.00325217 -0.000742013 -0.00324883 0.999995 0.291842 -0.174721 0.114935
FixedParameters: 0 0 0

#Transform 106
Transform: AffineTransform_float_3_3
Parameters: 0.999992 -0.00389768 0.000790914 0.00389532 0.999987 0.00336011 -0.000804087 -0.00335689 0.999994 0.250613 -0.143533 0.108729
FixedParameters: 0 0 0

#Transform 107
Transform: AffineTransform_float_3_3
Parameters: 0.999992 -0.00389261 0.000791281 0.00388939 0.999987 0.0032701 -0.000803717 -0.0032669 0.999995 0.261318 -0.150163 0.139005
FixedParameters: 0 0 0

#Transform 108
Transform: AffineTransform_float_3_3
Parameters: 0.999992 -0.00406339 0.000721703 0.00406062 0.999987 0.00327496 -0.000734297 -0.00327205 0.999995 0.267082 -0.142979 0.0992821
FixedParameters: 0 0 0

#Transform 109
Transform: AffineTransform_float_3_3
Parameters: 0.999991 -0.00412902 0.000938805 0.00412598 0.999987 0.0031989 -0.000952196 -0.0031951 0.999995 0.293993 -0.102787 0.136345
FixedParameters: 0 0 0

#Transform 110
Transform: AffineTransform_float_3_3
Parameters: 0.999989 -0.00458779 0.000942543 0.00458422 0.999985 0.00293635 -0.000955458 -0.00293265 0.999995 0.299986 -0.161233 0.134679
FixedParameters: 0 0 0

#Transform 111
Transform: AffineTransform_float_3_3
Parameters: 0.999988 -0.00472813 0.00116034 0.00472488 0.999985 0.00268051 -0.00117366 -0.00267548 0.999995 0.333939 -0.106143 0.160986
FixedParameters: 0 0 0

#Transform 112
Transform: AffineTransform_float_3_3
Parameters: 0.99999 -0.00427692 0.000864533 0.00427508 0.999989 0.00221572 -0.000873468 -0.00221229 0.999997 0.296468 -0.155084 0.181412
FixedParameters: 0 0 0

#Transform 113
Transform: AffineTransform_float_3_3
Parameters: 0.999989 -0.00464262 0.000865371 0.00464139 0.999988 0.00186104 -0.00087363 -0.00185697 0.999998 0.316768 -0.0741145 0.181705
FixedParameters: 0 0 0

#Transform 114
Transform: AffineTransform_float_3_3
Parameters: 0.999988 -0.00465976 0.00105386 0.00465723 0.999986 0.00260794 -0.00106614 -0.00260306 0.999996 0.31098 -0.155025 0.187443
FixedParameters: 0 0 0

#Transform 115
Transform: AffineTransform_float_3_3
Parameters: 0.999988 -0.00472056 0.00124634 0.00471844 0.999987 0.0020499 -0.00125566 -0.0020441 0.999997 0.328937 -0.0819507 0.200632
FixedParameters: 0 0 0

#Transform 116
Transform: AffineTransform_float_3_3
Parameters: 0.999988 -0.00485609 0.000850129 0.00485391 0.999985 0.00244716 -0.00086187 -0.00244284 0.999996 0.340953 -0.108652 0.211411
FixedParameters: 0 0 0

#Transform 117
Transform: AffineTransform_float_3_3
Parameters: 0.999988 -0.00481744 0.000783205 0.00481656 0.999986 0.00182779 -0.000791797 -0.00182421 0.999998 0.314184 -0.00796241 0.116954
FixedParameters: 0 0 0

#Transform 118
Transform: AffineTransform_float_3_3
Parameters: 0.999989 -0.00449797 0.00134409 0.00449502 0.999987 0.00220706 -0.00135391 -0.00220093 0.999996 0.266988 -0.119273 0.144225
FixedParameters: 0 0 0

#Transform 119
Transform: AffineTransform_float_3_3
Parameters: 0.999989 -0.00442802 0.00111098 0.00442598 0.999988 0.00181393 -0.00111902 -0.00180906 0.999997 0.292138 -0.0323946 0.0647749
FixedParameters: 0 0 0

#Transform 120
Transform: AffineTransform_float_3_3
Parameters: 0.99999 -0.00437231 0.00102014 0.00436969 0.999988 0.00225848 -0.00102986 -0.00225452 0.999997 0.287527 -0.103667 0.142875
FixedParameters: 0 0 0

#Transform 121
Transform: AffineTransform_float_3_3
Parameters: 0.999989 -0.00440826 0.00150046 0.00440474 0.999988 0.00216763 -0.00150954 -0.00216037 0.999997 0.259675 -0.10783 0.129259
FixedParameters: 0 0 0

#Transform 122
Transform: AffineTransform_float_3_3
Parameters: 0.999989 -0.00452104 0.0014113 0.00451796 0.999987 0.0021484 -0.0014207 -0.0021426 0.999996 0.285682 -0.0856066 0.166413
FixedParameters: 0 0 0

#Transform 123
Transform: AffineTransform_float_3_3
Parameters: 0.999989 -0.00453421 0.00128773 0.00453078 0.999986 0.00248986 -0.00129927 -0.00248414 0.999996 0.267604 -0.118692 0.186168
FixedParameters: 0 0 0

#Transform 124
Transform: AffineTransform_float_3_3
Parameters: 0.999988 -0.00479295 0.00120331 0.00479005 0.999985 0.00244179 -0.00121569 -0.0024362 0.999997 0.322865 -0.0452263 0.112076
FixedParameters: 0 0 0

#Transform 125
Transform: AffineTransform_float_3_3
Parameters: 0.999986 -0.00531197 0.000969912 0.00530904 0.999982 0.00303219 -0.000986088 -0.00302681 0.999995 0.388974 -0.123515 0.145778
FixedParameters: 0 0 0

#Transform 126
Transform: AffineTransform_float_3_3
Parameters: 0.999988 -0.00492598 0.000886616 0.00492303 0.999983 0.00332941 -0.000903388 -0.00332559 0.999994 0.331701 -0.173653 0.170726
FixedParameters: 0 0 0

#Transform 127
Transform: AffineTransform_float_3_3
Parameters: 0.999988 -0.0048296 0.00105362 0.00482539 0.999982 0.00339512 -0.00107038 -0.00338987 0.999993 0.35287 -0.0580831 0.0599753
FixedParameters: 0 0 0

#Transform 128
Transform: AffineTransform_float_3_3
Parameters: 0.999988 -0.00482878 0.00094285 0.00482521 0.999984 0.00293359 -0.00095715 -0.00292941 0.999996 0.359568 -0.0983993 0.132188
FixedParameters: 0 0 0

#Transform 129
Transform: AffineTransform_float_3_3
Parameters: 0.999988 -0.00482875 0.000869894 0.00482526 0.999984 0.00313124 -0.000885102 -0.00312676 0.999994 0.338241 -0.163798 0.176053
FixedParameters: 0 0 0

#Transform 130
Transform: AffineTransform_float_3_3
Parameters: 0.99999 -0.00433562 0.00129593 0.00433137 0.999986 0.00278764 -0.00130807 -0.00278236 0.999996 0.330644 -0.0596956 0.11543
FixedParameters: 0 0 0

#Transform 131
Transform: AffineTransform_float_3_3
Parameters: 0.999989 -0.00461705 0.00101827 0.00461395 0.999985 0.00297773 -0.00103273 -0.00297326 0.999995 0.351353 -0.0967523 0.156207
FixedParameters: 0 0 0

#Transform 132
Transform: AffineTransform_float_3_3
Parameters: 0.999987 -0.00497428 0.00127037 0.00496972 0.999982 0.00334836 -0.00128763 -0.00334164 0.999993 0.348619 -0.168954 0.159132
FixedParameters: 0 0 0

#Transform 133
Transform: AffineTransform_float_3_3
Parameters: 0.999989 -0.00470661 0.000953356 0.00470239 0.999982 0.00375252 -0.000971644 -0.00374847 0.999992 0.382578 -0.106942 0.10753
FixedParameters: 0 0 0

#Transform 134
Transform: AffineTransform_float_3_3
Parameters: 0.999988 -0.00481056 0.00109749 0.00480644 0.999983 0.00322732 -0.0011125 -0.00322169 0.999994 0.365996 -0.128193 0.172161
FixedParameters: 0 0 0

#Transform 135
Transform: AffineTransform_float_3_3
Parameters: 0.999987 -0.00475422 0.0014601 0.00474878 0.999983 0.00355898 -0.00147689 -0.00355202 0.999992 0.333133 -0.16868 0.208645
FixedParameters: 0 0 0

#Transform 136
Transform: AffineTransform_float_3_3
Parameters: 0.999987 -0.00479362 0.00132337 0.00478837 0.999982 0.00347338 -0.00134062 -0.00346662 0.999993 0.359955 -0.10317 0.207653
FixedParameters: 0 0 0

#Transform 137
Transform: AffineTransform_float_3_3
Parameters: 0.999991 -0.00405407 0.00114469 0.00405094 0.999986 0.00353467 -0.00115831 -0.00352934 0.999993 0.298735 -0.124411 0.239621
FixedParameters: 0 0 0

#Transform 138
Transform: AffineTransform_float_3_3
Parameters: 0.999991 -0.00409685 0.00113315 0.00409314 0.999986 0.00338467 -0.00114685 -0.00337933 0.999993 0.273791 -0.0696945 0.245669
FixedParameters: 0 0 0

#Transform 139
Transform: AffineTransform_float_3_3
Parameters: 0.99999 -0.00434687 0.0012593 0.00434213 0.999983 0.00384551 -0.00127669 -0.00383949 0.999992 0.260508 -0.126628 0.25492
FixedParameters: 0 0 0

#Transform 140
Transform: AffineTransform_float_3_3
Parameters: 0.999992 -0.00391362 0.00139007 0.00390838 0.999987 0.00330846 -0.00140293 -0.00330254 0.999993 0.250798 -0.0888799 0.268195
FixedParameters: 0 0 0

#Transform 141
Transform: AffineTransform_float_3_3
Parameters: 0.999993 -0.00345848 0.00137579 0.00345452 0.999989 0.00324677 -0.00138722 -0.00324222 0.999994 0.217738 -0.107567 0.313399
FixedParameters: 0 0 0

#Transform 142
Transform: AffineTransform_float_3_3
Parameters: 0.999991 -0.00380232 0.00177767 0.00379669 0.999989 0.00298478 -0.00178833 -0.00297823 0.999994 0.241272 -0.0643215 0.279096
FixedParameters: 0 0 0

#Transform 143
Transform: AffineTransform_float_3_3
Parameters: 0.999988 -0.0046475 0.00167784 0.0046425 0.999984 0.00326683 -0.00169316 -0.00325917 0.999994 0.275125 -0.132361 0.283215
FixedParameters: 0 0 0

#Transform 144
Transform: AffineTransform_float_3_3
Parameters: 0.99999 -0.0041113 0.0012976 0.00410771 0.999989 0.00253235 -0.00130739 -0.00252665 0.999996 0.246494 -0.23974 0.180087
FixedParameters: 0 0 0

#Transform 145
Transform: AffineTransform_float_3_3
Parameters: 0.999989 -0.00432952 0.00185485 0.00432248 0.999985 0.00350606 -0.00187015 -0.00349794 0.999992 0.232543 -0.299628 0.249226
FixedParameters: 0 0 0

#Transform 146
Transform: AffineTransform_float_3_3
Parameters: 0.999989 -0.0041047 0.00227013 0.0040973 0.999986 0.00338734 -0.00228387 -0.00337866 0.999991 0.185398 -0.249437 0.236579
FixedParameters: 0 0 0

#Transform 147
Transform: AffineTransform_float_3_3
Parameters: 0.99999 -0.00427985 0.00111026 0.00427615 0.999985 0.00344878 -0.00112475 -0.00344422 0.999994 0.268839 -0.18209 0.185518
FixedParameters: 0 0 0

#Transform 148
Transform: AffineTransform_float_3_3
Parameters: 0.99999 -0.00423273 0.00139777 0.00422626 0.999979 0.00478695 -0.00141823 -0.00478104 0.999987 0.234542 -0.369755 0.291158
FixedParameters: 0 0 0

#Transform 149
Transform: AffineTransform_float_3_3
Parameters: 0.999991 -0.00411621 0.00148692 0.00410979 0.999983 0.00415515 -0.00150408 -0.00414885 0.999991 0.239538 -0.205406 0.261518
FixedParameters: 0 0 0

#Transform 150
Transform: AffineTransform_float_3_3
Parameters: 0.99999 -0.00411185 0.00162679 0.00410515 0.999983 0.00419172 -0.00164321 -0.00418428 0.99999 0.235881 -0.206803 0.296318
FixedParameters: 0 0 0

#Transform 151
Transform: AffineTransform_float_3_3
Parameters: 0.999992 -0.00370964 0.00134051 0.00370337 0.999985 0.004182 -0.00135549 -0.00417701 0.999991 0.200132 -0.177375 0.244003
FixedParameters: 0 0 0

#Transform 152
Transform: AffineTransform_float_3_3
Parameters: 0.999993 -0.00347893 0.00134331 0.00347408 0.999988 0.00365169 -0.00135569 -0.00364631 0.999993 0.200137 -0.117902 0.212256
FixedParameters: 0 0 0

#Transform 153
Transform: AffineTransform_float_3_3
Parameters: 0.999991 -0.0037467 0.00195845 0.0037383 0.999983 0.00442636 -0.00197456 -0.00441964 0.999989 0.179035 -0.255925 0.239219
FixedParameters: 0 0 0

#Transform 154
Transform: AffineTransform_float_3_3
Parameters: 0.999992 -0.00349566 0.00228782 0.00348734 0.999987 0.00377901 -0.00230118 -0.00377099 0.99999 0.165933 -0.203817 0.198383
FixedParameters: 0 0 0

#Transform 155
Transform: AffineTransform_float_3_3
Parameters: 0.999993 -0.00331465 0.00182014 0.00330735 0.999986 0.00418805 -0.00183486 -0.00418195 0.999989 0.179628 -0.160963 0.173793
FixedParameters: 0 0 0

#Transform 156
Transform: AffineTransform_float_3_3
Parameters: 0.999992 -0.00337741 0.00210818 0.00337059 0.999988 0.00350813 -0.00211982 -0.00350087 0.999991 0.167758 -0.0865372 0.157159
FixedParameters: 0 0 0

#Transform 157
Transform: AffineTransform_float_3_3
Parameters: 0.999992 -0.00341776 0.00202262 0.00341024 0.999988 0.00333692 -0.00203338 -0.00333008 0.999993 0.185717 -0.197454 0.218054
FixedParameters: 0 0 0

#Transform 158
Transform: AffineTransform_float_3_3
Parameters: 0.999991 -0.00355073 0.0020182 0.00354427 0.999988 0.00332918 -0.0020308 -0.00332282 0.999993 0.179773 -0.171449 0.137512
FixedParameters: 0 0 0

#Transform 159
Transform: AffineTransform_float_3_3
Parameters: 0.999991 -0.00358102 0.00224141 0.00357498 0.99999 0.00268404 -0.00225059 -0.00267596 0.999994 0.186363 -0.130978 0.181508
FixedParameters: 0 0 0

#Transform 160
Transform: AffineTransform_float_3_3
Parameters: 0.999991 -0.00329603 0.00242447 0.00328997 0.999991 0.002898 -0.00243353 -0.00289 0.999993 0.147944 -0.130303 0.152734
FixedParameters: 0 0 0

#Transform 161
Transform: AffineTransform_float_3_3
Parameters: 0.999992 -0.00334722 0.00224025 0.00333978 0.999989 0.00321751 -0.00225075 -0.00321049 0.999993 0.15753 -0.15338 0.1754
FixedParameters: 0 0 0

#Transform 162
Transform: AffineTransform_float_3_3
Parameters: 0.999991 -0.0033635 0.00254883 0.0033545 0.999989 0.00333058 -0.00256017 -0.00332242 0.999991 0.145229 -0.195065 0.178547
FixedParameters: 0 0 0

#Transform 163
Transform: AffineTransform_float_3_3
Parameters: 0.999991 -0.00354001 0.00239769 0.003533 0.99999 0.0029195 -0.00240831 -0.0029105 0.999993 0.181937 -0.13672 0.176247
FixedParameters: 0 0 0

#Transform 164
Transform: AffineTransform_float_3_3
Parameters: 0.999989 -0.00361883 0.00274006 0.00360817 0.999987 0.00358492 -0.00275293 -0.00357507 0.99999 0.148576 -0.221219 0.188442
FixedParameters: 0 0 0

#Transform 165
Transform: AffineTransform_float_3_3
Parameters: 0.99999 -0.00391734 0.00223819 0.00391065 0.999987 0.00327679 -0.00225081 -0.00326722 0.999992 0.221776 -0.132435 0.185431
FixedParameters: 0 0 0

#Transform 166
Transform: AffineTransform_float_3_3
Parameters: 0.99999 -0.00386226 0.0022368 0.00385374 0.999986 0.00368465 -0.0022512 -0.00367634 0.99999 0.189497 -0.237747 0.191998
FixedParameters: 0 0 0

#Transform 167
Transform: AffineTransform_float_3_3
Parameters: 0.999989 -0.00391322 0.00250164 0.00390378 0.999985 0.0036798 -0.00251636 -0.00366919 0.99999 0.20238 -0.174729 0.157072
FixedParameters: 0 0 0

#Transform 168
Transform: AffineTransform_float_3_3
Parameters: 0.999989 -0.00390795 0.00238163 0.00390105 0.999988 0.00291632 -0.00239237 -0.00290768 0.999993 0.225669 -0.190999 0.172941
FixedParameters: 0 0 0

#Transform 169
Transform: AffineTransform_float_3_3
Parameters: 0.999987 -0.00452803 0.00234858 0.00451997 0.999984 0.00341366 -0.00236442 -0.00340334 0.999992 0.278258 -0.167572 0.190543
FixedParameters: 0 0 0

#Transform 170
Transform: AffineTransform_float_3_3
Parameters: 0.999989 -0.00436087 0.00200715 0.00435314 0.999984 0.00341178 -0.00202185 -0.00340322 0.999992 0.27145 -0.194384 0.252433
FixedParameters: 0 0 0

#Transform 171
Transform: AffineTransform_float_3_3
Parameters: 0.999987 -0.00445654 0.00217363 0.00444945 0.999985 0.00300771 -0.00218637 -0.00299729 0.999993 0.290157 -0.124216 0.195598
FixedParameters: 0 0 0

#Transform 172
Transform: AffineTransform_float_3_3
Parameters: 0.999988 -0.00449223 0.00195301 0.00448777 0.999987 0.0026758 -0.00196499 -0.0026662 0.999994 0.307955 -0.0771881 0.200568
FixedParameters: 0 0 0

#Transform 173
Transform: AffineTransform_float_3_3
Parameters: 0.999986 -0.00456727 0.00242562 0.00455772 0.999983 0.00381511 -0.00244338 -0.00380389 0.99999 0.292292 -0.20748 0.175093
FixedParameters: 0 0 0

#Transform 174
Transform: AffineTransform_float_3_3
Parameters: 0.999985 -0.00495175 0.00231663 0.00494425 0.999983 0.0029105 -0.00233037 -0.0028995 0.999993 0.337886 -0.103676 0.174787
FixedParameters: 0 0 0

#Transform 175
Transform: AffineTransform_float_3_3
Parameters: 0.999985 -0.00493285 0.00235369 0.00492614 0.999983 0.00290864 -0.00236831 -0.00289636 0.999993 0.324588 -0.17961 0.174876
FixedParameters: 0 0 0

#Transform 176
Transform: AffineTransform_float_3_3
Parameters: 0.999988 -0.00445778 0.00192396 0.00445222 0.999987 0.0024816 -0.00193504 -0.0024734 0.999995 0.31139 -0.0968551 0.144079
FixedParameters: 0 0 0

#Transform 177
Transform: AffineTransform_float_3_3
Parameters: 0.999988 -0.00408809 0.00244015 0.0040809 0.999987 0.00290699 -0.00245185 -0.00289701 0.999993 0.261516 -0.166176 0.175006
FixedParameters: 0 0 0

#Transform 178
Transform: AffineTransform_float_3_3
Parameters: 0.999986 -0.00452605 0.00269051 0.00451796 0.999986 0.0029882 -0.00270448 -0.0029758 0.999992 0.311509 -0.120644 0.156436
FixedParameters: 0 0 0

#Transform 179
Transform: AffineTransform_float_3_3
Parameters: 0.999986 -0.00473209 0.00228527 0.00472291 0.999981 0.00396685 -0.00230473 -0.00395615 0.99999 0.325901 -0.170086 0.193327
FixedParameters: 0 0 0

#Transform 180
Transform: AffineTransform_float_3_3
Parameters: 0.999986 -0.00478013 0.00219337 0.00477287 0.999982 0.00369752 -0.00221064 -0.00368748 0.999991 0.329729 -0.150797 0.180746
FixedParameters: 0 0 0

#Transform 181
Transform: AffineTransform_float_3_3
Parameters: 0.999985 -0.00494939 0.00237365 0.00494161 0.999983 0.00310878 -0.00238935 -0.00309722 0.999993 0.345933 -0.13813 0.19517
FixedParameters: 0 0 0

#Transform 182
Transform: AffineTransform_float_3_3
Parameters: 0.999985 -0.00497873 0.00219479 0.00497127 0.999983 0.00306296 -0.00221021 -0.00305204 0.999993 0.349057 -0.185442 0.164646
FixedParameters: 0 0 0

#Transform 183
Transform: AffineTransform_float_3_3
Parameters: 0.999986 -0.00489469 0.00207864 0.00488931 0.999985 0.0027352 -0.00209136 -0.0027248 0.999994 0.362567 -0.0696629 0.108521
FixedParameters: 0 0 0

#Transform 184
Transform: AffineTransform_float_3_3
Parameters: 0.999989 -0.00452897 0.00168775 0.00452404 0.999986 0.00293167 -0.00170126 -0.00292433 0.999995 0.33372 -0.177183 0.165531
FixedParameters: 0 0 0

#Transform 185
Transform: AffineTransform_float_3_3
Parameters: 0.999986 -0.00475468 0.00241699 0.00474632 0.999983 0.00358552 -0.00243401 -0.00357448 0.99999 0.289716 -0.232509 0.164786
FixedParameters: 0 0 0

#Transform 186
Transform: AffineTransform_float_3_3
Parameters: 0.999987 -0.00475892 0.0019365 0.00475307 0.999984 0.00305324 -0.0019505 -0.00304376 0.999993 0.310227 -0.108982 0.131827
FixedParameters: 0 0 0

#Transform 187
Transform: AffineTransform_float_3_3
Parameters: 0.999985 -0.0050927 0.00201817 0.0050853 0.999981 0.00331131 -0.00203482 -0.00330069 0.999993 0.329517 -0.189781 0.191674
FixedParameters: 0 0 0

#Transform 188
Transform: AffineTransform_float_3_3
Parameters: 0.999987 -0.00467439 0.00208249 0.00466661 0.999983 0.00353876 -0.0020985 -0.00352823 0.999991 0.289762 -0.197141 0.193452
FixedParameters: 0 0 0

#Transform 189
Transform: AffineTransform_float_3_3
