# transform file /out/sourcedata/freesurfer/sub-v1s13x0050031_ses-1/mri/transforms/cc_up.lta
# created by oesteban on Sun Mar  8 17:33:47 2026

type      = 0 # LINEAR_VOX_TO_VOX
nxforms   = 1
mean      = 130.0000 117.0000 120.0000
sigma     = 10000.0000
1 4 4
9.984085559844971e-01 5.614137277007103e-02 -5.333654582500458e-03 -4.789337158203125e+00 
-5.614057183265686e-02 9.984228014945984e-01 2.999117132276297e-04 3.836973953247070e+01 
5.342079792171717e-03 0.000000000000000e+00 9.999856948852539e-01 7.311576843261719e+00 
0.000000000000000e+00 0.000000000000000e+00 0.000000000000000e+00 1.000000000000000e+00 
src volume info
valid = 1  # volume info valid
filename = /out/sourcedata/freesurfer/sub-v1s13x0050031_ses-1/mri/norm.mgz
volume = 256 256 256
voxelsize = 1.000000000000000e+00 1.000000000000000e+00 1.000000000000000e+00
xras   = -9.999999403953552e-01 0.000000000000000e+00 0.000000000000000e+00
yras   = 0.000000000000000e+00 0.000000000000000e+00 -9.999999403953552e-01
zras   = 0.000000000000000e+00 9.999999403953552e-01 0.000000000000000e+00
cras   = 1.977798461914062e+00 -8.004470825195312e+00 -3.064265441894531e+01
dst volume info
valid = 1  # volume info valid
filename = /out/sourcedata/freesurfer/sub-v1s13x0050031_ses-1/mri/norm.mgz
volume = 256 256 256
voxelsize = 1.000000000000000e+00 1.000000000000000e+00 1.000000000000000e+00
xras   = -9.999999403953552e-01 0.000000000000000e+00 0.000000000000000e+00
yras   = 0.000000000000000e+00 0.000000000000000e+00 -9.999999403953552e-01
zras   = 0.000000000000000e+00 9.999999403953552e-01 0.000000000000000e+00
cras   = 1.977798461914062e+00 -8.004470825195312e+00 -3.064265441894531e+01
