# transform file /out/sourcedata/freesurfer/sub-v1s13x0050014_ses-1/mri/transforms/cc_up.lta
# created by oesteban on Sun Mar  8 14:25:43 2026

type      = 0 # LINEAR_VOX_TO_VOX
nxforms   = 1
mean      = 131.0000 131.0000 113.0000
sigma     = 10000.0000
1 4 4
9.989919066429138e-01 -4.437999427318573e-02 -6.733022164553404e-03 5.514779090881348e+00 
4.437898844480515e-02 9.990145564079285e-01 -2.991062356159091e-04 8.446311950683594e+00 
6.739662494510412e-03 0.000000000000000e+00 9.999771714210510e-01 1.713702201843262e+01 
0.000000000000000e+00 0.000000000000000e+00 0.000000000000000e+00 1.000000000000000e+00 
src volume info
valid = 1  # volume info valid
filename = /out/sourcedata/freesurfer/sub-v1s13x0050014_ses-1/mri/norm.mgz
volume = 256 256 256
voxelsize = 1.000000000000000e+00 1.000000000000000e+00 1.000000000000000e+00
xras   = -9.999999403953552e-01 0.000000000000000e+00 0.000000000000000e+00
yras   = 0.000000000000000e+00 0.000000000000000e+00 -9.999999403953552e-01
zras   = 0.000000000000000e+00 9.999999403953552e-01 0.000000000000000e+00
cras   = 3.430580139160156e+00 -3.476837158203125e+00 -5.335144042968750e+00
dst volume info
valid = 1  # volume info valid
filename = /out/sourcedata/freesurfer/sub-v1s13x0050014_ses-1/mri/norm.mgz
volume = 256 256 256
voxelsize = 1.000000000000000e+00 1.000000000000000e+00 1.000000000000000e+00
xras   = -9.999999403953552e-01 0.000000000000000e+00 0.000000000000000e+00
yras   = 0.000000000000000e+00 0.000000000000000e+00 -9.999999403953552e-01
zras   = 0.000000000000000e+00 9.999999403953552e-01 0.000000000000000e+00
cras   = 3.430580139160156e+00 -3.476837158203125e+00 -5.335144042968750e+00
