# transform file /out/sourcedata/freesurfer/sub-v1s13x0050022_ses-1/mri/transforms/cc_up.lta
# created by oesteban on Sun Mar  8 16:50:19 2026

type      = 0 # LINEAR_VOX_TO_VOX
nxforms   = 1
mean      = 130.0000 135.0000 115.0000
sigma     = 10000.0000
1 4 4
9.999373555183411e-01 1.168408431112766e-03 -1.113342214375734e-02 -1.015225052833557e+00 
-1.168336020782590e-03 9.999993443489075e-01 1.300839267059928e-05 1.115066814422607e+01 
1.113342959433794e-02 0.000000000000000e+00 9.999380707740784e-01 2.655884742736816e+01 
0.000000000000000e+00 0.000000000000000e+00 0.000000000000000e+00 1.000000000000000e+00 
src volume info
valid = 1  # volume info valid
filename = /out/sourcedata/freesurfer/sub-v1s13x0050022_ses-1/mri/norm.mgz
volume = 256 256 256
voxelsize = 1.000000000000000e+00 1.000000000000000e+00 1.000000000000000e+00
xras   = -9.999999403953552e-01 0.000000000000000e+00 0.000000000000000e+00
yras   = 0.000000000000000e+00 0.000000000000000e+00 -9.999999403953552e-01
zras   = 0.000000000000000e+00 9.999999403953552e-01 0.000000000000000e+00
cras   = 3.430580139160156e+00 1.050796508789062e+00 -1.057148742675781e+01
dst volume info
valid = 1  # volume info valid
filename = /out/sourcedata/freesurfer/sub-v1s13x0050022_ses-1/mri/norm.mgz
volume = 256 256 256
voxelsize = 1.000000000000000e+00 1.000000000000000e+00 1.000000000000000e+00
xras   = -9.999999403953552e-01 0.000000000000000e+00 0.000000000000000e+00
yras   = 0.000000000000000e+00 0.000000000000000e+00 -9.999999403953552e-01
zras   = 0.000000000000000e+00 9.999999403953552e-01 0.000000000000000e+00
cras   = 3.430580139160156e+00 1.050796508789062e+00 -1.057148742675781e+01
