#Insight Transform File V1.0
#Transform 0
Transform: AffineTransform_float_3_3
Parameters: 0.999999 0.00122116 0.000899729 -0.00121784 0.999993 -0.0035031 -0.000904271 0.0035019 0.999994 -0.08112 0.142285 0.00314061
FixedParameters: 0 0 0

#Transform 1
Transform: AffineTransform_float_3_3
Parameters: 0.999999 0.00100189 0.000900795 -0.000999108 0.999995 -0.00320491 -0.000904207 0.0032041 0.999995 -0.0421556 0.144407 -0.0461415
FixedParameters: 0 0 0

#Transform 2
Transform: AffineTransform_float_3_3
Parameters: 0.999999 0.000817339 0.000495799 -0.000816663 0.999996 -0.00269541 -0.000497202 0.0026946 0.999996 -0.0612977 0.0843686 -0.0716227
FixedParameters: 0 0 0

#Transform 3
Transform: AffineTransform_float_3_3
Parameters: 1 0.00041064 0.000477595 -0.000409358 0.999994 -0.0034292 -0.000479406 0.0034288 0.999994 -0.0423332 0.166646 -0.076804
FixedParameters: 0 0 0

#Transform 4
Transform: AffineTransform_float_3_3
Parameters: 1 0.000297045 1.40724e-05 -0.000296955 0.999995 -0.003123 -1.49275e-05 0.003123 0.999995 -0.0555609 0.135724 -0.0536147
FixedParameters: 0 0 0

#Transform 5
Transform: AffineTransform_float_3_3
Parameters: 1 0.00030329 0.000133343 -0.000303711 0.999997 -0.00216804 -0.000133659 0.00216796 0.999997 -0.072741 0.113449 0.019472
FixedParameters: 0 0 0

#Transform 6
Transform: AffineTransform_float_3_3
Parameters: 1 0.000376555 0.000461737 -0.000374445 0.999995 -0.00336218 -0.000463262 0.00336283 0.999994 -0.0433725 0.171089 -0.0851362
FixedParameters: 0 0 0

#Transform 7
Transform: AffineTransform_float_3_3
Parameters: 1 0.000210781 0.000277409 -0.000209218 0.999996 -0.00281106 -0.000278589 0.00281094 0.999996 -0.0395661 0.0959391 -0.0593744
FixedParameters: 0 0 0

#Transform 8
Transform: AffineTransform_float_3_3
Parameters: 1 0.000148453 0.000133498 -0.000147549 0.999994 -0.00338802 -0.000133501 0.00338798 0.999995 -0.0335355 0.172148 -0.0741146
FixedParameters: 0 0 0

#Transform 9
Transform: AffineTransform_float_3_3
Parameters: 1 -1.3647e-05 -0.000249965 1.33529e-05 0.999996 -0.002588 0.000250035 0.00258799 0.999996 -0.0194347 0.108138 -0.0579816
FixedParameters: 0 0 0

#Transform 10
Transform: AffineTransform_float_3_3
Parameters: 1 0.000227306 0.000133481 -0.000226696 0.999998 -0.00228403 -0.000133518 0.00228397 0.999998 -0.046139 0.0642399 -0.059618
FixedParameters: 0 0 0

#Transform 11
Transform: AffineTransform_float_3_3
Parameters: 1 0.000198676 0.000229416 -0.000198325 0.999995 -0.00294404 -0.000229585 0.00294395 0.999995 -0.0201476 0.142305 -0.0928369
FixedParameters: 0 0 0

#Transform 12
Transform: AffineTransform_float_3_3
Parameters: 1 0.000197713 0.000345593 -0.000197286 0.999998 -0.00206307 -0.000346408 0.00206293 0.999998 -0.0302818 0.0254439 -0.0663505
FixedParameters: 0 0 0

#Transform 13
Transform: AffineTransform_float_3_3
Parameters: 1 4.9312e-05 0.000133886 -4.96878e-05 0.999998 -0.00232901 -0.000134116 0.00232899 0.999998 0.00762434 0.104677 -0.0586965
FixedParameters: 0 0 0

#Transform 14
Transform: AffineTransform_float_3_3
Parameters: 1 0.000197336 0.000133504 -0.000197665 0.999997 -0.00251603 -0.000133498 0.00251597 0.999997 0.0231851 0.103689 -0.0723195
FixedParameters: 0 0 0

#Transform 15
Transform: AffineTransform_float_3_3
Parameters: 1 -6.19315e-05 0.00055712 6.30701e-05 0.999998 -0.00191797 -0.00055788 0.00191804 0.999998 -0.00502209 0.0686655 -0.0311653
FixedParameters: 0 0 0

#Transform 16
Transform: AffineTransform_float_3_3
Parameters: 1 -0.000214669 0.000134529 0.000214329 0.999997 -0.00246297 -0.000133472 0.00246303 0.999997 0.0288856 0.118961 -0.0622575
FixedParameters: 0 0 0

#Transform 17
Transform: AffineTransform_float_3_3
Parameters: 1 -2.94117e-05 -0.000290959 2.85882e-05 0.999999 -0.00141501 0.000291041 0.00141499 0.999999 0.0377513 0.0493435 -0.0395106
FixedParameters: 0 0 0

#Transform 18
Transform: AffineTransform_float_3_3
Parameters: 1 0.000126936 -7.41101e-05 -0.000127064 0.999999 -0.00086699 7.38898e-05 0.000867009 0.999999 -0.00398135 0.0507602 0.0304221
FixedParameters: 0 0 0

#Transform 19
Transform: AffineTransform_float_3_3
Parameters: 1 -0.000215357 -0.000374795 0.000214642 0.999999 -0.000953081 0.000375205 0.000952919 1 0.0298529 0.0657571 -0.00536982
FixedParameters: 0 0 0

#Transform 20
Transform: AffineTransform_float_3_3
Parameters: 1 8.57981e-05 -0.000356049 -8.62018e-05 1 -0.000566969 0.000355951 0.00056703 1 0.00387861 0.0133017 -0.00937813
FixedParameters: 0 0 0

#Transform 21
Transform: AffineTransform_float_3_3
Parameters: 1 -0.000214983 1.3284e-05 0.000215017 0.999999 -0.001321 -1.2716e-05 0.001321 0.999999 -0.00464467 0.0706381 -0.0785011
FixedParameters: 0 0 0

#Transform 22
Transform: AffineTransform_float_3_3
Parameters: 1 -0.000215151 -0.000278883 0.000214848 1 -0.00054306 0.000279117 0.00054294 1 0.0205678 0.0294705 -0.0999885
FixedParameters: 0 0 0

#Transform 23
Transform: AffineTransform_float_3_3
Parameters: 1 -0.000214967 0.000566012 0.000215033 1 -5.88783e-05 -0.000565987 5.91217e-05 1 -0.0110927 -0.00223806 -0.0134777
FixedParameters: 0 0 0

#Transform 24
Transform: AffineTransform_float_3_3
Parameters: 1 -0.000215297 -0.000310795 0.000214703 0.999999 -0.000954067 0.000311205 0.000954933 1 0.0236499 0.0554824 -0.0256704
FixedParameters: 0 0 0

#Transform 25
Transform: AffineTransform_float_3_3
Parameters: 1 -0.000215155 -0.000310893 0.000214845 1 -0.000498067 0.000311107 0.000497933 1 0.0153106 0.00510099 -0.0638946
FixedParameters: 0 0 0

#Transform 26
Transform: AffineTransform_float_3_3
Parameters: 0.999999 -0.000392687 -0.000827148 0.000393313 1 0.000378675 0.000827851 -0.000378325 0.999999 0.0141531 -0.00306229 -0.0115501
FixedParameters: 0 0 0

#Transform 27
Transform: AffineTransform_float_3_3
Parameters: 0.999999 -0.00021544 -0.000826885 0.00021456 1 -0.000532177 0.000827114 0.000531822 0.999999 0.0290547 0.0353859 -0.11571
FixedParameters: 0 0 0

#Transform 28
Transform: AffineTransform_float_3_3
Parameters: 1 -0.000432199 -0.000528837 0.0004318 1 -0.000377228 0.000529163 0.000376771 1 0.0321256 -0.000512484 -0.1295
FixedParameters: 0 0 0

#Transform 29
Transform: AffineTransform_float_3_3
Parameters: 1 -0.000829303 -0.000684633 0.000829697 0.999999 -0.000442568 0.000685367 0.000442432 0.999999 0.0263567 0.00816624 -0.0996024
FixedParameters: 0 0 0

#Transform 30
Transform: AffineTransform_float_3_3
Parameters: 0.999999 -0.00116421 -0.000488512 0.0011638 0.999999 -0.000419569 0.000488489 0.000419432 1 0.0614642 0.00516955 -0.170184
FixedParameters: 0 0 0

#Transform 31
Transform: AffineTransform_float_3_3
Parameters: 0.999999 -0.00135198 -0.000210136 0.00135202 0.999999 0.000100716 0.000209863 -0.000101284 1 0.0375229 -0.0246538 -0.109155
FixedParameters: 0 0 0

#Transform 32
Transform: AffineTransform_float_3_3
Parameters: 0.999999 -0.00116408 -0.000430787 0.00116392 1 -0.000183502 0.000430214 0.000183499 1 0.0644025 0.0311332 -0.17847
FixedParameters: 0 0 0

#Transform 33
Transform: AffineTransform_float_3_3
Parameters: 1 -0.00102699 -6.81643e-05 0.00102701 1 0.00015993 6.78357e-05 -0.00016007 1 0.0225483 -0.0256262 -0.114282
FixedParameters: 0 0 0

#Transform 34
Transform: AffineTransform_float_3_3
Parameters: 0.999999 -0.00116406 -0.000598884 0.00116394 1 -9.96972e-05 0.000598115 9.83039e-05 1 0.0416532 0.0049264 -0.112745
FixedParameters: 0 0 0

#Transform 35
Transform: AffineTransform_float_3_3
Parameters: 0.999999 -0.00144299 -0.000321053 0.00144301 0.999999 3.65368e-05 0.000320946 -3.74632e-05 1 0.0601561 -0.0266488 -0.169239
FixedParameters: 0 0 0

#Transform 36
Transform: AffineTransform_float_3_3
Parameters: 1 -0.001164 -1.51699e-05 0.001164 1 0.000145982 1.48301e-05 -0.000146017 1 0.0178242 -0.0434533 -0.106971
FixedParameters: 0 0 0

#Transform 37
Transform: AffineTransform_float_3_3
Parameters: 1 -0.001164 -3.08615e-05 0.001164 1 -0.000119036 3.01385e-05 0.000118965 1 0.0486094 0.0084726 -0.15669
FixedParameters: 0 0 0

#Transform 38
Transform: AffineTransform_float_3_3
Parameters: 0.999998 -0.00164087 -0.000194091 0.00164113 0.999999 0.000664683 0.000192908 -0.000665318 1 0.0630438 -0.0694106 -0.158952
FixedParameters: 0 0 0

#Transform 39
Transform: AffineTransform_float_3_3
Parameters: 0.999999 -0.00174701 2.84444e-05 0.00174699 0.999999 0.00031805 -2.85555e-05 -0.000317951 1 0.0766265 -0.0443559 -0.107897
FixedParameters: 0 0 0

#Transform 40
Transform: AffineTransform_float_3_3
Parameters: 0.999997 -0.00211376 -0.000450136 0.00211424 0.999997 0.000537049 0.000448863 -0.00053795 1 0.118922 -0.0665183 -0.192143
FixedParameters: 0 0 0

#Transform 41
Transform: AffineTransform_float_3_3
Parameters: 0.999997 -0.00213805 6.64754e-05 0.00213795 0.999998 0.000713144 -6.75263e-05 -0.000713857 0.999999 0.0764192 -0.113896 -0.117622
FixedParameters: 0 0 0

#Transform 42
Transform: AffineTransform_float_3_3
Parameters: 0.999998 -0.00201498 -0.000182256 0.00201502 0.999998 0.000126633 0.000181746 -0.000126366 1 0.0869066 -0.0343908 -0.163235
FixedParameters: 0 0 0

#Transform 43
Transform: AffineTransform_float_3_3
Parameters: 0.999999 -0.00185292 -0.000182795 0.00185308 0.999998 0.000428662 0.000182207 -0.000428338 1 0.0825662 -0.0691131 -0.190864
FixedParameters: 0 0 0

#Transform 44
Transform: AffineTransform_float_3_3
Parameters: 0.999997 -0.00241601 2.11528e-06 0.002416 0.999997 0.00119401 -4.8847e-06 -0.00119399 1 0.0655896 -0.116588 -0.104683
FixedParameters: 0 0 0

#Transform 45
Transform: AffineTransform_float_3_3
Parameters: 0.999997 -0.00241896 -0.000182573 0.00241904 0.999997 0.000236559 0.000181426 -0.00023744 1 0.0918908 -0.0396685 -0.177609
FixedParameters: 0 0 0

#Transform 46
Transform: AffineTransform_float_3_3
Parameters: 0.999998 -0.00231781 -0.000184357 0.00231719 0.999997 0.00101657 0.000181643 -0.00101742 0.999999 0.0896654 -0.111993 -0.134407
FixedParameters: 0 0 0

#Transform 47
Transform: AffineTransform_float_3_3
Parameters: 0.999998 -0.00198905 6.0337e-05 0.00198895 0.999997 0.000836121 -6.26626e-05 -0.000835876 0.999999 0.0528116 -0.0663433 -0.10096
FixedParameters: 0 0 0

#Transform 48
Transform: AffineTransform_float_3_3
Parameters: 0.999997 -0.00212601 8.3672e-06 0.00212599 0.999998 0.00076802 -9.63274e-06 -0.000767981 0.999999 0.0972667 -0.0440918 -0.165519
FixedParameters: 0 0 0

#Transform 49
Transform: AffineTransform_float_3_3
Parameters: 0.999997 -0.00250713 0.000220485 0.00250687 0.999996 0.000604554 -0.000221516 -0.000604446 1 0.0875182 -0.12115 -0.171834
FixedParameters: 0 0 0

#Transform 50
Transform: AffineTransform_float_3_3
Parameters: 0.999997 -0.00268291 -0.000183293 0.00268309 0.999997 0.00048151 0.000181709 -0.000481489 1 0.090813 -0.06795 -0.146631
FixedParameters: 0 0 0

#Transform 51
Transform: AffineTransform_float_3_3
Parameters: 0.999997 -0.00243189 -0.000183444 0.00243211 0.999997 0.000593555 0.000181557 -0.000593443 1 0.106985 -0.0633936 -0.233658
FixedParameters: 0 0 0

#Transform 52
Transform: AffineTransform_float_3_3
Parameters: 0.999996 -0.00285582 -0.000184818 0.00285618 0.999996 0.000986476 0.00018218 -0.000987524 0.999999 0.0800004 -0.102573 -0.126054
FixedParameters: 0 0 0

#Transform 53
Transform: AffineTransform_float_3_3
Parameters: 0.999996 -0.00287582 -0.000184838 0.00287618 0.999996 0.000986472 0.00018216 -0.000987528 0.999999 0.115653 -0.0606183 -0.222576
FixedParameters: 0 0 0

#Transform 54
Transform: AffineTransform_float_3_3
Parameters: 0.999995 -0.00296889 -0.00010893 0.00296911 0.999995 0.000986681 0.000106069 -0.000987319 0.999999 0.0884676 -0.102756 -0.156525
FixedParameters: 0 0 0

#Transform 55
Transform: AffineTransform_float_3_3
Parameters: 0.999996 -0.00286167 -0.000366585 0.00286133 0.999995 0.000902954 0.000364415 -0.000904046 0.999999 0.126978 -0.0530383 -0.264322
FixedParameters: 0 0 0

#Transform 56
Transform: AffineTransform_float_3_3
Parameters: 0.999995 -0.00293471 -0.000186616 0.00293529 0.999995 0.00157246 0.000181382 -0.00157354 0.999998 0.0824212 -0.129854 -0.159858
FixedParameters: 0 0 0

#Transform 57
Transform: AffineTransform_float_3_3
Parameters: 0.999997 -0.00267784 -0.000184367 0.00267816 0.999996 0.00088351 0.000181635 -0.00088349 1 0.111178 -0.0303153 -0.220699
FixedParameters: 0 0 0

#Transform 58
Transform: AffineTransform_float_3_3
Parameters: 0.999996 -0.00278371 -0.000186428 0.00278329 0.999995 0.00159049 0.000181574 -0.00159051 0.999998 0.0975339 -0.106543 -0.175927
FixedParameters: 0 0 0

#Transform 59
Transform: AffineTransform_float_3_3
Parameters: 0.999995 -0.00292981 -0.000185084 0.00293019 0.999995 0.00105246 0.000181914 -0.00105354 1 0.0894913 -0.0636432 -0.180683
FixedParameters: 0 0 0

#Transform 60
Transform: AffineTransform_float_3_3
Parameters: 0.999996 -0.00285784 -0.000184426 0.00285715 0.999995 0.000848476 0.000181576 -0.000848522 0.999999 0.0933097 -0.0857027 -0.215233
FixedParameters: 0 0 0

#Transform 61
Transform: AffineTransform_float_3_3
Parameters: 0.999995 -0.00296685 -0.000106221 0.00296715 0.999994 0.00142269 0.000101777 -0.00142331 0.999999 0.0772001 -0.091708 -0.161177
FixedParameters: 0 0 0

#Transform 62
Transform: AffineTransform_float_3_3
Parameters: 0.999996 -0.00299053 -0.000420336 0.00299047 0.999995 0.00111475 0.000417664 -0.00111625 1 0.123146 -0.0478968 -0.242915
FixedParameters: 0 0 0

#Transform 63
Transform: AffineTransform_float_3_3
Parameters: 0.999995 -0.00308178 -0.000185645 0.00308122 0.999994 0.00118243 0.000181357 -0.00118256 1 0.0791488 -0.102838 -0.192588
FixedParameters: 0 0 0

#Transform 64
Transform: AffineTransform_float_3_3
Parameters: 0.999996 -0.00259564 -0.00034966 0.00259636 0.999996 0.0010241 0.00034734 -0.00102491 1 0.0823824 -0.0434649 -0.198177
FixedParameters: 0 0 0

#Transform 65
Transform: AffineTransform_float_3_3
Parameters: 0.999996 -0.00286879 -0.000185339 0.00286921 0.999995 0.00116347 0.00018166 -0.00116453 1 0.0933801 -0.0891271 -0.216524
FixedParameters: 0 0 0

#Transform 66
Transform: AffineTransform_float_3_3
Parameters: 0.999995 -0.00291574 -0.000186131 0.00291626 0.999994 0.00141646 0.00018187 -0.00141654 0.999999 0.0829731 -0.0923301 -0.16749
FixedParameters: 0 0 0

#Transform 67
Transform: AffineTransform_float_3_3
Parameters: 0.999995 -0.00297878 -0.00018558 0.00297922 0.999995 0.00120145 0.000181421 -0.00120155 1 0.0913414 -0.055992 -0.198567
FixedParameters: 0 0 0

#Transform 68
Transform: AffineTransform_float_3_3
Parameters: 0.999996 -0.00303266 -0.000301481 0.00303234 0.999994 0.00114709 0.000297521 -0.00114791 1 0.106224 -0.0744336 -0.200409
FixedParameters: 0 0 0

#Transform 69
Transform: AffineTransform_float_3_3
Parameters: 0.999996 -0.00304866 -0.000187585 0.00304934 0.999993 0.00183144 0.000181416 -0.00183156 0.999999 0.074509 -0.129595 -0.138192
FixedParameters: 0 0 0

#Transform 70
Transform: AffineTransform_float_3_3
Parameters: 0.999995 -0.00292175 -0.000185897 0.00292124 0.999995 0.00133346 0.000182105 -0.00133354 0.999999 0.0796985 -0.0468166 -0.165155
FixedParameters: 0 0 0

#Transform 71
Transform: AffineTransform_float_3_3
Parameters: 0.999996 -0.00290769 -0.000186931 0.00290831 0.999995 0.00169546 0.000182067 -0.00169654 0.999998 0.0991033 -0.0878486 -0.190178
FixedParameters: 0 0 0

#Transform 72
Transform: AffineTransform_float_3_3
Parameters: 0.999995 -0.00297181 -9.12465e-05 0.00297218 0.999994 0.00210174 8.47522e-05 -0.00210226 0.999998 0.0720269 -0.105702 -0.172944
FixedParameters: 0 0 0

#Transform 73
Transform: AffineTransform_float_3_3
Parameters: 0.999996 -0.00260867 -0.000354446 0.00260833 0.999996 0.000937079 0.000352555 -0.000937924 1 0.0562589 -0.0332969 -0.185344
FixedParameters: 0 0 0

#Transform 74
Transform: AffineTransform_float_3_3
Parameters: 1 -0.000207932 -5.12783e-05 0.000208068 0.999999 0.00133799 5.07217e-05 -0.00133801 0.999999 -0.0276019 -0.0519408 -0.172671
FixedParameters: 0 0 0

#Transform 75
Transform: AffineTransform_float_3_3
Parameters: 1 0.000994332 -0.00035006 -0.000993669 0.999999 0.000946349 0.00035094 -0.000945652 1 -0.126505 -0.0290947 -0.212669
FixedParameters: 0 0 0

#Transform 76
Transform: AffineTransform_float_3_3
Parameters: 0.999999 0.00136529 -0.000349868 -0.00136571 0.999998 0.000829478 0.000350133 -0.000829522 0.999999 -0.155569 -0.0139527 -0.226372
FixedParameters: 0 0 0

#Transform 77
Transform: AffineTransform_float_3_3
Parameters: 0.999998 0.00181233 0.000537671 -0.00181367 0.999994 0.00312703 -0.00053233 -0.00312797 0.999995 -0.164817 -0.0545464 0.114836
FixedParameters: 0 0 0

#Transform 78
Transform: AffineTransform_float_3_3
Parameters: 0.999997 0.00263563 0.000370622 -0.00263637 0.999996 0.000994027 -0.000368379 -0.000994975 1 -0.197684 0.0635174 -0.17527
FixedParameters: 0 0 0

#Transform 79
Transform: AffineTransform_float_3_3
Parameters: 0.999995 0.0030689 0.000657142 -0.0030701 0.999994 0.00167399 -0.000651859 -0.00167601 0.999999 -0.224709 -0.0351683 -0.089903
FixedParameters: 0 0 0

#Transform 80
Transform: AffineTransform_float_3_3
Parameters: 0.999995 0.00299878 0.000190439 -0.00299921 0.999995 0.00114643 -0.000186562 -0.00114656 1 -0.176681 0.0560577 -0.150456
FixedParameters: 0 0 0

#Transform 81
Transform: AffineTransform_float_3_3
Parameters: 0.999997 0.00263196 0.000656194 -0.00263304 0.999996 0.00159228 -0.000651807 -0.00159372 0.999998 -0.187208 -0.0196464 -0.131231
FixedParameters: 0 0 0

#Transform 82
Transform: AffineTransform_float_3_3
Parameters: 0.999997 0.00204513 0.000654721 -0.00204587 0.999997 0.00132966 -0.000651278 -0.00133133 0.999999 -0.154365 -0.0097505 -0.148298
FixedParameters: 0 0 0

#Transform 83
Transform: AffineTransform_float_3_3
Parameters: 1 0.000816173 0.000653035 -0.000816827 0.999999 0.00126747 -0.000651965 -0.00126853 0.999999 -0.070896 -0.0194237 -0.185885
FixedParameters: 0 0 0

#Transform 84
Transform: AffineTransform_float_3_3
Parameters: 0.999999 -0.000102763 0.000900913 0.000101237 0.999999 0.000847091 -0.000901086 -0.000846908 0.999999 -0.0297491 -0.0785772 -0.228713
FixedParameters: 0 0 0

#Transform 85
Transform: AffineTransform_float_3_3
Parameters: 0.999999 -0.000952 0.00099004 0.000951 0.999999 0.00100994 -0.000990961 -0.00100906 0.999999 -0.0324272 -0.0923278 -0.198925
FixedParameters: 0 0 0

#Transform 86
Transform: AffineTransform_float_3_3
Parameters: 0.999999 -0.0009428 0.000942201 0.000941201 0.999999 0.000848888 -0.000942799 -0.000848112 0.999999 -0.0098909 -0.0574906 -0.23524
FixedParameters: 0 0 0

#Transform 87
Transform: AffineTransform_float_3_3
Parameters: 0.999999 -0.0010428 0.000650719 0.0010422 0.999998 0.00122968 -0.000651282 -0.00122932 0.999999 -0.00435994 -0.110195 -0.231698
FixedParameters: 0 0 0

#Transform 88
Transform: AffineTransform_float_3_3
Parameters: 0.999999 -0.000499769 0.000651411 0.000498232 0.999999 0.00117933 -0.000651588 -0.00117968 0.999999 -0.0441197 -0.0806168 -0.180923
FixedParameters: 0 0 0

#Transform 89
Transform: AffineTransform_float_3_3
Parameters: 1 -0.000880953 0.000650712 0.000880048 0.999998 0.00146357 -0.000651288 -0.00146243 0.999998 -0.00396368 -0.0742716 -0.190473
FixedParameters: 0 0 0

#Transform 90
Transform: AffineTransform_float_3_3
Parameters: 0.999999 -0.00105939 0.00106262 0.0010576 0.999997 0.00225213 -0.00106538 -0.00225087 0.999997 -0.00186728 -0.134044 -0.175602
FixedParameters: 0 0 0

#Transform 91
Transform: AffineTransform_float_3_3
Parameters: 0.999999 -0.000706601 0.000710411 0.000704397 0.999997 0.0022515 -0.000712587 -0.0022505 0.999997 -0.0176365 -0.120676 -0.0819014
FixedParameters: 0 0 0

#Transform 92
Transform: AffineTransform_float_3_3
Parameters: 1 -0.000900039 0.000650566 0.000898963 0.999999 0.00159459 -0.000651434 -0.00159441 0.999998 -0.00396388 -0.089423 -0.115066
FixedParameters: 0 0 0

#Transform 93
Transform: AffineTransform_float_3_3
Parameters: 1 -0.00103741 0.000237211 0.00103759 0.999998 0.00172525 -0.00023979 -0.00172475 0.999999 0.0552003 -0.0935809 -0.191234
FixedParameters: 0 0 0

#Transform 94
Transform: AffineTransform_float_3_3
Parameters: 0.999999 -0.0009172 9.30456e-05 0.0009168 0.999998 0.00213109 -9.49538e-05 -0.00213091 0.999997 0.0430938 -0.114895 -0.118753
FixedParameters: 0 0 0

#Transform 95
Transform: AffineTransform_float_3_3
Parameters: 0.999999 -0.00091753 0.000216764 0.000916468 0.999996 0.0024372 -0.000219234 -0.0024368 0.999997 0.0254937 -0.0613738 0.0262277
FixedParameters: 0 0 0

#Transform 96
Transform: AffineTransform_float_3_3
Parameters: 1 -0.00110243 0.000216841 0.00110257 0.999998 0.00195924 -0.000219161 -0.00195976 0.999998 0.0599738 -0.0600054 -0.114176
FixedParameters: 0 0 0

#Transform 97
Transform: AffineTransform_float_3_3
Parameters: 0.999999 -0.00134994 0.000385724 0.00134906 0.999996 0.00242752 -0.000388276 -0.00242748 0.999997 0.0592298 -0.101891 -0.0586773
FixedParameters: 0 0 0

#Transform 98
Transform: AffineTransform_float_3_3
Parameters: 0.999999 -0.00134968 0.000214794 0.00134932 0.999994 0.00311729 -0.000219208 -0.00311771 0.999995 0.0519528 -0.101857 0.0541463
FixedParameters: 0 0 0

#Transform 99
Transform: AffineTransform_float_3_3
Parameters: 0.999999 -0.00134968 0.000214793 0.00134932 0.999994 0.00311829 -0.000219209 -0.00311871 0.999995 0.0297018 -0.043441 0.0717261
FixedParameters: 0 0 0

#Transform 100
Transform: AffineTransform_float_3_3
Parameters: 0.999999 -0.00134971 0.000214602 0.00134929 0.999994 0.00325929 -0.000219398 -0.00325871 0.999994 0.0529937 -0.0734114 0.0511282
FixedParameters: 0 0 0

#Transform 101
Transform: AffineTransform_float_3_3
Parameters: 0.999999 -0.00134895 -1.60479e-05 0.00134905 0.999992 0.00374198 1.09519e-05 -0.00374202 0.999993 0.0265025 -0.111884 0.0967916
FixedParameters: 0 0 0

#Transform 102
Transform: AffineTransform_float_3_3
Parameters: 0.999999 -0.00134867 -0.000124608 0.00134933 0.999995 0.00267483 0.000121391 -0.00267517 0.999997 0.0683522 -0.050383 0.0316933
FixedParameters: 0 0 0

#Transform 103
Transform: AffineTransform_float_3_3
Parameters: 0.999999 -0.00134789 -0.000334517 0.00134911 0.999993 0.00334955 0.000329483 -0.00334945 0.999995 0.0578852 -0.0977015 0.0117602
FixedParameters: 0 0 0

#Transform 104
Transform: AffineTransform_float_3_3
Parameters: 0.999999 -0.00134655 -0.000740465 0.00134944 0.999993 0.003312 0.000735534 -0.00331299 0.999994 0.0323632 -0.102672 0.0774389
FixedParameters: 0 0 0

#Transform 105
Transform: AffineTransform_float_3_3
Parameters: 0.999999 -0.00134729 -0.000583957 0.00134971 0.999995 0.00293521 0.00058004 -0.00293578 0.999995 0.0672719 -0.0334869 0.00741072
FixedParameters: 0 0 0

#Transform 106
Transform: AffineTransform_float_3_3
Parameters: 0.999999 -0.00161469 -0.000681497 0.00161631 0.999993 0.0034009 0.000676506 -0.0034021 0.999994 0.0580891 -0.0968036 0.0737486
FixedParameters: 0 0 0

#Transform 107
Transform: AffineTransform_float_3_3
Parameters: 0.999998 -0.00134542 -0.00132863 0.00134958 0.999996 0.00269621 0.00132537 -0.00269779 0.999996 0.109295 -0.034091 0.0520446
FixedParameters: 0 0 0

#Transform 108
Transform: AffineTransform_float_3_3
Parameters: 0.999998 -0.00152678 -0.000446192 0.00152822 0.999995 0.00274432 0.000441806 -0.00274568 0.999996 0.0982329 -0.0847312 0.0488837
FixedParameters: 0 0 0

#Transform 109
Transform: AffineTransform_float_3_3
Parameters: 0.999995 -0.00262069 -0.00133354 0.0026233 0.999995 0.00173051 0.00132846 -0.00173449 0.999997 0.204214 -0.00345763 0.0388617
FixedParameters: 0 0 0

#Transform 110
Transform: AffineTransform_float_3_3
Parameters: 0.999997 -0.00235265 -0.00124346 0.00235535 0.999996 0.00189208 0.00123854 -0.00189592 0.999998 0.198141 -0.0233295 0.00313074
FixedParameters: 0 0 0

#Transform 111
Transform: AffineTransform_float_3_3
Parameters: 0.999998 -0.00213698 -0.000828223 0.00213802 0.999994 0.00244223 0.00082278 -0.00244376 0.999996 0.1366 -0.0659446 0.0610741
FixedParameters: 0 0 0

#Transform 112
Transform: AffineTransform_float_3_3
Parameters: 0.999996 -0.00219929 -0.00175466 0.00220371 0.999996 0.00211614 0.00174934 -0.00211986 0.999996 0.17901 0.0274294 -0.0370352
FixedParameters: 0 0 0

#Transform 113
Transform: AffineTransform_float_3_3
Parameters: 0.999996 -0.00211834 -0.00155862 0.00212166 0.999997 0.0017067 0.00155538 -0.0017103 0.999998 0.162778 -0.0202687 -0.121191
FixedParameters: 0 0 0

#Transform 114
Transform: AffineTransform_float_3_3
Parameters: 0.999997 -0.00214694 -0.000984697 0.00215006 0.999993 0.00311589 0.000977303 -0.00311811 0.999994 0.130284 -0.0510708 -0.00789015
FixedParameters: 0 0 0

#Transform 115
Transform: AffineTransform_float_3_3
Parameters: 0.999997 -0.00186981 -0.00156103 0.00187319 0.999994 0.00268808 0.00155597 -0.00269092 0.999995 0.162212 -0.000832377 -0.073006
FixedParameters: 0 0 0

#Transform 116
Transform: AffineTransform_float_3_3
Parameters: 0.999997 -0.00153024 -0.00155969 0.00153376 0.999996 0.00240961 0.00155631 -0.00241239 0.999996 0.131584 -0.0282503 -0.0874096
FixedParameters: 0 0 0

#Transform 117
Transform: AffineTransform_float_3_3
Parameters: 0.999998 -0.00106679 -0.00155958 0.00107221 0.999994 0.00334433 0.00155542 -0.00334667 0.999993 0.101869 -0.0513227 -0.0290105
FixedParameters: 0 0 0

#Transform 118
Transform: AffineTransform_float_3_3
Parameters: 0.999998 -0.00171601 -0.00149759 0.00171999 0.999995 0.00266843 0.00149342 -0.00267057 0.999996 0.140448 0.010949 -0.089707
FixedParameters: 0 0 0

#Transform 119
Transform: AffineTransform_float_3_3
Parameters: 0.999998 -0.00141615 -0.00137298 0.00141985 0.999995 0.00280706 0.00136902 -0.00280894 0.999995 0.108738 -0.054908 -0.0895443
FixedParameters: 0 0 0

#Transform 120
Transform: AffineTransform_float_3_3
Parameters: 0.999997 -0.0014496 -0.00205083 0.0014554 0.999996 0.00263203 0.00204717 -0.00263498 0.999995 0.0917184 -0.000462122 -0.0597962
FixedParameters: 0 0 0

#Transform 121
Transform: AffineTransform_float_3_3
Parameters: 0.999997 -0.00186988 -0.00190206 0.00187312 0.999996 0.00216844 0.00189794 -0.00217156 0.999996 0.149548 -0.0114447 -0.162051
FixedParameters: 0 0 0

#Transform 122
Transform: AffineTransform_float_3_3
Parameters: 0.999997 -0.00186987 -0.00152408 0.00187313 0.999994 0.00271415 0.00151892 -0.00271685 0.999995 0.101812 -0.0476741 -0.0958562
FixedParameters: 0 0 0

#Transform 123
Transform: AffineTransform_float_3_3
Parameters: 0.999996 -0.00186829 -0.00216993 0.00187371 0.999995 0.00263394 0.00216507 -0.00263806 0.999994 0.124912 0.0175664 -0.0945849
FixedParameters: 0 0 0

#Transform 124
Transform: AffineTransform_float_3_3
Parameters: 0.999996 -0.00164588 -0.00205112 0.00165112 0.999995 0.00249562 0.00204688 -0.00249838 0.999995 0.136789 -0.0119746 -0.127719
FixedParameters: 0 0 0

#Transform 125
Transform: AffineTransform_float_3_3
Parameters: 0.999997 -0.00170583 -0.00205215 0.00171217 0.999994 0.0030095 0.00204685 -0.0030135 0.999994 0.100925 -0.0399941 -0.0890516
FixedParameters: 0 0 0

#Transform 126
Transform: AffineTransform_float_3_3
Parameters: 0.999997 -0.00166711 -0.00216577 0.00167189 0.999996 0.00225639 0.00216223 -0.00225961 0.999995 0.127979 0.0222389 -0.151386
FixedParameters: 0 0 0

#Transform 127
Transform: AffineTransform_float_3_3
Parameters: 0.999997 -0.00133727 -0.00206742 0.00134073 0.999997 0.00180423 0.00206558 -0.00180677 0.999996 0.10596 -0.0110697 -0.206434
FixedParameters: 0 0 0

#Transform 128
Transform: AffineTransform_float_3_3
Parameters: 0.999996 -0.0012875 -0.00252133 0.0012945 0.999996 0.00257674 0.00251867 -0.00258025 0.999993 0.0867017 -0.0131127 -0.137609
FixedParameters: 0 0 0

#Transform 129
Transform: AffineTransform_float_3_3
Parameters: 0.999997 -0.0014071 -0.00231438 0.0014109 0.999997 0.00168474 0.00231262 -0.00168826 0.999996 0.105461 0.0396403 -0.249544
FixedParameters: 0 0 0

#Transform 130
Transform: AffineTransform_float_3_3
Parameters: 0.999998 -0.00125812 -0.00159927 0.00126088 0.999997 0.00180099 0.00159673 -0.00180301 0.999997 0.127533 0.0158829 -0.224409
FixedParameters: 0 0 0

#Transform 131
Transform: AffineTransform_float_3_3
Parameters: 0.999999 -0.00100383 -0.00112993 0.00100617 0.999997 0.00191887 0.00112807 -0.00192013 0.999998 0.0964673 0.0121736 -0.200297
FixedParameters: 0 0 0

#Transform 132
Transform: AffineTransform_float_3_3
Parameters: 0.999998 -0.000542085 -0.00154567 0.000543914 0.999999 0.00123816 0.00154533 -0.00123984 0.999998 0.151891 0.0308853 -0.329996
FixedParameters: 0 0 0

#Transform 133
Transform: AffineTransform_float_3_3
Parameters: 0.999999 -0.000242184 -0.00174139 0.000245815 0.999998 0.00161657 0.00174061 -0.00161742 0.999997 0.083712 -0.00429295 -0.1663
FixedParameters: 0 0 0

#Transform 134
Transform: AffineTransform_float_3_3
Parameters: 0.999999 -0.00071878 -0.00171735 0.000721221 0.999998 0.00187476 0.00171665 -0.00187624 0.999997 0.0604908 0.040958 -0.113712
FixedParameters: 0 0 0

#Transform 135
Transform: AffineTransform_float_3_3
Parameters: 0.999998 -0.000828072 -0.00205959 0.000831928 0.999998 0.00190729 0.00205742 -0.00190871 0.999996 0.100218 0.0448894 -0.201472
FixedParameters: 0 0 0

#Transform 136
Transform: AffineTransform_float_3_3
Parameters: 0.999998 -0.0012248 -0.00156251 0.0012282 0.999997 0.00204908 0.00155949 -0.00205091 0.999996 0.112637 0.00978805 -0.145697
FixedParameters: 0 0 0

#Transform 137
Transform: AffineTransform_float_3_3
Parameters: 0.999997 -0.00165887 -0.00211724 0.00166313 0.999996 0.00195048 0.00211376 -0.00195451 0.999996 0.125301 0.0429166 -0.107656
FixedParameters: 0 0 0

#Transform 138
Transform: AffineTransform_float_3_3
Parameters: 0.999998 -0.00135091 -0.00154371 0.00135409 0.999997 0.00200391 0.00154129 -0.00200509 0.999997 0.130882 0.0664048 -0.132105
FixedParameters: 0 0 0

#Transform 139
Transform: AffineTransform_float_3_3
Parameters: 0.999996 -0.00165948 -0.00200292 0.00166252 0.999997 0.00175768 0.00200008 -0.00176133 0.999997 0.153668 0.0310877 -0.150007
FixedParameters: 0 0 0

#Transform 140
Transform: AffineTransform_float_3_3
Parameters: 0.999997 -0.00166068 -0.00166431 0.00166332 0.999997 0.00139123 0.00166169 -0.00139376 0.999997 0.12293 0.0400044 -0.129324
FixedParameters: 0 0 0

#Transform 141
Transform: AffineTransform_float_3_3
Parameters: 0.999996 -0.00166028 -0.00211613 0.00166272 0.999998 0.00128349 0.00211386 -0.00128751 0.999997 0.138966 0.0673072 -0.16275
FixedParameters: 0 0 0

#Transform 142
Transform: AffineTransform_float_3_3
Parameters: 0.999996 -0.00206218 -0.00161305 0.00206282 0.999997 0.000508674 0.00161195 -0.000512326 0.999998 0.149326 0.0469178 -0.22397
FixedParameters: 0 0 0

#Transform 143
Transform: AffineTransform_float_3_3
Parameters: 0.999997 -0.00165905 -0.00174277 0.00166295 0.999996 0.00226711 0.00173923 -0.00226989 0.999996 0.110907 -0.00204324 -0.100243
FixedParameters: 0 0 0

#Transform 144
Transform: AffineTransform_float_3_3
Parameters: 0.999997 -0.00166129 -0.00174862 0.00166271 0.999998 0.000976096 0.00174637 -0.000979904 0.999998 0.0977639 0.0605458 -0.156842
FixedParameters: 0 0 0

#Transform 145
Transform: AffineTransform_float_3_3
Parameters: 0.999997 -0.00165979 -0.00211652 0.00166321 0.999997 0.00151448 0.00211348 -0.00151751 0.999996 0.139269 0.0357731 -0.176203
FixedParameters: 0 0 0

#Transform 146
Transform: AffineTransform_float_3_3
Parameters: 0.999996 -0.00166088 -0.00202374 0.00166312 0.999998 0.00104564 0.00202226 -0.00104836 0.999998 0.11737 0.0304153 -0.163329
FixedParameters: 0 0 0

#Transform 147
Transform: AffineTransform_float_3_3
Parameters: 0.999996 -0.00209063 -0.00184197 0.00209537 0.999995 0.00237415 0.00183703 -0.00237785 0.999996 0.167069 0.124683 0.0280198
FixedParameters: 0 0 0

#Transform 148
Transform: AffineTransform_float_3_3
Parameters: 0.999997 -0.00217587 -0.000171697 0.00217613 0.999998 0.000779628 0.000170302 -0.000780372 0.999999 0.269217 0.66312 0.431226
FixedParameters: 0 0 0

#Transform 149
Transform: AffineTransform_float_3_3
Parameters: 0.999999 -0.00181218 0.000324008 0.00181182 0.999998 0.000547588 -0.000324992 -0.000547412 1 0.165699 0.532253 0.371283
FixedParameters: 0 0 0

#Transform 150
Transform: AffineTransform_float_3_3
Parameters: 0.999999 -0.00122249 0.000475301 0.0012235 0.999998 -0.00106342 -0.000473698 0.00106458 1 0.123687 0.573232 0.335204
FixedParameters: 0 0 0

#Transform 151
Transform: AffineTransform_float_3_3
Parameters: 0.999999 -0.0014828 0.000101892 0.0014832 0.999997 -0.00194985 -9.91078e-05 0.00195015 0.999998 0.161038 0.573932 0.222675
FixedParameters: 0 0 0

#Transform 152
Transform: AffineTransform_float_3_3
Parameters: 0.999999 -0.00178292 4.34767e-05 0.00178308 0.999997 -0.00194993 -4.0523e-05 0.00195008 0.999998 0.170142 0.521373 0.196499
FixedParameters: 0 0 0

#Transform 153
Transform: AffineTransform_float_3_3
Parameters: 0.999999 -0.00179348 -0.000213028 0.00179252 0.999996 -0.00221538 0.000216971 0.00221461 0.999997 0.155011 0.539493 0.224614
FixedParameters: 0 0 0

#Transform 154
Transform: AffineTransform_float_3_3
Parameters: 0.999998 -0.00191854 -0.000212206 0.00191746 0.999995 -0.00249941 0.000216792 0.00249859 0.999997 0.177184 0.520656 0.109807
FixedParameters: 0 0 0

#Transform 155
Transform: AffineTransform_float_3_3
Parameters: 0.999996 -0.00261776 9.96281e-05 0.00261824 0.999994 -0.00253175 -9.23705e-05 0.00253225 0.999997 0.189927 0.433503 0.105364
FixedParameters: 0 0 0

#Transform 156
Transform: AffineTransform_float_3_3
Parameters: 0.999998 -0.00232601 -1.54782e-06 0.00232599 0.999994 -0.00234401 7.45213e-06 0.00234399 0.999998 0.197727 0.4196 -0.0376248
FixedParameters: 0 0 0

#Transform 157
Transform: AffineTransform_float_3_3
Parameters: 0.999996 -0.0027885 0.000264342 0.0027885 0.999995 -0.00191527 -0.00025966 0.00191573 0.999998 0.22818 0.270506 0.018441
FixedParameters: 0 0 0

#Transform 158
Transform: AffineTransform_float_3_3
Parameters: 0.999996 -0.00285927 0.000564712 0.00286073 0.999995 -0.00129739 -0.000561288 0.00129861 0.999999 0.192364 0.183224 0.0253134
FixedParameters: 0 0 0

#Transform 159
Transform: AffineTransform_float_3_3
Parameters: 0.999996 -0.00274775 0.000240849 0.00274825 0.999995 -0.00103634 -0.000238152 0.00103666 1 0.172187 0.248239 0.117749
FixedParameters: 0 0 0

#Transform 160
Transform: AffineTransform_float_3_3
Parameters: 0.999996 -0.00258349 0.000243502 0.00258451 0.999995 -0.00212938 -0.000237495 0.00213062 0.999997 0.190734 0.267733 -0.0115166
FixedParameters: 0 0 0

#Transform 161
Transform: AffineTransform_float_3_3
Parameters: 0.999997 -0.00203999 0.00068003 0.00204101 0.999997 -0.00148461 -0.000676968 0.00148638 0.999998 0.156707 0.264631 0.27511
FixedParameters: 0 0 0

#Transform 162
Transform: AffineTransform_float_3_3
Parameters: 0.999996 -0.00231406 0.00112001 0.00231594 0.999996 -0.00173241 -0.00111598 0.00173559 0.999998 0.203761 0.365919 0.244882
FixedParameters: 0 0 0

#Transform 163
Transform: AffineTransform_float_3_3
Parameters: 0.999993 -0.00361637 0.000983016 0.00361863 0.999992 -0.00166145 -0.000976981 0.00166555 0.999998 0.188592 0.181293 0.0589625
FixedParameters: 0 0 0

#Transform 164
Transform: AffineTransform_float_3_3
Parameters: 0.999991 -0.00409994 2.3067e-05 0.00410005 0.999985 -0.00343093 -8.93257e-06 0.00343106 0.999994 0.227287 0.240539 -0.0846017
FixedParameters: 0 0 0

#Transform 165
Transform: AffineTransform_float_3_3
Parameters: 0.999991 -0.00424919 -0.000527495 0.00424781 0.999989 -0.00223826 0.000536508 0.00223674 0.999998 0.258664 0.143218 -0.0917726
FixedParameters: 0 0 0

#Transform 166
Transform: AffineTransform_float_3_3
Parameters: 0.999991 -0.00424798 1.40482e-05 0.00424802 0.999988 -0.00212996 -4.9516e-06 0.00213004 0.999997 0.196344 0.163663 -0.0254897
FixedParameters: 0 0 0

#Transform 167
Transform: AffineTransform_float_3_3
Parameters: 0.999991 -0.00424934 -0.000534454 0.00424766 0.999988 -0.00248329 0.000545548 0.0024817 0.999997 0.226081 0.211414 -0.14145
FixedParameters: 0 0 0

#Transform 168
Transform: AffineTransform_float_3_3
Parameters: 0.99999 -0.00425003 -0.000966111 0.00424797 0.999989 -0.00209412 0.000974889 0.00208988 0.999998 0.19842 0.144339 -0.086521
FixedParameters: 0 0 0

#Transform 169
Transform: AffineTransform_float_3_3
Parameters: 0.999992 -0.00401205 -0.00110055 0.00400995 0.99999 -0.00186043 0.00110745 0.00185557 0.999997 0.194149 0.214974 -0.0785326
FixedParameters: 0 0 0

#Transform 170
Transform: AffineTransform_float_3_3
Parameters: 0.999992 -0.00333817 -0.00187614 0.00333583 0.999994 -0.00115827 0.00187985 0.00115173 0.999997 0.16464 0.155143 -0.0588281
FixedParameters: 0 0 0

#Transform 171
Transform: AffineTransform_float_3_3
Parameters: 0.999992 -0.0033396 -0.00187961 0.00333639 0.999992 -0.00191629 0.00188639 0.00190971 0.999997 0.123193 0.20542 -0.0415853
FixedParameters: 0 0 0

#Transform 172
Transform: AffineTransform_float_3_3
Parameters: 0.999993 -0.00329345 -0.00162904 0.00328955 0.999993 -0.00211737 0.00163696 0.00211162 0.999997 0.140804 0.218059 -0.099408
FixedParameters: 0 0 0

#Transform 173
Transform: AffineTransform_float_3_3
Parameters: 0.999991 -0.00330958 -0.00262223 0.00330442 0.999993 -0.00174968 0.00262877 0.00174132 0.999995 0.123171 0.180489 -0.0860999
FixedParameters: 0 0 0

#Transform 174
Transform: AffineTransform_float_3_3
Parameters: 0.999994 -0.00288046 -0.00162989 0.00287653 0.999993 -0.0021257 0.00163611 0.0021203 0.999997 0.0631422 0.222178 -0.0476001
FixedParameters: 0 0 0

#Transform 175
Transform: AffineTransform_float_3_3
Parameters: 0.999994 -0.00329662 -0.000846723 0.00329538 0.999993 -0.0019058 0.000853275 0.0019022 0.999998 0.0992312 0.209311 -0.0620477
FixedParameters: 0 0 0

#Transform 176
Transform: AffineTransform_float_3_3
Parameters: 0.999996 -0.00279214 -0.00123918 0.00278986 0.999994 -0.00172746 0.00124382 0.00172453 0.999997 0.042651 0.189519 -0.0288304
FixedParameters: 0 0 0

#Transform 177
Transform: AffineTransform_float_3_3
Parameters: 0.999997 -0.00233849 -0.000641603 0.00233651 0.999994 -0.00230951 0.000646397 0.00230849 0.999997 0.000614953 0.273177 -0.00889513
FixedParameters: 0 0 0

#Transform 178
Transform: AffineTransform_float_3_3
Parameters: 0.999997 -0.00233124 -0.0013341 0.00232976 0.999996 -0.00167711 0.00133791 0.00167389 0.999997 0.0206904 0.276142 -0.00472237
FixedParameters: 0 0 0

#Transform 179
Transform: AffineTransform_float_3_3
Parameters: 0.999996 -0.00238649 -0.00144591 0.00238451 0.999995 -0.00171845 0.0014501 0.00171555 0.999998 -0.00775977 0.24885 -0.0259022
FixedParameters: 0 0 0

#Transform 180
Transform: AffineTransform_float_3_3
Parameters: 0.999996 -0.00238716 -0.00138156 0.00238384 0.999994 -0.0022833 0.00138745 0.0022807 0.999997 0.0133993 0.298041 0.00963124
FixedParameters: 0 0 0

#Transform 181
Transform: AffineTransform_float_3_3
Parameters: 0.999995 -0.00238819 -0.0020391 0.00238381 0.999995 -0.00205687 0.0020439 0.00205213 0.999996 0.0389299 0.27488 -0.0354001
FixedParameters: 0 0 0

#Transform 182
Transform: AffineTransform_float_3_3
Parameters: 0.999997 -0.00238715 -0.00131731 0.00238385 0.999995 -0.00238615 0.00132369 0.00238285 0.999997 0.00507551 0.270674 -0.0716981
FixedParameters: 0 0 0

#Transform 183
Transform: AffineTransform_float_3_3
Parameters: 0.999996 -0.00238848 -0.00150592 0.00238452 0.999992 -0.0029696 0.00151308 0.0029654 0.999995 0.0510371 0.307355 -0.0679735
FixedParameters: 0 0 0

#Transform 184
Transform: AffineTransform_float_3_3
Parameters: 0.999996 -0.0023878 -0.00180198 0.00238421 0.999995 -0.00210531 0.00180702 0.00210069 0.999996 0.0759989 0.286645 -0.0800873
FixedParameters: 0 0 0

#Transform 185
Transform: AffineTransform_float_3_3
Parameters: 0.999997 -0.00196856 -0.00140001 0.00196444 0.999995 -0.00253876 0.00140499 0.00253624 0.999996 0.0103557 0.303281 -0.0454658
FixedParameters: 0 0 0

#Transform 186
Transform: AffineTransform_float_3_3
Parameters: 0.999997 -0.00207173 -0.00124748 0.00206927 0.999995 -0.00218559 0.00125252 0.00218341 0.999997 0.0487386 0.324803 -0.10547
FixedParameters: 0 0 0

#Transform 187
Transform: AffineTransform_float_3_3
Parameters: 0.999997 -0.0019808 -0.00180284 0.0019772 0.999996 -0.00210657 0.00180717 0.00210343 0.999996 0.0246898 0.279483 -0.0708763
FixedParameters: 0 0 0

#Transform 188
Transform: AffineTransform_float_3_3
