# transform file /out/sourcedata/freesurfer/sub-v1s13x0050029_ses-1/mri/transforms/cc_up.lta
# created by oesteban on Sun Mar  8 17:26:50 2026

type      = 0 # LINEAR_VOX_TO_VOX
nxforms   = 1
mean      = 127.0000 115.0000 120.0000
sigma     = 10000.0000
1 4 4
9.995459914207458e-01 -5.082166753709316e-03 -2.970082126557827e-02 5.880225181579590e+00 
5.079924594610929e-03 9.999871253967285e-01 -1.509464636910707e-04 3.237812423706055e+01 
2.970120497047901e-02 0.000000000000000e+00 9.995588660240173e-01 6.304814338684082e+00 
0.000000000000000e+00 0.000000000000000e+00 0.000000000000000e+00 1.000000000000000e+00 
src volume info
valid = 1  # volume info valid
filename = /out/sourcedata/freesurfer/sub-v1s13x0050029_ses-1/mri/norm.mgz
volume = 256 256 256
voxelsize = 1.000000000000000e+00 1.000000000000000e+00 1.000000000000000e+00
xras   = -9.999999403953552e-01 0.000000000000000e+00 0.000000000000000e+00
yras   = 0.000000000000000e+00 0.000000000000000e+00 -9.999999403953552e-01
zras   = 0.000000000000000e+00 9.999999403953552e-01 0.000000000000000e+00
cras   = -2.380561828613281e+00 -1.738571166992188e+00 -3.394729614257812e+00
dst volume info
valid = 1  # volume info valid
filename = /out/sourcedata/freesurfer/sub-v1s13x0050029_ses-1/mri/norm.mgz
volume = 256 256 256
voxelsize = 1.000000000000000e+00 1.000000000000000e+00 1.000000000000000e+00
xras   = -9.999999403953552e-01 0.000000000000000e+00 0.000000000000000e+00
yras   = 0.000000000000000e+00 0.000000000000000e+00 -9.999999403953552e-01
zras   = 0.000000000000000e+00 9.999999403953552e-01 0.000000000000000e+00
cras   = -2.380561828613281e+00 -1.738571166992188e+00 -3.394729614257812e+00
