# transform file /out/sourcedata/freesurfer/sub-v1s13x0050049_ses-1/mri/transforms/cc_up.lta
# created by oesteban on Sun Mar  8 18:15:39 2026

type      = 0 # LINEAR_VOX_TO_VOX
nxforms   = 1
mean      = 126.0000 132.0000 111.0000
sigma     = 10000.0000
1 4 4
9.998392462730408e-01 -1.482895202934742e-02 1.008944213390350e-02 2.547577142715454e+00 
1.482819672673941e-02 9.998901486396790e-01 1.496322802267969e-04 1.912770652770996e+01 
-1.009055227041245e-02 0.000000000000000e+00 9.999491572380066e-01 2.427676582336426e+01 
0.000000000000000e+00 0.000000000000000e+00 0.000000000000000e+00 1.000000000000000e+00 
src volume info
valid = 1  # volume info valid
filename = /out/sourcedata/freesurfer/sub-v1s13x0050049_ses-1/mri/norm.mgz
volume = 256 256 256
voxelsize = 1.000000000000000e+00 1.000000000000000e+00 1.000000000000000e+00
xras   = -9.999999403953552e-01 0.000000000000000e+00 0.000000000000000e+00
yras   = 0.000000000000000e+00 0.000000000000000e+00 -9.999999403953552e-01
zras   = 0.000000000000000e+00 9.999999403953552e-01 0.000000000000000e+00
cras   = -3.106948852539062e+00 1.050796508789062e+00 3.243865966796875e-01
dst volume info
valid = 1  # volume info valid
filename = /out/sourcedata/freesurfer/sub-v1s13x0050049_ses-1/mri/norm.mgz
volume = 256 256 256
voxelsize = 1.000000000000000e+00 1.000000000000000e+00 1.000000000000000e+00
xras   = -9.999999403953552e-01 0.000000000000000e+00 0.000000000000000e+00
yras   = 0.000000000000000e+00 0.000000000000000e+00 -9.999999403953552e-01
zras   = 0.000000000000000e+00 9.999999403953552e-01 0.000000000000000e+00
cras   = -3.106948852539062e+00 1.050796508789062e+00 3.243865966796875e-01
