# transform file /out/sourcedata/freesurfer/sub-v1s13x0050040_ses-1/mri/transforms/cc_up.lta
# created by oesteban on Sun Mar  8 18:12:02 2026

type      = 0 # LINEAR_VOX_TO_VOX
nxforms   = 1
mean      = 130.0000 130.0000 123.0000
sigma     = 10000.0000
1 4 4
9.997083544731140e-01 -2.029015123844147e-02 1.310150977224112e-02 -2.833337783813477e-01 
2.028840966522694e-02 9.997941255569458e-01 2.658863377291709e-04 1.635383796691895e+01 
-1.310420781373978e-02 0.000000000000000e+00 9.999141693115234e-01 1.271358585357666e+01 
0.000000000000000e+00 0.000000000000000e+00 0.000000000000000e+00 1.000000000000000e+00 
src volume info
valid = 1  # volume info valid
filename = /out/sourcedata/freesurfer/sub-v1s13x0050040_ses-1/mri/norm.mgz
volume = 256 256 256
voxelsize = 1.000000000000000e+00 1.000000000000000e+00 1.000000000000000e+00
xras   = -9.999999403953552e-01 0.000000000000000e+00 0.000000000000000e+00
yras   = 0.000000000000000e+00 0.000000000000000e+00 -9.999999403953552e-01
zras   = 0.000000000000000e+00 9.999999403953552e-01 0.000000000000000e+00
cras   = -1.937988281250000e+00 -6.943939208984375e+00 -8.345382690429688e+00
dst volume info
valid = 1  # volume info valid
filename = /out/sourcedata/freesurfer/sub-v1s13x0050040_ses-1/mri/norm.mgz
volume = 256 256 256
voxelsize = 1.000000000000000e+00 1.000000000000000e+00 1.000000000000000e+00
xras   = -9.999999403953552e-01 0.000000000000000e+00 0.000000000000000e+00
yras   = 0.000000000000000e+00 0.000000000000000e+00 -9.999999403953552e-01
zras   = 0.000000000000000e+00 9.999999403953552e-01 0.000000000000000e+00
cras   = -1.937988281250000e+00 -6.943939208984375e+00 -8.345382690429688e+00
