# transform file /out/sourcedata/freesurfer/sub-v1s13x0050004_ses-1/mri/transforms/cc_up.lta
# created by oesteban on Sun Mar  8 14:11:28 2026

type      = 0 # LINEAR_VOX_TO_VOX
nxforms   = 1
mean      = 130.0000 136.0000 111.0000
sigma     = 10000.0000
1 4 4
9.962209463119507e-01 -8.206379413604736e-02 2.844897098839283e-02 8.197359085083008e+00 
8.203035593032837e-02 9.966270327568054e-01 2.342531923204660e-03 3.749454975128174e+00 
-2.854525111615658e-02 -2.328306436538696e-10 9.995925426483154e-01 2.665802001953125e+01 
0.000000000000000e+00 0.000000000000000e+00 0.000000000000000e+00 1.000000000000000e+00 
src volume info
valid = 1  # volume info valid
filename = /out/sourcedata/freesurfer/sub-v1s13x0050004_ses-1/mri/norm.mgz
volume = 256 256 256
voxelsize = 1.000000000000000e+00 1.000000000000000e+00 1.000000000000000e+00
xras   = -9.999999403953552e-01 0.000000000000000e+00 0.000000000000000e+00
yras   = 0.000000000000000e+00 0.000000000000000e+00 -9.999999403953552e-01
zras   = 0.000000000000000e+00 9.999999403953552e-01 0.000000000000000e+00
cras   = 1.977798461914062e+00 1.050796508789062e+00 -4.033950805664062e+00
dst volume info
valid = 1  # volume info valid
filename = /out/sourcedata/freesurfer/sub-v1s13x0050004_ses-1/mri/norm.mgz
volume = 256 256 256
voxelsize = 1.000000000000000e+00 1.000000000000000e+00 1.000000000000000e+00
xras   = -9.999999403953552e-01 0.000000000000000e+00 0.000000000000000e+00
yras   = 0.000000000000000e+00 0.000000000000000e+00 -9.999999403953552e-01
zras   = 0.000000000000000e+00 9.999999403953552e-01 0.000000000000000e+00
cras   = 1.977798461914062e+00 1.050796508789062e+00 -4.033950805664062e+00
