# transform file /out/sourcedata/freesurfer/sub-v1s13x0050042_ses-1/mri/transforms/cc_up.lta
# created by oesteban on Sun Mar  8 18:07:33 2026

type      = 0 # LINEAR_VOX_TO_VOX
nxforms   = 1
mean      = 130.0000 128.0000 114.0000
sigma     = 10000.0000
1 4 4
9.965751767158508e-01 -7.021532207727432e-02 -4.367710277438164e-02 1.396848964691162e+01 
7.014798372983932e-02 9.975318312644958e-01 -3.074390115216374e-03 7.696308135986328e+00 
4.378516972064972e-02 2.328306436538696e-10 9.990409612655640e-01 1.754364204406738e+01 
0.000000000000000e+00 0.000000000000000e+00 0.000000000000000e+00 1.000000000000000e+00 
src volume info
valid = 1  # volume info valid
filename = /out/sourcedata/freesurfer/sub-v1s13x0050042_ses-1/mri/norm.mgz
volume = 256 256 256
voxelsize = 1.000000000000000e+00 1.000000000000000e+00 1.000000000000000e+00
xras   = -9.999999403953552e-01 0.000000000000000e+00 0.000000000000000e+00
yras   = 0.000000000000000e+00 0.000000000000000e+00 -9.999999403953552e-01
zras   = 0.000000000000000e+00 9.999999403953552e-01 0.000000000000000e+00
cras   = 2.712730407714844e+00 -3.437820434570312e+00 -1.465931701660156e+01
dst volume info
valid = 1  # volume info valid
filename = /out/sourcedata/freesurfer/sub-v1s13x0050042_ses-1/mri/norm.mgz
volume = 256 256 256
voxelsize = 1.000000000000000e+00 1.000000000000000e+00 1.000000000000000e+00
xras   = -9.999999403953552e-01 0.000000000000000e+00 0.000000000000000e+00
yras   = 0.000000000000000e+00 0.000000000000000e+00 -9.999999403953552e-01
zras   = 0.000000000000000e+00 9.999999403953552e-01 0.000000000000000e+00
cras   = 2.712730407714844e+00 -3.437820434570312e+00 -1.465931701660156e+01
