#Insight Transform File V1.0
#Transform 0
Transform: AffineTransform_float_3_3
Parameters: 0.999996 -0.00140257 0.00236768 0.00138543 0.999971 0.0074063 -0.00237832 -0.00740269 0.99997 -0.0211756 -0.0765045 0.256547
FixedParameters: 0 0 0

#Transform 1
Transform: AffineTransform_float_3_3
Parameters: 0.999998 -0.00168166 0.00152139 0.00167234 0.999978 0.00632856 -0.00153161 -0.00632544 0.999979 -0.00384991 -0.10975 0.325616
FixedParameters: 0 0 0

#Transform 2
Transform: AffineTransform_float_3_3
Parameters: 0.999998 -0.000632001 0.00216882 0.000620998 0.999987 0.00506936 -0.00217218 -0.00506764 0.999985 -0.0580661 -0.0220927 0.186838
FixedParameters: 0 0 0

#Transform 3
Transform: AffineTransform_float_3_3
Parameters: 0.999999 0.000591575 0.00167828 -0.000598425 0.999993 0.003831 -0.00167572 -0.003832 0.999992 -0.0789337 -0.0588796 -0.573648
FixedParameters: 0 0 0

#Transform 4
Transform: AffineTransform_float_3_3
Parameters: 0.999999 0.00095274 0.00110582 -0.00095626 0.999995 0.00295095 -0.00110318 -0.00295205 0.999995 -0.15742 -0.116906 -0.478189
FixedParameters: 0 0 0

#Transform 5
Transform: AffineTransform_float_3_3
Parameters: 0.999998 0.00120069 0.00110552 -0.00120331 0.999997 0.00209467 -0.00110248 -0.00209633 0.999997 -0.18837 -0.107585 -0.194828
FixedParameters: 0 0 0

#Transform 6
Transform: AffineTransform_float_3_3
Parameters: 0.999998 0.000593954 0.00153957 -0.000598045 0.999997 0.00262908 -0.00153743 -0.00262992 0.999996 -0.149228 -0.0542947 -0.165351
FixedParameters: 0 0 0

#Transform 7
Transform: AffineTransform_float_3_3
Parameters: 0.999998 0.000592937 0.0018876 -0.000598062 0.999996 0.00268288 -0.0018854 -0.00268412 0.999994 -0.183587 0.0143034 -0.185295
FixedParameters: 0 0 0

#Transform 8
Transform: AffineTransform_float_3_3
Parameters: 0.999999 0.000534019 0.000661604 -0.000535979 0.999996 0.00299765 -0.000659396 -0.00299836 0.999996 -0.162008 0.0425841 -0.138342
FixedParameters: 0 0 0

#Transform 9
Transform: AffineTransform_float_3_3
Parameters: 1 0.000256443 0.000493812 -0.000258555 0.999995 0.00315587 -0.000492186 -0.00315613 0.999995 -0.0739565 -0.0507731 -0.103071
FixedParameters: 0 0 0

#Transform 10
Transform: AffineTransform_float_3_3
Parameters: 0.999999 0.000139795 0.000990457 -0.000143206 0.999995 0.00323586 -0.000990542 -0.00323614 0.999995 -0.0499987 0.0174731 -0.0883729
FixedParameters: 0 0 0

#Transform 11
Transform: AffineTransform_float_3_3
Parameters: 1 0.000280177 0.000453132 -0.000281826 0.999992 0.00402687 -0.000452869 -0.00402713 0.999992 -0.0464831 0.0139381 -0.0939462
FixedParameters: 0 0 0

#Transform 12
Transform: AffineTransform_float_3_3
Parameters: 0.999999 7.5299e-05 0.00153429 -8.06997e-05 0.999993 0.00371588 -0.00153371 -0.00371612 0.999992 -0.0423738 0.033618 -0.224693
FixedParameters: 0 0 0

#Transform 13
Transform: AffineTransform_float_3_3
Parameters: 1 -0.000250063 0.000657597 0.000248937 0.999998 0.00161716 -0.000657404 -0.00161684 0.999999 0.0153235 0.0427755 -0.239681
FixedParameters: 0 0 0

#Transform 14
Transform: AffineTransform_float_3_3
Parameters: 0.999999 -0.000542396 0.000682101 0.000540604 0.999993 0.00350837 -0.0006839 -0.00350763 0.999993 0.0139349 -0.038694 -0.0155698
FixedParameters: 0 0 0

#Transform 15
Transform: AffineTransform_float_3_3
Parameters: 1 -0.000541968 0.000449639 0.000540031 0.999991 0.00436425 -0.000452362 -0.00436476 0.999991 0.0528946 -0.0425117 0.0650623
FixedParameters: 0 0 0

#Transform 16
Transform: AffineTransform_float_3_3
Parameters: 1 -0.00044368 0.000450351 0.000442318 0.999993 0.0037232 -0.00045265 -0.0037228 0.999993 0.0590743 -0.0261758 0.0699074
FixedParameters: 0 0 0

#Transform 17
Transform: AffineTransform_float_3_3
Parameters: 1 -0.000328978 0.000272825 0.000328021 0.999993 0.00357709 -0.000274175 -0.00357691 0.999993 0.0618442 -0.0334799 0.0738217
FixedParameters: 0 0 0

#Transform 18
Transform: AffineTransform_float_3_3
Parameters: 1 -3.41541e-05 6.19152e-05 3.38456e-05 0.999997 0.002488 -6.20844e-05 -0.002488 0.999997 0.0151431 0.00978922 -0.0609851
FixedParameters: 0 0 0

#Transform 19
Transform: AffineTransform_float_3_3
Parameters: 1 0.000157067 -9.28869e-05 -0.000156933 0.999999 0.000720014 9.3113e-05 -0.000719985 0.999999 -0.0104172 0.0401048 -0.0776638
FixedParameters: 0 0 0

#Transform 20
Transform: AffineTransform_float_3_3
Parameters: 1 -3.09816e-05 0.000318002 3.10184e-05 1 -5.79901e-05 -0.000317998 5.80099e-05 1 -0.00332943 -0.0114524 -0.0563324
FixedParameters: 0 0 0

#Transform 21
Transform: AffineTransform_float_3_3
Parameters: 0.999999 -0.000398065 0.000806475 0.000396935 0.999999 0.00132032 -0.000806524 -0.00131968 0.999999 0.0203151 0.0333333 0.0987096
FixedParameters: 0 0 0

#Transform 22
Transform: AffineTransform_float_3_3
Parameters: 0.999999 0.000596531 0.000734196 -0.000597468 0.999998 0.00200256 -0.000732805 -0.00200244 0.999997 0.0264678 0.0298367 0.0711643
FixedParameters: 0 0 0

#Transform 23
Transform: AffineTransform_float_3_3
Parameters: 0.999998 0.000593636 0.00149774 -0.000598365 0.999995 0.00291511 -0.00149626 -0.00291589 0.999994 -0.000148376 -6.64898e-05 0.0720929
FixedParameters: 0 0 0

#Transform 24
Transform: AffineTransform_float_3_3
Parameters: 0.999999 0.000978735 0.000370358 -0.000980262 0.999993 0.00342864 -0.00036664 -0.00342936 0.999994 0.0944817 0.00896379 -0.0607883
FixedParameters: 0 0 0

#Transform 25
Transform: AffineTransform_float_3_3
Parameters: 1 0.000390896 3.90521e-05 -0.000391104 0.999997 0.00269099 -3.79481e-05 -0.00269002 0.999997 0.076696 -0.0258921 0.076519
FixedParameters: 0 0 0

#Transform 26
Transform: AffineTransform_float_3_3
Parameters: 1 0.000419946 3.85959e-05 -0.000420055 0.999999 0.00141898 -3.8404e-05 -0.00141902 0.999999 0.00484321 0.0284565 0.076735
FixedParameters: 0 0 0

#Transform 27
Transform: AffineTransform_float_3_3
Parameters: 1 0.000436938 3.87e-05 -0.000437062 0.999998 0.00160198 -3.82999e-05 -0.00160202 0.999998 -0.0317004 0.0173754 0.0692239
FixedParameters: 0 0 0

#Transform 28
Transform: AffineTransform_float_3_3
Parameters: 0.999999 0.000432333 -0.000670141 -0.000430665 0.999998 0.00198829 0.000671857 -0.00198771 0.999998 -0.000822608 0.00806011 0.0444801
FixedParameters: 0 0 0

#Transform 29
Transform: AffineTransform_float_3_3
Parameters: 1 0.000443336 -0.000275459 -0.000442664 0.999999 0.00122012 0.00027554 -0.00121988 0.999999 -0.039979 0.0267921 0.0469323
FixedParameters: 0 0 0

#Transform 30
Transform: AffineTransform_float_3_3
Parameters: 1 0.000191417 -0.00106975 -0.000189583 0.999999 0.0013242 0.00107025 -0.0013238 0.999998 -0.00118109 0.0241143 0.0759884
FixedParameters: 0 0 0

#Transform 31
Transform: AffineTransform_float_3_3
Parameters: 0.999999 0.000704671 -0.00161771 -0.000704329 0.999999 0.00041514 0.00161829 -0.00041386 0.999998 0.00495423 0.0788459 0.0335203
FixedParameters: 0 0 0

#Transform 32
Transform: AffineTransform_float_3_3
Parameters: 0.999998 0.000774838 -0.00148756 -0.000774161 0.999999 0.000564152 0.00148844 -0.000562847 0.999998 0.000465354 0.0108693 0.108353
FixedParameters: 0 0 0

#Transform 33
Transform: AffineTransform_float_3_3
Parameters: 0.999998 0.000434533 -0.00189788 -0.000434468 1 0.000280825 0.00189812 -0.000280176 0.999998 0.0370682 0.0548966 0.0776441
FixedParameters: 0 0 0

#Transform 34
Transform: AffineTransform_float_3_3
Parameters: 0.999997 0.00019128 -0.00248106 -0.000192721 1 -0.000290523 0.00248094 0.000290475 0.999997 0.0362278 0.0907847 0.0873503
FixedParameters: 0 0 0

#Transform 35
Transform: AffineTransform_float_3_3
Parameters: 0.999997 0.000191422 -0.00254204 -0.000192579 1 -0.000227511 0.00254196 0.000227487 0.999996 0.057558 0.108105 -0.00485047
FixedParameters: 0 0 0

#Transform 36
Transform: AffineTransform_float_3_3
Parameters: 0.999997 0.000191574 -0.00269203 -0.000192427 1 -0.000158483 0.00269197 0.000158516 0.999997 0.073488 0.0905399 -0.013978
FixedParameters: 0 0 0

#Transform 37
Transform: AffineTransform_float_3_3
Parameters: 0.999996 0.000498193 -0.00254235 -0.000499806 0.999999 -0.000709731 0.00254264 0.000711269 0.999996 0.0270402 0.0928089 0.0109204
FixedParameters: 0 0 0

#Transform 38
Transform: AffineTransform_float_3_3
Parameters: 0.999997 0.000839164 -0.00221994 -0.000838836 0.999999 7.48623e-05 0.00222006 -7.31371e-05 0.999997 -0.0128467 0.0922457 0.147157
FixedParameters: 0 0 0

#Transform 39
Transform: AffineTransform_float_3_3
Parameters: 0.999996 0.00093623 -0.00259792 -0.000935768 0.999999 9.04313e-05 0.00259708 -8.75688e-05 0.999996 -0.0262686 0.0736749 0.118724
FixedParameters: 0 0 0

#Transform 40
Transform: AffineTransform_float_3_3
Parameters: 0.999996 0.00105448 -0.00254222 -0.00105553 1 -0.000205317 0.00254178 0.000207681 0.999996 -0.043211 0.0785628 0.0518251
FixedParameters: 0 0 0

#Transform 41
Transform: AffineTransform_float_3_3
Parameters: 0.999996 0.000845771 -0.00291736 -0.00084723 0.999999 -0.00042053 0.00291664 0.000422468 0.999995 -0.021298 0.111246 0.0693374
FixedParameters: 0 0 0

#Transform 42
Transform: AffineTransform_float_3_3
Parameters: 0.999995 0.000657993 -0.00306386 -0.000662007 0.999999 -0.00130698 0.00306314 0.00130902 0.999995 0.0288641 0.159981 -0.00311468
FixedParameters: 0 0 0

#Transform 43
Transform: AffineTransform_float_3_3
Parameters: 0.999994 0.000740839 -0.00352579 -0.000754156 0.999992 -0.00373236 0.00352221 0.00373563 0.999987 0.0141553 0.151676 -0.0417975
FixedParameters: 0 0 0

#Transform 44
Transform: AffineTransform_float_3_3
Parameters: 0.999995 0.00110381 -0.00314295 -0.00111519 0.999993 -0.00356151 0.00313905 0.00356548 0.999988 -0.0399997 0.142119 -0.0691751
FixedParameters: 0 0 0

#Transform 45
Transform: AffineTransform_float_3_3
Parameters: 0.999994 0.000712292 -0.00334887 -0.000720711 0.999997 -0.0026006 0.00334714 0.0026024 0.999991 0.0227349 0.177236 -0.0843142
FixedParameters: 0 0 0

#Transform 46
Transform: AffineTransform_float_3_3
Parameters: 0.999994 0.000746011 -0.00334879 -0.000753988 0.999997 -0.00238449 0.00334721 0.00238751 0.999991 -0.0114992 0.13592 -0.00453154
FixedParameters: 0 0 0

#Transform 47
Transform: AffineTransform_float_3_3
Parameters: 0.999995 0.000944234 -0.00283726 -0.000950765 0.999996 -0.00238431 0.00283474 0.00238669 0.999993 -0.0381 0.15391 -0.00418486
FixedParameters: 0 0 0

#Transform 48
Transform: AffineTransform_float_3_3
Parameters: 0.999996 0.0010449 -0.00287968 -0.0010551 0.999994 -0.00350798 0.00287631 0.00351102 0.999989 -0.0221073 0.193766 -0.114501
FixedParameters: 0 0 0

#Transform 49
Transform: AffineTransform_float_3_3
Parameters: 0.999995 0.000620307 -0.00315852 -0.000632694 0.999991 -0.00401902 0.00315648 0.00402098 0.999987 0.0395027 0.209384 -0.177422
FixedParameters: 0 0 0

#Transform 50
Transform: AffineTransform_float_3_3
Parameters: 0.999994 6.19971e-05 -0.00361927 -7.60011e-05 0.999993 -0.00386875 0.00361873 0.00386925 0.999986 0.0532525 0.130958 -0.103832
FixedParameters: 0 0 0

#Transform 51
Transform: AffineTransform_float_3_3
Parameters: 0.999995 0.000506599 -0.00309672 -0.000516404 0.999994 -0.00335942 0.00309528 0.00336058 0.999989 -0.000226177 0.176729 -0.0841764
FixedParameters: 0 0 0

#Transform 52
Transform: AffineTransform_float_3_3
Parameters: 0.999995 0.000382871 -0.0030874 -0.000394131 0.999994 -0.0036048 0.0030866 0.0036062 0.999988 0.00140749 0.197431 -0.112507
FixedParameters: 0 0 0

#Transform 53
Transform: AffineTransform_float_3_3
Parameters: 0.999997 0.000461534 -0.00239665 -0.000469467 0.999993 -0.00353288 0.00239536 0.00353411 0.999991 -0.0422225 0.179884 -0.139027
FixedParameters: 0 0 0

#Transform 54
Transform: AffineTransform_float_3_3
Parameters: 0.999995 0.000483557 -0.00293741 -0.000498442 0.999988 -0.00491855 0.00293458 0.00491944 0.999983 -0.0288008 0.271932 -0.217408
FixedParameters: 0 0 0

#Transform 55
Transform: AffineTransform_float_3_3
Parameters: 0.999995 0.000834071 -0.00325486 -0.000848926 0.999989 -0.00458826 0.00325014 0.00459074 0.999984 -0.053608 0.218019 -0.162066
FixedParameters: 0 0 0

#Transform 56
Transform: AffineTransform_float_3_3
Parameters: 0.999993 0.000862156 -0.00343379 -0.000880844 0.999984 -0.00549001 0.00342921 0.00549299 0.999979 -0.0318487 0.302725 -0.199466
FixedParameters: 0 0 0

#Transform 57
Transform: AffineTransform_float_3_3
Parameters: 0.999995 0.000876966 -0.0032314 -0.000893034 0.999988 -0.00496415 0.00322661 0.00496686 0.999983 -0.0527518 0.255055 -0.207522
FixedParameters: 0 0 0

#Transform 58
Transform: AffineTransform_float_3_3
Parameters: 0.999993 0.000883081 -0.00359745 -0.000904916 0.999981 -0.00609579 0.00359155 0.00609921 0.999975 -0.0576337 0.146446 -0.0247788
FixedParameters: 0 0 0

#Transform 59
Transform: AffineTransform_float_3_3
Parameters: 0.999993 0.0013054 -0.00335311 -0.0013206 0.999989 -0.0046536 0.00334689 0.0046574 0.999983 -0.107181 0.253247 -0.118414
FixedParameters: 0 0 0

#Transform 60
Transform: AffineTransform_float_3_3
Parameters: 0.999996 0.00199103 -0.00171314 -0.00199797 0.999989 -0.00407859 0.00170486 0.00408141 0.99999 -0.17253 0.224905 -0.0644302
FixedParameters: 0 0 0

#Transform 61
Transform: AffineTransform_float_3_3
Parameters: 0.999993 0.00220002 -0.00282316 -0.00221298 0.999987 -0.00460278 0.00281284 0.00460922 0.999986 -0.176273 0.155866 -0.0330675
FixedParameters: 0 0 0

#Transform 62
Transform: AffineTransform_float_3_3
Parameters: 0.999992 0.00169977 -0.00358574 -0.00171623 0.999989 -0.00452688 0.00357826 0.00453312 0.999984 -0.171595 0.201064 -0.110643
FixedParameters: 0 0 0

#Transform 63
Transform: AffineTransform_float_3_3
Parameters: 0.999994 0.00170032 -0.00300649 -0.00171668 0.999983 -0.00555387 0.00299751 0.00555913 0.99998 -0.144062 0.2102 -0.184041
FixedParameters: 0 0 0

#Transform 64
Transform: AffineTransform_float_3_3
Parameters: 0.999997 0.000437145 -0.0024257 -0.000440854 0.999998 -0.00158893 0.0024243 0.00159006 0.999996 -0.0551135 0.129164 -0.528208
FixedParameters: 0 0 0

#Transform 65
Transform: AffineTransform_float_3_3
Parameters: 0.999999 0.000732912 -4.73779e-05 -0.000733087 0.999998 -0.00187997 4.56219e-05 0.00188003 0.999998 -0.237378 -0.086688 -0.342109
FixedParameters: 0 0 0

#Transform 66
Transform: AffineTransform_float_3_3
Parameters: 0.999996 0.00133399 -0.00258818 -0.00134401 0.999991 -0.00386854 0.00258282 0.00387146 0.999989 -0.176967 0.0977059 -0.233017
FixedParameters: 0 0 0

#Transform 67
Transform: AffineTransform_float_3_3
Parameters: 0.999985 -6.54285e-05 -0.00543988 5.35749e-05 0.999998 -0.00210032 0.00544013 0.00210067 0.999983 -0.0612809 -0.0418736 -0.140951
FixedParameters: 0 0 0

#Transform 68
Transform: AffineTransform_float_3_3
Parameters: 0.99999 0.00134183 -0.00425912 -0.00135816 0.999992 -0.00379425 0.00425387 0.00380074 0.999983 -0.162177 0.0969615 -0.217619
FixedParameters: 0 0 0

#Transform 69
Transform: AffineTransform_float_3_3
Parameters: 0.999994 0.000837336 -0.00352076 -0.000852666 0.999989 -0.00445003 0.00351724 0.00445297 0.999984 -0.137855 0.169599 -0.284973
FixedParameters: 0 0 0

#Transform 70
Transform: AffineTransform_float_3_3
Parameters: 0.999995 0.00084345 -0.00307564 -0.000852546 0.999995 -0.00310439 0.00307237 0.00310761 0.999991 -0.183714 0.0777254 -0.00653307
FixedParameters: 0 0 0

#Transform 71
Transform: AffineTransform_float_3_3
Parameters: 0.999991 0.00136443 -0.00417212 -0.00139257 0.999977 -0.00661326 0.00416288 0.00661875 0.99997 -0.105707 0.281206 -0.619623
FixedParameters: 0 0 0

#Transform 72
Transform: AffineTransform_float_3_3
Parameters: 0.99999 0.0018061 -0.0039764 -0.0018309 0.999978 -0.00626778 0.00396559 0.00627522 0.999973 -0.157807 0.182474 -0.462989
FixedParameters: 0 0 0

#Transform 73
Transform: AffineTransform_float_3_3
Parameters: 0.999992 0.0018851 -0.00351085 -0.0019069 0.999978 -0.00624535 0.00349815 0.00625164 0.999975 -0.189868 0.204614 -0.370142
FixedParameters: 0 0 0

#Transform 74
Transform: AffineTransform_float_3_3
Parameters: 0.999992 0.00187982 -0.00369097 -0.00190718 0.999971 -0.00737502 0.00367703 0.00738198 0.999966 -0.206968 0.26811 -0.380889
FixedParameters: 0 0 0

#Transform 75
Transform: AffineTransform_float_3_3
Parameters: 0.999991 0.00187909 -0.00385074 -0.00190691 0.999972 -0.00725572 0.00383726 0.00726328 0.999967 -0.15029 0.293634 -0.477859
FixedParameters: 0 0 0

#Transform 76
Transform: AffineTransform_float_3_3
Parameters: 0.999992 0.00146185 -0.00351671 -0.00148515 0.999977 -0.00658983 0.00350728 0.00659518 0.999972 -0.158358 0.203405 -0.347798
FixedParameters: 0 0 0

#Transform 77
Transform: AffineTransform_float_3_3
Parameters: 0.999992 0.00186941 -0.00371001 -0.00189459 0.999975 -0.00690603 0.003697 0.00691298 0.99997 -0.175398 0.273 -0.401924
FixedParameters: 0 0 0

#Transform 78
Transform: AffineTransform_float_3_3
Parameters: 0.999991 0.00212448 -0.00349663 -0.00215052 0.999971 -0.00731154 0.00348136 0.00731946 0.999967 -0.210383 0.283867 -0.407559
FixedParameters: 0 0 0

#Transform 79
Transform: AffineTransform_float_3_3
Parameters: 0.999991 0.00199881 -0.0037298 -0.0020282 0.999967 -0.00784051 0.00371421 0.0078475 0.999963 -0.207691 0.319073 -0.469076
FixedParameters: 0 0 0

#Transform 80
Transform: AffineTransform_float_3_3
Parameters: 0.999992 0.00188048 -0.00367521 -0.00190752 0.99997 -0.00749805 0.0036608 0.00750495 0.999965 -0.204576 0.28194 -0.416519
FixedParameters: 0 0 0

#Transform 81
Transform: AffineTransform_float_3_3
Parameters: 0.999991 0.00191068 -0.0038482 -0.00194132 0.999967 -0.0078896 0.00383379 0.00789739 0.999961 -0.19936 0.345627 -0.446976
FixedParameters: 0 0 0

#Transform 82
Transform: AffineTransform_float_3_3
Parameters: 0.999991 0.00244065 -0.00367765 -0.00247036 0.999965 -0.00799799 0.00365835 0.00800701 0.999962 -0.252191 0.317994 -0.42492
FixedParameters: 0 0 0

#Transform 83
Transform: AffineTransform_float_3_3
Parameters: 0.9999 0.00364819 -0.0136455 -0.00361982 0.999992 0.0020896 0.0136525 -0.0020404 0.999904 -0.265687 0.367105 -0.337704
FixedParameters: 0 0 0

#Transform 84
Transform: AffineTransform_float_3_3
Parameters: 0.999948 0.00138873 -0.0101635 -0.00135427 0.999993 0.00332494 0.0101676 -0.00331105 0.999943 -0.0180172 0.144742 -0.0919973
FixedParameters: 0 0 0

#Transform 85
Transform: AffineTransform_float_3_3
Parameters: 0.999952 0.00168327 -0.00970249 -0.00165673 0.999995 0.00271521 0.00970653 -0.00269879 0.999949 -0.127383 0.123566 -0.166155
FixedParameters: 0 0 0

#Transform 86
Transform: AffineTransform_float_3_3
Parameters: 0.999969 0.0019392 -0.00764944 -0.0019368 0.999998 0.000294825 0.00764955 -0.000280175 0.99997 -0.171164 0.198234 -0.360127
FixedParameters: 0 0 0

#Transform 87
Transform: AffineTransform_float_3_3
Parameters: 0.999953 -0.00918205 -0.0029035 0.00918594 0.999957 0.00134739 0.0028915 -0.00137461 0.999995 0.471969 0.295441 -0.468389
FixedParameters: 0 0 0

#Transform 88
Transform: AffineTransform_float_3_3
Parameters: 0.999965 -0.00673558 -0.00507559 0.00673343 0.999977 -0.000524195 0.00507942 0.000490805 0.999987 0.343873 0.206434 -0.356946
FixedParameters: 0 0 0

#Transform 89
Transform: AffineTransform_float_3_3
Parameters: 0.999972 -0.00509021 -0.0053497 0.00509179 0.999987 0.000320769 0.0053483 -0.000347233 0.999985 0.266177 0.176647 -0.286608
FixedParameters: 0 0 0

#Transform 90
Transform: AffineTransform_float_3_3
Parameters: 0.999974 -0.00476451 -0.00551011 0.0047595 0.999989 -0.000830247 0.00551389 0.00080375 0.999984 0.256726 0.214632 -0.285438
FixedParameters: 0 0 0

#Transform 91
Transform: AffineTransform_float_3_3
Parameters: 0.999976 -0.00461704 -0.0051783 0.00461397 0.999989 -0.000597907 0.00518071 0.000574095 0.999987 0.227765 0.209123 -0.324495
FixedParameters: 0 0 0

#Transform 92
Transform: AffineTransform_float_3_3
Parameters: 0.999973 -0.00533686 -0.00500616 0.00533714 0.999986 1.52819e-05 0.00500585 -4.17166e-05 0.999988 0.281575 0.21052 -0.359678
FixedParameters: 0 0 0

#Transform 93
Transform: AffineTransform_float_3_3
Parameters: 0.999973 -0.00490411 -0.00558306 0.0049109 0.999987 0.00122162 0.00557694 -0.00124938 0.999983 0.281686 0.281044 -0.393306
FixedParameters: 0 0 0

#Transform 94
Transform: AffineTransform_float_3_3
Parameters: 0.999989 0.000351178 -0.00466169 -0.000347819 0.999999 0.000897631 0.00466231 -0.000895372 0.999988 0.0639494 0.248445 -0.395358
FixedParameters: 0 0 0

#Transform 95
Transform: AffineTransform_float_3_3
Parameters: 0.999967 0.00805657 0.00025385 -0.00805742 0.999966 0.00171801 -0.000240149 -0.00171999 0.999999 -0.349982 0.245618 -0.372513
FixedParameters: 0 0 0

#Transform 96
Transform: AffineTransform_float_3_3
Parameters: 0.999981 0.00618559 -0.000330825 -0.00618541 0.99998 -0.00126398 0.000323176 0.00126602 0.999999 -0.263051 0.168029 -0.41735
FixedParameters: 0 0 0

#Transform 97
Transform: AffineTransform_float_3_3
Parameters: 0.999995 0.00279412 -0.000915915 -0.00279788 0.999987 -0.00426045 0.000904085 0.00426254 0.99999 -0.078624 0.256833 -0.506988
FixedParameters: 0 0 0

#Transform 98
Transform: AffineTransform_float_3_3
Parameters: 0.999994 -0.000880208 -0.00327901 0.000846794 0.999946 -0.0104188 0.003288 0.0104162 0.999941 0.103374 0.354169 -0.171398
FixedParameters: 0 0 0

#Transform 99
Transform: AffineTransform_float_3_3
Parameters: 0.999994 -0.000203093 -0.00330013 0.000169909 0.999949 -0.0100246 0.00330187 0.0100244 0.999945 0.0150447 0.389448 -1.50368
FixedParameters: 0 0 0

#Transform 100
Transform: AffineTransform_float_3_3
Parameters: 0.999993 -0.000197295 -0.00392951 0.000139695 0.99989 -0.0148307 0.00393251 0.0148293 0.999883 0.0288108 0.413033 -1.53925
FixedParameters: 0 0 0

#Transform 101
Transform: AffineTransform_float_3_3
Parameters: 0.999995 -0.000282357 -0.00321019 0.000235646 0.999892 -0.0147428 0.00321382 0.0147422 0.999886 0.0218821 0.415816 -1.52414
FixedParameters: 0 0 0

#Transform 102
Transform: AffineTransform_float_3_3
Parameters: 0.999993 -0.00118826 -0.00350295 0.00114574 0.999927 -0.0120421 0.00351705 0.0120379 0.999922 0.0599915 0.272366 -1.39308
FixedParameters: 0 0 0

#Transform 103
Transform: AffineTransform_float_3_3
Parameters: 0.999992 -0.00133315 -0.00391594 0.00128585 0.999924 -0.0122731 0.00393208 0.0122679 0.999917 -0.00799811 0.365216 -1.47126
FixedParameters: 0 0 0

#Transform 104
Transform: AffineTransform_float_3_3
Parameters: 0.999992 -0.000785643 -0.00372606 0.000747355 0.999946 -0.0103619 0.00373394 0.0103581 0.99994 -0.0715368 0.31238 -1.18552
FixedParameters: 0 0 0

#Transform 105
Transform: AffineTransform_float_3_3
Parameters: 0.999987 -0.000434702 -0.00497552 0.000380292 0.999939 -0.01099 0.00498048 0.010988 0.999927 0.0289154 0.341479 -1.25964
FixedParameters: 0 0 0

#Transform 106
Transform: AffineTransform_float_3_3
Parameters: 0.999986 0.000178663 -0.00540438 -0.000240332 0.999935 -0.0113509 0.00540162 0.0113521 0.999921 0.0224447 0.32206 -1.17569
FixedParameters: 0 0 0

#Transform 107
Transform: AffineTransform_float_3_3
Parameters: 0.999986 0.000371469 -0.00525563 -0.000431541 0.999934 -0.0115219 0.00525138 0.0115231 0.99992 0.0109723 0.352497 -1.118
FixedParameters: 0 0 0

#Transform 108
Transform: AffineTransform_float_3_3
Parameters: 0.999984 0.000320587 -0.00565202 -0.000384413 0.999935 -0.011399 0.00564798 0.011401 0.999919 0.00382486 0.296491 -1.16895
FixedParameters: 0 0 0

#Transform 109
Transform: AffineTransform_float_3_3
Parameters: 0.999991 0.00083357 -0.00431388 -0.000888433 0.99992 -0.0126313 0.00430312 0.0126347 0.999911 -0.108572 0.334107 -1.37463
FixedParameters: 0 0 0

#Transform 110
Transform: AffineTransform_float_3_3
Parameters: 0.99999 0.000829076 -0.0044035 -0.000887918 0.99991 -0.0133962 0.0043915 0.0133998 0.9999 -0.113008 0.387686 -1.38499
FixedParameters: 0 0 0

#Transform 111
Transform: AffineTransform_float_3_3
Parameters: 0.999988 0.00128988 -0.00487323 -0.00136412 0.999883 -0.0152375 0.00485277 0.0152445 0.999872 -0.133927 0.410007 -1.52576
FixedParameters: 0 0 0

#Transform 112
Transform: AffineTransform_float_3_3
Parameters: 0.999987 0.0013594 -0.00492649 -0.00143559 0.999881 -0.0153741 0.0049045 0.0153819 0.999869 -0.138175 0.434006 -1.48227
FixedParameters: 0 0 0

#Transform 113
Transform: AffineTransform_float_3_3
Parameters: 0.999985 0.00157213 -0.00511093 -0.00165087 0.999879 -0.0154648 0.00508607 0.0154732 0.999868 -0.155135 0.441245 -1.50472
FixedParameters: 0 0 0

#Transform 114
Transform: AffineTransform_float_3_3
Parameters: 0.999984 0.00139093 -0.00537927 -0.00147808 0.999868 -0.0162163 0.00535673 0.0162237 0.999854 -0.137183 0.480248 -1.5835
FixedParameters: 0 0 0

#Transform 115
Transform: AffineTransform_float_3_3
Parameters: 0.999984 0.00148451 -0.00532517 -0.00157149 0.999863 -0.0164639 0.00529984 0.0164721 0.999851 -0.151846 0.455773 -1.58301
FixedParameters: 0 0 0

#Transform 116
Transform: AffineTransform_float_3_3
Parameters: 0.999981 0.00146287 -0.00589893 -0.00155913 0.999862 -0.0164951 0.00587407 0.0165039 0.999846 -0.134316 0.447312 -1.42667
FixedParameters: 0 0 0

#Transform 117
Transform: AffineTransform_float_3_3
Parameters: 0.99998 0.00145075 -0.00612786 -0.00155125 0.999862 -0.0165498 0.00610316 0.0165592 0.999845 -0.131386 0.469234 -1.58478
FixedParameters: 0 0 0

#Transform 118
Transform: AffineTransform_float_3_3
Parameters: 0.999983 0.00164597 -0.0057222 -0.00174103 0.99986 -0.0166423 0.00569381 0.0166517 0.999845 -0.168807 0.425423 -1.4788
FixedParameters: 0 0 0

#Transform 119
Transform: AffineTransform_float_3_3
Parameters: 0.999981 0.00149333 -0.00598841 -0.00158867 0.999874 -0.0158368 0.00596358 0.0158452 0.999856 -0.159922 0.449424 -1.46414
FixedParameters: 0 0 0

#Transform 120
Transform: AffineTransform_float_3_3
Parameters: 0.999984 0.00144399 -0.00556603 -0.00153002 0.999879 -0.0154807 0.00554297 0.0154883 0.999864 -0.170275 0.386119 -1.36484
FixedParameters: 0 0 0

#Transform 121
Transform: AffineTransform_float_3_3
Parameters: 0.999983 0.00132907 -0.00556347 -0.00141194 0.999887 -0.0149294 0.00554353 0.0149366 0.999873 -0.147968 0.418315 -1.38254
FixedParameters: 0 0 0

#Transform 122
Transform: AffineTransform_float_3_3
Parameters: 0.999982 0.00101211 -0.00601771 -0.00109587 0.999902 -0.0139527 0.00600229 0.0139593 0.999884 -0.10359 0.410506 -1.40364
FixedParameters: 0 0 0

#Transform 123
Transform: AffineTransform_float_3_3
Parameters: 0.999986 0.00170235 -0.0051213 -0.00176765 0.999916 -0.0128431 0.00509872 0.0128519 0.999905 -0.190152 0.405319 -1.37603
FixedParameters: 0 0 0

#Transform 124
Transform: AffineTransform_float_3_3
Parameters: 0.999985 0.0017936 -0.00530375 -0.00186839 0.999899 -0.0140563 0.00527725 0.0140657 0.999887 -0.195669 0.419492 -1.45409
FixedParameters: 0 0 0

#Transform 125
Transform: AffineTransform_float_3_3
Parameters: 0.999983 0.00144418 -0.00555526 -0.00151982 0.999906 -0.0136688 0.00553474 0.0136762 0.999891 -0.159791 0.40958 -1.46171
FixedParameters: 0 0 0

#Transform 126
Transform: AffineTransform_float_3_3
Parameters: 0.999984 0.00119848 -0.00561933 -0.00127753 0.999902 -0.0139901 0.00560268 0.013997 0.999887 -0.154163 0.41694 -1.43065
FixedParameters: 0 0 0

#Transform 127
Transform: AffineTransform_float_3_3
Parameters: 0.999981 0.00157519 -0.00597313 -0.00166381 0.999887 -0.0148933 0.00594887 0.0149027 0.999871 -0.150816 0.451731 -1.45762
FixedParameters: 0 0 0

#Transform 128
Transform: AffineTransform_float_3_3
Parameters: 0.999983 0.00175958 -0.00568315 -0.00184442 0.999885 -0.0150608 0.00565585 0.0150712 0.99987 -0.153155 0.417932 -1.44855
FixedParameters: 0 0 0

#Transform 129
Transform: AffineTransform_float_3_3
Parameters: 0.999984 0.00152605 -0.00555973 -0.00160996 0.999885 -0.0151273 0.00553628 0.0151357 0.99987 -0.155462 0.461439 -1.39008
FixedParameters: 0 0 0

#Transform 130
Transform: AffineTransform_float_3_3
Parameters: 0.999984 0.00184656 -0.00539274 -0.00193342 0.999866 -0.0162538 0.00536127 0.0162642 0.999854 -0.0868955 0.528351 -1.47072
FixedParameters: 0 0 0

#Transform 131
Transform: AffineTransform_float_3_3
Parameters: 0.999984 0.00162063 -0.00554107 -0.00170437 0.999885 -0.0150748 0.00551593 0.0150832 0.999871 -0.0624182 0.479623 -1.37164
FixedParameters: 0 0 0

#Transform 132
Transform: AffineTransform_float_3_3
Parameters: 0.99998 0.00176466 -0.00597518 -0.00185134 0.999894 -0.0144762 0.00594881 0.0144868 0.999878 -0.088143 0.399283 -1.30744
FixedParameters: 0 0 0

#Transform 133
Transform: AffineTransform_float_3_3
Parameters: 0.999981 0.00188793 -0.00598218 -0.00197806 0.999884 -0.0150855 0.00595283 0.0150975 0.999869 -0.141112 0.415217 -1.43007
FixedParameters: 0 0 0

#Transform 134
Transform: AffineTransform_float_3_3
Parameters: 0.999975 0.00198336 -0.00675945 -0.00209465 0.999864 -0.0164002 0.00672654 0.0164147 0.999842 -0.0951442 0.473856 -1.47408
FixedParameters: 0 0 0

#Transform 135
Transform: AffineTransform_float_3_3
Parameters: 0.999972 0.00210506 -0.00710587 -0.00221392 0.999882 -0.0152157 0.00707211 0.0152313 0.999859 -0.0888982 0.385026 -1.40073
FixedParameters: 0 0 0

#Transform 136
Transform: AffineTransform_float_3_3
Parameters: 0.999978 0.00199167 -0.00641268 -0.00209334 0.99987 -0.0159909 0.00638033 0.0160041 0.999851 -0.137886 0.438008 -1.45377
FixedParameters: 0 0 0

#Transform 137
Transform: AffineTransform_float_3_3
Parameters: 0.999978 0.00208533 -0.00638047 -0.00218866 0.999867 -0.0161264 0.00634551 0.0161406 0.999849 -0.155943 0.471775 -1.49994
FixedParameters: 0 0 0

#Transform 138
Transform: AffineTransform_float_3_3
Parameters: 0.999973 0.00179425 -0.00703979 -0.00191175 0.99986 -0.016613 0.00700919 0.016626 0.999837 -0.163605 0.410696 -1.54423
FixedParameters: 0 0 0

#Transform 139
Transform: AffineTransform_float_3_3
Parameters: 0.999956 -0.000420194 -0.00937047 0.00026982 0.999871 -0.0160232 0.00937552 0.0160208 0.999827 -0.106288 0.292744 -1.59255
FixedParameters: 0 0 0

#Transform 140
Transform: AffineTransform_float_3_3
Parameters: 0.99997 0.00142089 -0.00767245 -0.00155211 0.999853 -0.0171106 0.00764656 0.0171214 0.999824 -0.187636 0.376168 -1.62225
FixedParameters: 0 0 0

#Transform 141
Transform: AffineTransform_float_3_3
Parameters: 0.999972 0.00142123 -0.00733356 -0.00155178 0.99984 -0.0178571 0.00730745 0.0178679 0.999813 -0.180119 0.431433 -1.66186
FixedParameters: 0 0 0

#Transform 142
Transform: AffineTransform_float_3_3
Parameters: 0.999973 0.00157204 -0.00716831 -0.00169595 0.999848 -0.0173193 0.00713969 0.0173317 0.999825 -0.205984 0.381886 -1.58715
FixedParameters: 0 0 0

#Transform 143
Transform: AffineTransform_float_3_3
Parameters: 0.999974 0.00171905 -0.00709665 -0.00184094 0.99985 -0.0172134 0.00706535 0.0172256 0.999826 -0.217854 0.416028 -1.58231
FixedParameters: 0 0 0

#Transform 144
Transform: AffineTransform_float_3_3
Parameters: 0.999974 0.00175707 -0.0070981 -0.00188193 0.999843 -0.0176331 0.00706591 0.0176459 0.99982 -0.218448 0.45731 -1.57836
FixedParameters: 0 0 0

#Transform 145
Transform: AffineTransform_float_3_3
Parameters: 0.999974 0.00193903 -0.00704782 -0.00205796 0.999855 -0.0169129 0.00701319 0.0169271 0.999832 -0.247951 0.417747 -1.55891
FixedParameters: 0 0 0

#Transform 146
Transform: AffineTransform_float_3_3
Parameters: 0.999977 0.00166703 -0.00655314 -0.00177396 0.999864 -0.0163507 0.00652486 0.0163622 0.999845 -0.227188 0.414645 -1.60168
FixedParameters: 0 0 0

#Transform 147
Transform: AffineTransform_float_3_3
Parameters: 0.99997 0.00156375 -0.00761093 -0.00169325 0.999851 -0.0171366 0.00758309 0.0171494 0.999824 -0.171991 0.406933 -1.66873
FixedParameters: 0 0 0

#Transform 148
Transform: AffineTransform_float_3_3
Parameters: 0.999974 0.00172838 -0.00690298 -0.00184362 0.999857 -0.0167777 0.00687302 0.0167903 0.999836 -0.216013 0.386791 -1.57365
FixedParameters: 0 0 0

#Transform 149
Transform: AffineTransform_float_3_3
Parameters: 0.999976 0.00181088 -0.00678863 -0.00192213 0.999863 -0.0163984 0.00675838 0.0164106 0.999843 -0.225498 0.412554 -1.53662
FixedParameters: 0 0 0

#Transform 150
Transform: AffineTransform_float_3_3
Parameters: 0.999971 0.00150247 -0.00755527 -0.00162953 0.999858 -0.0167692 0.00752873 0.0167808 0.999831 -0.188942 0.454812 -1.6784
FixedParameters: 0 0 0

#Transform 151
Transform: AffineTransform_float_3_3
Parameters: 0.999976 0.0015227 -0.00674388 -0.0016293 0.999874 -0.0157854 0.00671911 0.0157956 0.999852 -0.235236 0.395418 -1.52405
FixedParameters: 0 0 0

#Transform 152
Transform: AffineTransform_float_3_3
Parameters: 0.999973 0.00186252 -0.00701553 -0.00198146 0.999855 -0.0169185 0.00698246 0.0169325 0.999833 -0.212125 0.484127 -1.50515
FixedParameters: 0 0 0

#Transform 153
Transform: AffineTransform_float_3_3
Parameters: 0.999973 0.00209884 -0.00701753 -0.00221116 0.99987 -0.0160139 0.00698247 0.0160281 0.999847 -0.234501 0.412351 -1.43966
FixedParameters: 0 0 0

#Transform 154
Transform: AffineTransform_float_3_3
Parameters: 0.999973 0.002192 -0.00701962 -0.00230599 0.999865 -0.0162743 0.00698238 0.0162897 0.999843 -0.235637 0.411982 -1.47347
FixedParameters: 0 0 0

#Transform 155
Transform: AffineTransform_float_3_3
Parameters: 0.999973 0.00218915 -0.00702051 -0.00230584 0.999858 -0.0166793 0.0069825 0.0166947 0.999836 -0.244062 0.450067 -1.5008
FixedParameters: 0 0 0

#Transform 156
Transform: AffineTransform_float_3_3
Parameters: 0.999986 0.00332386 -0.00409884 -0.00338114 0.999892 -0.0142603 0.00405117 0.0142737 0.99989 -0.264907 0.393222 -1.63646
FixedParameters: 0 0 0

#Transform 157
Transform: AffineTransform_float_3_3
Parameters: 0.999986 0.00341287 -0.00390961 -0.00347013 0.999886 -0.0146996 0.00385938 0.0147134 0.999885 -0.293568 0.359976 -1.46004
FixedParameters: 0 0 0

#Transform 158
Transform: AffineTransform_float_3_3
Parameters: 0.999986 0.00331234 -0.00398692 -0.00338166 0.99984 -0.0175948 0.00392808 0.0176083 0.999837 -0.332587 0.452021 -1.4855
FixedParameters: 0 0 0

#Transform 159
Transform: AffineTransform_float_3_3
Parameters: 0.999983 0.00329584 -0.00476477 -0.00338115 0.999829 -0.0181902 0.00470325 0.0182058 0.999823 -0.334854 0.490776 -1.51998
FixedParameters: 0 0 0

#Transform 160
Transform: AffineTransform_float_3_3
Parameters: 0.999982 0.00328875 -0.00487423 -0.00338126 0.999809 -0.0192469 0.00481078 0.0192632 0.999803 -0.331952 0.506475 -1.56673
FixedParameters: 0 0 0

#Transform 161
Transform: AffineTransform_float_3_3
Parameters: 0.999982 0.0028311 -0.0054016 -0.00294291 0.999782 -0.0206355 0.00534239 0.0206505 0.999773 -0.312027 0.541848 -1.62423
FixedParameters: 0 0 0

#Transform 162
Transform: AffineTransform_float_3_3
Parameters: 0.999979 0.00280278 -0.00572882 -0.00291822 0.999791 -0.0202037 0.00567118 0.0202203 0.99978 -0.303796 0.530509 -1.58578
FixedParameters: 0 0 0

#Transform 163
Transform: AffineTransform_float_3_3
Parameters: 0.999979 0.00279591 -0.00573218 -0.00291808 0.999766 -0.0214017 0.00567082 0.0214183 0.999755 -0.30321 0.572426 -1.66559
FixedParameters: 0 0 0

#Transform 164
Transform: AffineTransform_float_3_3
Parameters: 0.99998 0.0026477 -0.0056351 -0.0027703 0.999759 -0.0218068 0.00557589 0.0218222 0.999747 -0.303798 0.55357 -1.63763
FixedParameters: 0 0 0

#Transform 165
Transform: AffineTransform_float_3_3
Parameters: 0.99998 0.00272118 -0.00573294 -0.00284882 0.999749 -0.0222311 0.00567105 0.0222469 0.999737 -0.302311 0.590819 -1.64298
FixedParameters: 0 0 0

#Transform 166
Transform: AffineTransform_float_3_3
Parameters: 0.999975 0.00258367 -0.00659687 -0.00273433 0.999735 -0.0228816 0.00653612 0.0228995 0.999717 -0.259735 0.605941 -1.72398
FixedParameters: 0 0 0

#Transform 167
Transform: AffineTransform_float_3_3
Parameters: 0.999979 0.00256413 -0.00598208 -0.00270088 0.999736 -0.0228153 0.0059229 0.0228317 0.999722 -0.293713 0.585156 -1.68975
FixedParameters: 0 0 0

#Transform 168
Transform: AffineTransform_float_3_3
Parameters: 0.999975 0.00279327 -0.00645785 -0.00294374 0.999725 -0.0232946 0.00639114 0.0233124 0.999708 -0.280028 0.623654 -1.65986
FixedParameters: 0 0 0

#Transform 169
Transform: AffineTransform_float_3_3
Parameters: 0.999976 0.0024546 -0.00639553 -0.00260241 0.999729 -0.0231419 0.00633745 0.0231581 0.999711 -0.261845 0.669497 -1.70441
FixedParameters: 0 0 0

#Transform 170
Transform: AffineTransform_float_3_3
Parameters: 0.999977 0.00246524 -0.00620113 -0.00260276 0.999752 -0.0221434 0.00614485 0.0221586 0.999735 -0.28703 0.52595 -1.67692
FixedParameters: 0 0 0

#Transform 171
Transform: AffineTransform_float_3_3
Parameters: 0.999969 0.000628172 -0.00787349 -0.000778822 0.999816 -0.0191685 0.00785951 0.0191735 0.999786 -0.212479 0.483679 -1.72066
FixedParameters: 0 0 0

#Transform 172
Transform: AffineTransform_float_3_3
Parameters: 0.999975 0.00213006 -0.00682431 -0.00228494 0.999738 -0.022778 0.0067737 0.022793 0.999718 -0.252195 0.650489 -1.74286
FixedParameters: 0 0 0

#Transform 173
Transform: AffineTransform_float_3_3
Parameters: 0.999978 0.00209622 -0.00620327 -0.00223477 0.999749 -0.0222866 0.00615471 0.0223004 0.999733 -0.284912 0.578408 -1.65957
FixedParameters: 0 0 0

#Transform 174
Transform: AffineTransform_float_3_3
Parameters: 0.999976 0.00223086 -0.00647976 -0.00238415 0.999715 -0.0237231 0.00642523 0.0237379 0.999697 -0.264326 0.638429 -1.74003
FixedParameters: 0 0 0

#Transform 175
Transform: AffineTransform_float_3_3
Parameters: 0.999981 0.00210264 -0.00576363 -0.00223435 0.999735 -0.0228805 0.00571336 0.0228934 0.999721 -0.295719 0.585663 -1.68926
FixedParameters: 0 0 0

#Transform 176
Transform: AffineTransform_float_3_3
Parameters: 0.999976 0.00207796 -0.00664681 -0.00223404 0.99972 -0.0235547 0.00659619 0.0235693 0.999701 -0.270286 0.623927 -1.74935
FixedParameters: 0 0 0

#Transform 177
Transform: AffineTransform_float_3_3
Parameters: 0.99998 0.00208948 -0.0060925 -0.00223453 0.999714 -0.0238119 0.00604149 0.0238241 0.999698 -0.266295 0.633929 -1.753
FixedParameters: 0 0 0

#Transform 178
Transform: AffineTransform_float_3_3
Parameters: 0.999979 0.00230765 -0.00608153 -0.00244836 0.999724 -0.0233386 0.00602648 0.0233534 0.999709 -0.292732 0.619082 -1.70484
FixedParameters: 0 0 0

#Transform 179
Transform: AffineTransform_float_3_3
Parameters: 0.999975 0.00226524 -0.00669773 -0.00243176 0.999684 -0.0249943 0.00663927 0.0250107 0.999665 -0.215845 0.69426 -1.85211
FixedParameters: 0 0 0

#Transform 180
Transform: AffineTransform_float_3_3
Parameters: 0.999977 0.00258544 -0.00616157 -0.00273157 0.99971 -0.0238977 0.00609844 0.0239133 0.999696 -0.285187 0.597003 -1.72937
FixedParameters: 0 0 0

#Transform 181
Transform: AffineTransform_float_3_3
Parameters: 0.999978 0.00217279 -0.0061847 -0.0023192 0.999712 -0.0238962 0.00613031 0.0239098 0.999696 -0.273231 0.64594 -1.72826
FixedParameters: 0 0 0

#Transform 182
Transform: AffineTransform_float_3_3
Parameters: 0.999978 0.00240118 -0.00621317 -0.00254882 0.999711 -0.0238947 0.00615384 0.0239093 0.999695 -0.28197 0.602445 -1.75991
FixedParameters: 0 0 0

#Transform 183
Transform: AffineTransform_float_3_3
Parameters: 0.99998 0.00217945 -0.00584158 -0.00231853 0.999713 -0.0238169 0.00578741 0.0238301 0.9997 -0.306963 0.633746 -1.75797
FixedParameters: 0 0 0

#Transform 184
Transform: AffineTransform_float_3_3
Parameters: 0.99998 0.00217898 -0.00584175 -0.002318 0.999711 -0.0238969 0.00578724 0.0239101 0.999698 -0.301724 0.694864 -1.77716
FixedParameters: 0 0 0

#Transform 185
Transform: AffineTransform_float_3_3
Parameters: 0.999977 0.00243637 -0.00631438 -0.00258562 0.999717 -0.0236382 0.00625461 0.0236538 0.9997 -0.283061 0.586966 -1.75342
FixedParameters: 0 0 0

#Transform 186
Transform: AffineTransform_float_3_3
Parameters: 0.99998 0.00218435 -0.00583975 -0.00231863 0.999734 -0.0229779 0.00578723 0.0229911 0.999719 -0.278872 0.672683 -1.74154
FixedParameters: 0 0 0

#Transform 187
Transform: AffineTransform_float_3_3
Parameters: 0.999979 0.00217474 -0.00600781 -0.00231826 0.99971 -0.0239426 0.00595419 0.0239554 0.999696 -0.274413 0.611835 -1.81097
FixedParameters: 0 0 0

#Transform 188
Transform: AffineTransform_float_3_3
Parameters: 0.999976 0.00215615 -0.00660108 -0.00231785 0.999695 -0.0246103 0.00654593 0.0246247 0.999676 -0.26236 0.697042 -1.85037
FixedParameters: 0 0 0

#Transform 189
Transform: AffineTransform_float_3_3
