#Insight Transform File V1.0
#Transform 0
Transform: AffineTransform_float_3_3
Parameters: 1 -0.00044009 -0.000236832 0.000439909 1 -0.000382104 0.000237168 0.000381896 1 0.172142 -0.098999 -0.0832379
FixedParameters: 0 0 0

#Transform 1
Transform: AffineTransform_float_3_3
Parameters: 1 -0.000417975 0.000144071 0.000418025 1 -0.00016994 -0.000144929 0.000170061 1 0.159273 -0.104041 0.057323
FixedParameters: 0 0 0

#Transform 2
Transform: AffineTransform_float_3_3
Parameters: 1 -0.000282959 -0.000184063 0.000283041 1 0.000222948 0.000183937 -0.000223052 1 0.117889 -0.113419 0.116804
FixedParameters: 0 0 0

#Transform 3
Transform: AffineTransform_float_3_3
Parameters: 1 -0.000418124 -0.000183718 0.000417876 0.999999 -0.000675076 0.000183282 0.000674923 1 0.119597 -0.0420256 -0.000316938
FixedParameters: 0 0 0

#Transform 4
Transform: AffineTransform_float_3_3
Parameters: 1 -0.000417995 -0.000184012 0.000418005 1 2.89231e-05 0.000183988 -2.90769e-05 1 0.0954324 -0.109456 0.0817695
FixedParameters: 0 0 0

#Transform 5
Transform: AffineTransform_float_3_3
Parameters: 1 -9.3112e-05 -0.000275962 9.28879e-05 1 -0.000406026 0.000276038 0.000405974 1 0.112842 -0.0350194 -0.0264904
FixedParameters: 0 0 0

#Transform 6
Transform: AffineTransform_float_3_3
Parameters: 1 -0.000418029 0.000174931 0.000417971 1 0.000166073 -0.000175069 -0.000165927 1 0.111286 -0.0870466 0.0999999
FixedParameters: 0 0 0

#Transform 7
Transform: AffineTransform_float_3_3
Parameters: 1 -0.000417861 0.000148391 0.000418138 0.999999 -0.000934937 -0.000147609 0.000934061 0.999999 0.11743 0.0059066 -0.0807358
FixedParameters: 0 0 0

#Transform 8
Transform: AffineTransform_float_3_3
Parameters: 1 -8.01426e-05 0.000360968 7.98574e-05 1 0.000395029 -0.000361031 -0.000394971 1 0.0632238 -0.0743226 0.0794602
FixedParameters: 0 0 0

#Transform 9
Transform: AffineTransform_float_3_3
Parameters: 1 -0.000151973 0.000156026 0.000152027 1 -0.000172976 -0.000155974 0.000173024 1 0.0426997 -0.0269966 -0.0666707
FixedParameters: 0 0 0

#Transform 10
Transform: AffineTransform_float_3_3
Parameters: 1 -8.72464e-05 0.000464954 8.67535e-05 1 0.00053004 -0.000465046 -0.000529959 1 0.028606 -0.0837363 0.118
FixedParameters: 0 0 0

#Transform 11
Transform: AffineTransform_float_3_3
Parameters: 1 -2.40183e-05 -0.000184998 2.39817e-05 1 -9.90044e-05 0.000185002 9.89956e-05 1 0.0324614 -0.0378671 -0.0475837
FixedParameters: 0 0 0

#Transform 12
Transform: AffineTransform_float_3_3
Parameters: 1 -7.20777e-05 0.000323983 7.19222e-05 1 0.000240023 -0.000324017 -0.000239977 1 0.0485708 -0.064728 0.104872
FixedParameters: 0 0 0

#Transform 13
Transform: AffineTransform_float_3_3
Parameters: 1 -0.000151922 0.000226053 0.000152078 1 -0.000345966 -0.000225947 0.000346034 1 0.0672897 0.00721563 -0.0395804
FixedParameters: 0 0 0

#Transform 14
Transform: AffineTransform_float_3_3
Parameters: 1 0.000115931 0.000226035 -0.000116069 1 0.000305974 -0.000225964 -0.000306026 1 0.0639763 -0.0422039 0.0906778
FixedParameters: 0 0 0

#Transform 15
Transform: AffineTransform_float_3_3
Parameters: 1 -0.000304016 0.000225978 0.000303984 1 7.20687e-05 -0.000226022 -7.29313e-05 1 0.0854469 -0.022398 -0.0475713
FixedParameters: 0 0 0

#Transform 16
Transform: AffineTransform_float_3_3
Parameters: 1 -0.000180966 0.000285022 0.000181034 1 -0.000119948 -0.000284978 0.000120052 1 0.0786907 -0.0319746 -0.0651925
FixedParameters: 0 0 0

#Transform 17
Transform: AffineTransform_float_3_3
Parameters: 1 5.0042e-05 0.000388995 -4.9958e-05 1 -0.000108019 -0.000389005 0.000107981 1 0.0060797 -0.0199794 -0.069857
FixedParameters: 0 0 0

#Transform 18
Transform: AffineTransform_float_3_3
Parameters: 1 0.000229022 0.000161968 -0.000228977 1 -0.000139037 -0.000162032 0.000138963 1 -0.000206282 -0.00888697 -0.101481
FixedParameters: 0 0 0

#Transform 19
Transform: AffineTransform_float_3_3
Parameters: 1 -0.000259985 -9.10419e-05 0.000260015 1 0.000160976 9.09581e-05 -0.000161024 1 -0.00510304 -0.0440373 0.0464553
FixedParameters: 0 0 0

#Transform 20
Transform: AffineTransform_float_3_3
Parameters: 1 -0.000116442 -0.000491896 0.000115558 0.999999 -0.000899057 0.000492104 0.000898943 1 0.00974777 0.0162306 0.00305885
FixedParameters: 0 0 0

#Transform 21
Transform: AffineTransform_float_3_3
Parameters: 1 -4.62164e-05 0.000348971 4.57836e-05 1 0.000620016 -0.000349028 -0.000619984 0.999999 0.0304528 -0.0849698 0.12841
FixedParameters: 0 0 0

#Transform 22
Transform: AffineTransform_float_3_3
Parameters: 0.999999 -0.000144161 0.00080197 0.000143839 1 0.000201115 -0.000802028 -0.000200884 0.999999 0.101882 -0.04882 0.00095515
FixedParameters: 0 0 0

#Transform 23
Transform: AffineTransform_float_3_3
Parameters: 1 -0.000106103 0.000199945 0.000105897 1 0.000515021 -0.000200055 -0.000514979 1 0.117086 -0.0892462 0.119953
FixedParameters: 0 0 0

#Transform 24
Transform: AffineTransform_float_3_3
Parameters: 1 0.000111835 0.000290064 -0.000112166 1 0.000568967 -0.000290936 -0.000568032 1 0.0842626 -0.0937886 0.0947248
FixedParameters: 0 0 0

#Transform 25
Transform: AffineTransform_float_3_3
Parameters: 1 9.061e-05 0.000309115 -9.03899e-05 0.999999 0.00126197 -0.000308886 -0.00126203 0.999999 0.0840109 -0.080001 0.015723
FixedParameters: 0 0 0

#Transform 26
Transform: AffineTransform_float_3_3
Parameters: 1 0.000510559 0.000309727 -0.000511441 0.999999 0.00142384 -0.000309272 -0.00142416 0.999999 0.078822 -0.112103 0.0198249
FixedParameters: 0 0 0

#Transform 27
Transform: AffineTransform_float_3_3
Parameters: 0.999999 0.000719729 0.000309632 -0.000720272 1 0.000877777 -0.000309368 -0.000877223 0.999999 0.0762301 -0.0792466 -0.0207346
FixedParameters: 0 0 0

#Transform 28
Transform: AffineTransform_float_3_3
Parameters: 0.999999 0.000779605 0.000309993 -0.000780394 0.999999 0.00127376 -0.000309006 -0.00127424 0.999999 0.0568092 -0.113461 0.0766747
FixedParameters: 0 0 0

#Transform 29
Transform: AffineTransform_float_3_3
Parameters: 0.999999 0.000719997 0.000142012 -0.000720002 0.999999 1.68978e-05 -0.000141988 -1.71022e-05 1 0.08169 -0.0592027 -0.0942196
FixedParameters: 0 0 0

#Transform 30
Transform: AffineTransform_float_3_3
Parameters: 0.999999 0.00071979 0.000144052 -0.000720209 0.999998 0.0014619 -0.000142947 -0.0014621 0.999999 0.0578885 -0.134898 0.0859329
FixedParameters: 0 0 0

#Transform 31
Transform: AffineTransform_float_3_3
Parameters: 0.999999 0.000719647 0.000207229 -0.000720354 0.999999 0.00170785 -0.00020677 -0.00170715 0.999998 0.0290937 -0.0987322 0.0152782
FixedParameters: 0 0 0

#Transform 32
Transform: AffineTransform_float_3_3
Parameters: 0.999999 0.000833872 9.21574e-05 -0.000834126 0.999998 0.00138792 -9.08431e-05 -0.00138708 0.999999 0.0454395 -0.0913442 -0.0350631
FixedParameters: 0 0 0

#Transform 33
Transform: AffineTransform_float_3_3
Parameters: 0.999999 0.000842429 0.000375281 -0.000843569 0.999998 0.00152068 -0.000373717 -0.00152131 0.999999 0.0317882 -0.149421 0.0825609
FixedParameters: 0 0 0

#Transform 34
Transform: AffineTransform_float_3_3
Parameters: 0.999999 0.000719865 0.000182532 -0.000720135 1 0.000738869 -0.000182468 -0.000739132 0.999999 0.0719378 -0.0838822 -0.122848
FixedParameters: 0 0 0

#Transform 35
Transform: AffineTransform_float_3_3
Parameters: 0.999999 0.000719361 0.00030551 -0.000720641 0.999998 0.00209778 -0.000304489 -0.00209822 0.999998 0.0586584 -0.172897 0.0164422
FixedParameters: 0 0 0

#Transform 36
Transform: AffineTransform_float_3_3
Parameters: 0.999999 0.000719628 0.000237132 -0.000720374 0.999999 0.00157283 -0.000236867 -0.00157317 0.999998 0.0546435 -0.135741 -0.0702479
FixedParameters: 0 0 0

#Transform 37
Transform: AffineTransform_float_3_3
Parameters: 0.999999 0.000720407 -0.000229726 -0.000720594 0.999998 0.00176917 0.000230275 -0.00176884 0.999999 0.0711325 -0.122182 -0.0125699
FixedParameters: 0 0 0

#Transform 38
Transform: AffineTransform_float_3_3
Parameters: 0.999999 0.000719466 0.000340132 -0.000720533 0.999998 0.00157275 -0.000338867 -0.00157224 0.999998 0.0957835 -0.113367 -0.0608049
FixedParameters: 0 0 0

#Transform 39
Transform: AffineTransform_float_3_3
Parameters: 1 0.000361923 0.00025411 -0.000362077 1 0.000302908 -0.00025489 -0.000303092 1 0.145625 -0.108947 -0.252161
FixedParameters: 0 0 0

#Transform 40
Transform: AffineTransform_float_3_3
Parameters: 1 2.53826e-05 0.000912018 -2.56174e-05 1 0.000676977 -0.000911984 -0.000677024 1 0.185874 -0.134705 -0.488005
FixedParameters: 0 0 0

#Transform 41
Transform: AffineTransform_float_3_3
Parameters: 1 9.80267e-05 0.000619154 -9.89729e-05 0.999999 0.00157194 -0.000618845 -0.00157206 0.999998 0.176912 -0.216418 -0.546169
FixedParameters: 0 0 0

#Transform 42
Transform: AffineTransform_float_3_3
Parameters: 1 1.5708e-05 0.000577037 -1.72918e-05 0.999997 0.00223899 -0.000576963 -0.00223901 0.999998 0.202882 -0.270244 -0.603452
FixedParameters: 0 0 0

#Transform 43
Transform: AffineTransform_float_3_3
Parameters: 1 -9.99286e-06 0.000183 1.00071e-05 1 -3.89982e-05 -0.000183 3.90018e-05 1 0.167191 -0.236536 -0.532297
FixedParameters: 0 0 0

#Transform 44
Transform: AffineTransform_float_3_3
Parameters: 1 0.000312919 0.000116217 -0.00031308 0.999999 0.000693963 -0.000115783 -0.000694036 1 0.146537 -0.170493 -0.408273
FixedParameters: 0 0 0

#Transform 45
Transform: AffineTransform_float_3_3
Parameters: 1 0.00022991 0.000140147 -0.00023009 1 0.000640967 -0.000139853 -0.000641032 1 0.17975 -0.0976406 -0.49076
FixedParameters: 0 0 0

#Transform 46
Transform: AffineTransform_float_3_3
Parameters: 1 0.000306728 0.000166502 -0.000307271 0.999998 0.00163595 -0.000165497 -0.00163605 0.999998 0.170861 -0.15985 -0.370497
FixedParameters: 0 0 0

#Transform 47
Transform: AffineTransform_float_3_3
Parameters: 1 9.66634e-05 0.000295111 -9.73366e-05 1 0.00114097 -0.000294889 -0.00114103 1 0.136745 -0.0960639 -0.400775
FixedParameters: 0 0 0

#Transform 48
Transform: AffineTransform_float_3_3
Parameters: 1 0.000411915 0.000107326 -0.000412084 0.999999 0.000791955 -0.000106674 -0.000792043 0.999999 0.153499 -0.0615301 -0.470086
FixedParameters: 0 0 0

#Transform 49
Transform: AffineTransform_float_3_3
Parameters: 1 0.000169508 0.000383218 -0.000170492 0.999999 0.00128394 -0.000382781 -0.00128407 0.999999 0.116418 -0.142988 -0.374481
FixedParameters: 0 0 0

#Transform 50
Transform: AffineTransform_float_3_3
Parameters: 1 0.00029092 0.000261089 -0.00029108 1 0.000305924 -0.000261911 -0.000305076 1 0.135049 -0.0880325 -0.476802
FixedParameters: 0 0 0

#Transform 51
Transform: AffineTransform_float_3_3
Parameters: 1 0.00043392 0.000194179 -0.00043408 1 0.000411916 -0.000193821 -0.000412084 1 0.134881 -0.0754101 -0.435019
FixedParameters: 0 0 0

#Transform 52
Transform: AffineTransform_float_3_3
Parameters: 1 0.000448881 0.000346153 -0.000449118 1 0.000341844 -0.000345846 -0.000342155 1 0.0986002 -0.146443 -0.313477
FixedParameters: 0 0 0

#Transform 53
Transform: AffineTransform_float_3_3
Parameters: 1 0.000853979 0.000587032 -0.000854022 0.999999 3.64987e-05 -0.000586969 -3.65013e-05 1 0.0753793 -0.130947 -0.410218
FixedParameters: 0 0 0

#Transform 54
Transform: AffineTransform_float_3_3
Parameters: 1 0.000863298 0.000583043 -0.000863704 0.999999 0.0012065 -0.000582959 -0.0012065 0.999999 0.0359684 -0.201058 -0.253377
FixedParameters: 0 0 0

#Transform 55
Transform: AffineTransform_float_3_3
Parameters: 1 0.000868818 0.00066224 -0.000869182 0.999999 0.000275424 -0.000661761 -0.000275575 0.999999 0.00843647 -0.141335 -0.465346
FixedParameters: 0 0 0

#Transform 56
Transform: AffineTransform_float_3_3
Parameters: 1 0.000909527 0.000415039 -0.000909474 0.999999 0.00114162 -0.000413962 -0.00114238 1 0.0137592 -0.213453 -0.365642
FixedParameters: 0 0 0

#Transform 57
Transform: AffineTransform_float_3_3
Parameters: 1 0.000975346 0.000555151 -0.000975654 0.999999 0.00117946 -0.000553849 -0.00118054 0.999999 0.00967508 -0.179577 -0.407892
FixedParameters: 0 0 0

#Transform 58
Transform: AffineTransform_float_3_3
Parameters: 1 0.00102267 0.000425806 -0.00102334 0.999999 0.000787565 -0.000425195 -0.000787435 0.999999 0.0210758 -0.170565 -0.46715
FixedParameters: 0 0 0

#Transform 59
Transform: AffineTransform_float_3_3
Parameters: 0.999999 0.000802209 0.000453403 -0.00080279 0.999998 0.00174764 -0.000451598 -0.00174736 0.999999 -0.0182173 -0.234984 -0.326841
FixedParameters: 0 0 0

#Transform 60
Transform: AffineTransform_float_3_3
Parameters: 1 0.00113973 0.000222386 -0.00114027 0.999998 0.00121575 -0.000220615 -0.00121525 0.999999 -0.013746 -0.169696 -0.489448
FixedParameters: 0 0 0

#Transform 61
Transform: AffineTransform_float_3_3
Parameters: 1 0.00117552 0.000258195 -0.00117648 0.999997 0.0018667 -0.000256804 -0.0018673 0.999998 -0.030876 -0.191809 -0.373782
FixedParameters: 0 0 0

#Transform 62
Transform: AffineTransform_float_3_3
Parameters: 0.999999 0.0012613 0.000377343 -0.0012627 0.999998 0.00185653 -0.000374657 -0.00185648 0.999998 -0.0579133 -0.177432 -0.370235
FixedParameters: 0 0 0

#Transform 63
Transform: AffineTransform_float_3_3
Parameters: 0.999999 0.00122952 0.000376583 -0.00122948 0.999999 0.00128654 -0.000375418 -0.00128746 0.999999 -0.0497068 -0.147305 -0.453373
FixedParameters: 0 0 0

#Transform 64
Transform: AffineTransform_float_3_3
Parameters: 1 0.00109645 0.000376607 -0.00109755 0.999999 0.00146459 -0.000375393 -0.00146441 0.999999 -0.0451487 -0.19624 -0.428739
FixedParameters: 0 0 0

#Transform 65
Transform: AffineTransform_float_3_3
Parameters: 0.999999 0.00124424 0.00049492 -0.00124476 0.999998 0.00154238 -0.000492081 -0.00154261 0.999998 -0.0327316 -0.169636 -0.587996
FixedParameters: 0 0 0

#Transform 66
Transform: AffineTransform_float_3_3
Parameters: 0.999999 0.00121334 0.000377123 -0.00121366 0.999997 0.00174854 -0.000374878 -0.00174946 0.999999 -0.0655328 -0.184805 -0.463211
FixedParameters: 0 0 0

#Transform 67
Transform: AffineTransform_float_3_3
Parameters: 0.999999 0.00146257 0.000376656 -0.00146243 0.999999 0.00113145 -0.000375344 -0.00113255 1 -0.129434 -0.181915 -0.469215
FixedParameters: 0 0 0

#Transform 68
Transform: AffineTransform_float_3_3
Parameters: 0.999998 0.001963 4.18172e-06 -0.001963 0.999998 0.000601993 -2.81827e-06 -0.000602007 1 -0.152253 -0.145755 -0.555043
FixedParameters: 0 0 0

#Transform 69
Transform: AffineTransform_float_3_3
Parameters: 0.999997 0.00235306 -4.9428e-05 -0.00235294 0.999996 0.00109312 5.15717e-05 -0.00109288 1 -0.199248 -0.193534 -0.397407
FixedParameters: 0 0 0

#Transform 70
Transform: AffineTransform_float_3_3
Parameters: 0.999997 0.00251797 4.85081e-05 -0.00251803 0.999996 0.000598879 -4.64915e-05 -0.000599119 1 -0.231518 -0.15133 -0.521382
FixedParameters: 0 0 0

#Transform 71
Transform: AffineTransform_float_3_3
Parameters: 0.999997 0.00254502 -3.89157e-05 -0.00254498 0.999996 0.0004261 4.0084e-05 -0.000425899 1 -0.218212 -0.161542 -0.414811
FixedParameters: 0 0 0

#Transform 72
Transform: AffineTransform_float_3_3
Parameters: 0.999996 0.00261792 0.000258808 -0.00261808 0.999996 0.000308323 -0.000258193 -0.000308677 1 -0.241948 -0.118806 -0.542852
FixedParameters: 0 0 0

#Transform 73
Transform: AffineTransform_float_3_3
Parameters: 0.999997 0.00254192 9.89824e-05 -0.00254208 0.999997 0.000779751 -9.70168e-05 -0.000780249 0.999999 -0.257905 -0.147977 -0.464763
FixedParameters: 0 0 0

#Transform 74
Transform: AffineTransform_float_3_3
Parameters: 0.999996 0.00263894 8.37678e-05 -0.00263805 0.999997 0.000669781 -8.12322e-05 -0.000670217 1 -0.265642 -0.174666 -0.464797
FixedParameters: 0 0 0

#Transform 75
Transform: AffineTransform_float_3_3
Parameters: 0.999996 0.00285998 2.67302e-05 -0.00286001 0.999995 0.000604926 -2.42696e-05 -0.000605072 1 -0.267789 -0.136613 -0.522707
FixedParameters: 0 0 0

#Transform 76
Transform: AffineTransform_float_3_3
Parameters: 0.999996 0.00280895 3.5792e-05 -0.00280905 0.999995 0.00134991 -3.22077e-05 -0.0013501 0.999999 -0.28622 -0.209259 -0.475256
FixedParameters: 0 0 0

#Transform 77
Transform: AffineTransform_float_3_3
Parameters: 0.999997 0.00262071 0.000435768 -0.0026203 0.999997 0.000673861 -0.000434235 -0.00067414 0.999999 -0.238899 -0.146721 -0.570688
FixedParameters: 0 0 0

#Transform 78
Transform: AffineTransform_float_3_3
Parameters: 0.999996 0.00256793 5.32843e-05 -0.00256806 0.999996 0.00127887 -4.97153e-05 -0.00127913 0.999999 -0.252467 -0.199629 -0.437592
FixedParameters: 0 0 0

#Transform 79
Transform: AffineTransform_float_3_3
Parameters: 0.999997 0.00262069 0.000310638 -0.00262131 0.999996 0.00100619 -0.000308362 -0.00100681 1 -0.258961 -0.155557 -0.519972
FixedParameters: 0 0 0

#Transform 80
Transform: AffineTransform_float_3_3
Parameters: 0.999996 0.00258975 0.000247581 -0.00259025 0.999996 0.000996362 -0.000245419 -0.000996639 0.999999 -0.246432 -0.155229 -0.471757
FixedParameters: 0 0 0

#Transform 81
Transform: AffineTransform_float_3_3
Parameters: 0.999996 0.002794 1.71603e-06 -0.002794 0.999995 0.00133 1.71603e-06 -0.00133 0.999999 -0.292961 -0.185953 -0.421767
FixedParameters: 0 0 0

#Transform 82
Transform: AffineTransform_float_3_3
Parameters: 0.999996 0.00287769 0.000320813 -0.00287731 0.999996 0.000977082 -0.000318188 -0.000977921 1 -0.273574 -0.114844 -0.520868
FixedParameters: 0 0 0

#Transform 83
Transform: AffineTransform_float_3_3
Parameters: 0.999996 0.00284255 0.000267797 -0.00284245 0.999994 0.00168724 -0.000263201 -0.00168875 0.999998 -0.253183 -0.150866 -0.409884
FixedParameters: 0 0 0

#Transform 84
Transform: AffineTransform_float_3_3
Parameters: 0.999997 0.00256522 0.000651092 -0.00256578 0.999996 0.00120433 -0.000647907 -0.00120667 0.999999 -0.258576 -0.119854 -0.471626
FixedParameters: 0 0 0

#Transform 85
Transform: AffineTransform_float_3_3
Parameters: 0.999997 0.00251054 0.000232998 -0.00251046 0.999995 0.00199042 -0.000228001 -0.00199158 0.999998 -0.229242 -0.147946 -0.406098
FixedParameters: 0 0 0

#Transform 86
Transform: AffineTransform_float_3_3
Parameters: 0.999996 0.00262653 0.000808782 -0.00262747 0.999995 0.00181888 -0.000804219 -0.00182112 0.999998 -0.257721 -0.162733 -0.455287
FixedParameters: 0 0 0

#Transform 87
Transform: AffineTransform_float_3_3
Parameters: 0.999996 0.00238855 0.000970574 -0.00239045 0.999996 0.00149469 -0.000966427 -0.00149631 0.999999 -0.19467 -0.118871 -0.48719
FixedParameters: 0 0 0

#Transform 88
Transform: AffineTransform_float_3_3
Parameters: 0.999997 0.00244149 0.00024998 -0.0024415 0.999995 0.0020394 -0.000245019 -0.0020406 0.999998 -0.211424 -0.173903 -0.373892
FixedParameters: 0 0 0

#Transform 89
Transform: AffineTransform_float_3_3
Parameters: 0.999998 0.00184794 0.000409792 -0.00184906 0.999995 0.00259225 -0.000405208 -0.00259275 0.999996 -0.18605 -0.20729 -0.324015
FixedParameters: 0 0 0

#Transform 90
Transform: AffineTransform_float_3_3
Parameters: 0.999998 0.00188501 0.00040664 -0.001886 0.999995 0.00246024 -0.000402361 -0.00246076 0.999997 -0.148691 -0.124158 -0.409472
FixedParameters: 0 0 0

#Transform 91
Transform: AffineTransform_float_3_3
Parameters: 0.999998 0.00195806 0.000322728 -0.00195894 0.999994 0.00292437 -0.000317273 -0.00292463 0.999995 -0.160835 -0.177389 -0.345773
FixedParameters: 0 0 0

#Transform 92
Transform: AffineTransform_float_3_3
Parameters: 0.999997 0.00213947 0.000414963 -0.00214053 0.999991 0.00372012 -0.000407039 -0.00372088 0.999993 -0.184663 -0.220424 -0.217889
FixedParameters: 0 0 0

#Transform 93
Transform: AffineTransform_float_3_3
Parameters: 0.999997 0.0023462 0.000483828 -0.0023478 0.99999 0.00376087 -0.000474172 -0.00376212 0.999993 -0.2059 -0.200555 -0.306907
FixedParameters: 0 0 0

#Transform 94
Transform: AffineTransform_float_3_3
Parameters: 0.999997 0.00212829 0.000213188 -0.00212871 0.999992 0.00337655 -0.000205812 -0.00337745 0.999995 -0.167717 -0.168906 -0.425378
FixedParameters: 0 0 0

#Transform 95
Transform: AffineTransform_float_3_3
Parameters: 0.999997 0.00248166 9.97457e-05 -0.00248234 0.99999 0.00352376 -9.12525e-05 -0.00352424 0.999994 -0.180616 -0.208034 -0.363462
FixedParameters: 0 0 0

#Transform 96
Transform: AffineTransform_float_3_3
Parameters: 0.999996 0.00259312 -2.44876e-05 -0.00259288 0.999989 0.00405408 3.45117e-05 -0.00405392 0.999992 -0.203777 -0.238285 -0.297419
FixedParameters: 0 0 0

#Transform 97
Transform: AffineTransform_float_3_3
Parameters: 0.999997 0.00238369 -0.000166337 -0.00238231 0.999989 0.00405441 0.000175659 -0.00405359 0.999992 -0.167983 -0.154867 -0.372761
FixedParameters: 0 0 0

#Transform 98
Transform: AffineTransform_float_3_3
Parameters: 0.999996 0.00275542 -8.76039e-05 -0.00275458 0.999986 0.00449926 0.000100396 -0.00449974 0.99999 -0.205023 -0.215085 -0.308053
FixedParameters: 0 0 0

#Transform 99
Transform: AffineTransform_float_3_3
Parameters: 0.999997 0.00254364 9.23124e-05 -0.00254435 0.999988 0.00405378 -8.16855e-05 -0.00405422 0.999992 -0.207016 -0.199027 -0.340498
FixedParameters: 0 0 0

#Transform 100
Transform: AffineTransform_float_3_3
Parameters: 0.999997 0.00268323 0.000220628 -0.00268377 0.99999 0.00358742 -0.000210371 -0.00358858 0.999993 -0.184088 -0.187707 -0.325241
FixedParameters: 0 0 0

#Transform 101
Transform: AffineTransform_float_3_3
Parameters: 0.999998 0.00231127 0.000243029 -0.00231173 0.999992 0.00304045 -0.000235973 -0.00304055 0.999996 -0.136939 -0.13797 -0.416806
FixedParameters: 0 0 0

#Transform 102
Transform: AffineTransform_float_3_3
Parameters: 0.999998 0.00231145 0.000162017 -0.00231255 0.999992 0.00346764 -0.000153983 -0.00346737 0.999994 -0.175779 -0.20578 -0.339052
FixedParameters: 0 0 0

#Transform 103
Transform: AffineTransform_float_3_3
Parameters: 0.999996 0.00273618 0.00024149 -0.00273682 0.99999 0.00346735 -0.000232512 -0.00346765 0.999994 -0.198369 -0.204392 -0.399585
FixedParameters: 0 0 0

#Transform 104
Transform: AffineTransform_float_3_3
Parameters: 0.999997 0.00251709 -4.0928e-05 -0.00251691 0.999995 0.00201511 4.6074e-05 -0.00201589 0.999998 -0.168034 -0.250195 -0.43143
FixedParameters: 0 0 0

#Transform 105
Transform: AffineTransform_float_3_3
Parameters: 0.999997 0.00236015 0.000302732 -0.00236086 0.999993 0.00285129 -0.00029627 -0.00285171 0.999996 -0.184685 -0.309488 -0.400734
FixedParameters: 0 0 0

#Transform 106
Transform: AffineTransform_float_3_3
Parameters: 0.999996 0.00255046 0.000301595 -0.00255054 0.999995 0.00180124 -0.000296403 -0.00180276 0.999999 -0.163546 -0.249287 -0.514348
FixedParameters: 0 0 0

#Transform 107
Transform: AffineTransform_float_3_3
Parameters: 0.999995 0.00298342 0.000216067 -0.00298357 0.999992 0.00270337 -0.000207932 -0.00270463 0.999997 -0.174474 -0.266464 -0.448145
FixedParameters: 0 0 0

#Transform 108
Transform: AffineTransform_float_3_3
Parameters: 0.999996 0.00281978 7.64425e-05 -0.00282021 0.999991 0.00299379 -6.75562e-05 -0.0029942 0.999995 -0.195953 -0.289567 -0.363286
FixedParameters: 0 0 0

#Transform 109
Transform: AffineTransform_float_3_3
Parameters: 0.999996 0.00276368 0.000479655 -0.00276532 0.999993 0.00276869 -0.000472343 -0.00277032 0.999996 -0.16292 -0.22497 -0.530043
FixedParameters: 0 0 0

#Transform 110
Transform: AffineTransform_float_3_3
Parameters: 0.999996 0.00283175 9.38723e-05 -0.00283225 0.999992 0.00277975 -8.61291e-05 -0.00277926 0.999996 -0.169304 -0.268689 -0.528194
FixedParameters: 0 0 0

#Transform 111
Transform: AffineTransform_float_3_3
Parameters: 0.999996 0.0028397 0.000103533 -0.0028403 0.999992 0.00300472 -9.4465e-05 -0.00300528 0.999996 -0.193577 -0.278339 -0.417706
FixedParameters: 0 0 0

#Transform 112
Transform: AffineTransform_float_3_3
Parameters: 0.999996 0.00262977 8.71241e-05 -0.00263022 0.999993 0.00270878 -7.98747e-05 -0.00270922 0.999997 -0.179067 -0.237925 -0.565602
FixedParameters: 0 0 0

#Transform 113
Transform: AffineTransform_float_3_3
Parameters: 0.999995 0.00292232 0.000213524 -0.00292268 0.999991 0.00325839 -0.000203478 -0.00325861 0.999994 -0.207282 -0.280477 -0.453731
FixedParameters: 0 0 0

#Transform 114
Transform: AffineTransform_float_3_3
Parameters: 0.999995 0.0030823 0.000262334 -0.0030837 0.999991 0.0027032 -0.000254665 -0.0027038 0.999997 -0.207445 -0.238078 -0.528258
FixedParameters: 0 0 0

#Transform 115
Transform: AffineTransform_float_3_3
Parameters: 0.999996 0.00273651 0.00020851 -0.00273649 0.999994 0.00237844 -0.000201492 -0.00237856 0.999997 -0.165233 -0.255443 -0.442999
FixedParameters: 0 0 0

#Transform 116
Transform: AffineTransform_float_3_3
Parameters: 0.999996 0.00277812 0.000349109 -0.00277888 0.999993 0.00255804 -0.000341891 -0.00255896 0.999996 -0.156369 -0.234319 -0.481303
FixedParameters: 0 0 0

#Transform 117
Transform: AffineTransform_float_3_3
Parameters: 0.999997 0.00242912 0.000363932 -0.00242988 0.999994 0.00244112 -0.000358069 -0.00244188 0.999997 -0.173098 -0.231326 -0.494442
FixedParameters: 0 0 0

#Transform 118
Transform: AffineTransform_float_3_3
Parameters: 0.999997 0.00264556 0.000610294 -0.00264745 0.999993 0.00237739 -0.000604707 -0.00237861 0.999997 -0.208226 -0.219246 -0.445965
FixedParameters: 0 0 0

#Transform 119
Transform: AffineTransform_float_3_3
Parameters: 0.999995 0.0030953 0.00079069 -0.0030967 0.999993 0.00215956 -0.000783309 -0.00216244 0.999998 -0.22183 -0.189998 -0.570967
FixedParameters: 0 0 0

#Transform 120
Transform: AffineTransform_float_3_3
Parameters: 0.999995 0.00317203 -9.79388e-06 -0.00317196 0.999991 0.00258704 1.82059e-05 -0.00258695 0.999996 -0.276028 -0.250083 -0.454711
FixedParameters: 0 0 0

#Transform 121
Transform: AffineTransform_float_3_3
Parameters: 0.999994 0.00325678 -0.000452416 -0.00325522 0.999993 0.00171548 0.000457581 -0.00171352 0.999999 -0.331166 -0.133255 -0.36766
FixedParameters: 0 0 0

#Transform 122
Transform: AffineTransform_float_3_3
Parameters: 0.999993 0.00354405 -3.41373e-05 -0.00354395 0.999993 0.00137213 3.88621e-05 -0.00137187 0.999999 -0.338804 -0.093787 -0.563999
FixedParameters: 0 0 0

#Transform 123
Transform: AffineTransform_float_3_3
Parameters: 0.999993 0.00352326 -0.000448172 -0.00352174 0.99999 0.0027906 0.000457828 -0.0027894 0.999996 -0.329057 -0.18911 -0.410306
FixedParameters: 0 0 0

#Transform 124
Transform: AffineTransform_float_3_3
Parameters: 0.999993 0.00367347 -0.000218193 -0.00367353 0.999991 0.00212582 0.000225809 -0.00212518 0.999997 -0.323949 -0.156749 -0.528297
FixedParameters: 0 0 0

#Transform 125
Transform: AffineTransform_float_3_3
Parameters: 0.999994 0.00359522 -0.000521675 -0.00359478 0.999991 0.00231689 0.000529327 -0.00231511 0.999997 -0.297098 -0.172937 -0.521284
FixedParameters: 0 0 0

#Transform 126
Transform: AffineTransform_float_3_3
Parameters: 0.999994 0.00347961 -0.000231973 -0.00347838 0.99999 0.00259482 0.000241026 -0.00259417 0.999996 -0.328459 -0.201306 -0.488597
FixedParameters: 0 0 0

#Transform 127
Transform: AffineTransform_float_3_3
Parameters: 0.999993 0.00368542 -0.000205661 -0.00368559 0.999991 0.00199177 0.000212341 -0.00199123 0.999998 -0.332301 -0.144851 -0.530752
FixedParameters: 0 0 0

#Transform 128
Transform: AffineTransform_float_3_3
Parameters: 0.999993 0.00388279 8.97222e-05 -0.00388222 0.99999 0.00250367 -8.02785e-05 -0.00250433 0.999997 -0.358756 -0.191352 -0.479284
FixedParameters: 0 0 0

#Transform 129
Transform: AffineTransform_float_3_3
Parameters: 0.999993 0.00356586 5.96578e-05 -0.00356613 0.99999 0.0024278 -5.13412e-05 -0.0024282 0.999997 -0.303638 -0.180838 -0.500665
FixedParameters: 0 0 0

#Transform 130
Transform: AffineTransform_float_3_3
Parameters: 0.999993 0.00358494 3.19047e-05 -0.00358506 0.999991 0.0022049 -2.40948e-05 -0.0022051 0.999997 -0.302473 -0.196109 -0.462294
FixedParameters: 0 0 0

#Transform 131
Transform: AffineTransform_float_3_3
Parameters: 0.999993 0.00355926 -0.000138304 -0.00355873 0.999992 0.0018815 0.000145693 -0.00188049 0.999998 -0.296363 -0.163736 -0.534643
FixedParameters: 0 0 0

#Transform 132
Transform: AffineTransform_float_3_3
Parameters: 0.999993 0.00359172 0.000155547 -0.00359228 0.999992 0.00182245 -0.000149454 -0.00182255 0.999999 -0.340547 -0.208776 -0.478892
FixedParameters: 0 0 0

#Transform 133
Transform: AffineTransform_float_3_3
Parameters: 0.999994 0.00349579 0.000133572 -0.00349621 0.999992 0.00159354 -0.00012743 -0.00159345 0.999998 -0.278217 -0.17553 -0.607822
FixedParameters: 0 0 0

#Transform 134
Transform: AffineTransform_float_3_3
Parameters: 0.999994 0.0036438 -0.000324203 -0.00364321 0.999991 0.0024152 0.000332797 -0.0024138 0.999997 -0.284195 -0.250283 -0.437291
FixedParameters: 0 0 0

#Transform 135
Transform: AffineTransform_float_3_3
Parameters: 0.999993 0.0037566 0.000175775 -0.0037574 0.99999 0.00233536 -0.000167226 -0.00233565 0.999998 -0.293562 -0.198239 -0.585212
FixedParameters: 0 0 0

#Transform 136
Transform: AffineTransform_float_3_3
Parameters: 0.999993 0.00371502 -0.000348296 -0.00371398 0.999989 0.00288231 0.000358703 -0.00288069 0.999996 -0.288669 -0.271045 -0.463612
FixedParameters: 0 0 0

#Transform 137
Transform: AffineTransform_float_3_3
Parameters: 0.999991 0.00409331 -0.000152829 -0.00409269 0.999989 0.00199664 0.000160168 -0.00199536 0.999998 -0.323247 -0.21842 -0.579579
FixedParameters: 0 0 0

#Transform 138
Transform: AffineTransform_float_3_3
Parameters: 0.999991 0.00414471 -0.000951274 -0.00414229 0.999988 0.00283197 0.000962726 -0.00282804 0.999995 -0.35504 -0.251968 -0.543563
FixedParameters: 0 0 0

#Transform 139
Transform: AffineTransform_float_3_3
Parameters: 0.999991 0.00436277 -0.000596222 -0.00436024 0.999986 0.00293063 0.000608777 -0.00292837 0.999995 -0.368479 -0.244396 -0.544463
FixedParameters: 0 0 0

#Transform 140
Transform: AffineTransform_float_3_3
Parameters: 0.99999 0.00431708 -0.000381931 -0.00431591 0.999987 0.00279667 0.000394069 -0.00279532 0.999996 -0.380597 -0.211858 -0.588665
FixedParameters: 0 0 0

#Transform 141
Transform: AffineTransform_float_3_3
Parameters: 0.99999 0.00431795 2.11827e-05 -0.00431804 0.999986 0.00305294 -7.81685e-06 -0.00305306 0.999996 -0.39656 -0.207974 -0.636382
FixedParameters: 0 0 0

#Transform 142
Transform: AffineTransform_float_3_3
Parameters: 0.999991 0.00440068 0.000110633 -0.00440032 0.999985 0.00309754 -9.73716e-05 -0.00309746 0.999995 -0.348838 -0.131914 -0.728476
FixedParameters: 0 0 0

#Transform 143
Transform: AffineTransform_float_3_3
Parameters: 0.999991 0.00426294 2.43594e-05 -0.00426306 0.999985 0.00360293 -8.64003e-06 -0.00360307 0.999993 -0.34544 -0.235432 -0.565714
FixedParameters: 0 0 0

#Transform 144
Transform: AffineTransform_float_3_3
Parameters: 0.999992 0.00396843 0.000193949 -0.00396856 0.999987 0.00301025 -0.000182054 -0.00301075 0.999996 -0.313846 -0.191898 -0.690828
FixedParameters: 0 0 0

#Transform 145
Transform: AffineTransform_float_3_3
Parameters: 0.999991 0.00428208 -2.29329e-05 -0.00428192 0.999987 0.00281812 3.50664e-05 -0.00281788 0.999996 -0.343324 -0.24236 -0.583871
FixedParameters: 0 0 0

#Transform 146
Transform: AffineTransform_float_3_3
Parameters: 0.999993 0.00357931 -0.00011698 -0.00357869 0.999991 0.00252044 0.000126018 -0.00251957 0.999997 -0.301801 -0.170734 -0.497118
FixedParameters: 0 0 0

#Transform 147
Transform: AffineTransform_float_3_3
Parameters: 0.999992 0.00413762 0.000223198 -0.00413738 0.99999 0.00173909 -0.000215803 -0.00173991 0.999998 -0.305083 -0.145537 -0.668052
FixedParameters: 0 0 0

#Transform 148
Transform: AffineTransform_float_3_3
Parameters: 0.999994 0.00360592 4.28968e-05 -0.00360609 0.999991 0.00218986 -3.51025e-05 -0.00219014 0.999997 -0.245148 -0.206035 -0.382903
FixedParameters: 0 0 0

#Transform 149
Transform: AffineTransform_float_3_3
Parameters: 0.999993 0.00362597 0.00069171 -0.00362803 0.999989 0.00295151 -0.000681289 -0.00295449 0.999996 -0.272698 -0.212408 -0.353058
FixedParameters: 0 0 0

#Transform 150
Transform: AffineTransform_float_3_3
Parameters: 0.999994 0.00360834 0.000278721 -0.00360966 0.99999 0.00241601 -0.000270278 -0.00241699 0.999997 -0.228243 -0.164429 -0.627737
FixedParameters: 0 0 0

#Transform 151
Transform: AffineTransform_float_3_3
Parameters: 0.999992 0.00396462 0.000148581 -0.00396538 0.999988 0.00266843 -0.00013742 -0.00266857 0.999997 -0.246233 -0.210867 -0.529753
FixedParameters: 0 0 0

#Transform 152
Transform: AffineTransform_float_3_3
Parameters: 0.999992 0.00394205 -1.34365e-05 -0.00394196 0.99999 0.00242607 2.25632e-05 -0.00242593 0.999997 -0.279544 -0.205269 -0.452056
FixedParameters: 0 0 0

#Transform 153
Transform: AffineTransform_float_3_3
Parameters: 0.999993 0.00370776 0.000470895 -0.00370824 0.999989 0.00266727 -0.000461109 -0.00266873 0.999997 -0.271901 -0.169759 -0.486979
FixedParameters: 0 0 0

#Transform 154
Transform: AffineTransform_float_3_3
Parameters: 0.999993 0.00383337 0.000624107 -0.00383463 0.999989 0.00263463 -0.000613894 -0.00263737 0.999997 -0.254241 -0.226328 -0.398014
FixedParameters: 0 0 0

#Transform 155
Transform: AffineTransform_float_3_3
Parameters: 0.999991 0.00406342 0.000223796 -0.00406358 0.999988 0.00265611 -0.000213206 -0.00265689 0.999997 -0.271152 -0.185353 -0.50927
FixedParameters: 0 0 0

#Transform 156
Transform: AffineTransform_float_3_3
Parameters: 0.999992 0.00405545 0.000192979 -0.00405655 0.999988 0.00295324 -0.00018102 -0.00295376 0.999995 -0.266575 -0.223569 -0.447168
FixedParameters: 0 0 0

#Transform 157
Transform: AffineTransform_float_3_3
Parameters: 0.999992 0.00402545 0.000229801 -0.00402555 0.999989 0.00243409 -0.000220201 -0.00243491 0.999997 -0.269931 -0.179156 -0.626938
FixedParameters: 0 0 0

#Transform 158
Transform: AffineTransform_float_3_3
Parameters: 0.999992 0.00397079 7.61187e-05 -0.00397122 0.999988 0.00305172 -6.38796e-05 -0.00305228 0.999996 -0.271322 -0.241234 -0.448206
FixedParameters: 0 0 0

#Transform 159
Transform: AffineTransform_float_3_3
Parameters: 0.999994 0.00361393 0.000444809 -0.00361508 0.999991 0.00243641 -0.000436189 -0.00243859 0.999997 -0.21059 -0.224122 -0.504612
FixedParameters: 0 0 0

#Transform 160
Transform: AffineTransform_float_3_3
Parameters: 0.999994 0.00342646 0.000185242 -0.00342654 0.999989 0.00298838 -0.000174758 -0.00298962 0.999996 -0.193168 -0.245179 -0.391691
FixedParameters: 0 0 0

#Transform 161
Transform: AffineTransform_float_3_3
Parameters: 0.999993 0.00350224 0.000705764 -0.00350375 0.99999 0.00250054 -0.000697234 -0.00250346 0.999996 -0.185858 -0.192936 -0.573849
FixedParameters: 0 0 0

#Transform 162
Transform: AffineTransform_float_3_3
Parameters: 0.999993 0.00354033 0.000265123 -0.00354167 0.999991 0.00257608 -0.000255876 -0.00257692 0.999996 -0.182783 -0.216619 -0.51735
FixedParameters: 0 0 0

#Transform 163
Transform: AffineTransform_float_3_3
Parameters: 0.999992 0.0037445 0.000864883 -0.0037475 0.999989 0.00290378 -0.000854119 -0.00290622 0.999996 -0.214445 -0.235986 -0.561714
FixedParameters: 0 0 0

#Transform 164
Transform: AffineTransform_float_3_3
Parameters: 0.999992 0.00379925 0.00030152 -0.00379974 0.999989 0.00250487 -0.00029148 -0.00250612 0.999997 -0.214055 -0.221761 -0.548238
FixedParameters: 0 0 0

#Transform 165
Transform: AffineTransform_float_3_3
Parameters: 0.999991 0.00419259 0.000517603 -0.00419442 0.999988 0.00276585 -0.000506396 -0.00276815 0.999996 -0.235974 -0.220074 -0.622772
FixedParameters: 0 0 0

#Transform 166
Transform: AffineTransform_float_3_3
Parameters: 0.999992 0.00413711 0.00033038 -0.00413789 0.999987 0.00274966 -0.000319619 -0.00275135 0.999996 -0.243545 -0.216974 -0.577075
FixedParameters: 0 0 0

#Transform 167
Transform: AffineTransform_float_3_3
Parameters: 0.999991 0.0043808 0.000455738 -0.00438121 0.999987 0.00267803 -0.000444265 -0.00267997 0.999997 -0.270228 -0.226549 -0.592443
FixedParameters: 0 0 0

#Transform 168
Transform: AffineTransform_float_3_3
Parameters: 0.999991 0.00436203 0.000357107 -0.00436297 0.999986 0.00277447 -0.000344891 -0.00277653 0.999996 -0.272446 -0.197453 -0.543724
FixedParameters: 0 0 0

#Transform 169
Transform: AffineTransform_float_3_3
Parameters: 0.999992 0.00414422 0.000302935 -0.00414479 0.999988 0.00263777 -0.000292065 -0.00263923 0.999997 -0.262147 -0.203275 -0.559021
FixedParameters: 0 0 0

#Transform 170
Transform: AffineTransform_float_3_3
Parameters: 0.999992 0.0041785 0.000176196 -0.0041785 0.999987 0.00291829 -0.000164802 -0.00291971 0.999995 -0.246392 -0.185526 -0.555367
FixedParameters: 0 0 0

#Transform 171
Transform: AffineTransform_float_3_3
Parameters: 0.999991 0.00421342 0.000243204 -0.00421458 0.999988 0.002421 -0.000232795 -0.002422 0.999997 -0.261688 -0.221086 -0.590376
FixedParameters: 0 0 0

#Transform 172
Transform: AffineTransform_float_3_3
Parameters: 0.999992 0.00405449 0.0002216 -0.00405451 0.999989 0.00236712 -0.000212402 -0.00236788 0.999997 -0.248898 -0.198799 -0.641561
FixedParameters: 0 0 0

#Transform 173
Transform: AffineTransform_float_3_3
Parameters: 0.999991 0.00405823 0.000347129 -0.00405877 0.999989 0.00224861 -0.000337874 -0.00224939 0.999998 -0.261393 -0.231655 -0.578531
FixedParameters: 0 0 0

#Transform 174
Transform: AffineTransform_float_3_3
Parameters: 0.999991 0.00406122 0.000446165 -0.00406178 0.99999 0.0017632 -0.000438836 -0.0017648 0.999999 -0.242526 -0.168932 -0.672939
FixedParameters: 0 0 0

#Transform 175
Transform: AffineTransform_float_3_3
Parameters: 0.999992 0.00415467 0.000112962 -0.00415434 0.999987 0.00311956 -0.000100042 -0.00311944 0.999995 -0.268503 -0.224794 -0.461633
FixedParameters: 0 0 0

#Transform 176
Transform: AffineTransform_float_3_3
Parameters: 0.999991 0.00436236 0.000269568 -0.00436264 0.999987 0.00242185 -0.000259432 -0.00242315 0.999997 -0.294958 -0.13443 -0.50876
FixedParameters: 0 0 0

#Transform 177
Transform: AffineTransform_float_3_3
Parameters: 0.999991 0.00428368 0.000759478 -0.00428532 0.99999 0.00174376 -0.000751521 -0.00174724 0.999998 -0.267499 -0.119017 -0.623915
FixedParameters: 0 0 0

#Transform 178
Transform: AffineTransform_float_3_3
Parameters: 0.99999 0.00432296 0.000350067 -0.00432404 0.999986 0.00302152 -0.000336935 -0.00302249 0.999996 -0.266461 -0.221128 -0.494106
FixedParameters: 0 0 0

#Transform 179
Transform: AffineTransform_float_3_3
Parameters: 0.999991 0.00421822 0.000751052 -0.00421978 0.999989 0.00238085 -0.000740948 -0.00238415 0.999997 -0.216817 -0.165681 -0.653378
FixedParameters: 0 0 0

#Transform 180
Transform: AffineTransform_float_3_3
Parameters: 0.999992 0.00395482 7.5867e-05 -0.00395518 0.999989 0.00249472 -6.61354e-05 -0.00249428 0.999997 -0.188859 -0.222741 -0.561831
FixedParameters: 0 0 0

#Transform 181
Transform: AffineTransform_float_3_3
Parameters: 0.99999 0.00430385 0.000390858 -0.00430415 0.999987 0.00298635 -0.000378142 -0.00298866 0.999996 -0.221267 -0.206838 -0.649502
FixedParameters: 0 0 0

#Transform 182
Transform: AffineTransform_float_3_3
Parameters: 0.999992 0.00399925 0.000591948 -0.00400075 0.999987 0.00298566 -0.000580052 -0.00298834 0.999996 -0.214971 -0.18907 -0.54356
FixedParameters: 0 0 0

#Transform 183
Transform: AffineTransform_float_3_3
Parameters: 0.999991 0.00406867 0.000459911 -0.00407033 0.999988 0.00292615 -0.000448088 -0.00292785 0.999995 -0.214154 -0.212028 -0.583219
FixedParameters: 0 0 0

#Transform 184
Transform: AffineTransform_float_3_3
Parameters: 0.999992 0.00413925 -7.77184e-05 -0.00413975 0.999987 0.00296735 9.02824e-05 -0.00296665 0.999995 -0.183201 -0.189633 -0.533639
FixedParameters: 0 0 0

#Transform 185
Transform: AffineTransform_float_3_3
Parameters: 0.999992 0.00401457 0.000151706 -0.00401542 0.999987 0.00291541 -0.000140294 -0.00291559 0.999995 -0.163137 -0.21658 -0.554922
FixedParameters: 0 0 0

#Transform 186
Transform: AffineTransform_float_3_3
Parameters: 0.999992 0.0040989 -0.000331046 -0.0040981 0.999988 0.00267338 0.000341953 -0.00267162 0.999997 -0.150841 -0.190194 -0.653431
FixedParameters: 0 0 0

#Transform 187
Transform: AffineTransform_float_3_3
Parameters: 0.999991 0.00408537 -0.000118837 -0.00408463 0.999987 0.00297751 0.000130159 -0.00297649 0.999995 -0.203679 -0.208945 -0.587698
FixedParameters: 0 0 0

#Transform 188
Transform: AffineTransform_float_3_3
Parameters: 0.999989 0.0045378 0.000103211 -0.0045372 0.999987 0.00202955 -9.37886e-05 -0.00203045 0.999998 -0.238348 -0.170524 -0.790282
FixedParameters: 0 0 0

#Transform 189
Transform: AffineTransform_float_3_3
