#Insight Transform File V1.0
#Transform 0
Transform: AffineTransform_float_3_3
Parameters: 0.999999 -0.000943296 0.000822809 0.000943705 0.999999 -0.000856225 -0.000822193 0.000856777 1 0.0923653 0.0868972 0.145385
FixedParameters: 0 0 0

#Transform 1
Transform: AffineTransform_float_3_3
Parameters: 0.999999 -0.000826439 0.00101546 0.000826562 1 -0.000553162 -0.00101454 0.000553839 1 0.0771425 0.0641136 0.0923916
FixedParameters: 0 0 0

#Transform 2
Transform: AffineTransform_float_3_3
Parameters: 0.999999 -0.000149893 0.00081539 0.000152106 0.999996 -0.00258488 -0.00081461 0.00258512 0.999997 0.0195831 0.128534 0.047895
FixedParameters: 0 0 0

#Transform 3
Transform: AffineTransform_float_3_3
Parameters: 1 -0.000627095 0.000893933 0.000626905 1 0.00010656 -0.000894066 -0.000105439 0.999999 0.0470859 -0.0706119 0.109235
FixedParameters: 0 0 0

#Transform 4
Transform: AffineTransform_float_3_3
Parameters: 0.999999 0.000165374 0.000963936 -0.000164626 1 -0.000388159 -0.000964064 0.000387841 1 -0.042681 -0.00638298 0.0594843
FixedParameters: 0 0 0

#Transform 5
Transform: AffineTransform_float_3_3
Parameters: 1 -8.48657e-05 0.000443026 8.51342e-05 1 -0.000302962 -0.000442974 0.000303038 1 -0.0124109 -0.00789657 0.0927276
FixedParameters: 0 0 0

#Transform 6
Transform: AffineTransform_float_3_3
Parameters: 0.999999 -0.000374731 0.000890113 0.000375269 1 -0.000302666 -0.000889886 0.000302333 0.999999 0.00530379 0.0516698 0.0620147
FixedParameters: 0 0 0

#Transform 7
Transform: AffineTransform_float_3_3
Parameters: 0.999999 -0.000260063 0.000734977 0.000259937 1 8.6191e-05 -0.000735022 -8.58088e-05 0.999999 0.00838658 0.0185192 0.0770204
FixedParameters: 0 0 0

#Transform 8
Transform: AffineTransform_float_3_3
Parameters: 0.999999 -0.000374685 0.000709166 0.000375314 1 -0.000443734 -0.000708833 0.000444266 0.999999 0.0296185 0.0539271 0.0689603
FixedParameters: 0 0 0

#Transform 9
Transform: AffineTransform_float_3_3
Parameters: 0.999999 -0.000543736 0.000873164 0.000544264 1 -0.000302525 -0.000872835 0.000302475 0.999999 0.0352818 0.05588 0.0915629
FixedParameters: 0 0 0

#Transform 10
Transform: AffineTransform_float_3_3
Parameters: 0.999999 -0.0007249 0.000329219 0.000725099 0.999999 -0.000302761 -0.00032878 0.000303238 1 0.0704982 0.0631036 0.0828195
FixedParameters: 0 0 0

#Transform 11
Transform: AffineTransform_float_3_3
Parameters: 0.999999 -0.000805845 0.000510244 0.000806154 0.999999 -0.000302589 -0.000509756 0.000302411 1 0.076139 0.0553892 0.107993
FixedParameters: 0 0 0

#Transform 12
Transform: AffineTransform_float_3_3
Parameters: 0.999999 -0.000805901 0.000324244 0.000806097 0.999999 -0.000302739 -0.000323756 0.000303261 1 0.0701944 0.0661981 0.0726858
FixedParameters: 0 0 0

#Transform 13
Transform: AffineTransform_float_3_3
Parameters: 1 -0.000482969 5.72642e-05 0.000483031 0.999999 -0.000546972 -5.77358e-05 0.000547028 1 0.0440158 0.0563576 0.0653816
FixedParameters: 0 0 0

#Transform 14
Transform: AffineTransform_float_3_3
Parameters: 1 -0.000465073 -8.66079e-05 0.000464927 0.999999 -0.00084304 8.63919e-05 0.000842959 0.999999 0.077604 -0.0621133 -0.00600384
FixedParameters: 0 0 0

#Transform 15
Transform: AffineTransform_float_3_3
Parameters: 0.999999 0.000247912 0.00072203 -0.000248088 1 0.000121821 -0.00072197 -0.000121179 0.999999 0.0106763 -0.126398 0.14547
FixedParameters: 0 0 0

#Transform 16
Transform: AffineTransform_float_3_3
Parameters: 0.999999 9.94107e-05 0.00129997 -9.85891e-05 1 -0.000316128 -0.00130003 0.000315871 0.999999 -0.028141 -0.084312 0.0112285
FixedParameters: 0 0 0

#Transform 17
Transform: AffineTransform_float_3_3
Parameters: 1 9.94218e-05 0.000531921 -9.8578e-05 0.999999 -0.000793052 -0.000532078 0.000792947 0.999999 -0.0126533 0.0355658 0.0106254
FixedParameters: 0 0 0

#Transform 18
Transform: AffineTransform_float_3_3
Parameters: 1 9.92157e-05 0.000347938 -9.87842e-05 1 -0.000620034 -0.000348061 0.000619965 0.999999 -0.0113346 0.0206087 -0.0242623
FixedParameters: 0 0 0

#Transform 19
Transform: AffineTransform_float_3_3
Parameters: 1 9.90081e-05 2.4968e-05 -9.89922e-05 1 -0.000323002 -2.4032e-05 0.000322998 1 0.0111619 0.0428396 0.0348933
FixedParameters: 0 0 0

#Transform 20
Transform: AffineTransform_float_3_3
Parameters: 1 9.91588e-05 -0.000678976 -9.88411e-05 1 0.000234067 0.000679023 -0.000233933 0.999999 0.0284972 -0.0113913 -0.00689266
FixedParameters: 0 0 0

#Transform 21
Transform: AffineTransform_float_3_3
Parameters: 1 4.4003e-05 4.97325e-06 -4.39969e-05 1 -0.000608 -5.02675e-06 0.000608 1 0.0124748 0.0733772 0.052164
FixedParameters: 0 0 0

#Transform 22
Transform: AffineTransform_float_3_3
Parameters: 1 9.97201e-05 -0.000486853 -9.82796e-05 0.999999 0.00147905 0.000487146 -0.00147895 0.999999 0.0160328 -0.0699588 0.173077
FixedParameters: 0 0 0

#Transform 23
Transform: AffineTransform_float_3_3
Parameters: 1 -0.000305005 0.00014499 0.000304995 1 3.40442e-05 -0.00014501 -3.39558e-05 1 0.00512622 -0.0964223 0.0858205
FixedParameters: 0 0 0

#Transform 24
Transform: AffineTransform_float_3_3
Parameters: 1 4.37955e-05 -0.000276032 -4.42045e-05 0.999999 -0.000740987 0.000275967 0.000741012 0.999999 -0.0295213 0.0647462 0.0408285
FixedParameters: 0 0 0

#Transform 25
Transform: AffineTransform_float_3_3
Parameters: 1 0.000156744 -0.000677059 -0.000157256 1 -0.000377893 0.00067694 0.000378106 0.999999 -0.0278405 0.0242129 0.0364499
FixedParameters: 0 0 0

#Transform 26
Transform: AffineTransform_float_3_3
Parameters: 1 0.00030406 -0.00061497 -0.00030494 1 9.71875e-05 0.000615029 -9.6813e-05 1 -0.0278252 0.0494088 0.0604544
FixedParameters: 0 0 0

#Transform 27
Transform: AffineTransform_float_3_3
Parameters: 1 0.000223027 -0.000513988 -0.000222973 1 5.21146e-05 0.000514011 -5.18854e-05 1 -0.0394232 -0.0273319 0.0418903
FixedParameters: 0 0 0

#Transform 28
Transform: AffineTransform_float_3_3
Parameters: 0.999999 0.000107718 -0.00074604 -0.000108282 1 -0.000377919 0.000745959 0.00037808 0.999999 -0.0173298 0.0537662 0.00810202
FixedParameters: 0 0 0

#Transform 29
Transform: AffineTransform_float_3_3
Parameters: 0.999999 5.10559e-05 -0.000745996 -5.0944e-05 1 7.5038e-05 0.000746003 -7.49619e-05 0.999999 -0.0158316 -0.028957 0.0391453
FixedParameters: 0 0 0

#Transform 30
Transform: AffineTransform_float_3_3
Parameters: 1 1.18212e-05 -0.000473004 -1.21788e-05 1 -0.000377994 0.000472995 0.000378006 1 -0.0196255 0.0380566 0.0528437
FixedParameters: 0 0 0

#Transform 31
Transform: AffineTransform_float_3_3
Parameters: 0.999999 2.90776e-05 -0.000745997 -2.89224e-05 1 0.000104022 0.000746003 -0.000103978 0.999999 -0.0152353 -0.0254549 0.0416966
FixedParameters: 0 0 0

#Transform 32
Transform: AffineTransform_float_3_3
Parameters: 1 0.000331714 -0.000203467 -0.000332285 0.999999 -0.00140793 0.000202532 0.00140807 0.999999 -0.0515098 0.0666913 -0.0267859
FixedParameters: 0 0 0

#Transform 33
Transform: AffineTransform_float_3_3
Parameters: 0.999999 0.000125367 0.000863803 -0.000124633 0.999998 -0.00158211 -0.000864198 0.00158189 0.999999 0.00659256 0.0403177 0.0218329
FixedParameters: 0 0 0

#Transform 34
Transform: AffineTransform_float_3_3
Parameters: 0.999999 -0.00038048 0.000939025 0.000383521 0.999997 -0.00268564 -0.000937973 0.00268536 0.999996 0.0303434 -0.0276176 -0.102709
FixedParameters: 0 0 0

#Transform 35
Transform: AffineTransform_float_3_3
Parameters: 1 0.000794638 0.000655019 -0.000792363 0.999996 -0.00249652 -0.00065698 0.00249648 0.999996 -0.0533981 0.0616595 -0.131767
FixedParameters: 0 0 0

#Transform 36
Transform: AffineTransform_float_3_3
Parameters: 0.999998 0.00157842 0.000214968 -0.00157758 0.999997 -0.00192134 -0.000218031 0.00192066 0.999998 -0.16841 -0.0399173 -0.0660549
FixedParameters: 0 0 0

#Transform 37
Transform: AffineTransform_float_3_3
Parameters: 1 0.00105456 -0.00035735 -0.00105344 0.999998 0.00156538 0.000358649 -0.00156462 0.999998 -0.108865 -0.0605146 0.125098
FixedParameters: 0 0 0

#Transform 38
Transform: AffineTransform_float_3_3
Parameters: 1 0.00109812 -0.000166196 -0.00109788 0.999999 0.000732183 0.000167805 -0.000732816 0.999999 -0.117669 -0.0328593 0.123571
FixedParameters: 0 0 0

#Transform 39
Transform: AffineTransform_float_3_3
Parameters: 0.999999 0.00154701 -8.08823e-05 -0.00154699 0.999999 7.61252e-05 8.11175e-05 -7.58746e-05 1 -0.155033 -0.0529327 0.101802
FixedParameters: 0 0 0

#Transform 40
Transform: AffineTransform_float_3_3
Parameters: 0.999999 0.00130586 0.000317581 -0.00130614 0.999999 0.000444586 -0.00031742 -0.000444415 1 -0.150874 -0.0694974 0.11156
FixedParameters: 0 0 0

#Transform 41
Transform: AffineTransform_float_3_3
Parameters: 0.999999 0.00149144 -0.000343419 -0.00149256 0.999997 -0.00162149 0.000341579 0.00162251 0.999998 -0.182979 0.0643349 0.0677187
FixedParameters: 0 0 0

#Transform 42
Transform: AffineTransform_float_3_3
Parameters: 1 0.00111601 -8.99286e-05 -0.001116 1 6.41004e-05 9.00714e-05 -6.38995e-05 1 -0.13857 -0.0669792 0.162559
FixedParameters: 0 0 0

#Transform 43
Transform: AffineTransform_float_3_3
Parameters: 0.999999 0.00154694 -4.70327e-05 -0.00154706 0.999998 -0.00131393 4.49671e-05 0.00131407 0.999999 -0.178325 0.00633032 -0.069496
FixedParameters: 0 0 0

#Transform 44
Transform: AffineTransform_float_3_3
Parameters: 0.999998 0.00154747 0.000348925 -0.00154753 0.999998 -0.00134154 -0.000351075 0.00134046 0.999999 -0.167567 -0.0297418 0.0252329
FixedParameters: 0 0 0

#Transform 45
Transform: AffineTransform_float_3_3
Parameters: 0.999998 0.0015466 0.00060901 -0.0015474 0.999998 0.000653058 -0.000607988 -0.000653941 0.999999 -0.177717 0.0106638 0.0879419
FixedParameters: 0 0 0

#Transform 46
Transform: AffineTransform_float_3_3
Parameters: 0.999999 0.00134198 0.000244119 -0.00134202 0.999999 8.86725e-05 -0.00024388 -8.93274e-05 1 -0.143989 -0.0350921 0.103108
FixedParameters: 0 0 0

#Transform 47
Transform: AffineTransform_float_3_3
Parameters: 0.999999 0.00112656 0.00053293 -0.00112644 0.999999 0.0008254 -0.00053207 -0.0008256 0.999999 -0.156202 -0.0905513 0.118446
FixedParameters: 0 0 0

#Transform 48
Transform: AffineTransform_float_3_3
Parameters: 0.999998 0.00163807 0.000147176 -0.00163792 0.999998 -0.000503241 -0.000147824 0.000502758 1 -0.21579 -0.0141422 0.0914167
FixedParameters: 0 0 0

#Transform 49
Transform: AffineTransform_float_3_3
Parameters: 0.999999 0.00154714 -0.000169677 -0.00154685 0.999998 0.000855263 0.000171322 -0.000854735 0.999999 -0.180816 -0.155418 0.16526
FixedParameters: 0 0 0

#Transform 50
Transform: AffineTransform_float_3_3
Parameters: 0.999998 0.0015472 -0.000353139 -0.0015468 0.999998 0.000556547 0.000353859 -0.000555453 1 -0.195792 -0.0322067 0.12126
FixedParameters: 0 0 0

#Transform 51
Transform: AffineTransform_float_3_3
Parameters: 0.999999 0.001547 -5.89659e-05 -0.001547 0.999999 2.20912e-05 5.9034e-05 -2.19087e-05 1 -0.155093 -0.00854514 0.0446495
FixedParameters: 0 0 0

#Transform 52
Transform: AffineTransform_float_3_3
Parameters: 0.999999 0.00112539 0.000530307 -0.00112662 0.999998 0.0011604 -0.000529693 -0.0011606 0.999999 -0.0941062 -0.167282 -0.130166
FixedParameters: 0 0 0

#Transform 53
Transform: AffineTransform_float_3_3
Parameters: 1 0.0011185 0.000334692 -0.0011185 0.999998 0.00151263 -0.000332309 -0.00151237 0.999999 -0.143677 -0.152592 -0.067297
FixedParameters: 0 0 0

#Transform 54
Transform: AffineTransform_float_3_3
Parameters: 0.999999 0.000770268 0.000382476 -0.00077173 0.999998 0.00191571 -0.000380522 -0.00191629 0.999998 -0.136402 -0.213321 -0.0110241
FixedParameters: 0 0 0

#Transform 55
Transform: AffineTransform_float_3_3
Parameters: 1 0.0011224 -0.000298513 -0.00112161 0.999999 0.00132534 0.000299487 -0.00132567 0.999999 -0.110975 -0.0774819 0.0882538
FixedParameters: 0 0 0

#Transform 56
Transform: AffineTransform_float_3_3
Parameters: 1 0.000551408 -0.000717921 -0.000550593 0.999998 0.0019594 0.00071908 -0.0019586 0.999998 -0.0333839 -0.23336 0.17008
FixedParameters: 0 0 0

#Transform 57
Transform: AffineTransform_float_3_3
Parameters: 0.999999 0.000703255 -0.001587 -0.000700745 0.999998 0.00142111 0.001588 -0.00141988 0.999997 -0.0672843 -0.178677 0.117486
FixedParameters: 0 0 0

#Transform 58
Transform: AffineTransform_float_3_3
Parameters: 0.999999 0.000702245 -0.00127932 -0.000700756 1 0.000972898 0.00127968 -0.000972102 0.999998 -0.0795109 -0.0697026 0.106372
FixedParameters: 0 0 0

#Transform 59
Transform: AffineTransform_float_3_3
Parameters: 0.999998 0.000702487 -0.00158734 -0.000700512 1 0.000937114 0.00158866 -0.000935886 0.999999 -0.072292 -0.139545 0.0332593
FixedParameters: 0 0 0

#Transform 60
Transform: AffineTransform_float_3_3
Parameters: 1 0.000438789 -0.000447227 -0.000437211 0.999999 0.0017632 0.000447772 -0.00176281 0.999999 -0.0757442 -0.174987 0.113694
FixedParameters: 0 0 0

#Transform 61
Transform: AffineTransform_float_3_3
Parameters: 1 0.000424907 -0.000517256 -0.000424094 0.999999 0.00175222 0.000517744 -0.00175178 0.999999 -0.064548 -0.106192 0.0817511
FixedParameters: 0 0 0

#Transform 62
Transform: AffineTransform_float_3_3
Parameters: 1 0.000701312 -0.000827736 -0.000700688 0.999999 0.00037658 0.000828264 -0.000376419 0.999999 -0.0852934 -0.0632604 0.00752731
FixedParameters: 0 0 0

#Transform 63
Transform: AffineTransform_float_3_3
Parameters: 0.999999 0.000936243 -0.000212934 -0.000935756 0.999999 0.0011392 0.000214066 -0.0011388 1 -0.102171 -0.0660204 0.0186499
FixedParameters: 0 0 0

#Transform 64
Transform: AffineTransform_float_3_3
Parameters: 1 0.000699635 0.000577659 -0.000700367 0.999997 0.0023676 -0.000576344 -0.0023674 0.999997 -0.11703 -0.209379 -0.0379482
FixedParameters: 0 0 0

#Transform 65
Transform: AffineTransform_float_3_3
Parameters: 1 0.000459173 0.000927906 -0.000460827 0.999998 0.00196957 -0.000927094 -0.00197043 0.999997 -0.13832 -0.199586 -0.0814977
FixedParameters: 0 0 0

#Transform 66
Transform: AffineTransform_float_3_3
Parameters: 0.999999 0.000699845 0.000513578 -0.000701156 0.999997 0.00225264 -0.000512422 -0.00225236 0.999998 -0.128307 -0.202457 -0.0541622
FixedParameters: 0 0 0

#Transform 67
Transform: AffineTransform_float_3_3
Parameters: 0.999999 0.000699969 0.000565279 -0.000701032 0.999998 0.0018256 -0.000564721 -0.0018264 0.999998 -0.130386 -0.207607 -0.0653084
FixedParameters: 0 0 0

#Transform 68
Transform: AffineTransform_float_3_3
Parameters: 0.999999 0.000698935 0.0010334 -0.000701064 0.999998 0.00199928 -0.0010316 -0.00199972 0.999998 -0.0961253 -0.158149 1.86193e-05
FixedParameters: 0 0 0

#Transform 69
Transform: AffineTransform_float_3_3
Parameters: 0.999999 0.00069982 0.000642288 -0.000701179 0.999998 0.00183855 -0.000640711 -0.00183945 0.999998 -0.102788 -0.218096 -0.0736574
FixedParameters: 0 0 0

#Transform 70
Transform: AffineTransform_float_3_3
Parameters: 0.999999 0.000923893 0.000138714 -0.000924106 1 0.000772872 -0.000137286 -0.000773127 0.999999 -0.111906 -0.233165 -0.0791676
FixedParameters: 0 0 0

#Transform 71
Transform: AffineTransform_float_3_3
Parameters: 0.999998 0.00143616 0.000859395 -0.00143683 0.999998 0.000970766 -0.000858604 -0.000972234 0.999999 -0.167306 -0.255619 -0.0330896
FixedParameters: 0 0 0

#Transform 72
Transform: AffineTransform_float_3_3
Parameters: 1 0.001115 3.41873e-05 -0.00111501 1 0.000167962 -3.38127e-05 -0.000168038 1 -0.163766 -0.226732 -0.0570393
FixedParameters: 0 0 0

#Transform 73
Transform: AffineTransform_float_3_3
Parameters: 0.999998 0.00153668 -0.00043812 -0.00153732 0.999998 -0.000728327 0.00043788 0.000728673 0.999999 -0.182797 -0.0527045 -0.119094
FixedParameters: 0 0 0

#Transform 74
Transform: AffineTransform_float_3_3
Parameters: 0.999999 0.00131717 0.000375412 -0.00131683 0.999999 -0.000446495 -0.000375587 0.000445506 1 -0.199175 -0.0783409 -0.126154
FixedParameters: 0 0 0

#Transform 75
Transform: AffineTransform_float_3_3
Parameters: 0.999999 0.00128438 0.000496014 -0.00128462 0.999999 -0.000767638 -0.000496985 0.000766362 0.999999 -0.176915 -0.0434444 -0.151232
FixedParameters: 0 0 0

#Transform 76
Transform: AffineTransform_float_3_3
Parameters: 1 0.00100024 0.000377367 -0.000999762 1 -0.000633378 -0.000377634 0.000633623 0.999999 -0.140499 -0.161333 -0.182433
FixedParameters: 0 0 0

#Transform 77
Transform: AffineTransform_float_3_3
Parameters: 0.999999 0.00119684 0.000574254 -0.00119516 0.999998 -0.00145969 -0.000576745 0.00145931 0.999999 -0.159573 -0.122562 -0.252297
FixedParameters: 0 0 0

#Transform 78
Transform: AffineTransform_float_3_3
Parameters: 0.999999 0.00117844 0.000453863 -0.00117756 0.999999 -0.000965535 -0.000455138 0.000965465 1 -0.154235 -0.144018 -0.186192
FixedParameters: 0 0 0

#Transform 79
Transform: AffineTransform_float_3_3
Parameters: 0.999999 0.00121449 0.000453684 -0.00121351 0.999998 -0.00108455 -0.000455317 0.00108445 1 -0.155136 -0.128838 -0.152702
FixedParameters: 0 0 0

#Transform 80
Transform: AffineTransform_float_3_3
Parameters: 0.999999 0.00122012 0.000851833 -0.00122088 0.999999 -0.00013704 -0.000852166 0.00013596 0.999999 -0.171018 -0.123446 -0.0790042
FixedParameters: 0 0 0

#Transform 81
Transform: AffineTransform_float_3_3
Parameters: 0.999999 0.00134 0.00060001 -0.00134 0.999999 7.19599e-06 -0.00059999 -7.80399e-06 1 -0.184635 -0.184538 -0.111427
FixedParameters: 0 0 0

#Transform 82
Transform: AffineTransform_float_3_3
Parameters: 0.999999 0.00135611 0.000729802 -0.00135589 0.999999 -0.00014599 -0.000730197 0.00014501 0.999999 -0.185418 -0.101721 -0.106693
FixedParameters: 0 0 0

#Transform 83
Transform: AffineTransform_float_3_3
Parameters: 0.999999 0.00112992 0.000703128 -0.00113008 1 0.000113206 -0.000702871 -0.000114794 0.999999 -0.181028 -0.141366 -0.11425
FixedParameters: 0 0 0

#Transform 84
Transform: AffineTransform_float_3_3
Parameters: 0.999999 0.00106349 0.00108752 -0.00106351 1 -0.000452157 -0.00108848 0.000450843 1 -0.176261 -0.109158 -0.113857
FixedParameters: 0 0 0

#Transform 85
Transform: AffineTransform_float_3_3
Parameters: 0.999999 0.00135624 0.000745561 -0.00135676 0.999999 -0.000324012 -0.000746439 0.000322988 0.999999 -0.216706 -0.15173 -0.111494
FixedParameters: 0 0 0

#Transform 86
Transform: AffineTransform_float_3_3
Parameters: 0.999999 0.00135598 9.83186e-05 -0.00135602 0.999999 0.000234867 -9.86813e-05 -0.000235134 1 -0.162939 -0.171057 0.0697679
FixedParameters: 0 0 0

#Transform 87
Transform: AffineTransform_float_3_3
Parameters: 0.999999 0.00116095 0.000453122 -0.00116105 1 0.000104474 -0.000452879 -0.000104526 1 -0.177215 -0.0897355 0.047578
FixedParameters: 0 0 0

#Transform 88
Transform: AffineTransform_float_3_3
Parameters: 0.999999 0.00135601 0.000463979 -0.00135599 0.999999 -1.56292e-05 -0.00046402 1.43708e-05 1 -0.196337 -0.064754 -0.0408113
FixedParameters: 0 0 0

#Transform 89
Transform: AffineTransform_float_3_3
Parameters: 0.999999 0.00135602 0.000170822 -0.00135598 0.999999 -0.000131232 -0.000171177 0.000130768 1 -0.197873 -0.0989349 -0.0902854
FixedParameters: 0 0 0

#Transform 90
Transform: AffineTransform_float_3_3
Parameters: 0.999999 0.00135623 0.000557446 -0.00135677 0.999999 -0.000408757 -0.000557554 0.000408244 1 -0.203736 -0.0762088 -0.106927
FixedParameters: 0 0 0

#Transform 91
Transform: AffineTransform_float_3_3
Parameters: 0.999999 0.00135601 6.58928e-05 -0.00135599 0.999999 -7.90894e-05 -6.61071e-05 7.89104e-05 1 -0.186331 -0.0697473 -0.113165
FixedParameters: 0 0 0

#Transform 92
Transform: AffineTransform_float_3_3
Parameters: 0.999999 0.00107 0.000738996 -0.00107 1 -3.79073e-06 -0.000739004 3.20927e-06 0.999999 -0.161533 -0.133715 -0.157622
FixedParameters: 0 0 0

#Transform 93
Transform: AffineTransform_float_3_3
Parameters: 0.999999 0.000772177 0.00125989 -0.000771823 0.999999 -0.000140973 -0.00126011 0.000140027 0.999999 -0.0934758 -0.187769 -0.104579
FixedParameters: 0 0 0

#Transform 94
Transform: AffineTransform_float_3_3
Parameters: 1 0.000171815 0.000643049 -0.000172184 1 0.000286889 -0.00064295 -0.00028711 1 0.022756 -0.295654 -0.181187
FixedParameters: 0 0 0

#Transform 95
Transform: AffineTransform_float_3_3
Parameters: 0.999999 0.00122508 0.000477802 -0.00122492 0.999999 -0.000161585 -0.000478198 0.000161414 1 -0.12441 -0.133038 -0.0891794
FixedParameters: 0 0 0

#Transform 96
Transform: AffineTransform_float_3_3
Parameters: 0.999999 0.00125806 0.000644839 -0.00125894 0.999998 0.00146119 -0.000643161 -0.00146181 0.999998 -0.0995534 -0.19197 -0.0179489
FixedParameters: 0 0 0

#Transform 97
Transform: AffineTransform_float_3_3
Parameters: 0.999999 0.00125762 0.000337424 -0.00125838 0.999998 0.00113158 -0.000336577 -0.00113142 1 -0.107328 -0.249177 -0.0620989
FixedParameters: 0 0 0

#Transform 98
Transform: AffineTransform_float_3_3
Parameters: 0.999999 0.0010639 0.000827419 -0.0010651 0.999998 0.00133312 -0.00082558 -0.00133388 0.999999 -0.0875375 -0.135351 0.0524489
FixedParameters: 0 0 0

#Transform 99
Transform: AffineTransform_float_3_3
Parameters: 1 0.000950073 0.000640867 -0.000951928 0.999995 0.00301439 -0.000638134 -0.00301461 0.999996 -0.0912667 -0.281285 0.0685999
FixedParameters: 0 0 0

#Transform 100
Transform: AffineTransform_float_3_3
Parameters: 0.999998 0.00126614 0.00104405 -0.00126686 0.999999 0.000826678 -0.00104295 -0.000828322 0.999999 -0.13648 -0.14822 -0.0253237
FixedParameters: 0 0 0

#Transform 101
Transform: AffineTransform_float_3_3
Parameters: 0.999998 0.00112575 0.00129982 -0.00112925 0.999996 0.00250154 -0.00129718 -0.00250346 0.999996 -0.128634 -0.192159 0.0630211
FixedParameters: 0 0 0

#Transform 102
Transform: AffineTransform_float_3_3
Parameters: 0.999999 0.00126295 0.00124109 -0.00126505 0.999998 0.00165443 -0.00123891 -0.00165657 0.999998 -0.13063 -0.1596 0.0258942
FixedParameters: 0 0 0

#Transform 103
Transform: AffineTransform_float_3_3
Parameters: 0.999998 0.00147807 0.00125646 -0.00148093 0.999996 0.00233615 -0.00125254 -0.00233786 0.999997 -0.152327 -0.240098 -0.0123024
FixedParameters: 0 0 0

#Transform 104
Transform: AffineTransform_float_3_3
Parameters: 0.999998 0.0013121 0.00096359 -0.0013139 0.999997 0.00197274 -0.000960409 -0.00197326 0.999997 -0.152997 -0.187439 -0.0207936
FixedParameters: 0 0 0

#Transform 105
Transform: AffineTransform_float_3_3
Parameters: 0.999998 0.00147899 0.000865437 -0.00148101 0.999996 0.00232172 -0.000862563 -0.00232228 0.999997 -0.163384 -0.208364 -0.0271928
FixedParameters: 0 0 0

#Transform 106
Transform: AffineTransform_float_3_3
Parameters: 0.999998 0.00147819 0.0011556 -0.00148081 0.999996 0.00243129 -0.0011514 -0.00243271 0.999997 -0.180433 -0.240012 -0.0523132
FixedParameters: 0 0 0

#Transform 107
Transform: AffineTransform_float_3_3
Parameters: 0.999999 0.00125821 0.000913474 -0.00125979 0.999998 0.00196485 -0.000910525 -0.00196615 0.999997 -0.144067 -0.188985 -0.0502358
FixedParameters: 0 0 0

#Transform 108
Transform: AffineTransform_float_3_3
Parameters: 0.999998 0.00128454 0.0013803 -0.00128646 0.999997 0.00178423 -0.00137871 -0.00178677 0.999998 -0.130615 -0.272565 -0.0983117
FixedParameters: 0 0 0

#Transform 109
Transform: AffineTransform_float_3_3
Parameters: 0.999997 0.000958799 0.00197907 -0.0009612 0.999999 0.0011111 -0.00197793 -0.0011129 0.999998 -0.0805494 -0.265121 -0.0814294
FixedParameters: 0 0 0

#Transform 110
Transform: AffineTransform_float_3_3
Parameters: 0.999998 0.00118851 0.0015086 -0.00118749 0.999999 -0.000340792 -0.0015084 0.000339208 0.999999 -0.0973095 -0.342144 -0.172976
FixedParameters: 0 0 0

#Transform 111
Transform: AffineTransform_float_3_3
Parameters: 0.999998 0.00148014 0.00132197 -0.00148086 0.999998 0.000651043 -0.00132103 -0.000652956 0.999999 -0.161843 -0.204004 -0.140547
FixedParameters: 0 0 0

#Transform 112
Transform: AffineTransform_float_3_3
Parameters: 0.999998 0.00148088 0.00132114 -0.00148012 0.999999 9.00447e-05 -0.00132087 -9.19562e-05 0.999999 -0.170492 -0.150712 -0.146657
FixedParameters: 0 0 0

#Transform 113
Transform: AffineTransform_float_3_3
Parameters: 0.999998 0.00147964 0.00138346 -0.00148036 0.999999 0.000984954 -0.00138254 -0.000987048 0.999998 -0.173043 -0.22111 -0.14604
FixedParameters: 0 0 0

#Transform 114
Transform: AffineTransform_float_3_3
Parameters: 0.999998 0.0013879 0.00132216 -0.0013891 0.999998 0.000832164 -0.00132084 -0.000833834 0.999999 -0.167951 -0.137136 -0.129648
FixedParameters: 0 0 0

#Transform 115
Transform: AffineTransform_float_3_3
Parameters: 0.999999 0.00126699 0.00132197 -0.00126801 0.999999 0.000764325 -0.00132103 -0.000765675 0.999999 -0.171966 -0.205426 -0.1521
FixedParameters: 0 0 0

#Transform 116
Transform: AffineTransform_float_3_3
Parameters: 0.999998 0.00148096 0.00115406 -0.00148004 0.999999 3.6292e-05 -0.00115395 -3.7709e-05 1 -0.153686 -0.24959 -0.139962
FixedParameters: 0 0 0

#Transform 117
Transform: AffineTransform_float_3_3
Parameters: 0.999996 0.00147903 0.0024252 -0.00148097 0.999998 0.000812411 -0.00242379 -0.000815588 0.999996 -0.200508 -0.236442 -0.0901915
FixedParameters: 0 0 0

#Transform 118
Transform: AffineTransform_float_3_3
Parameters: 0.999997 0.00107031 0.0018841 -0.00107369 0.999997 0.00195798 -0.0018819 -0.00196002 0.999997 -0.173574 -0.319953 0.0109796
FixedParameters: 0 0 0

#Transform 119
Transform: AffineTransform_float_3_3
Parameters: 0.999998 0.00148212 0.00143785 -0.00148088 0.999998 -0.00078013 -0.00143915 0.000778868 0.999998 -0.201874 -0.109967 -0.143041
FixedParameters: 0 0 0

#Transform 120
Transform: AffineTransform_float_3_3
Parameters: 0.999998 0.00123718 0.00154765 -0.00123782 0.999999 0.000527085 -0.00154635 -0.000528914 0.999998 -0.191132 -0.223315 -0.168605
FixedParameters: 0 0 0

#Transform 121
Transform: AffineTransform_float_3_3
Parameters: 0.999999 0.00138366 0.00115761 -0.00138534 0.999999 0.0011614 -0.00115539 -0.0011636 0.999998 -0.159485 -0.186924 -0.000108146
FixedParameters: 0 0 0

#Transform 122
Transform: AffineTransform_float_3_3
Parameters: 0.999997 0.00166969 0.0018978 -0.00167431 0.999996 0.00227083 -0.0018942 -0.00227417 0.999995 -0.196871 -0.334055 0.00746176
FixedParameters: 0 0 0

#Transform 123
Transform: AffineTransform_float_3_3
Parameters: 0.999996 0.00211722 0.00155842 -0.00211978 0.999997 0.0011417 -0.00155558 -0.0011453 0.999998 -0.200979 -0.271391 -0.063903
FixedParameters: 0 0 0

#Transform 124
Transform: AffineTransform_float_3_3
Parameters: 0.999998 0.0014797 0.000854251 -0.0014803 0.999997 0.00152074 -0.000851748 -0.00152226 0.999998 -0.161099 -0.203945 0.0247798
FixedParameters: 0 0 0

#Transform 125
Transform: AffineTransform_float_3_3
Parameters: 0.999998 0.00171796 0.0008541 -0.00171904 0.999998 0.00122153 -0.0008519 -0.00122247 0.999999 -0.169636 -0.1126 0.0584658
FixedParameters: 0 0 0

#Transform 126
Transform: AffineTransform_float_3_3
Parameters: 0.999997 0.00252468 0.000118951 -0.00252532 0.999993 0.00275271 -0.000112048 -0.00275329 0.999996 -0.156588 -0.23414 0.17733
FixedParameters: 0 0 0

#Transform 127
Transform: AffineTransform_float_3_3
Parameters: 0.999998 0.00224785 0.000114938 -0.00224815 0.999996 0.00130674 -0.000112062 -0.00130725 0.999999 -0.137699 -0.312341 -0.112109
FixedParameters: 0 0 0

#Transform 128
Transform: AffineTransform_float_3_3
Parameters: 0.999998 0.00206492 0.000897487 -0.00206508 0.999997 0.00120315 -0.000894515 -0.00120485 0.999999 -0.164163 -0.353338 -0.187836
FixedParameters: 0 0 0

#Transform 129
Transform: AffineTransform_float_3_3
Parameters: 0.999997 0.0017897 0.0015455 -0.0017903 0.999998 0.000838235 -0.0015435 -0.000840764 0.999998 -0.160805 -0.226816 -0.132498
FixedParameters: 0 0 0

#Transform 130
Transform: AffineTransform_float_3_3
Parameters: 0.999996 0.00206687 0.00179845 -0.00206913 0.999997 0.00118228 -0.00179655 -0.00118572 0.999997 -0.178178 -0.270086 -0.115073
FixedParameters: 0 0 0

#Transform 131
Transform: AffineTransform_float_3_3
Parameters: 0.999997 0.00206637 0.00167825 -0.00206963 0.999996 0.00156753 -0.00167576 -0.00157047 0.999998 -0.178116 -0.240369 -0.0537544
FixedParameters: 0 0 0

#Transform 132
Transform: AffineTransform_float_3_3
Parameters: 0.999997 0.00171731 0.00128126 -0.00171869 0.999997 0.0013168 -0.00127974 -0.0013182 0.999999 -0.15289 -0.170371 -0.0217969
FixedParameters: 0 0 0

#Transform 133
Transform: AffineTransform_float_3_3
Parameters: 0.999997 0.00173378 0.00164534 -0.00173622 0.999997 0.00135015 -0.00164365 -0.00135285 0.999997 -0.144472 -0.130724 -0.000619875
FixedParameters: 0 0 0

#Transform 134
Transform: AffineTransform_float_3_3
Parameters: 0.999997 0.00173693 0.00184295 -0.00173907 0.999998 0.0011238 -0.00184104 -0.0011272 0.999997 -0.150437 -0.157456 -0.042011
FixedParameters: 0 0 0

#Transform 135
Transform: AffineTransform_float_3_3
Parameters: 0.999996 0.00194776 0.00200418 -0.00195024 0.999998 0.0011161 -0.00200282 -0.00111991 0.999998 -0.16245 -0.149739 -0.042253
FixedParameters: 0 0 0

#Transform 136
Transform: AffineTransform_float_3_3
Parameters: 0.999997 0.001768 0.00200377 -0.00177 0.999998 0.000998457 -0.00200223 -0.00100254 0.999998 -0.154857 -0.138347 -0.0553524
FixedParameters: 0 0 0

#Transform 137
Transform: AffineTransform_float_3_3
Parameters: 0.999996 0.00169603 0.00235514 -0.00169897 0.999998 0.001259 -0.00235286 -0.00126299 0.999996 -0.149066 -0.167233 -0.0649665
FixedParameters: 0 0 0

#Transform 138
Transform: AffineTransform_float_3_3
Parameters: 0.999996 0.00173324 0.00198341 -0.00173676 0.999997 0.00139056 -0.00198058 -0.00139344 0.999997 -0.129906 -0.137319 -0.0628174
FixedParameters: 0 0 0

#Transform 139
Transform: AffineTransform_float_3_3
Parameters: 0.999997 0.00186914 0.00196782 -0.00186986 0.999998 0.000436322 -0.00196718 -0.000439679 0.999998 -0.139434 -0.0931349 -0.0882402
FixedParameters: 0 0 0

#Transform 140
Transform: AffineTransform_float_3_3
Parameters: 0.999997 0.00171971 0.00206725 -0.0017193 0.999999 0.000140446 -0.00206676 -0.000143555 0.999998 -0.160925 -0.12543 -0.0957095
FixedParameters: 0 0 0

#Transform 141
Transform: AffineTransform_float_3_3
Parameters: 0.999997 0.0016443 0.00208077 -0.0016437 0.999998 -0.000144421 -0.00208124 0.000141578 0.999998 -0.172263 -0.0605822 -0.0489971
FixedParameters: 0 0 0

#Transform 142
Transform: AffineTransform_float_3_3
Parameters: 0.999996 0.00166098 0.00231773 -0.00166202 0.999999 0.00043715 -0.00231627 -0.000441849 0.999997 -0.164035 -0.0889885 -0.0366117
FixedParameters: 0 0 0

#Transform 143
Transform: AffineTransform_float_3_3
Parameters: 0.999997 0.00165892 0.00217306 -0.00165908 0.999998 3.53948e-05 -0.00217294 -3.86048e-05 0.999997 -0.159659 -0.0474735 -0.0358856
FixedParameters: 0 0 0

#Transform 144
Transform: AffineTransform_float_3_3
Parameters: 0.999995 0.00165778 0.00249615 -0.00165722 0.999998 8.68637e-05 -0.00249585 -9.11379e-05 0.999997 -0.172773 -0.100447 -0.0295092
FixedParameters: 0 0 0

#Transform 145
Transform: AffineTransform_float_3_3
Parameters: 0.999997 0.0016563 0.00211376 -0.0016557 0.999998 -0.0001445 -0.00211424 0.000141499 0.999998 -0.173886 -0.0786054 -0.0354346
FixedParameters: 0 0 0

#Transform 146
Transform: AffineTransform_float_3_3
Parameters: 0.999996 0.00157707 0.00236895 -0.00157793 0.999999 -3.17382e-05 -0.00236905 2.8264e-05 0.999997 -0.181847 -0.0488107 0.00151438
FixedParameters: 0 0 0

#Transform 147
Transform: AffineTransform_float_3_3
Parameters: 0.999996 0.00142215 0.00248848 -0.00142285 0.999999 0.000339461 -0.00248751 -0.000343539 0.999997 -0.143678 -0.135026 -0.0229909
FixedParameters: 0 0 0

#Transform 148
Transform: AffineTransform_float_3_3
Parameters: 0.999997 0.00139095 0.00225641 -0.00139005 0.999999 -0.000424138 -0.00225659 0.000420863 0.999998 -0.119374 -0.118372 -0.0678724
FixedParameters: 0 0 0

#Transform 149
Transform: AffineTransform_float_3_3
Parameters: 0.999996 0.0014703 0.0021928 -0.0014697 0.999999 -0.000138223 -0.0021932 0.000134776 0.999997 -0.163043 -0.119992 -0.0603668
FixedParameters: 0 0 0

#Transform 150
Transform: AffineTransform_float_3_3
Parameters: 0.999996 0.00163948 0.00234866 -0.00163851 0.999998 -0.000208849 -0.00234834 0.000204151 0.999997 -0.173573 -0.0672615 -0.0267388
FixedParameters: 0 0 0

#Transform 151
Transform: AffineTransform_float_3_3
Parameters: 0.999996 0.00147059 0.00232063 -0.00147041 0.999999 -0.000257413 -0.00232038 0.000254589 0.999998 -0.167985 -0.0919324 -0.065494
FixedParameters: 0 0 0

#Transform 152
Transform: AffineTransform_float_3_3
Parameters: 0.999995 0.00177511 0.00231786 -0.00177189 0.999997 -0.00177311 -0.00232014 0.00176989 0.999995 -0.162479 -0.0516987 -0.100948
FixedParameters: 0 0 0

#Transform 153
Transform: AffineTransform_float_3_3
Parameters: 0.999996 0.00147188 0.00231981 -0.00147013 0.999998 -0.000809413 -0.00232019 0.000806588 0.999997 -0.170638 -0.115546 -0.0488021
FixedParameters: 0 0 0

#Transform 154
Transform: AffineTransform_float_3_3
Parameters: 0.999997 0.00170893 0.0020887 -0.00171108 0.999998 0.00099243 -0.0020873 -0.000995571 0.999998 -0.174821 -0.209922 0.164168
FixedParameters: 0 0 0

#Transform 155
Transform: AffineTransform_float_3_3
Parameters: 0.999994 0.00181758 0.0029335 -0.00181942 0.999998 0.000822668 -0.0029315 -0.000827333 0.999996 -0.193393 -0.0818865 0.113348
FixedParameters: 0 0 0

#Transform 156
Transform: AffineTransform_float_3_3
Parameters: 0.999996 0.0014674 0.0021198 -0.0014696 0.999998 0.00122389 -0.0021182 -0.00122711 0.999997 -0.148637 -0.100392 0.207908
FixedParameters: 0 0 0

#Transform 157
Transform: AffineTransform_float_3_3
Parameters: 0.999993 0.00235062 0.0029295 -0.00235038 0.999997 -0.000214887 -0.0029295 0.000208115 0.999995 -0.249694 -0.0773313 0.0273264
FixedParameters: 0 0 0

#Transform 158
Transform: AffineTransform_float_3_3
Parameters: 0.999993 0.00234198 0.00264949 -0.00233802 0.999996 -0.0015032 -0.00265251 0.0014978 0.999996 -0.228253 -0.00638336 -0.0483672
FixedParameters: 0 0 0

#Transform 159
Transform: AffineTransform_float_3_3
Parameters: 0.999993 0.00222573 0.00322019 -0.00222627 0.999997 7.98316e-05 -0.00322082 -8.61693e-05 0.999995 -0.248045 -0.158095 -0.00459436
FixedParameters: 0 0 0

#Transform 160
Transform: AffineTransform_float_3_3
Parameters: 0.999992 0.0017906 0.0035887 -0.0017904 0.999999 -0.000170427 -0.0035893 0.000164574 0.999994 -0.250765 -0.113729 0.0583738
FixedParameters: 0 0 0

#Transform 161
Transform: AffineTransform_float_3_3
Parameters: 0.999991 0.00221758 0.00347218 -0.00222042 0.999997 0.000980298 -0.00347081 -0.000987705 0.999993 -0.275703 -0.176172 0.0660897
FixedParameters: 0 0 0

#Transform 162
Transform: AffineTransform_float_3_3
Parameters: 0.999991 0.00221988 0.00347071 -0.00222112 0.999998 0.000318294 -0.00347028 -0.000325707 0.999994 -0.307398 -0.0806128 0.0256586
FixedParameters: 0 0 0

#Transform 163
Transform: AffineTransform_float_3_3
Parameters: 0.999993 0.00221883 0.00295863 -0.00222117 0.999998 0.000730434 -0.00295737 -0.000737567 0.999996 -0.295858 -0.146124 0.022195
FixedParameters: 0 0 0

#Transform 164
Transform: AffineTransform_float_3_3
Parameters: 0.999992 0.00227621 0.00327555 -0.00227679 0.999998 0.000238544 -0.00327545 -0.000246458 0.999994 -0.306333 -0.0669583 0.0100145
FixedParameters: 0 0 0

#Transform 165
Transform: AffineTransform_float_3_3
Parameters: 0.999991 0.00222099 0.00365 -0.002221 0.999997 -3.10669e-06 -0.00365 -5.10668e-06 0.999994 -0.310581 -0.123844 0.00478222
FixedParameters: 0 0 0

#Transform 166
Transform: AffineTransform_float_3_3
Parameters: 0.999993 0.00222324 0.00294931 -0.00222076 0.999997 -0.000762555 -0.00295069 0.000755446 0.999996 -0.251819 -0.0709994 0.0632385
FixedParameters: 0 0 0

#Transform 167
Transform: AffineTransform_float_3_3
Parameters: 0.999991 0.00194886 0.00365061 -0.00195014 0.999998 0.000308884 -0.00365039 -0.000316117 0.999994 -0.272522 -0.132404 0.0594783
FixedParameters: 0 0 0

#Transform 168
Transform: AffineTransform_float_3_3
Parameters: 0.999991 0.00196356 0.00374423 -0.00196445 0.999998 0.000115646 -0.00374377 -0.000122352 0.999993 -0.276272 -0.0331048 0.0831431
FixedParameters: 0 0 0

#Transform 169
Transform: AffineTransform_float_3_3
Parameters: 0.999991 0.00189751 0.00380674 -0.00189949 0.999998 0.000388773 -0.00380625 -0.000396226 0.999992 -0.277194 -0.0668276 0.0641871
FixedParameters: 0 0 0

#Transform 170
Transform: AffineTransform_float_3_3
Parameters: 0.99999 0.00222178 0.00387455 -0.00222022 0.999997 -0.000206604 -0.00387545 0.000198392 0.999993 -0.289145 -0.0731786 -0.066596
FixedParameters: 0 0 0

#Transform 171
Transform: AffineTransform_float_3_3
Parameters: 0.999995 0.00222254 0.00223146 -0.00222046 0.999998 -0.000693959 -0.00223353 0.00068804 0.999998 -0.241312 -0.127902 -0.100517
FixedParameters: 0 0 0

#Transform 172
Transform: AffineTransform_float_3_3
Parameters: 0.999993 0.00221795 0.00301325 -0.00222105 0.999997 0.00101031 -0.00301075 -0.00101668 0.999995 -0.305759 -0.193999 -0.00260176
FixedParameters: 0 0 0

#Transform 173
Transform: AffineTransform_float_3_3
Parameters: 0.999992 0.00251461 0.00304015 -0.00251539 0.999996 0.000452356 -0.00303886 -0.000459645 0.999996 -0.342123 -0.131725 0.0132898
FixedParameters: 0 0 0

#Transform 174
Transform: AffineTransform_float_3_3
Parameters: 0.999993 0.00221922 0.00285039 -0.00222079 0.999998 0.000623674 -0.00284861 -0.000629326 0.999995 -0.247402 -0.227692 0.00158718
FixedParameters: 0 0 0

#Transform 175
Transform: AffineTransform_float_3_3
Parameters: 0.999995 0.00210574 0.0025793 -0.00211026 0.999995 0.00203857 -0.0025757 -0.00204443 0.999994 -0.237799 -0.24262 0.197261
FixedParameters: 0 0 0

#Transform 176
Transform: AffineTransform_float_3_3
Parameters: 0.99999 0.00221889 0.00370226 -0.00222111 0.999998 0.000564782 -0.00370074 -0.000573217 0.999993 -0.293715 -0.163466 0.0163156
FixedParameters: 0 0 0

#Transform 177
Transform: AffineTransform_float_3_3
Parameters: 0.999994 0.00215323 0.00294283 -0.00215277 0.999997 -8.03357e-05 -0.00294317 7.36631e-05 0.999995 -0.303361 -0.106367 -0.0450069
FixedParameters: 0 0 0

#Transform 178
Transform: AffineTransform_float_3_3
Parameters: 0.999993 0.00212914 0.00288337 -0.00213185 0.999997 0.000639857 -0.00288163 -0.000646139 0.999995 -0.306209 -0.145879 -0.0347608
FixedParameters: 0 0 0

#Transform 179
Transform: AffineTransform_float_3_3
Parameters: 0.999994 0.00222107 0.00288194 -0.00222093 0.999997 -2.84008e-05 -0.00288206 2.25989e-05 0.999996 -0.305784 -0.0757022 -0.0294122
FixedParameters: 0 0 0

#Transform 180
Transform: AffineTransform_float_3_3
Parameters: 0.999993 0.00221998 0.00293677 -0.00222102 0.999998 0.00034248 -0.00293623 -0.000349521 0.999995 -0.282062 -0.153563 -0.0334286
FixedParameters: 0 0 0

#Transform 181
Transform: AffineTransform_float_3_3
Parameters: 0.999993 0.00185871 0.00302041 -0.00186129 0.999998 0.000754383 -0.00301859 -0.000759616 0.999995 -0.275725 -0.124407 -0.0159393
FixedParameters: 0 0 0

#Transform 182
Transform: AffineTransform_float_3_3
Parameters: 0.999992 0.00174991 0.00340508 -0.00175209 0.999999 0.000612039 -0.00340392 -0.000617961 0.999994 -0.288531 -0.189767 -0.0673481
FixedParameters: 0 0 0

#Transform 183
Transform: AffineTransform_float_3_3
Parameters: 0.999992 0.00176145 0.0034048 -0.00176255 0.999999 0.000451002 -0.0034042 -0.000457 0.999994 -0.288701 -0.150749 -0.0622077
FixedParameters: 0 0 0

#Transform 184
Transform: AffineTransform_float_3_3
Parameters: 0.999992 0.00188394 0.00332717 -0.00188606 0.999998 0.000616729 -0.00332683 -0.000623272 0.999995 -0.294445 -0.154837 -0.0726249
FixedParameters: 0 0 0

#Transform 185
Transform: AffineTransform_float_3_3
Parameters: 0.999994 0.00182025 0.00299185 -0.00181975 0.999999 -8.54449e-05 -0.00299215 7.9554e-05 0.999995 -0.273664 -0.107515 -0.040645
FixedParameters: 0 0 0

#Transform 186
Transform: AffineTransform_float_3_3
Parameters: 0.999994 0.00184538 0.002993 -0.00184762 0.999998 0.000537474 -0.002992 -0.000543525 0.999996 -0.274555 -0.192677 -0.0497986
FixedParameters: 0 0 0

#Transform 187
Transform: AffineTransform_float_3_3
Parameters: 0.999993 0.00221651 0.00299533 -0.00222049 0.999997 0.00149736 -0.00299267 -0.00150364 0.999995 -0.284291 -0.16436 0.022382
FixedParameters: 0 0 0

#Transform 188
Transform: AffineTransform_float_3_3
