#Insight Transform File V1.0
#Transform 0
Transform: AffineTransform_float_3_3
Parameters: 0.999998 0.000657836 0.00194404 -0.000655163 0.999998 -0.00145928 -0.00194496 0.00145772 0.999997 0.0571356 0.188409 0.255951
FixedParameters: 0 0 0

#Transform 1
Transform: AffineTransform_float_3_3
Parameters: 0.999999 0.000499018 0.00149633 -0.000496981 0.999999 -0.00134975 -0.00149667 0.00134825 0.999998 0.0833929 0.178766 0.180078
FixedParameters: 0 0 0

#Transform 2
Transform: AffineTransform_float_3_3
Parameters: 0.999998 0.0010108 0.00134465 -0.0010092 0.999998 -0.00133636 -0.00134535 0.00133464 0.999998 0.0209088 0.16873 0.239817
FixedParameters: 0 0 0

#Transform 3
Transform: AffineTransform_float_3_3
Parameters: 0.999999 0.000553867 0.00127762 -0.000553133 0.999999 -0.000678707 -0.00127838 0.000678292 0.999999 0.0462118 0.172342 0.20837
FixedParameters: 0 0 0

#Transform 4
Transform: AffineTransform_float_3_3
Parameters: 0.999999 0.000241003 0.000929998 -0.000240996 1 -4.22413e-06 -0.00093 3.77587e-06 0.999999 0.0688746 0.19775 0.181315
FixedParameters: 0 0 0

#Transform 5
Transform: AffineTransform_float_3_3
Parameters: 0.999999 -0.000160194 0.000929966 0.000159806 1 0.000208149 -0.000930033 -0.000208851 0.999999 0.0758605 0.0531524 0.199076
FixedParameters: 0 0 0

#Transform 6
Transform: AffineTransform_float_3_3
Parameters: 0.999999 1.01107e-05 0.000929998 -9.88932e-06 1 -0.000119009 -0.00093 0.000118991 0.999999 0.0911741 0.107766 0.143399
FixedParameters: 0 0 0

#Transform 7
Transform: AffineTransform_float_3_3
Parameters: 0.999999 9.84028e-06 0.000868001 -1.01597e-05 1 0.000183991 -0.000867997 -0.000184009 0.999999 0.0886083 0.112772 0.11305
FixedParameters: 0 0 0

#Transform 8
Transform: AffineTransform_float_3_3
Parameters: 1 -0.000446488 0.0010748 0.000446513 1 0.00045348 -0.0010752 -0.00045352 1 0.111328 0.0391417 0.161822
FixedParameters: 0 0 0

#Transform 9
Transform: AffineTransform_float_3_3
Parameters: 0.999999 -0.000445836 0.000656111 0.000446164 1 -0.000249707 -0.000655888 0.000250292 1 0.104328 0.0712156 0.14321
FixedParameters: 0 0 0

#Transform 10
Transform: AffineTransform_float_3_3
Parameters: 1 -0.000445706 0.00107512 0.000446293 1 -0.00027252 -0.00107488 0.000273479 1 0.111169 0.15795 0.0638486
FixedParameters: 0 0 0

#Transform 11
Transform: AffineTransform_float_3_3
Parameters: 1 -5.93511e-05 0.000659968 5.96488e-05 1 0.000532039 -0.000660031 -0.000531961 0.999999 0.0645036 0.0268395 0.142424
FixedParameters: 0 0 0

#Transform 12
Transform: AffineTransform_float_3_3
Parameters: 1 -0.000195879 0.000480049 0.00019612 1 -0.000250906 -0.000479951 0.000251094 1 0.0448642 0.0118912 0.0903035
FixedParameters: 0 0 0

#Transform 13
Transform: AffineTransform_float_3_3
Parameters: 1 -8.92018e-06 0.000307002 9.07982e-06 1 -0.000259997 -0.000306998 0.000260003 1 0.0242589 0.0769796 0.0915896
FixedParameters: 0 0 0

#Transform 14
Transform: AffineTransform_float_3_3
Parameters: 1 -7.30314e-05 0.000301992 7.29686e-05 1 0.000104022 -0.000302008 -0.000103978 1 0.0303284 -0.0129337 0.0979692
FixedParameters: 0 0 0

#Transform 15
Transform: AffineTransform_float_3_3
Parameters: 1 8.13761e-06 0.000139992 -7.86237e-06 0.999999 -0.000983 -0.000140008 0.000982998 0.999999 0.00930984 0.0627521 -0.00600442
FixedParameters: 0 0 0

#Transform 16
Transform: AffineTransform_float_3_3
Parameters: 1 0.000173955 -0.000164047 -0.000174045 1 -0.000272971 0.000163952 0.000273029 1 0.00142594 0.0486531 0.0463745
FixedParameters: 0 0 0

#Transform 17
Transform: AffineTransform_float_3_3
Parameters: 1 2.69495e-05 0.000112012 -2.70505e-05 1 0.000450997 -0.000111988 -0.000451003 1 0.000140789 -0.0486258 0.093868
FixedParameters: 0 0 0

#Transform 18
Transform: AffineTransform_float_3_3
Parameters: 1 2.49118e-05 -0.000164013 -2.50882e-05 1 -0.000537996 0.000163986 0.000538004 1 -0.00829055 0.0219302 0.0278013
FixedParameters: 0 0 0

#Transform 19
Transform: AffineTransform_float_3_3
Parameters: 1 -0.000202024 0.000204976 0.000201976 1 0.000119041 -0.000205024 -0.000118959 1 0.0140814 -0.0124501 0.0684411
FixedParameters: 0 0 0

#Transform 20
Transform: AffineTransform_float_3_3
Parameters: 1 -3.20336e-05 -0.000163993 3.19664e-05 1 -0.000205005 0.000164007 0.000204995 1 0.00505788 -0.00396087 0.0235327
FixedParameters: 0 0 0

#Transform 21
Transform: AffineTransform_float_3_3
Parameters: 1 -3.20713e-05 -0.000163986 3.19287e-05 1 -0.000435005 0.000164014 0.000434995 1 -0.0233652 0.0424234 -0.00960774
FixedParameters: 0 0 0

#Transform 22
Transform: AffineTransform_float_3_3
Parameters: 1 6.69857e-05 -0.000164006 -6.70143e-05 1 -8.6989e-05 0.000163994 8.7011e-05 1 -0.0361527 -0.0441098 0.0577812
FixedParameters: 0 0 0

#Transform 23
Transform: AffineTransform_float_3_3
Parameters: 1 8.08866e-05 -0.000164056 -8.11133e-05 1 -0.000690986 0.000163944 0.000691013 0.999999 -0.0408213 0.036797 -0.0318437
FixedParameters: 0 0 0

#Transform 24
Transform: AffineTransform_float_3_3
Parameters: 1 -3.19508e-05 -0.00016401 3.20492e-05 1 0.000299995 0.00016399 -0.000300005 1 -0.0344371 0.0244262 0.0665312
FixedParameters: 0 0 0

#Transform 25
Transform: AffineTransform_float_3_3
Parameters: 1 -3.20533e-05 -0.00016399 3.19467e-05 1 -0.000325005 0.00016401 0.000324995 1 -0.0344329 0.00229616 0.0455271
FixedParameters: 0 0 0

#Transform 26
Transform: AffineTransform_float_3_3
Parameters: 1 -3.18282e-05 0.000167033 3.21718e-05 1 -0.001029 -0.000166967 0.00102901 1 -0.0290193 0.0484037 0.0210711
FixedParameters: 0 0 0

#Transform 27
Transform: AffineTransform_float_3_3
Parameters: 1 -3.19536e-05 -0.000164009 3.20464e-05 1 0.000282995 0.000163991 -0.000283005 1 -0.0344366 -0.0602948 0.0800747
FixedParameters: 0 0 0

#Transform 28
Transform: AffineTransform_float_3_3
Parameters: 1 0.000247687 -0.000344225 -0.000248313 0.999999 -0.000908914 0.000344774 0.000909085 0.999999 -0.0629745 0.000457453 -0.034784
FixedParameters: 0 0 0

#Transform 29
Transform: AffineTransform_float_3_3
Parameters: 1 0.00023701 1.07774e-05 -0.000236989 0.999999 -0.000939002 -1.12225e-05 0.000938997 0.999999 -0.0415502 0.0516033 -0.0193847
FixedParameters: 0 0 0

#Transform 30
Transform: AffineTransform_float_3_3
Parameters: 1 -3.19974e-05 5.00016e-05 3.20025e-05 1 -5.09984e-05 -4.99984e-05 5.10016e-05 1 -0.0294626 -0.0829212 0.0422035
FixedParameters: 0 0 0

#Transform 31
Transform: AffineTransform_float_3_3
Parameters: 1 -3.19733e-05 4.10208e-05 3.20267e-05 1 -0.000650998 -4.09792e-05 0.000651001 1 -0.0373111 0.00392153 -0.0683181
FixedParameters: 0 0 0

#Transform 32
Transform: AffineTransform_float_3_3
Parameters: 1 -3.21761e-05 -0.000163966 3.18239e-05 1 -0.00107401 0.000164034 0.001074 1 -0.0407327 -0.0216618 -0.0243689
FixedParameters: 0 0 0

#Transform 33
Transform: AffineTransform_float_3_3
Parameters: 1 -3.19034e-05 0.000131024 3.20965e-05 0.999999 -0.000736995 -0.000130976 0.000737004 0.999999 -0.0287205 -0.0655107 -0.0398456
FixedParameters: 0 0 0

#Transform 34
Transform: AffineTransform_float_3_3
Parameters: 1 -3.22032e-05 -0.00016396 3.17968e-05 0.999999 -0.00123901 0.00016404 0.001239 0.999999 -0.0407288 0.00764212 -0.0538333
FixedParameters: 0 0 0

#Transform 35
Transform: AffineTransform_float_3_3
Parameters: 1 -3.13259e-05 0.000548039 3.1674e-05 0.999999 -0.00122998 -0.000547961 0.00123002 0.999999 0.00919526 -0.0915002 -0.0415526
FixedParameters: 0 0 0

#Transform 36
Transform: AffineTransform_float_3_3
Parameters: 0.999999 -3.01895e-05 0.000730077 3.18128e-05 0.999997 -0.00247998 -0.000730923 0.00248002 0.999996 0.00275938 -0.0260569 -0.0861445
FixedParameters: 0 0 0

#Transform 37
Transform: AffineTransform_float_3_3
Parameters: 1 -3.14494e-05 0.000371047 3.1552e-05 0.999999 -0.00148399 -0.000371953 0.00148401 0.999999 0.00264596 -0.103667 -0.0146974
FixedParameters: 0 0 0

#Transform 38
Transform: AffineTransform_float_3_3
Parameters: 1 -0.000155026 0.00065623 0.000155973 0.999999 -0.0014839 -0.000655769 0.0014841 0.999998 0.00203709 -0.105994 -0.0343242
FixedParameters: 0 0 0

#Transform 39
Transform: AffineTransform_float_3_3
Parameters: 1 -3.15391e-05 0.000265055 3.14608e-05 0.999999 -0.00173899 -0.000264946 0.00173901 0.999999 -0.0115692 0.0107192 -0.0576729
FixedParameters: 0 0 0

#Transform 40
Transform: AffineTransform_float_3_3
Parameters: 1 -0.000441655 0.000300508 0.000441346 0.999999 -0.00114887 -0.000300493 0.00114913 1 0.0142509 -0.0643795 -0.0494246
FixedParameters: 0 0 0

#Transform 41
Transform: AffineTransform_float_3_3
Parameters: 1 0.000219539 0.000220465 -0.000218463 0.999997 -0.00244005 -0.000220534 0.00243995 0.999997 -0.0287277 -0.116064 -0.116914
FixedParameters: 0 0 0

#Transform 42
Transform: AffineTransform_float_3_3
Parameters: 1 0.000279571 0.000179112 -0.000278429 0.999995 -0.00318105 -0.000179887 0.00318095 0.999995 -0.0322736 -0.0820896 -0.144213
FixedParameters: 0 0 0

#Transform 43
Transform: AffineTransform_float_3_3
Parameters: 1 9.56739e-05 0.000211697 -9.43251e-05 0.999995 -0.00318102 -0.000212301 0.00318098 0.999995 -0.0285175 -0.0507917 -0.12756
FixedParameters: 0 0 0

#Transform 44
Transform: AffineTransform_float_3_3
Parameters: 1 7.47703e-05 -7.7223e-05 -7.5229e-05 0.999995 -0.00297899 7.67762e-05 0.002979 0.999995 -0.0586535 -0.233387 -0.1018
FixedParameters: 0 0 0

#Transform 45
Transform: AffineTransform_float_3_3
Parameters: 1 -5.27193e-05 -0.000233839 5.22802e-05 0.999996 -0.00307501 0.000234162 0.00307499 0.999995 -0.0701837 -0.127277 -0.132382
FixedParameters: 0 0 0

#Transform 46
Transform: AffineTransform_float_3_3
Parameters: 1 5.16059e-05 -0.000164124 -5.23938e-05 0.999997 -0.00240199 0.000163875 0.00240201 0.999997 -0.0466424 -0.0654064 -0.126755
FixedParameters: 0 0 0

#Transform 47
Transform: AffineTransform_float_3_3
Parameters: 1 -3.93582e-05 -0.000163914 3.96415e-05 0.999997 -0.002185 0.000164087 0.00218499 0.999997 -0.0582496 -0.22509 -0.118108
FixedParameters: 0 0 0

#Transform 48
Transform: AffineTransform_float_3_3
Parameters: 1 -9.33424e-05 -0.000163805 9.26572e-05 0.999998 -0.00208901 0.000164194 0.00208898 0.999998 -0.0572767 -0.11649 -0.157394
FixedParameters: 0 0 0

#Transform 49
Transform: AffineTransform_float_3_3
Parameters: 1 -3.9313e-05 -0.000163925 3.96869e-05 0.999998 -0.00190901 0.000164076 0.00190899 0.999998 -0.0656309 -0.0590989 -0.113435
FixedParameters: 0 0 0

#Transform 50
Transform: AffineTransform_float_3_3
Parameters: 1 -3.95899e-05 -0.000375938 3.941e-05 0.999999 -0.00156901 0.000376062 0.00156898 0.999998 -0.0665754 -0.196541 -0.106325
FixedParameters: 0 0 0

#Transform 51
Transform: AffineTransform_float_3_3
Parameters: 1 -3.98939e-05 -0.000469925 3.9106e-05 0.999998 -0.00190202 0.000470075 0.00190198 0.999998 -0.0741908 -0.105418 -0.14971
FixedParameters: 0 0 0

#Transform 52
Transform: AffineTransform_float_3_3
Parameters: 1 -3.96884e-05 -0.000442939 3.93115e-05 0.999999 -0.00155402 0.000443061 0.00155398 0.999998 -0.0774229 -0.126121 -0.122308
FixedParameters: 0 0 0

#Transform 53
Transform: AffineTransform_float_3_3
Parameters: 1 8.6269e-05 -0.000467135 -8.67307e-05 0.999999 -0.00156496 0.000466865 0.00156504 0.999998 -0.0771323 -0.126821 -0.153175
FixedParameters: 0 0 0

#Transform 54
Transform: AffineTransform_float_3_3
Parameters: 1 0.000233646 -0.000639496 -0.000235355 0.999997 -0.00211885 0.000639502 0.00211815 0.999997 -0.0728198 -0.121106 -0.150607
FixedParameters: 0 0 0

#Transform 55
Transform: AffineTransform_float_3_3
Parameters: 0.999999 0.000143019 -0.000771182 -0.000143981 0.999999 -0.00127189 0.000770817 0.00127211 0.999999 -0.0824347 -0.159766 -0.150537
FixedParameters: 0 0 0

#Transform 56
Transform: AffineTransform_float_3_3
Parameters: 0.999999 0.000458343 -0.00073903 -0.000459656 0.999998 -0.00224266 0.000737971 0.00224334 0.999997 -0.112576 -0.0587519 -0.212391
FixedParameters: 0 0 0

#Transform 57
Transform: AffineTransform_float_3_3
Parameters: 0.999999 0.000312389 -0.000958526 -0.00031361 0.999998 -0.0016817 0.000957474 0.0016813 0.999998 -0.100787 -0.164404 -0.126956
FixedParameters: 0 0 0

#Transform 58
Transform: AffineTransform_float_3_3
Parameters: 1 0.000222864 -0.000641396 -0.000224138 0.999998 -0.00177286 0.000641604 0.00177214 0.999998 -0.0939098 -0.169995 -0.137405
FixedParameters: 0 0 0

#Transform 59
Transform: AffineTransform_float_3_3
Parameters: 1 -0.000137266 -0.000558691 0.000135736 0.999998 -0.00226508 0.000558309 0.00226593 0.999998 -0.0768819 -0.128629 -0.113551
FixedParameters: 0 0 0

#Transform 60
Transform: AffineTransform_float_3_3
Parameters: 1 -3.01186e-05 -0.000605945 2.88813e-05 0.999999 -0.00184602 0.000606054 0.00184598 0.999998 -0.0699168 -0.142211 -0.112652
FixedParameters: 0 0 0

#Transform 61
Transform: AffineTransform_float_3_3
Parameters: 0.999999 3.90647e-05 -0.00086209 -4.09351e-05 0.999998 -0.00224497 0.00086191 0.00224504 0.999997 -0.0865554 -0.0950447 -0.142794
FixedParameters: 0 0 0

#Transform 62
Transform: AffineTransform_float_3_3
Parameters: 1 1.31527e-05 -0.000456025 -1.38472e-05 0.999999 -0.00185799 0.000455975 0.00185801 0.999998 -0.0504773 -0.202303 -0.157718
FixedParameters: 0 0 0

#Transform 63
Transform: AffineTransform_float_3_3
Parameters: 1 0.00022552 -0.000592565 -0.000226481 0.999997 -0.00249887 0.000592436 0.00249913 0.999996 -0.0386043 -0.228517 -0.237678
FixedParameters: 0 0 0

#Transform 64
Transform: AffineTransform_float_3_3
Parameters: 1 0.000126322 -0.00105532 -0.000128677 0.999997 -0.00253787 0.00105468 0.00253813 0.999996 -0.0562607 -0.0503933 -0.23183
FixedParameters: 0 0 0

#Transform 65
Transform: AffineTransform_float_3_3
Parameters: 1 0.000224105 -0.00111858 -0.000226894 0.999996 -0.00258875 0.00111742 0.00258925 0.999996 -0.0737364 -0.0773816 -0.237112
FixedParameters: 0 0 0

#Transform 66
Transform: AffineTransform_float_3_3
Parameters: 0.999999 0.000224737 -0.00103749 -0.000227261 0.999997 -0.00218076 0.00103651 0.00218123 0.999997 -0.0826573 -0.16993 -0.24118
FixedParameters: 0 0 0

#Transform 67
Transform: AffineTransform_float_3_3
Parameters: 1 0.000305001 -0.000937981 -0.000307999 0.999995 -0.00319871 0.00093702 0.00319929 0.999995 -0.098733 -0.0223267 -0.295658
FixedParameters: 0 0 0

#Transform 68
Transform: AffineTransform_float_3_3
Parameters: 1 4.43159e-05 -0.00111815 -4.86835e-05 0.999994 -0.00329495 0.00111785 0.00329505 0.999994 -0.0652727 -0.137853 -0.2795
FixedParameters: 0 0 0

#Transform 69
Transform: AffineTransform_float_3_3
Parameters: 1 7.37124e-05 -0.00111815 -7.62872e-05 0.999998 -0.00204592 0.00111785 0.00204608 0.999998 -0.0765656 -0.095298 -0.245694
FixedParameters: 0 0 0

#Transform 70
Transform: AffineTransform_float_3_3
Parameters: 1 0.000215936 -0.0011186 -0.000219064 0.999996 -0.00274076 0.0011174 0.00274024 0.999995 -0.0837712 -0.0626576 -0.234911
FixedParameters: 0 0 0

#Transform 71
Transform: AffineTransform_float_3_3
Parameters: 1 -6.65545e-05 -0.00111785 6.44452e-05 0.999998 -0.00228507 0.00111815 0.00228493 0.999997 -0.078796 -0.110911 -0.261736
FixedParameters: 0 0 0

#Transform 72
Transform: AffineTransform_float_3_3
Parameters: 1 2.031e-05 -0.00111805 -2.36898e-05 0.999997 -0.00240598 0.00111795 0.00240603 0.999997 -0.0990658 -0.0513173 -0.240782
FixedParameters: 0 0 0

#Transform 73
Transform: AffineTransform_float_3_3
Parameters: 0.999999 0.000314788 -0.0014477 -0.000318212 0.999998 -0.00221854 0.0014473 0.00221946 0.999997 -0.107357 -0.0923294 -0.241089
FixedParameters: 0 0 0

#Transform 74
Transform: AffineTransform_float_3_3
Parameters: 0.999999 0.00058587 -0.00111964 -0.000589127 0.999996 -0.00279634 0.00111736 0.00279766 0.999995 -0.150169 0.07354 -0.253318
FixedParameters: 0 0 0

#Transform 75
Transform: AffineTransform_float_3_3
Parameters: 1 0.000315618 -0.00111868 -0.00031838 0.999997 -0.00212964 0.00111732 0.00213035 0.999997 -0.138516 -0.16021 -0.240315
FixedParameters: 0 0 0

#Transform 76
Transform: AffineTransform_float_3_3
Parameters: 1 0.000314813 -0.0011189 -0.000318187 0.999996 -0.00284865 0.0011181 0.00284935 0.999996 -0.143399 -0.0835736 -0.281619
FixedParameters: 0 0 0

#Transform 77
Transform: AffineTransform_float_3_3
Parameters: 1 0.000315215 -0.00111879 -0.000317786 0.999997 -0.00249065 0.00111821 0.00249035 0.999997 -0.124354 -0.0694762 -0.231984
FixedParameters: 0 0 0

#Transform 78
Transform: AffineTransform_float_3_3
Parameters: 1 0.000204729 -0.00111842 -0.000207271 0.999998 -0.00203177 0.00111758 0.00203123 0.999998 -0.112876 -0.104364 -0.258369
FixedParameters: 0 0 0

#Transform 79
Transform: AffineTransform_float_3_3
Parameters: 1 0.000314108 -0.0011191 -0.000317891 0.999994 -0.00347865 0.0011179 0.00347935 0.999994 -0.131147 -0.0200834 -0.283795
FixedParameters: 0 0 0

#Transform 80
Transform: AffineTransform_float_3_3
Parameters: 1 0.000315124 -0.00111881 -0.000317877 0.999996 -0.00257165 0.00111819 0.00257135 0.999996 -0.136325 -0.0909952 -0.220146
FixedParameters: 0 0 0

#Transform 81
Transform: AffineTransform_float_3_3
Parameters: 1 0.0003147 -0.00111893 -0.000318299 0.999995 -0.00294964 0.00111807 0.00295035 0.999995 -0.156623 -0.130508 -0.272148
FixedParameters: 0 0 0

#Transform 82
Transform: AffineTransform_float_3_3
Parameters: 1 0.000315 -0.00111885 -0.000318001 0.999997 -0.00268265 0.00111815 0.00268235 0.999996 -0.133888 0.012546 -0.25867
FixedParameters: 0 0 0

#Transform 83
Transform: AffineTransform_float_3_3
Parameters: 1 0.00031481 -0.0011189 -0.00031819 0.999996 -0.00285165 0.0011181 0.00285235 0.999996 -0.123785 -0.0251004 -0.24791
FixedParameters: 0 0 0

#Transform 84
Transform: AffineTransform_float_3_3
Parameters: 1 0.000368053 -0.00111897 -0.000370948 0.999997 -0.00263559 0.00111803 0.00263541 0.999996 -0.141074 -0.123349 -0.267459
FixedParameters: 0 0 0

#Transform 85
Transform: AffineTransform_float_3_3
Parameters: 0.999999 0.000396437 -0.00126512 -0.000399563 0.999996 -0.0028175 0.00126388 0.0028175 0.999995 -0.143907 -0.0229049 -0.286797
FixedParameters: 0 0 0

#Transform 86
Transform: AffineTransform_float_3_3
Parameters: 0.999999 0.000498021 -0.00111933 -0.000500979 0.999997 -0.00266344 0.00111767 0.00266356 0.999996 -0.15683 -0.106401 -0.289409
FixedParameters: 0 0 0

#Transform 87
Transform: AffineTransform_float_3_3
Parameters: 1 0.000435172 -0.0011191 -0.000437828 0.999996 -0.00252851 0.0011179 0.00252849 0.999996 -0.139995 -0.00740682 -0.282793
FixedParameters: 0 0 0

#Transform 88
Transform: AffineTransform_float_3_3
Parameters: 1 0.000264306 -0.00111888 -0.000268696 0.999995 -0.0033037 0.00111812 0.0033033 0.999994 -0.127792 -0.0504578 -0.30634
FixedParameters: 0 0 0

#Transform 89
Transform: AffineTransform_float_3_3
Parameters: 0.999999 7.56987e-05 -0.000797221 -7.73006e-05 0.999996 -0.00288694 0.00079678 0.00288706 0.999995 -0.13157 -0.0174303 -0.274166
FixedParameters: 0 0 0

#Transform 90
Transform: AffineTransform_float_3_3
Parameters: 0.999999 0.000224696 -0.000857607 -0.000227305 0.999997 -0.00268681 0.000857392 0.00268719 0.999996 -0.159974 -0.142148 -0.287891
FixedParameters: 0 0 0

#Transform 91
Transform: AffineTransform_float_3_3
Parameters: 0.999999 7.76946e-05 -0.000956273 -8.03078e-05 0.999994 -0.00345692 0.000956727 0.00345707 0.999993 -0.132571 -0.0505608 -0.317652
FixedParameters: 0 0 0

#Transform 92
Transform: AffineTransform_float_3_3
Parameters: 0.999999 7.78241e-05 -0.000955264 -8.01782e-05 0.999995 -0.00332493 0.000955738 0.00332508 0.999994 -0.139535 0.0273116 -0.339371
FixedParameters: 0 0 0

#Transform 93
Transform: AffineTransform_float_3_3
Parameters: 0.999999 7.81181e-05 -0.00102822 -8.08811e-05 0.999996 -0.00280292 0.00102778 0.00280308 0.999995 -0.130577 -0.119468 -0.29314
FixedParameters: 0 0 0

#Transform 94
Transform: AffineTransform_float_3_3
Parameters: 0.999999 7.77988e-05 -0.000956265 -8.02002e-05 0.999995 -0.00334793 0.000955736 0.00334808 0.999994 -0.115521 -0.0106322 -0.255533
FixedParameters: 0 0 0

#Transform 95
Transform: AffineTransform_float_3_3
Parameters: 0.999999 0.000366064 -0.000917177 -0.000368935 0.999995 -0.00320266 0.000915823 0.00320334 0.999995 -0.151848 -0.0625996 -0.242919
FixedParameters: 0 0 0

#Transform 96
Transform: AffineTransform_float_3_3
Parameters: 0.999999 0.000366025 -0.00149698 -0.000369976 0.999997 -0.00265645 0.00149602 0.00265655 0.999996 -0.184684 -0.151906 -0.273483
FixedParameters: 0 0 0

#Transform 97
Transform: AffineTransform_float_3_3
Parameters: 0.999999 0.000366025 -0.00149698 -0.000369976 0.999997 -0.00265645 0.00149602 0.00265655 0.999996 -0.164984 -0.0539783 -0.292917
FixedParameters: 0 0 0

#Transform 98
Transform: AffineTransform_float_3_3
Parameters: 0.999999 0.000264683 -0.00149677 -0.000268319 0.999996 -0.0028856 0.00149623 0.0028854 0.999994 -0.160165 -0.113206 -0.294092
FixedParameters: 0 0 0

#Transform 99
Transform: AffineTransform_float_3_3
Parameters: 1 0.00024009 -0.00109564 -0.000242911 0.999996 -0.00265673 0.00109536 0.00265726 0.999996 -0.150192 -0.096428 -0.320588
FixedParameters: 0 0 0

#Transform 100
Transform: AffineTransform_float_3_3
Parameters: 0.999999 0.000365703 -0.00138914 -0.000370299 0.999995 -0.00309349 0.00138886 0.00309451 0.999994 -0.166938 -0.112223 -0.358248
FixedParameters: 0 0 0

#Transform 101
Transform: AffineTransform_float_3_3
Parameters: 0.999999 0.000211744 -0.00149661 -0.000215256 0.999996 -0.00284368 0.00149639 0.00284432 0.999995 -0.161202 -0.132074 -0.376352
FixedParameters: 0 0 0

#Transform 102
Transform: AffineTransform_float_3_3
Parameters: 0.999999 0.000366791 -0.00124695 -0.000370208 0.999996 -0.00257354 0.00124605 0.00257446 0.999996 -0.180444 -0.14953 -0.346518
FixedParameters: 0 0 0

#Transform 103
Transform: AffineTransform_float_3_3
Parameters: 0.999998 0.00036512 -0.00157214 -0.000369879 0.999995 -0.00310442 0.00157086 0.00310558 0.999994 -0.185803 -0.0981604 -0.364745
FixedParameters: 0 0 0

#Transform 104
Transform: AffineTransform_float_3_3
Parameters: 0.999999 0.000418473 -0.00149756 -0.000423529 0.999993 -0.00369237 0.00149645 0.00369263 0.999992 -0.169299 -0.0648059 -0.416952
FixedParameters: 0 0 0

#Transform 105
Transform: AffineTransform_float_3_3
Parameters: 0.999998 0.000364939 -0.0016891 -0.00037006 0.999996 -0.00299638 0.0016879 0.00299762 0.999994 -0.169539 -0.177746 -0.387771
FixedParameters: 0 0 0

#Transform 106
Transform: AffineTransform_float_3_3
Parameters: 0.999999 8.99138e-05 -0.00180131 -9.6085e-05 0.999995 -0.00337883 0.00180069 0.00337917 0.999992 -0.16648 -0.137694 -0.384915
FixedParameters: 0 0 0

#Transform 107
Transform: AffineTransform_float_3_3
Parameters: 0.999997 0.000388936 -0.0023725 -0.000398062 0.999992 -0.00382106 0.0023705 0.00382193 0.99999 -0.215967 -0.0723275 -0.400718
FixedParameters: 0 0 0

#Transform 108
Transform: AffineTransform_float_3_3
Parameters: 0.999997 0.000306017 -0.00237191 -0.00031298 0.999995 -0.00294426 0.00237009 0.00294473 0.999993 -0.196559 -0.179684 -0.369222
FixedParameters: 0 0 0

#Transform 109
Transform: AffineTransform_float_3_3
Parameters: 0.999997 0.000218963 -0.00237176 -0.000226036 0.999994 -0.00338948 0.00237025 0.00338953 0.999992 -0.194882 -0.122679 -0.371251
FixedParameters: 0 0 0

#Transform 110
Transform: AffineTransform_float_3_3
Parameters: 0.999997 0.000369507 -0.00209633 -0.00037649 0.999993 -0.00357422 0.00209467 0.00357578 0.999992 -0.176702 -0.0443686 -0.368175
FixedParameters: 0 0 0

#Transform 111
Transform: AffineTransform_float_3_3
Parameters: 0.999999 0.000142701 -0.00177852 -0.0001493 0.999993 -0.00354174 0.00177848 0.00354226 0.999992 -0.149236 -0.139322 -0.356168
FixedParameters: 0 0 0

#Transform 112
Transform: AffineTransform_float_3_3
Parameters: 0.999997 0.000366907 -0.00237258 -0.000377091 0.999991 -0.00425512 0.00237042 0.00425588 0.999988 -0.166609 -0.086281 -0.385517
FixedParameters: 0 0 0

#Transform 113
Transform: AffineTransform_float_3_3
Parameters: 0.999998 0.000251128 -0.00194017 -0.000259873 0.99999 -0.00457451 0.00193883 0.0045745 0.999987 -0.163743 -0.15129 -0.361092
FixedParameters: 0 0 0

#Transform 114
Transform: AffineTransform_float_3_3
Parameters: 0.999997 0.000369092 -0.00212439 -0.000376906 0.999993 -0.00372321 0.00212261 0.00372379 0.999991 -0.16627 -0.172841 -0.360219
FixedParameters: 0 0 0

#Transform 115
Transform: AffineTransform_float_3_3
Parameters: 0.999998 -3.6044e-05 -0.00175787 2.89553e-05 0.999992 -0.00400706 0.00175813 0.00400694 0.999991 -0.127786 -0.0680792 -0.367268
FixedParameters: 0 0 0

#Transform 116
Transform: AffineTransform_float_3_3
Parameters: 0.999999 -2.72404e-05 -0.00175092 2.17592e-05 0.999993 -0.00356404 0.00175109 0.00356396 0.999992 -0.1209 -0.0944135 -0.334381
FixedParameters: 0 0 0

#Transform 117
Transform: AffineTransform_float_3_3
Parameters: 0.999998 2.54239e-05 -0.00172209 -3.15756e-05 0.999995 -0.00323795 0.00172191 0.00323805 0.999994 -0.126769 -0.180613 -0.354559
FixedParameters: 0 0 0

#Transform 118
Transform: AffineTransform_float_3_3
Parameters: 0.999999 0.000121511 -0.00185844 -0.000127493 0.999994 -0.00349277 0.00185857 0.00349223 0.999992 -0.13969 -0.0755476 -0.362104
FixedParameters: 0 0 0

#Transform 119
Transform: AffineTransform_float_3_3
Parameters: 0.999997 0.000369721 -0.00217125 -0.000377282 0.999995 -0.00335319 0.00217075 0.00335381 0.999992 -0.14014 -0.138287 -0.370163
FixedParameters: 0 0 0

#Transform 120
Transform: AffineTransform_float_3_3
Parameters: 0.999997 0.000370181 -0.00214319 -0.000376821 0.999995 -0.0031822 0.00214281 0.0031828 0.999992 -0.162457 -0.109554 -0.382957
FixedParameters: 0 0 0

#Transform 121
Transform: AffineTransform_float_3_3
Parameters: 0.999996 0.00041408 -0.00251565 -0.000423921 0.999992 -0.00394395 0.00251435 0.00394505 0.999989 -0.19857 -0.0652584 -0.416975
FixedParameters: 0 0 0

#Transform 122
Transform: AffineTransform_float_3_3
Parameters: 0.999996 0.000512024 -0.00251564 -0.000519976 0.999995 -0.0031707 0.00251436 0.0031723 0.999992 -0.200556 -0.15129 -0.36359
FixedParameters: 0 0 0

#Transform 123
Transform: AffineTransform_float_3_3
Parameters: 0.999997 0.000511905 -0.00216892 -0.000519094 0.999993 -0.00373288 0.00216708 0.00373412 0.99999 -0.208082 -0.13658 -0.399866
FixedParameters: 0 0 0

#Transform 124
Transform: AffineTransform_float_3_3
Parameters: 0.999997 0.000844775 -0.0022425 -0.000854228 0.999991 -0.0041161 0.0022395 0.0041179 0.999989 -0.218868 -0.000515401 -0.389882
FixedParameters: 0 0 0

#Transform 125
Transform: AffineTransform_float_3_3
Parameters: 0.999997 0.000511658 -0.00237381 -0.000519342 0.999993 -0.00351478 0.00237219 0.00351622 0.999991 -0.216501 -0.156176 -0.371073
FixedParameters: 0 0 0

#Transform 126
Transform: AffineTransform_float_3_3
Parameters: 0.999996 0.000510641 -0.00250692 -0.000519361 0.999993 -0.00373471 0.00250508 0.00373529 0.99999 -0.209327 -0.12658 -0.420856
FixedParameters: 0 0 0

#Transform 127
Transform: AffineTransform_float_3_3
Parameters: 0.999997 0.000511224 -0.00245684 -0.000519779 0.999994 -0.00357373 0.00245516 0.00357427 0.99999 -0.211084 -0.101881 -0.401906
FixedParameters: 0 0 0

#Transform 128
Transform: AffineTransform_float_3_3
Parameters: 0.999996 0.000511195 -0.00250881 -0.000519803 0.999993 -0.00351071 0.00250619 0.00351129 0.99999 -0.201761 -0.10067 -0.4321
FixedParameters: 0 0 0

#Transform 129
Transform: AffineTransform_float_3_3
Parameters: 0.999997 0.000511799 -0.00248171 -0.000519204 0.999995 -0.00330572 0.0024803 0.00330628 0.999992 -0.201388 -0.105436 -0.387923
FixedParameters: 0 0 0

#Transform 130
Transform: AffineTransform_float_3_3
Parameters: 0.999996 0.00067473 -0.00250306 -0.000686267 0.999989 -0.00450329 0.00249993 0.0045057 0.999986 -0.223143 -0.123946 -0.445558
FixedParameters: 0 0 0

#Transform 131
Transform: AffineTransform_float_3_3
Parameters: 0.999997 0.000830406 -0.00240598 -0.000839594 0.999994 -0.00357299 0.00240301 0.00357501 0.99999 -0.224377 -0.0641692 -0.37337
FixedParameters: 0 0 0

#Transform 132
Transform: AffineTransform_float_3_3
Parameters: 0.999997 0.00105474 -0.00249251 -0.00106326 0.999994 -0.00331536 0.00248949 0.00331864 0.999991 -0.246489 -0.0781336 -0.380492
FixedParameters: 0 0 0

#Transform 133
Transform: AffineTransform_float_3_3
Parameters: 0.999996 0.000875436 -0.00262954 -0.000885565 0.999991 -0.00401869 0.00262646 0.00402131 0.999989 -0.240894 -0.0904492 -0.415464
FixedParameters: 0 0 0

#Transform 134
Transform: AffineTransform_float_3_3
Parameters: 0.999997 0.00101682 -0.00246423 -0.00102718 0.999991 -0.00413348 0.00245978 0.00413552 0.999989 -0.237147 -0.0725938 -0.402839
FixedParameters: 0 0 0

#Transform 135
Transform: AffineTransform_float_3_3
Parameters: 0.999996 0.000789957 -0.00269097 -0.000800042 0.999992 -0.00373286 0.00268803 0.00373514 0.99999 -0.234982 -0.182176 -0.386835
FixedParameters: 0 0 0

#Transform 136
Transform: AffineTransform_float_3_3
Parameters: 0.999996 0.000894859 -0.00268208 -0.00090714 0.99999 -0.00452859 0.00267792 0.00453142 0.999986 -0.223831 -0.0913994 -0.449488
FixedParameters: 0 0 0

#Transform 137
Transform: AffineTransform_float_3_3
Parameters: 0.999996 0.00077956 -0.00247032 -0.000790442 0.99999 -0.00422806 0.00246768 0.00422994 0.999988 -0.209568 -0.0460774 -0.455858
FixedParameters: 0 0 0

#Transform 138
Transform: AffineTransform_float_3_3
Parameters: 0.999996 0.000733472 -0.00246655 -0.000742529 0.999993 -0.00345818 0.00246445 0.00345982 0.999991 -0.213509 -0.168858 -0.402376
FixedParameters: 0 0 0

#Transform 139
Transform: AffineTransform_float_3_3
Parameters: 0.999996 0.000829388 -0.00273724 -0.00083961 0.999992 -0.00387772 0.00273376 0.00388028 0.999988 -0.247053 -0.141796 -0.415314
FixedParameters: 0 0 0

#Transform 140
Transform: AffineTransform_float_3_3
Parameters: 0.999996 0.00100962 -0.00290269 -0.00102338 0.999989 -0.00461305 0.00289731 0.00461595 0.999985 -0.286277 -0.0659626 -0.462255
FixedParameters: 0 0 0

#Transform 141
Transform: AffineTransform_float_3_3
Parameters: 0.999996 0.00106284 -0.00282822 -0.00107416 0.999991 -0.00394898 0.00282378 0.00395202 0.999988 -0.279277 -0.159291 -0.408759
FixedParameters: 0 0 0

#Transform 142
Transform: AffineTransform_float_3_3
Parameters: 0.999995 0.000999908 -0.00296411 -0.00101209 0.999991 -0.00408102 0.00295989 0.00408398 0.999988 -0.277746 -0.205745 -0.42638
FixedParameters: 0 0 0

#Transform 143
Transform: AffineTransform_float_3_3
Parameters: 0.999994 0.000990703 -0.00317481 -0.0010063 0.999988 -0.00481983 0.00317018 0.00482317 0.999984 -0.2982 -0.131867 -0.48301
FixedParameters: 0 0 0

#Transform 144
Transform: AffineTransform_float_3_3
Parameters: 0.999994 0.00121384 -0.00317506 -0.00122716 0.99999 -0.00414413 0.00317094 0.00414887 0.999987 -0.289002 -0.137127 -0.438282
FixedParameters: 0 0 0

#Transform 145
Transform: AffineTransform_float_3_3
Parameters: 0.999995 0.00101796 -0.00317389 -0.00103004 0.999993 -0.00379275 0.00317011 0.00379625 0.999988 -0.287352 -0.207008 -0.432514
FixedParameters: 0 0 0

#Transform 146
Transform: AffineTransform_float_3_3
Parameters: 0.999995 0.00117216 -0.00295053 -0.00118684 0.999989 -0.00469352 0.00294546 0.00469748 0.999984 -0.278992 -0.136223 -0.490567
FixedParameters: 0 0 0

#Transform 147
Transform: AffineTransform_float_3_3
Parameters: 0.999995 0.00125314 -0.00263415 -0.00126586 0.999988 -0.00488469 0.00262884 0.00488831 0.999984 -0.300519 -0.109094 -0.507129
FixedParameters: 0 0 0

#Transform 148
Transform: AffineTransform_float_3_3
Parameters: 0.999996 0.00132184 -0.00271996 -0.00133216 0.999992 -0.0037374 0.00271504 0.00374061 0.99999 -0.296979 -0.218919 -0.443355
FixedParameters: 0 0 0

#Transform 149
Transform: AffineTransform_float_3_3
Parameters: 0.999995 0.000957828 -0.00302221 -0.000971172 0.99999 -0.00436009 0.00301779 0.00436291 0.999986 -0.280656 -0.182709 -0.463373
FixedParameters: 0 0 0

#Transform 150
Transform: AffineTransform_float_3_3
Parameters: 0.999996 0.00106191 -0.00281721 -0.00107309 0.999991 -0.00393699 0.0028128 0.00394 0.999989 -0.275111 -0.139809 -0.457199
FixedParameters: 0 0 0

#Transform 151
Transform: AffineTransform_float_3_3
Parameters: 0.999995 0.000914969 -0.0028206 -0.00092603 0.999992 -0.00391141 0.0028174 0.0039146 0.999989 -0.264749 -0.185125 -0.470545
FixedParameters: 0 0 0

#Transform 152
Transform: AffineTransform_float_3_3
Parameters: 0.999996 0.00112702 -0.00285656 -0.00114098 0.999988 -0.00489777 0.00285044 0.00490124 0.999984 -0.293813 -0.141896 -0.539708
FixedParameters: 0 0 0

#Transform 153
Transform: AffineTransform_float_3_3
Parameters: 0.999995 0.00132083 -0.00266855 -0.00133217 0.999991 -0.00418746 0.00266244 0.00419054 0.999987 -0.277557 -0.160285 -0.473885
FixedParameters: 0 0 0

#Transform 154
Transform: AffineTransform_float_3_3
Parameters: 0.999996 0.00119707 -0.00256566 -0.00120693 0.999992 -0.00387092 0.00256135 0.00387408 0.999989 -0.281076 -0.185594 -0.473198
FixedParameters: 0 0 0

#Transform 155
Transform: AffineTransform_float_3_3
Parameters: 0.999995 0.00131859 -0.0028233 -0.0013324 0.999988 -0.00475126 0.0028167 0.00475574 0.999984 -0.297896 -0.094563 -0.515754
FixedParameters: 0 0 0

#Transform 156
Transform: AffineTransform_float_3_3
Parameters: 0.999996 0.000959005 -0.0024086 -0.000967991 0.999992 -0.00373568 0.0024044 0.00373832 0.99999 -0.267064 -0.145044 -0.467931
FixedParameters: 0 0 0

#Transform 157
Transform: AffineTransform_float_3_3
Parameters: 0.999995 0.00110959 -0.0029603 -0.00112041 0.999992 -0.0038547 0.0029567 0.0038583 0.999988 -0.28316 -0.196974 -0.469798
FixedParameters: 0 0 0

#Transform 158
Transform: AffineTransform_float_3_3
Parameters: 0.999994 0.00103974 -0.00313676 -0.00105326 0.999989 -0.00454872 0.00313224 0.00455228 0.999984 -0.278957 -0.132105 -0.535016
FixedParameters: 0 0 0

#Transform 159
Transform: AffineTransform_float_3_3
Parameters: 0.999996 0.0010239 -0.00271283 -0.0010341 0.999992 -0.00372321 0.00270917 0.00372679 0.99999 -0.274185 -0.148357 -0.490649
FixedParameters: 0 0 0

#Transform 160
Transform: AffineTransform_float_3_3
Parameters: 0.999995 0.00131972 -0.0028557 -0.00133228 0.99999 -0.00430121 0.00285029 0.00430478 0.999986 -0.278246 -0.19228 -0.516166
FixedParameters: 0 0 0

#Transform 161
Transform: AffineTransform_float_3_3
Parameters: 0.999996 0.00132156 -0.00231998 -0.00133244 0.999989 -0.00450593 0.00231402 0.00450907 0.999987 -0.284919 -0.143126 -0.487261
FixedParameters: 0 0 0

#Transform 162
Transform: AffineTransform_float_3_3
Parameters: 0.999995 0.00131938 -0.00291973 -0.00133262 0.99999 -0.00432313 0.00291426 0.00432687 0.999987 -0.2947 -0.18328 -0.499776
FixedParameters: 0 0 0

#Transform 163
Transform: AffineTransform_float_3_3
Parameters: 0.999995 0.00125991 -0.00297358 -0.00127309 0.99999 -0.00440424 0.00296842 0.00440776 0.999986 -0.327766 -0.141341 -0.531223
FixedParameters: 0 0 0

#Transform 164
Transform: AffineTransform_float_3_3
Parameters: 0.999994 0.00132053 -0.00297312 -0.00133247 0.999991 -0.00385906 0.00296888 0.00386294 0.999988 -0.317883 -0.20242 -0.494208
FixedParameters: 0 0 0

#Transform 165
Transform: AffineTransform_float_3_3
Parameters: 0.999995 0.00111976 -0.00297302 -0.00113324 0.99999 -0.00445465 0.00296798 0.00445735 0.999985 -0.317307 -0.134486 -0.548671
FixedParameters: 0 0 0

#Transform 166
Transform: AffineTransform_float_3_3
Parameters: 0.999995 0.0011785 -0.00297259 -0.0011905 0.999992 -0.00387048 0.00296841 0.00387352 0.999988 -0.310953 -0.225478 -0.482631
FixedParameters: 0 0 0

#Transform 167
Transform: AffineTransform_float_3_3
Parameters: 0.999996 0.00101514 -0.00287023 -0.00102686 0.999991 -0.00413507 0.00286578 0.00413793 0.999988 -0.31165 -0.17554 -0.534586
FixedParameters: 0 0 0

#Transform 168
Transform: AffineTransform_float_3_3
Parameters: 0.999995 0.0013204 -0.00286537 -0.0013326 0.999991 -0.0040502 0.00285962 0.00405379 0.999987 -0.333383 -0.160193 -0.507216
FixedParameters: 0 0 0

#Transform 169
Transform: AffineTransform_float_3_3
Parameters: 0.999994 0.00131969 -0.00297349 -0.00133231 0.99999 -0.00414206 0.0029685 0.00414594 0.999987 -0.335136 -0.219368 -0.531511
FixedParameters: 0 0 0

#Transform 170
Transform: AffineTransform_float_3_3
Parameters: 0.999994 0.00131912 -0.00297375 -0.00133288 0.999989 -0.00433306 0.00296825 0.00433694 0.999986 -0.347135 -0.16031 -0.527512
FixedParameters: 0 0 0

#Transform 171
Transform: AffineTransform_float_3_3
Parameters: 0.999994 0.00131968 -0.0029735 -0.00133232 0.99999 -0.00414506 0.0029685 0.00414894 0.999987 -0.338761 -0.219093 -0.524429
FixedParameters: 0 0 0

#Transform 172
Transform: AffineTransform_float_3_3
Parameters: 0.999994 0.00131879 -0.00297389 -0.00133221 0.999989 -0.00444306 0.00296811 0.00444694 0.999985 -0.351984 -0.182466 -0.555489
FixedParameters: 0 0 0

#Transform 173
Transform: AffineTransform_float_3_3
Parameters: 0.999994 0.00131891 -0.00326631 -0.00133209 0.999991 -0.00400767 0.00326068 0.00401232 0.999986 -0.352187 -0.205215 -0.529131
FixedParameters: 0 0 0

#Transform 174
Transform: AffineTransform_float_3_3
Parameters: 0.999995 0.00132028 -0.00288539 -0.00133272 0.999991 -0.00406417 0.0028796 0.00406782 0.999987 -0.328746 -0.136431 -0.567246
FixedParameters: 0 0 0

#Transform 175
Transform: AffineTransform_float_3_3
Parameters: 0.999994 0.00131818 -0.00302406 -0.00133281 0.999988 -0.00457099 0.00301794 0.004575 0.999985 -0.33126 -0.161336 -0.542678
FixedParameters: 0 0 0

#Transform 176
Transform: AffineTransform_float_3_3
Parameters: 0.999995 0.00101446 -0.00298595 -0.00102554 0.999992 -0.00386696 0.00298206 0.00387004 0.999988 -0.334704 -0.246291 -0.51786
FixedParameters: 0 0 0

#Transform 177
Transform: AffineTransform_float_3_3
Parameters: 0.999995 0.000953107 -0.00299346 -0.000966891 0.999989 -0.00464313 0.00298854 0.00464587 0.999984 -0.327323 -0.167613 -0.568837
FixedParameters: 0 0 0

#Transform 178
Transform: AffineTransform_float_3_3
Parameters: 0.999996 0.000989544 -0.00286498 -0.00100146 0.999991 -0.00400015 0.00286102 0.00400285 0.999988 -0.329579 -0.213611 -0.521208
FixedParameters: 0 0 0

#Transform 179
Transform: AffineTransform_float_3_3
Parameters: 0.999995 0.00101612 -0.00305532 -0.00102888 0.99999 -0.00421788 0.00305069 0.00422112 0.999987 -0.33395 -0.194754 -0.532784
FixedParameters: 0 0 0

#Transform 180
Transform: AffineTransform_float_3_3
Parameters: 0.999994 0.00116189 -0.00304741 -0.0011761 0.999988 -0.00463144 0.00304158 0.00463456 0.999984 -0.348027 -0.136374 -0.573504
FixedParameters: 0 0 0

#Transform 181
Transform: AffineTransform_float_3_3
Parameters: 0.999995 0.00106788 -0.0031042 -0.00108011 0.999992 -0.00390367 0.00309981 0.00390733 0.999988 -0.334813 -0.248115 -0.51402
FixedParameters: 0 0 0

#Transform 182
Transform: AffineTransform_float_3_3
Parameters: 0.999995 0.000872435 -0.00308416 -0.000886564 0.999988 -0.00472429 0.00307984 0.00472671 0.999984 -0.324086 -0.16202 -0.57261
FixedParameters: 0 0 0

#Transform 183
Transform: AffineTransform_float_3_3
Parameters: 0.999995 0.000913569 -0.00294389 -0.000926432 0.99999 -0.00422429 0.00294011 0.0042267 0.999986 -0.321938 -0.19619 -0.520722
FixedParameters: 0 0 0

#Transform 184
Transform: AffineTransform_float_3_3
Parameters: 0.999997 0.000816912 -0.00232357 -0.00082709 0.99999 -0.00434409 0.00232043 0.00434591 0.999988 -0.300755 -0.183572 -0.569938
FixedParameters: 0 0 0

#Transform 185
Transform: AffineTransform_float_3_3
Parameters: 0.999997 0.00082279 -0.00257329 -0.000833212 0.999992 -0.00396887 0.00257071 0.00397113 0.999989 -0.288569 -0.163037 -0.520667
FixedParameters: 0 0 0

#Transform 186
Transform: AffineTransform_float_3_3
Parameters: 0.999997 0.000822912 -0.0023236 -0.00083309 0.99999 -0.00434408 0.0023204 0.00434592 0.999988 -0.293991 -0.212385 -0.547802
FixedParameters: 0 0 0

#Transform 187
Transform: AffineTransform_float_3_3
Parameters: 0.999997 0.000794188 -0.00257368 -0.000805814 0.999989 -0.00459194 0.00257033 0.00459406 0.999986 -0.292389 -0.110708 -0.543464
FixedParameters: 0 0 0

#Transform 188
Transform: AffineTransform_float_3_3
Parameters: 0.999996 0.000929429 -0.00239673 -0.00093857 0.999991 -0.00399476 0.00239327 0.00399724 0.999989 -0.263193 -0.229779 -0.517938
FixedParameters: 0 0 0

#Transform 189
Transform: AffineTransform_float_3_3
