# transform file /out/sourcedata/freesurfer/sub-v1s13x0050027_ses-1/mri/transforms/cc_up.lta
# created by oesteban on Sun Mar  8 17:00:37 2026

type      = 0 # LINEAR_VOX_TO_VOX
nxforms   = 1
mean      = 129.0000 120.0000 113.0000
sigma     = 10000.0000
1 4 4
9.935106635093689e-01 -1.036824434995651e-01 4.676191508769989e-02 7.580955982208252e+00 
1.035677865147591e-01 9.946104884147644e-01 4.874661099165678e-03 1.279005146026611e+01 
-4.701530933380127e-02 0.000000000000000e+00 9.988942146301270e-01 2.612673377990723e+01 
0.000000000000000e+00 0.000000000000000e+00 0.000000000000000e+00 1.000000000000000e+00 
src volume info
valid = 1  # volume info valid
filename = /out/sourcedata/freesurfer/sub-v1s13x0050027_ses-1/mri/norm.mgz
volume = 256 256 256
voxelsize = 1.000000000000000e+00 1.000000000000000e+00 1.000000000000000e+00
xras   = -9.999999403953552e-01 0.000000000000000e+00 0.000000000000000e+00
yras   = 0.000000000000000e+00 0.000000000000000e+00 -9.999999403953552e-01
zras   = 0.000000000000000e+00 9.999999403953552e-01 0.000000000000000e+00
cras   = 3.430580139160156e+00 -5.457702636718750e+00 -2.498310852050781e+01
dst volume info
valid = 1  # volume info valid
filename = /out/sourcedata/freesurfer/sub-v1s13x0050027_ses-1/mri/norm.mgz
volume = 256 256 256
voxelsize = 1.000000000000000e+00 1.000000000000000e+00 1.000000000000000e+00
xras   = -9.999999403953552e-01 0.000000000000000e+00 0.000000000000000e+00
yras   = 0.000000000000000e+00 0.000000000000000e+00 -9.999999403953552e-01
zras   = 0.000000000000000e+00 9.999999403953552e-01 0.000000000000000e+00
cras   = 3.430580139160156e+00 -5.457702636718750e+00 -2.498310852050781e+01
