#Insight Transform File V1.0
#Transform 0
Transform: AffineTransform_float_3_3
Parameters: 0.999996 -0.00244568 0.00105082 0.00245231 0.999978 -0.00605244 -0.00103517 0.00605555 0.999981 0.169737 0.0872365 0.0552577
FixedParameters: 0 0 0

#Transform 1
Transform: AffineTransform_float_3_3
Parameters: 0.999981 -0.00613722 -6.65874e-05 0.00613679 0.999977 -0.00283746 8.44153e-05 0.00283754 0.999996 0.407055 0.796909 1.16206
FixedParameters: 0 0 0

#Transform 2
Transform: AffineTransform_float_3_3
Parameters: 0.999974 -0.00720235 0.000757667 0.00720265 0.999974 0.000465469 -0.000761329 -0.000459528 0.999999 0.430581 1.04419 1.27624
FixedParameters: 0 0 0

#Transform 3
Transform: AffineTransform_float_3_3
Parameters: 0.999974 -0.00714335 -0.000135395 0.00714365 0.999972 -0.00246503 0.000152606 0.00246397 0.999997 0.499773 0.878684 0.42227
FixedParameters: 0 0 0

#Transform 4
Transform: AffineTransform_float_3_3
Parameters: 0.999963 -0.00857364 0.000467679 0.00857436 0.999963 -0.000777018 -0.000461321 0.000780984 0.999999 0.532633 1.11014 1.09701
FixedParameters: 0 0 0

#Transform 5
Transform: AffineTransform_float_3_3
Parameters: 0.999986 -0.00509921 -0.000940737 0.00509578 0.999982 -0.00338884 0.000958262 0.00338416 0.999994 0.357287 0.669124 0.355973
FixedParameters: 0 0 0

#Transform 6
Transform: AffineTransform_float_3_3
Parameters: 0.999999 -0.00137661 -0.000461277 0.00137339 0.999984 -0.00561564 0.00046872 0.00561536 0.999984 0.0754444 0.178316 0.125666
FixedParameters: 0 0 0

#Transform 7
Transform: AffineTransform_float_3_3
Parameters: 0.999999 0.000129281 -0.000789617 -0.000132716 0.999989 -0.00471189 0.000788383 0.0047121 0.999988 -0.0571812 0.0785601 -0.0146034
FixedParameters: 0 0 0

#Transform 8
Transform: AffineTransform_float_3_3
Parameters: 1 0.000994423 -0.000126621 -0.00099458 0.999988 -0.00464588 0.000122381 0.00464612 0.999989 -0.145792 -0.129497 0.0240292
FixedParameters: 0 0 0

#Transform 9
Transform: AffineTransform_float_3_3
Parameters: 0.999999 0.000813204 -0.000348224 -0.000815795 0.999986 -0.00518872 0.000343772 0.00518829 0.999987 -0.0933523 0.0595225 -0.211507
FixedParameters: 0 0 0

#Transform 10
Transform: AffineTransform_float_3_3
Parameters: 1 0.000320281 0.000319722 -0.000319718 0.999992 -0.0039991 -0.000321281 0.0039989 0.999992 -0.102722 -0.0543515 0.189033
FixedParameters: 0 0 0

#Transform 11
Transform: AffineTransform_float_3_3
Parameters: 1 0.000320901 0.000445637 -0.000319097 0.999991 -0.00425914 -0.000447363 0.00425986 0.999991 -0.0969423 0.150599 -0.0227733
FixedParameters: 0 0 0

#Transform 12
Transform: AffineTransform_float_3_3
Parameters: 0.999999 0.000104908 0.000902667 -0.000102094 0.999995 -0.00322109 -0.000902334 0.00322091 0.999995 -0.114799 -0.00210804 0.142368
FixedParameters: 0 0 0

#Transform 13
Transform: AffineTransform_float_3_3
Parameters: 0.999998 0.000184148 0.00168734 -0.000177853 0.999994 -0.00364331 -0.00168766 0.0036427 0.999992 -0.0746591 0.0901205 0.0548507
FixedParameters: 0 0 0

#Transform 14
Transform: AffineTransform_float_3_3
Parameters: 0.999995 -0.00291964 0.00121708 0.00291836 0.999995 0.00134456 -0.00122092 -0.00134044 0.999999 0.292655 0.224591 0.265337
FixedParameters: 0 0 0

#Transform 15
Transform: AffineTransform_float_3_3
Parameters: 0.999997 -0.00214866 0.00155772 0.00214734 0.999997 0.00106535 -0.00156029 -0.00106265 0.999998 0.180821 0.163946 0.236072
FixedParameters: 0 0 0

#Transform 16
Transform: AffineTransform_float_3_3
Parameters: 0.999997 -0.00200405 0.00143532 0.00200494 0.999998 -0.000657124 -0.00143468 0.000660877 0.999999 0.184104 0.178753 -0.161151
FixedParameters: 0 0 0

#Transform 17
Transform: AffineTransform_float_3_3
Parameters: 0.999998 -0.00227467 -0.00052976 0.00227634 0.999994 0.0025308 0.000524239 -0.0025322 0.999996 0.0854129 0.260134 0.590486
FixedParameters: 0 0 0

#Transform 18
Transform: AffineTransform_float_3_3
Parameters: 0.999999 0.000482205 0.000576828 -0.000482795 1 -0.000355278 -0.000576171 0.000354722 1 -0.215933 0.0266423 0.120597
FixedParameters: 0 0 0

#Transform 19
Transform: AffineTransform_float_3_3
Parameters: 1 -7.43601e-05 0.00103705 7.56398e-05 1 -0.000616922 -0.00103695 0.000617077 1 -0.0302058 -0.00412628 0.283254
FixedParameters: 0 0 0

#Transform 20
Transform: AffineTransform_float_3_3
Parameters: 1 6.80182e-05 -4.39718e-05 -6.79817e-05 1 0.000415003 4.40282e-05 -0.000414997 1 -0.00711651 -0.0170841 0.129841
FixedParameters: 0 0 0

#Transform 21
Transform: AffineTransform_float_3_3
Parameters: 0.999997 0.000151833 0.00222543 -0.000158169 0.999996 0.00277165 -0.00222557 -0.00277134 0.999993 -0.126395 0.462627 0.9929
FixedParameters: 0 0 0

#Transform 22
Transform: AffineTransform_float_3_3
Parameters: 0.999996 -0.00297126 0.000591693 0.00297074 0.999996 0.00044076 -0.000593308 -0.000439239 0.999999 0.204111 0.670272 0.442649
FixedParameters: 0 0 0

#Transform 23
Transform: AffineTransform_float_3_3
Parameters: 0.999999 -0.00135105 0.000284748 0.00135195 0.999999 0.000186385 -0.000285253 -0.000186615 1 -0.00568488 0.253581 0.257906
FixedParameters: 0 0 0

#Transform 24
Transform: AffineTransform_float_3_3
Parameters: 0.999999 -0.000521029 0.000728694 0.00052197 0.999999 -0.00133162 -0.000728305 0.00133238 0.999999 0.0372749 0.0978141 -0.171648
FixedParameters: 0 0 0

#Transform 25
Transform: AffineTransform_float_3_3
Parameters: 0.999997 -0.00167056 0.00134655 0.00167144 0.999999 -0.00032875 -0.00134545 0.000330249 0.999999 0.22572 0.117768 0.148634
FixedParameters: 0 0 0

#Transform 26
Transform: AffineTransform_float_3_3
Parameters: 0.999998 -0.00190319 0.00128416 0.00190781 0.999991 -0.00375556 -0.00127684 0.00375844 0.999992 0.199498 0.118457 -0.259308
FixedParameters: 0 0 0

#Transform 27
Transform: AffineTransform_float_3_3
Parameters: 0.999988 -0.00474031 0.00157806 0.00474069 0.999988 -0.000431524 -0.00157593 0.000439476 0.999998 0.282488 0.569195 0.79503
FixedParameters: 0 0 0

#Transform 28
Transform: AffineTransform_float_3_3
Parameters: 0.99998 -0.00633624 -0.000285729 0.00633576 0.999979 -0.000832826 0.000291272 0.00083117 0.999999 0.485006 0.744203 0.242306
FixedParameters: 0 0 0

#Transform 29
Transform: AffineTransform_float_3_3
Parameters: 0.999972 -0.00742889 0.00079907 0.00742912 0.999973 -0.000141068 -0.00079793 0.000146932 0.999999 0.466906 0.952616 0.756782
FixedParameters: 0 0 0

#Transform 30
Transform: AffineTransform_float_3_3
Parameters: 0.999972 -0.00756521 0.000331572 0.0075658 0.999969 -0.00245356 -0.000312425 0.00245643 0.999997 0.482584 1.17506 0.685676
FixedParameters: 0 0 0

#Transform 31
Transform: AffineTransform_float_3_3
Parameters: 0.999962 -0.00864054 -0.000170364 0.00864146 0.999959 0.00293464 0.000144631 -0.00293636 0.999995 0.505681 1.20502 1.31815
FixedParameters: 0 0 0

#Transform 32
Transform: AffineTransform_float_3_3
Parameters: 0.999971 -0.00761253 -0.00055576 0.00761146 0.99997 -0.000953258 0.000563238 0.00094874 1 0.517468 0.955084 0.336632
FixedParameters: 0 0 0

#Transform 33
Transform: AffineTransform_float_3_3
Parameters: 0.999979 -0.00646789 -0.000458624 0.00646711 0.999978 -0.00191501 0.000470376 0.001912 0.999998 0.436077 0.698865 0.297968
FixedParameters: 0 0 0

#Transform 34
Transform: AffineTransform_float_3_3
Parameters: 0.999996 -0.00278566 -0.000317216 0.00278534 0.999994 -0.00207689 0.000322785 0.00207611 0.999998 0.138024 0.343965 -0.345063
FixedParameters: 0 0 0

#Transform 35
Transform: AffineTransform_float_3_3
Parameters: 0.999998 -0.00105527 -0.00122663 0.00104873 0.999987 -0.0051013 0.00123236 0.00509971 0.999986 0.0684697 -0.0748955 -0.240904
FixedParameters: 0 0 0

#Transform 36
Transform: AffineTransform_float_3_3
Parameters: 0.999999 -0.000249809 -0.000679612 0.000246189 0.999985 -0.00559817 0.000681389 0.00559883 0.999984 -0.0240235 -0.144211 -0.338081
FixedParameters: 0 0 0

#Transform 37
Transform: AffineTransform_float_3_3
Parameters: 1 -1.11905e-05 -0.00055496 8.80933e-06 0.999992 -0.00394701 0.000555039 0.003947 0.999992 -0.0174416 -0.0947896 -0.319559
FixedParameters: 0 0 0

#Transform 38
Transform: AffineTransform_float_3_3
Parameters: 0.999999 -0.000738236 -0.000295934 0.000736763 0.999991 -0.00415722 0.000299065 0.00415678 0.999992 -0.0112751 0.0330703 0.00808657
FixedParameters: 0 0 0

#Transform 39
Transform: AffineTransform_float_3_3
Parameters: 1 -0.00109174 8.63128e-05 0.00109226 0.999995 -0.00303391 -8.26865e-05 0.00303409 0.999996 0.0989213 0.180747 -0.150302
FixedParameters: 0 0 0

#Transform 40
Transform: AffineTransform_float_3_3
Parameters: 0.999993 -0.00363245 -0.000744819 0.00363155 0.999993 -0.000601709 0.000747181 0.00059929 0.999999 0.28154 0.418369 0.496319
FixedParameters: 0 0 0

#Transform 41
Transform: AffineTransform_float_3_3
Parameters: 0.999996 -0.00258159 -0.000326386 0.00258141 0.999995 -0.00178785 0.000331612 0.00178615 0.999999 0.17027 0.28645 0.312231
FixedParameters: 0 0 0

#Transform 42
Transform: AffineTransform_float_3_3
Parameters: 0.999998 -0.0019317 0.000615943 0.0019323 0.999998 -0.000487811 -0.000615056 0.000489189 0.999999 0.199598 0.163592 0.180829
FixedParameters: 0 0 0

#Transform 43
Transform: AffineTransform_float_3_3
Parameters: 0.999981 -0.00619685 -0.000818627 0.00619616 0.999981 -0.00103109 0.00082538 0.00102691 0.999999 0.464424 0.503802 0.473222
FixedParameters: 0 0 0

#Transform 44
Transform: AffineTransform_float_3_3
Parameters: 0.999971 -0.00748558 -0.000840674 0.00748541 0.999972 0.000487721 0.000836323 -0.000494274 0.999999 0.568922 0.70644 0.593139
FixedParameters: 0 0 0

#Transform 45
Transform: AffineTransform_float_3_3
Parameters: 0.999973 -0.00699393 -0.00230005 0.00698208 0.999963 -0.0051532 0.00233595 0.0051368 0.999984 0.573745 0.666947 0.116553
FixedParameters: 0 0 0

#Transform 46
Transform: AffineTransform_float_3_3
Parameters: 0.999971 -0.00760681 -0.00127616 0.00760619 0.999971 -0.000640726 0.00128084 0.000631276 0.999999 0.484999 0.805951 0.872668
FixedParameters: 0 0 0

#Transform 47
Transform: AffineTransform_float_3_3
Parameters: 0.999973 -0.00735684 -0.00103316 0.00735717 0.999973 0.000154403 0.00103284 -0.000161603 1 0.506878 0.862818 0.429065
FixedParameters: 0 0 0

#Transform 48
Transform: AffineTransform_float_3_3
Parameters: 0.999967 -0.0081926 -0.000441934 0.00819239 0.999965 -0.00135267 0.00045307 0.00134933 0.999999 0.523639 0.833628 0.651662
FixedParameters: 0 0 0

#Transform 49
Transform: AffineTransform_float_3_3
Parameters: 0.999965 -0.00838397 -5.70392e-05 0.00838402 0.999964 0.000481539 5.29569e-05 -0.000482461 1 0.535015 1.06269 0.77209
FixedParameters: 0 0 0

#Transform 50
Transform: AffineTransform_float_3_3
Parameters: 0.999972 -0.00743367 -0.00076904 0.00742833 0.999947 -0.00712991 0.000821964 0.00712409 0.999975 0.511006 0.799112 -0.119647
FixedParameters: 0 0 0

#Transform 51
Transform: AffineTransform_float_3_3
Parameters: 0.999961 -0.00885812 9.86318e-05 0.00885788 0.99996 0.00117092 -0.000109369 -0.00117008 1 0.509026 1.11597 1.094
FixedParameters: 0 0 0

#Transform 52
Transform: AffineTransform_float_3_3
Parameters: 0.999984 -0.00559535 -0.000485827 0.00559265 0.999963 -0.00664682 0.000523173 0.00664318 0.999978 0.335276 0.792169 -0.118174
FixedParameters: 0 0 0

#Transform 53
Transform: AffineTransform_float_3_3
Parameters: 0.999993 -0.00344331 -0.000888281 0.00343969 0.999987 -0.00369708 0.000901717 0.00369392 0.999993 0.25535 0.253717 -0.242823
FixedParameters: 0 0 0

#Transform 54
Transform: AffineTransform_float_3_3
Parameters: 0.999996 -0.00275031 -0.00134616 0.00274269 0.999981 -0.00540472 0.00136084 0.00540128 0.999985 0.261453 0.362731 -0.525701
FixedParameters: 0 0 0

#Transform 55
Transform: AffineTransform_float_3_3
Parameters: 0.999995 -0.00277312 -0.00111534 0.00276787 0.999985 -0.00457211 0.00112866 0.00456889 0.999989 0.314841 0.156503 -0.564326
FixedParameters: 0 0 0

#Transform 56
Transform: AffineTransform_float_3_3
Parameters: 0.999985 -0.00539414 -0.000990407 0.00539186 0.999983 -0.00215237 0.00100259 0.00214662 0.999997 0.583399 0.497803 0.323409
FixedParameters: 0 0 0

#Transform 57
Transform: AffineTransform_float_3_3
Parameters: 0.999971 -0.00742293 -0.00156652 0.00741108 0.999945 -0.00748583 0.00162248 0.00747417 0.999971 0.654016 0.796089 -0.184269
FixedParameters: 0 0 0

#Transform 58
Transform: AffineTransform_float_3_3
Parameters: 0.999976 -0.00686315 -0.00102354 0.00685885 0.999969 -0.00400512 0.00105045 0.00399789 0.999992 0.599437 0.571475 0.025575
FixedParameters: 0 0 0

#Transform 59
Transform: AffineTransform_float_3_3
Parameters: 0.99997 -0.00773931 -0.000594268 0.00773469 0.999946 -0.0069468 0.00064773 0.00694219 0.999975 0.651041 0.738417 0.035399
FixedParameters: 0 0 0

#Transform 60
Transform: AffineTransform_float_3_3
Parameters: 0.999946 -0.0101641 -0.00180726 0.0101679 0.999946 0.00218074 0.00178473 -0.00219926 0.999996 0.758793 0.918096 0.902115
FixedParameters: 0 0 0

#Transform 61
Transform: AffineTransform_float_3_3
Parameters: 0.999958 -0.00922222 -0.00049269 0.00922178 0.999954 -0.00242165 0.000515316 0.00241735 0.999997 0.659764 0.897847 0.365548
FixedParameters: 0 0 0

#Transform 62
Transform: AffineTransform_float_3_3
Parameters: 0.999948 -0.0102196 -0.000857567 0.0102224 0.999943 0.00288839 0.000828437 -0.00289662 0.999996 0.658995 1.1382 1.16532
FixedParameters: 0 0 0

#Transform 63
Transform: AffineTransform_float_3_3
Parameters: 0.999955 -0.00949885 9.8204e-05 0.00949914 0.999953 -0.00160014 -8.2797e-05 0.00160086 0.999998 0.532988 1.10826 0.521896
FixedParameters: 0 0 0

#Transform 64
Transform: AffineTransform_float_3_3
Parameters: 0.999945 -0.0104661 6.73977e-06 0.0104659 0.999941 0.00270022 -3.52578e-05 -0.00269978 0.999997 0.597082 1.17336 1.06708
FixedParameters: 0 0 0

#Transform 65
Transform: AffineTransform_float_3_3
Parameters: 0.999943 -0.0106605 -0.000397406 0.0106605 0.999943 -0.00127731 0.000410602 0.0012737 0.999999 0.689914 1.09707 0.760098
FixedParameters: 0 0 0

#Transform 66
Transform: AffineTransform_float_3_3
Parameters: 0.999945 -0.0104687 0.000399681 0.0104673 0.999936 0.00414041 -0.000442327 -0.0041366 0.999992 0.654952 1.15142 1.14139
FixedParameters: 0 0 0

#Transform 67
Transform: AffineTransform_float_3_3
Parameters: 0.999968 -0.00801177 -0.000239085 0.00801224 0.999968 0.00100812 0.000230916 -0.00100988 1 0.46972 0.933948 0.46495
FixedParameters: 0 0 0

#Transform 68
Transform: AffineTransform_float_3_3
Parameters: 0.99999 -0.00446163 -0.000675327 0.00446037 0.999987 -0.00239404 0.000685673 0.00239097 0.999997 0.262956 0.513347 -0.479508
FixedParameters: 0 0 0

#Transform 69
Transform: AffineTransform_float_3_3
Parameters: 0.999997 -0.00229518 -0.00139993 0.00228883 0.999987 -0.00439622 0.00141007 0.00439378 0.99999 0.157531 0.0279298 -0.736971
FixedParameters: 0 0 0

#Transform 70
Transform: AffineTransform_float_3_3
Parameters: 0.999998 -0.00111966 -0.00127793 0.00111534 0.999993 -0.00363943 0.00128207 0.00363857 0.999992 0.110417 -0.0111214 -0.622543
FixedParameters: 0 0 0

#Transform 71
Transform: AffineTransform_float_3_3
Parameters: 0.999998 -0.000533149 -0.00157326 0.000524846 0.999986 -0.00517583 0.00157674 0.00517517 0.999986 0.115042 0.228545 -0.631686
FixedParameters: 0 0 0

#Transform 72
Transform: AffineTransform_float_3_3
Parameters: 1 -0.000768693 -0.000797414 0.000765306 0.999994 -0.00337061 0.000800584 0.00337039 0.999994 0.162962 0.160921 -0.353558
FixedParameters: 0 0 0

#Transform 73
Transform: AffineTransform_float_3_3
Parameters: 0.999998 -0.00198166 -0.000385625 0.00198134 0.999996 -0.00170377 0.000388376 0.00170323 0.999999 0.296964 0.228892 0.0339696
FixedParameters: 0 0 0

#Transform 74
Transform: AffineTransform_float_3_3
Parameters: 0.999999 -0.00117834 -0.00139787 0.00117666 0.999999 -0.000956646 0.00139913 0.000955352 0.999998 0.24428 0.144134 -0.0780112
FixedParameters: 0 0 0

#Transform 75
Transform: AffineTransform_float_3_3
Parameters: 0.999998 -0.00196226 -0.000637208 0.00196174 0.999998 -0.000404251 0.000637791 0.000402749 0.999999 0.317365 0.256076 0.127618
FixedParameters: 0 0 0

#Transform 76
Transform: AffineTransform_float_3_3
Parameters: 0.999989 -0.00456231 -0.00154332 0.00455769 0.999985 -0.00278407 0.00155568 0.00277693 0.999995 0.550529 0.5105 -0.0997069
FixedParameters: 0 0 0

#Transform 77
Transform: AffineTransform_float_3_3
Parameters: 0.999981 -0.00619575 -0.000889786 0.00619626 0.999981 0.000285492 0.000888217 -0.000290509 0.999999 0.578958 0.651078 0.415071
FixedParameters: 0 0 0

#Transform 78
Transform: AffineTransform_float_3_3
Parameters: 0.999976 -0.00695033 -0.00100563 0.00695167 0.999975 0.000663025 0.00100037 -0.000669969 1 0.615884 0.740808 0.186998
FixedParameters: 0 0 0

#Transform 79
Transform: AffineTransform_float_3_3
Parameters: 0.999964 -0.00845675 -0.000268847 0.00845725 0.999964 0.000926759 0.000261151 -0.000929241 0.999999 0.732454 0.71356 0.574704
FixedParameters: 0 0 0

#Transform 80
Transform: AffineTransform_float_3_3
Parameters: 0.99998 -0.00623368 -0.00098736 0.00623532 0.999979 0.00133787 0.000978639 -0.00134413 0.999998 0.656995 0.591299 0.274074
FixedParameters: 0 0 0

#Transform 81
Transform: AffineTransform_float_3_3
Parameters: 0.999978 -0.00658907 -0.00071467 0.00658994 0.999978 0.00131332 0.000705326 -0.00131868 0.999999 0.558917 0.623362 0.573181
FixedParameters: 0 0 0

#Transform 82
Transform: AffineTransform_float_3_3
Parameters: 0.999965 -0.0084139 -0.000506724 0.0084141 0.999964 0.000202743 0.000505283 -0.000206259 1 0.633324 0.833889 0.481932
FixedParameters: 0 0 0

#Transform 83
Transform: AffineTransform_float_3_3
Parameters: 0.999982 -0.0060136 -0.000579628 0.0060114 0.999978 -0.00272454 0.000596367 0.00272046 0.999996 0.543479 0.540776 -0.365309
FixedParameters: 0 0 0

#Transform 84
Transform: AffineTransform_float_3_3
Parameters: 0.999992 -0.00412928 -0.000103507 0.00412873 0.999988 -0.00254145 0.000114495 0.00254155 0.999997 0.413106 0.259959 -0.337075
FixedParameters: 0 0 0

#Transform 85
Transform: AffineTransform_float_3_3
Parameters: 0.999996 -0.00260269 -0.00156392 0.00259531 0.999987 -0.00426308 0.00157507 0.00425892 0.999989 0.287982 0.34256 -0.442188
FixedParameters: 0 0 0

#Transform 86
Transform: AffineTransform_float_3_3
Parameters: 0.999989 -0.00447608 -0.0017517 0.00447392 0.99999 -0.00118885 0.0017573 0.00118015 0.999998 0.513701 0.490524 0.377862
FixedParameters: 0 0 0

#Transform 87
Transform: AffineTransform_float_3_3
Parameters: 0.999982 -0.00503621 -0.00306854 0.00501978 0.999973 -0.00526949 0.00309446 0.00525451 0.999982 0.610449 0.680923 -0.0103254
FixedParameters: 0 0 0

#Transform 88
Transform: AffineTransform_float_3_3
Parameters: 0.999965 -0.00748139 -0.00378129 0.0074776 0.999971 -0.000911307 0.00378771 0.000882694 0.999993 0.76682 0.816084 0.58374
FixedParameters: 0 0 0

#Transform 89
Transform: AffineTransform_float_3_3
Parameters: 0.99997 -0.00762455 -0.00134184 0.00761845 0.999962 -0.00409334 0.00137316 0.00408365 0.99999 0.643183 0.870857 0.209962
FixedParameters: 0 0 0

#Transform 90
Transform: AffineTransform_float_3_3
Parameters: 0.999963 -0.00861946 -0.000350469 0.00861953 0.999961 0.00156104 0.000337532 -0.00156397 0.999998 0.580709 1.09749 1.00808
FixedParameters: 0 0 0

#Transform 91
Transform: AffineTransform_float_3_3
Parameters: 0.999965 -0.00826921 -0.000589194 0.00826778 0.999963 -0.00203494 0.000605806 0.00203006 0.999998 0.623069 1.09323 0.47157
FixedParameters: 0 0 0

#Transform 92
Transform: AffineTransform_float_3_3
Parameters: 0.999962 -0.00862882 -0.00104948 0.00863218 0.999958 0.00306406 0.00102252 -0.00307294 0.999995 0.61132 1.18788 1.14446
FixedParameters: 0 0 0

#Transform 93
Transform: AffineTransform_float_3_3
Parameters: 0.99997 -0.0076505 -0.00111681 0.00764251 0.999949 -0.00656773 0.00116719 0.00655927 0.999978 0.61606 0.980431 0.0291796
FixedParameters: 0 0 0

#Transform 94
Transform: AffineTransform_float_3_3
Parameters: 0.999975 -0.00693031 -0.000728553 0.00693068 0.999975 0.000942973 0.000722447 -0.00094803 1 0.574463 0.874341 0.80873
FixedParameters: 0 0 0

#Transform 95
Transform: AffineTransform_float_3_3
Parameters: 0.999994 -0.00329975 -0.00107363 0.00329825 0.999993 -0.00162955 0.00107837 0.00162645 0.999998 0.384627 0.532127 -0.316617
FixedParameters: 0 0 0

#Transform 96
Transform: AffineTransform_float_3_3
Parameters: 0.999996 -0.00257997 -0.00161945 0.00257903 0.999997 -0.000601179 0.00162154 0.000596819 0.999998 0.303989 0.137068 -0.297294
FixedParameters: 0 0 0

#Transform 97
Transform: AffineTransform_float_3_3
Parameters: 0.999995 -0.00222618 -0.00234108 0.00222082 0.999995 -0.00221321 0.00234591 0.00220779 0.999995 0.304762 0.243888 -0.377086
FixedParameters: 0 0 0

#Transform 98
Transform: AffineTransform_float_3_3
Parameters: 0.999996 -0.00179919 -0.00180682 0.00179681 0.999997 -0.00121125 0.00180917 0.00120775 0.999997 0.269074 0.0608032 -0.379015
FixedParameters: 0 0 0

#Transform 99
Transform: AffineTransform_float_3_3
Parameters: 0.999997 -0.0024137 -0.00043564 0.0024143 0.999997 0.00067895 0.000434359 -0.00068005 0.999999 0.351731 0.144274 0.162772
FixedParameters: 0 0 0

#Transform 100
Transform: AffineTransform_float_3_3
Parameters: 0.999993 -0.00366498 -0.00077537 0.00366402 0.999993 -0.00126485 0.00077963 0.00126215 0.999999 0.490827 0.279992 -0.249788
FixedParameters: 0 0 0

#Transform 101
Transform: AffineTransform_float_3_3
Parameters: 0.999994 -0.00342381 -0.000217981 0.00342419 0.999994 0.000870258 0.00021502 -0.000870741 0.999999 0.458342 0.327562 0.233443
FixedParameters: 0 0 0

#Transform 102
Transform: AffineTransform_float_3_3
Parameters: 0.999986 -0.00532031 -0.0002681 0.00531868 0.999975 -0.00468149 0.000293901 0.0046805 0.999989 0.575315 0.583683 -0.0560657
FixedParameters: 0 0 0

#Transform 103
Transform: AffineTransform_float_3_3
Parameters: 0.999977 -0.0067949 -6.62172e-05 0.0067951 0.999975 0.00165059 5.47866e-05 -0.00165041 0.999998 0.631836 0.662305 0.565877
FixedParameters: 0 0 0

#Transform 104
Transform: AffineTransform_float_3_3
Parameters: 0.999974 -0.00719803 -1.31957e-05 0.00719798 0.999973 -0.00136213 2.28033e-05 0.00136187 0.999999 0.593144 0.767825 0.232615
FixedParameters: 0 0 0

#Transform 105
Transform: AffineTransform_float_3_3
Parameters: 0.999957 -0.00933303 -4.28541e-06 0.00933298 0.999953 0.00260207 -2.02847e-05 -0.00260192 0.999996 0.65825 1.04221 0.887143
FixedParameters: 0 0 0

#Transform 106
Transform: AffineTransform_float_3_3
Parameters: 0.999954 -0.00941163 -0.00153593 0.00940936 0.999955 -0.00171453 0.00155206 0.00169947 0.999998 0.713114 0.931182 0.28147
FixedParameters: 0 0 0

#Transform 107
Transform: AffineTransform_float_3_3
Parameters: 0.999947 -0.0101874 -0.000910675 0.0101906 0.999944 0.00290787 0.000881332 -0.00291613 0.999996 0.682002 1.19716 1.17871
FixedParameters: 0 0 0

#Transform 108
Transform: AffineTransform_float_3_3
Parameters: 0.999962 -0.00856381 -0.00111899 0.00855717 0.999945 -0.00596379 0.00117001 0.0059542 0.999981 0.675593 0.912538 -0.408672
FixedParameters: 0 0 0

#Transform 109
Transform: AffineTransform_float_3_3
Parameters: 0.999948 -0.010179 -0.000398776 0.010179 0.999948 -2.40604e-05 0.000398224 1.99475e-05 1 0.681525 1.02354 0.972411
FixedParameters: 0 0 0

#Transform 110
Transform: AffineTransform_float_3_3
Parameters: 0.999971 -0.0076621 -0.000766958 0.0076619 0.99997 -0.00013888 0.000768043 0.000133119 0.999999 0.565069 0.954733 0.238473
FixedParameters: 0 0 0

#Transform 111
Transform: AffineTransform_float_3_3
Parameters: 0.999986 -0.00519449 -0.0010606 0.00519451 0.999987 -0.000464516 0.0010624 0.000459488 1 0.443923 0.470782 -0.164885
FixedParameters: 0 0 0

#Transform 112
Transform: AffineTransform_float_3_3
Parameters: 0.999989 -0.00417785 -0.00186685 0.00417614 0.999991 -0.000996806 0.00187015 0.000989197 0.999998 0.456072 0.4305 -0.504637
FixedParameters: 0 0 0

#Transform 113
Transform: AffineTransform_float_3_3
Parameters: 0.999991 -0.00422117 -0.000749417 0.00421983 0.99999 -0.00156118 0.000755585 0.00155882 0.999998 0.424901 0.217483 -0.457334
FixedParameters: 0 0 0

#Transform 114
Transform: AffineTransform_float_3_3
Parameters: 0.999993 -0.00391694 -0.000364045 0.00391606 0.999989 -0.00254244 0.000373953 0.00254055 0.999996 0.39333 0.230366 -0.310358
FixedParameters: 0 0 0

#Transform 115
Transform: AffineTransform_float_3_3
Parameters: 0.999986 -0.0054063 -0.000273519 0.00540471 0.999975 -0.00452954 0.000297477 0.00452746 0.999989 0.558162 0.472837 -0.567171
FixedParameters: 0 0 0

#Transform 116
Transform: AffineTransform_float_3_3
Parameters: 0.999987 -0.0051067 0.000116925 0.0051073 0.999983 -0.00272644 -0.000103071 0.00272756 0.999997 0.555592 0.309278 -0.396514
FixedParameters: 0 0 0

#Transform 117
Transform: AffineTransform_float_3_3
Parameters: 0.999972 -0.00744745 0.000497276 0.00744755 0.999971 -0.00110933 -0.000489727 0.00111268 1 0.735884 0.636874 0.495761
FixedParameters: 0 0 0

#Transform 118
Transform: AffineTransform_float_3_3
Parameters: 0.999962 -0.00871851 -0.000448618 0.00871849 0.999962 0.00110113 0.000438384 -0.00110486 1 0.689697 0.922048 0.416043
FixedParameters: 0 0 0

#Transform 119
Transform: AffineTransform_float_3_3
Parameters: 0.99995 -0.00991568 -0.000451889 0.0099163 0.99995 0.000692553 0.000445116 -0.000696447 0.999999 0.756882 0.967614 0.709756
FixedParameters: 0 0 0

#Transform 120
Transform: AffineTransform_float_3_3
Parameters: 0.999949 -0.0101079 0.000248964 0.0101071 0.999943 0.00336869 -0.00028204 -0.00336632 0.999995 0.709346 1.14044 0.838585
FixedParameters: 0 0 0

#Transform 121
Transform: AffineTransform_float_3_3
Parameters: 0.999958 -0.00915349 -0.000328576 0.00915251 0.999957 -0.00146807 0.000342422 0.00146493 0.999999 0.705382 0.960344 0.302686
FixedParameters: 0 0 0

#Transform 122
Transform: AffineTransform_float_3_3
Parameters: 0.999946 -0.010446 -0.000409952 0.010447 0.999942 0.00257786 0.000383046 -0.00258214 0.999996 0.724443 1.1461 1.15808
FixedParameters: 0 0 0

#Transform 123
Transform: AffineTransform_float_3_3
Parameters: 0.999953 -0.00973251 -0.000572471 0.0097335 0.999953 0.00086747 0.000563535 -0.000872527 1 0.758482 0.976078 0.426295
FixedParameters: 0 0 0

#Transform 124
Transform: AffineTransform_float_3_3
Parameters: 0.999975 -0.00716275 -0.000140953 0.00716225 0.999963 -0.00475413 0.000175048 0.00475287 0.999988 0.637383 0.643722 -0.370436
FixedParameters: 0 0 0

#Transform 125
Transform: AffineTransform_float_3_3
Parameters: 0.999982 -0.00588535 -0.00104843 0.00588365 0.999982 -0.00128919 0.00105657 0.0012828 0.999998 0.551838 0.438847 -0.223786
FixedParameters: 0 0 0

#Transform 126
Transform: AffineTransform_float_3_3
Parameters: 0.999986 -0.00481456 -0.00230031 0.00480844 0.999985 -0.0028501 0.00231369 0.0028389 0.999994 0.499771 0.462698 -0.613648
FixedParameters: 0 0 0

#Transform 127
Transform: AffineTransform_float_3_3
Parameters: 0.999989 -0.00449405 -0.00118926 0.00449194 0.999988 -0.00172636 0.00119674 0.00172064 0.999998 0.443325 0.139196 -0.536223
FixedParameters: 0 0 0

#Transform 128
Transform: AffineTransform_float_3_3
Parameters: 0.99999 -0.00450186 -0.00110138 0.00449914 0.999986 -0.00258498 0.00111262 0.00258002 0.999996 0.472921 0.364199 -0.687013
FixedParameters: 0 0 0

#Transform 129
Transform: AffineTransform_float_3_3
Parameters: 0.999976 -0.00665285 -0.00202011 0.00664715 0.999975 -0.00239649 0.00203589 0.00238351 0.999995 0.64215 0.393462 -0.720646
FixedParameters: 0 0 0

#Transform 130
Transform: AffineTransform_float_3_3
Parameters: 0.999964 -0.00810371 -0.00243074 0.00808631 0.999942 -0.00720692 0.00248826 0.0071861 0.999971 0.707156 0.444193 -1.02137
FixedParameters: 0 0 0

#Transform 131
Transform: AffineTransform_float_3_3
Parameters: 0.999959 -0.00889075 -0.0016841 0.00888524 0.999956 -0.00280908 0.0017099 0.00279391 0.999994 0.775572 0.710831 -0.374418
FixedParameters: 0 0 0

#Transform 132
Transform: AffineTransform_float_3_3
Parameters: 0.999956 -0.0090335 -0.00250895 0.0090225 0.999949 -0.00455884 0.00255006 0.00453617 0.999987 0.836241 0.716793 -0.195893
FixedParameters: 0 0 0

#Transform 133
Transform: AffineTransform_float_3_3
Parameters: 0.99993 -0.0113567 -0.00336943 0.0113633 0.999933 0.00186784 0.00334857 -0.00190516 0.999992 1.05151 0.746954 0.659676
FixedParameters: 0 0 0

#Transform 134
Transform: AffineTransform_float_3_3
Parameters: 0.999951 -0.00982898 -0.00102536 0.00983202 0.999947 0.00298206 0.000995636 -0.00299193 0.999995 0.780648 0.851658 0.547892
FixedParameters: 0 0 0

#Transform 135
Transform: AffineTransform_float_3_3
Parameters: 0.999937 -0.0112266 -0.00105617 0.0112294 0.999934 0.00232529 0.00102983 -0.00233671 0.999996 0.862506 0.847648 0.82405
FixedParameters: 0 0 0

#Transform 136
Transform: AffineTransform_float_3_3
Parameters: 0.999955 -0.00952515 -0.000869502 0.00952385 0.999954 -0.00131634 0.000881504 0.00130866 0.999999 0.726298 0.833531 -0.481631
FixedParameters: 0 0 0

#Transform 137
Transform: AffineTransform_float_3_3
Parameters: 0.999957 -0.0092935 0.000861372 0.0092935 0.999956 -0.000574019 -0.000856628 0.000581986 0.999999 0.508027 0.93108 0.656597
FixedParameters: 0 0 0

#Transform 138
Transform: AffineTransform_float_3_3
Parameters: 0.999953 -0.0097584 -0.000217072 0.00975861 0.999948 0.00297802 0.000187929 -0.00297997 0.999995 0.714373 1.01917 0.642553
FixedParameters: 0 0 0

#Transform 139
Transform: AffineTransform_float_3_3
Parameters: 0.999967 -0.00806488 -0.000720359 0.00806013 0.999946 -0.00653202 0.000772642 0.00652599 0.999979 0.667378 0.613351 -0.652911
FixedParameters: 0 0 0

#Transform 140
Transform: AffineTransform_float_3_3
Parameters: 0.999985 -0.00536674 -0.000870363 0.00536526 0.999983 -0.0019847 0.000880639 0.0019803 0.999997 0.521108 0.295787 -0.282124
FixedParameters: 0 0 0

#Transform 141
Transform: AffineTransform_float_3_3
Parameters: 0.999988 -0.004118 -0.00272898 0.00411001 0.999988 -0.00292825 0.00274103 0.00291775 0.999992 0.497958 0.352391 -0.563683
FixedParameters: 0 0 0

#Transform 142
Transform: AffineTransform_float_3_3
Parameters: 0.99999 -0.00304996 -0.00323257 0.00304104 0.999991 -0.00277386 0.00324143 0.00276314 0.999991 0.50164 0.257307 -0.697014
FixedParameters: 0 0 0

#Transform 143
Transform: AffineTransform_float_3_3
Parameters: 0.999993 -0.00308389 -0.00203461 0.00307911 0.999993 -0.00240028 0.00204239 0.00239472 0.999995 0.46715 0.123188 -0.447408
FixedParameters: 0 0 0

#Transform 144
Transform: AffineTransform_float_3_3
Parameters: 0.999992 -0.00346401 -0.00228088 0.00345599 0.999988 -0.00350791 0.00229213 0.00350009 0.999991 0.540702 0.311136 -0.715606
FixedParameters: 0 0 0

#Transform 145
Transform: AffineTransform_float_3_3
Parameters: 0.999986 -0.00525938 -0.000214888 0.00525862 0.999984 -0.00173315 0.00022411 0.00173184 0.999998 0.87166 0.297713 -0.262529
FixedParameters: 0 0 0

#Transform 146
Transform: AffineTransform_float_3_3
Parameters: 0.999984 -0.00568139 -0.00100415 0.00568061 0.999983 -0.00138473 0.00101185 0.00137927 0.999998 0.840696 0.37569 -0.254046
FixedParameters: 0 0 0

#Transform 147
Transform: AffineTransform_float_3_3
Parameters: 0.99999 -0.00457287 -0.000717497 0.00457213 0.999989 -0.00120529 0.000723503 0.0012017 0.999999 0.686422 0.195479 -0.656809
FixedParameters: 0 0 0

#Transform 148
Transform: AffineTransform_float_3_3
Parameters: 0.999986 -0.00472126 -0.00206398 0.00472273 0.999988 0.000837264 0.00206003 -0.000846737 0.999998 0.786748 0.0481289 -0.366155
FixedParameters: 0 0 0

#Transform 149
Transform: AffineTransform_float_3_3
Parameters: 0.999986 -0.00509536 -0.00156382 0.00509464 0.999987 -0.00023597 0.00156518 0.000228028 0.999998 0.715727 0.291885 -0.357685
FixedParameters: 0 0 0

#Transform 150
Transform: AffineTransform_float_3_3
Parameters: 0.999952 -0.00962123 -0.00183656 0.00962376 0.999952 0.0015044 0.00182143 -0.0015226 0.999997 0.773987 0.794096 0.768113
FixedParameters: 0 0 0

#Transform 151
Transform: AffineTransform_float_3_3
Parameters: 0.999961 -0.00882153 -0.0011138 0.00882148 0.999961 0.000425192 0.00111021 -0.000434811 1 0.704023 0.890925 0.196898
FixedParameters: 0 0 0

#Transform 152
Transform: AffineTransform_float_3_3
Parameters: 0.999942 -0.0106566 -0.00105947 0.0106563 0.999943 -0.000618326 0.00106654 0.000607669 0.999999 0.798105 0.865931 0.444993
FixedParameters: 0 0 0

#Transform 153
Transform: AffineTransform_float_3_3
Parameters: 0.999948 -0.0102012 -0.000335222 0.0102028 0.999944 0.00256871 0.000308772 -0.00257228 0.999996 0.657147 1.14548 0.738576
FixedParameters: 0 0 0

#Transform 154
Transform: AffineTransform_float_3_3
Parameters: 0.999952 -0.00977636 -0.000746328 0.00977463 0.99995 -0.00181138 0.000763667 0.00180362 0.999998 0.734492 0.917749 -0.21444
FixedParameters: 0 0 0

#Transform 155
Transform: AffineTransform_float_3_3
Parameters: 0.99994 -0.0109533 -0.000269495 0.0109537 0.999937 0.00269121 0.000240508 -0.0026938 0.999997 0.755265 1.10833 0.899646
FixedParameters: 0 0 0

#Transform 156
Transform: AffineTransform_float_3_3
Parameters: 0.999955 -0.00939033 -0.00130833 0.00938467 0.999944 -0.00476449 0.00135268 0.00475251 0.999988 0.790319 0.830612 -0.619823
FixedParameters: 0 0 0

#Transform 157
Transform: AffineTransform_float_3_3
Parameters: 0.99994 -0.010956 -0.000564547 0.010957 0.999939 0.00178092 0.000545453 -0.00178708 0.999999 0.738221 1.14338 1.19803
FixedParameters: 0 0 0

#Transform 158
Transform: AffineTransform_float_3_3
Parameters: 0.999961 -0.00881772 -0.00115166 0.00881128 0.999945 -0.00571637 0.00120235 0.00570662 0.999983 0.829029 0.692625 -0.760874
FixedParameters: 0 0 0

#Transform 159
Transform: AffineTransform_float_3_3
Parameters: 0.999979 -0.00610719 -0.00215371 0.00610081 0.999976 -0.00333021 0.00217429 0.00331679 0.999992 0.64959 0.338099 -0.58493
FixedParameters: 0 0 0

#Transform 160
Transform: AffineTransform_float_3_3
Parameters: 0.999985 -0.0045342 -0.00290625 0.0045258 0.999986 -0.00282119 0.00291875 0.00280881 0.999992 0.604728 0.275538 -0.748643
FixedParameters: 0 0 0

#Transform 161
Transform: AffineTransform_float_3_3
Parameters: 0.999983 -0.00574968 -0.00155951 0.00574833 0.999984 -0.000436972 0.00156249 0.000428024 0.999998 0.664024 0.291283 -0.297586
FixedParameters: 0 0 0

#Transform 162
Transform: AffineTransform_float_3_3
Parameters: 0.999985 -0.00505597 -0.00176049 0.00505302 0.999986 -0.00168892 0.00176951 0.00168008 0.999997 0.57919 0.256211 -0.672476
FixedParameters: 0 0 0

#Transform 163
Transform: AffineTransform_float_3_3
Parameters: 0.999966 -0.007852 -0.00229618 0.00785 0.999969 -0.000878054 0.00230283 0.000860947 0.999997 0.829583 0.573578 0.321767
FixedParameters: 0 0 0

#Transform 164
Transform: AffineTransform_float_3_3
Parameters: 0.999959 -0.00782719 -0.00441643 0.0078108 0.999963 -0.00367165 0.00444458 0.00363736 0.999984 0.599552 0.547139 -0.511048
FixedParameters: 0 0 0

#Transform 165
Transform: AffineTransform_float_3_3
Parameters: 0.999954 -0.00964861 -0.000465296 0.0096484 0.999953 0.00085755 0.00045771 -0.000861456 0.999999 0.618999 1.04929 1.08502
FixedParameters: 0 0 0

#Transform 166
Transform: AffineTransform_float_3_3
Parameters: 0.99995 -0.00978826 -0.00204517 0.00979174 0.999951 0.00133504 0.00203183 -0.00135496 0.999997 0.771249 1.15389 0.540102
FixedParameters: 0 0 0

#Transform 167
Transform: AffineTransform_float_3_3
Parameters: 0.99994 -0.010825 -0.00180306 0.010827 0.999941 0.00110454 0.00179094 -0.00112345 0.999998 0.801282 1.16112 1.02255
FixedParameters: 0 0 0

#Transform 168
Transform: AffineTransform_float_3_3
Parameters: 0.999947 -0.0101599 -0.00161469 0.0101611 0.999948 0.000650627 0.0016083 -0.000667375 0.999998 0.780834 1.11699 0.345489
FixedParameters: 0 0 0

#Transform 169
Transform: AffineTransform_float_3_3
Parameters: 0.999968 -0.0073753 -0.00305446 0.00736269 0.999965 -0.00401962 0.00308454 0.00399738 0.999988 0.703115 0.716957 -0.0688431
FixedParameters: 0 0 0

#Transform 170
Transform: AffineTransform_float_3_3
Parameters: 0.999979 -0.0064239 -0.000750901 0.0064221 0.999976 -0.00250887 0.0007671 0.00250412 0.999996 0.628574 0.44046 -0.409003
FixedParameters: 0 0 0

#Transform 171
Transform: AffineTransform_float_3_3
Parameters: 0.999971 -0.0076606 -0.000726713 0.00766041 0.999971 -0.000823592 0.000733292 0.000818407 1 0.72592 0.444175 -0.650378
FixedParameters: 0 0 0

#Transform 172
Transform: AffineTransform_float_3_3
Parameters: 0.99998 -0.0059116 -0.00191368 0.0059044 0.999975 -0.00395238 0.00193732 0.00394162 0.999991 0.634683 0.219532 -0.781406
FixedParameters: 0 0 0

#Transform 173
Transform: AffineTransform_float_3_3
Parameters: 0.999982 -0.00485678 -0.00353326 0.00483423 0.99997 -0.00614519 0.00356273 0.00612781 0.999975 0.63106 0.12067 -1.22623
FixedParameters: 0 0 0

#Transform 174
Transform: AffineTransform_float_3_3
Parameters: 0.999987 -0.00491873 -0.00150012 0.00491227 0.999978 -0.00445543 0.00152188 0.00444757 0.999989 0.647668 0.185935 -0.581004
FixedParameters: 0 0 0

#Transform 175
Transform: AffineTransform_float_3_3
Parameters: 0.99997 -0.00762661 -0.00123221 0.00762639 0.999971 -0.000501412 0.00123579 0.00049159 0.999999 0.738997 0.718433 0.663358
FixedParameters: 0 0 0

#Transform 176
Transform: AffineTransform_float_3_3
Parameters: 0.999961 -0.00856439 -0.00177579 0.00856561 0.999963 0.000901824 0.00176821 -0.000917179 0.999998 0.72097 0.916203 0.743309
FixedParameters: 0 0 0

#Transform 177
Transform: AffineTransform_float_3_3
Parameters: 0.999949 -0.00999868 -0.00124465 0.00999733 0.999949 -0.00134151 0.00125736 0.0013295 0.999999 0.778053 1.06199 0.708219
FixedParameters: 0 0 0

#Transform 178
Transform: AffineTransform_float_3_3
Parameters: 0.999948 -0.0100818 -0.00114902 0.0100861 0.999943 0.0036656 0.00111197 -0.0036774 0.999992 0.741161 1.28495 1.31988
FixedParameters: 0 0 0

#Transform 179
Transform: AffineTransform_float_3_3
Parameters: 0.999959 -0.00901811 -0.00101101 0.00901789 0.99996 -0.000114122 0.00101199 0.000104878 0.999999 0.75302 0.909368 0.210214
FixedParameters: 0 0 0

#Transform 180
Transform: AffineTransform_float_3_3
Parameters: 0.99994 -0.0108502 -0.00140913 0.0108498 0.999941 -0.000180299 0.00141087 0.000164702 0.999999 0.868183 1.06231 0.818504
FixedParameters: 0 0 0

#Transform 181
Transform: AffineTransform_float_3_3
Parameters: 0.999949 -0.00954189 -0.0031086 0.00952011 0.999931 -0.00698095 0.00317539 0.00695105 0.999971 0.85656 1.04816 -0.220352
FixedParameters: 0 0 0

#Transform 182
Transform: AffineTransform_float_3_3
Parameters: 0.999941 -0.0108504 -0.00071606 0.0108516 0.999938 0.00221336 0.000691945 -0.00222064 0.999998 0.762069 1.14652 1.0535
FixedParameters: 0 0 0

#Transform 183
Transform: AffineTransform_float_3_3
Parameters: 0.999963 -0.00845029 -0.00108407 0.00844371 0.999948 -0.00567836 0.00113192 0.00566864 0.999984 0.705774 0.808614 -0.820993
FixedParameters: 0 0 0

#Transform 184
Transform: AffineTransform_float_3_3
Parameters: 0.999978 -0.00632499 -0.00163988 0.00632001 0.999976 -0.00302943 0.00165912 0.00301957 0.999994 0.581138 0.332711 -0.559409
FixedParameters: 0 0 0

#Transform 185
Transform: AffineTransform_float_3_3
Parameters: 0.99998 -0.0053982 -0.00347806 0.0053838 0.999977 -0.00407881 0.00349994 0.00406019 0.999985 0.631837 0.376111 -0.918238
FixedParameters: 0 0 0

#Transform 186
Transform: AffineTransform_float_3_3
Parameters: 0.999984 -0.00485628 -0.00265572 0.00484971 0.999984 -0.00274292 0.00266828 0.00273008 0.999992 0.570211 0.0611533 -0.625907
FixedParameters: 0 0 0

#Transform 187
Transform: AffineTransform_float_3_3
Parameters: 0.999981 -0.00584643 -0.00200323 0.00584058 0.99998 -0.00270375 0.00201876 0.00269125 0.999995 0.553364 0.293903 -0.508822
FixedParameters: 0 0 0

#Transform 188
Transform: AffineTransform_float_3_3
Parameters: 0.999964 -0.00834109 0.00106614 0.00834191 0.999965 -0.000851136 -0.00105986 0.000859871 0.999999 0.52856 0.760572 0.406164
FixedParameters: 0 0 0

#Transform 189
Transform: AffineTransform_float_3_3
Parameters: 0.999949 -0.0101143 0.000286809 0.0101167 0.999877 -0.0120397 -0.000165192 0.0120423 0.999928 0.716998 0.9813 0.205368
FixedParameters: 0 0 0

#Transform 190
