#Insight Transform File V1.0
#Transform 0
Transform: AffineTransform_float_3_3
Parameters: 0.999999 0.000143367 0.000722927 -0.000142633 1 -0.000508103 -0.000723072 0.000507896 0.999999 -0.0246524 -0.0525872 0.166216
FixedParameters: 0 0 0

#Transform 1
Transform: AffineTransform_float_3_3
Parameters: 1 1.69184e-07 0.000272 1.69184e-07 1 -0.000622 -0.000272 0.000622 1 -0.0114473 -0.0535311 0.0874165
FixedParameters: 0 0 0

#Transform 2
Transform: AffineTransform_float_3_3
Parameters: 1 4.10564e-07 0.000217 4.10564e-07 0.999998 -0.001892 -0.000217 0.001892 0.999998 -0.0212875 0.0124571 0.0512437
FixedParameters: 0 0 0

#Transform 3
Transform: AffineTransform_float_3_3
Parameters: 1 3.3184e-08 0.000272 3.3184e-08 1 -0.000122 -0.000272 0.000122 1 -0.00444119 -0.0575209 0.106269
FixedParameters: 0 0 0

#Transform 4
Transform: AffineTransform_float_3_3
Parameters: 1 2.90268e-07 0.000198 2.90268e-07 0.999999 -0.001466 -0.000198 0.001466 0.999999 -0.014848 0.0410704 0.0443576
FixedParameters: 0 0 0

#Transform 5
Transform: AffineTransform_float_3_3
Parameters: 1 5.643e-08 0.000418 5.643e-08 1 -0.000135 -0.000418 0.000135 1 -0.0175592 -0.000713028 0.117742
FixedParameters: 0 0 0

#Transform 6
Transform: AffineTransform_float_3_3
Parameters: 1 6.6912e-08 0.000272 6.6912e-08 1 -0.000246 -0.000272 0.000246 1 -0.00445148 -0.0330584 0.0684368
FixedParameters: 0 0 0

#Transform 7
Transform: AffineTransform_float_3_3
Parameters: 1 0.000210112 0.000271913 -0.000209888 1 -0.000413057 -0.000272087 0.000412943 1 -0.0181146 0.026532 0.0819488
FixedParameters: 0 0 0

#Transform 8
Transform: AffineTransform_float_3_3
Parameters: 1 -1.24848e-07 0.000272 -1.24848e-07 1 0.000459 -0.000272 -0.000459 1 -0.00444803 -0.0514661 0.0811242
FixedParameters: 0 0 0

#Transform 9
Transform: AffineTransform_float_3_3
Parameters: 1 3.81616e-07 0.000272 3.81616e-07 0.999999 -0.001403 -0.000272 0.001403 0.999999 -0.0137976 0.018649 -0.0203113
FixedParameters: 0 0 0

#Transform 10
Transform: AffineTransform_float_3_3
Parameters: 1 0.000161996 0.000272002 -0.000162004 1 1.29559e-05 -0.000271998 -1.30441e-05 1 -0.0136736 -0.0233962 0.106368
FixedParameters: 0 0 0

#Transform 11
Transform: AffineTransform_float_3_3
Parameters: 1 5.5488e-08 0.000272 5.5488e-08 1 -0.000204 -0.000272 0.000204 1 -0.0088711 -0.0201049 0.0771904
FixedParameters: 0 0 0

#Transform 12
Transform: AffineTransform_float_3_3
Parameters: 1 0.000257262 0.00020367 -0.000256739 0.999999 -0.00128305 -0.00020333 0.00128295 0.999999 -0.0129046 0.0121745 -0.0197646
FixedParameters: 0 0 0

#Transform 13
Transform: AffineTransform_float_3_3
Parameters: 1 0.000114948 0.000272022 -0.000115052 1 0.000189969 -0.000271978 -0.000190031 1 -0.007898 -0.0263651 0.122348
FixedParameters: 0 0 0

#Transform 14
Transform: AffineTransform_float_3_3
Parameters: 1 7.0992e-08 0.000272 7.0992e-08 1 -0.000261 -0.000272 0.000261 1 -0.00445622 -0.0192327 0.0510183
FixedParameters: 0 0 0

#Transform 15
Transform: AffineTransform_float_3_3
Parameters: 1 0.000125172 0.000271921 -0.000124828 1 -0.000631034 -0.000272079 0.000630966 1 -0.0144911 0.0210556 0.0881657
FixedParameters: 0 0 0

#Transform 16
Transform: AffineTransform_float_3_3
Parameters: 1 -4.004e-09 2.2e-05 -4.004e-09 1 0.000182 -2.2e-05 -0.000182 1 -0.000394931 -0.026389 0.0927114
FixedParameters: 0 0 0

#Transform 17
Transform: AffineTransform_float_3_3
Parameters: 1 2.3256e-07 0.000272 2.3256e-07 0.999999 -0.000854999 -0.000272 0.000854999 0.999999 -0.0044735 0.00845753 -0.0125269
FixedParameters: 0 0 0

#Transform 18
Transform: AffineTransform_float_3_3
Parameters: 1 -1.09344e-07 0.000272 -1.09344e-07 1 0.000402 -0.000272 -0.000402 1 -0.00445083 -0.0300031 0.0708417
FixedParameters: 0 0 0

#Transform 19
Transform: AffineTransform_float_3_3
Parameters: 1 -1.22128e-07 0.000272 -1.22128e-07 1 0.000449 -0.000272 -0.000449 1 -0.00444492 -0.03077 0.092565
FixedParameters: 0 0 0

#Transform 20
Transform: AffineTransform_float_3_3
Parameters: 1 -0.000183843 0.000272106 0.000184157 1 -0.00057695 -0.000271894 0.00057705 1 -0.00296569 0.0119517 -0.0200376
FixedParameters: 0 0 0

#Transform 21
Transform: AffineTransform_float_3_3
Parameters: 1 0.000145954 0.000272025 -0.000146046 1 0.00016896 -0.000271975 -0.00016904 1 -0.00567373 -0.0102604 0.105189
FixedParameters: 0 0 0

#Transform 22
Transform: AffineTransform_float_3_3
Parameters: 1 -0.000255132 0.000271876 0.000254868 1 0.000485069 -0.000272124 -0.00048493 1 -0.00232856 -0.0317781 0.0918988
FixedParameters: 0 0 0

#Transform 23
Transform: AffineTransform_float_3_3
Parameters: 1 3.744e-09 9e-06 3.744e-09 1 -0.000416 -9e-06 0.000416 1 -0.000222235 0.0245872 -0.0123166
FixedParameters: 0 0 0

#Transform 24
Transform: AffineTransform_float_3_3
Parameters: 1 -0.000212864 -0.000172168 0.000213136 0.999999 0.000786963 0.000172832 -0.000787036 0.999999 0.0130109 -0.0287975 0.0956786
FixedParameters: 0 0 0

#Transform 25
Transform: AffineTransform_float_3_3
Parameters: 1 -2.688e-08 0.000192 -2.688e-08 1 0.00014 -0.000192 -0.00014 1 0.0157319 -0.0179935 0.0912738
FixedParameters: 0 0 0

#Transform 26
Transform: AffineTransform_float_3_3
Parameters: 1 -0.00022495 4.62466e-05 0.00022405 1 -0.00109599 -4.57545e-05 0.00109601 1 0.0354106 -0.027542 -0.00865284
FixedParameters: 0 0 0

#Transform 27
Transform: AffineTransform_float_3_3
Parameters: 1 0.000177919 0.000270054 -0.000178081 1 0.000300952 -0.000269946 -0.000301048 1 0.00513291 -0.0404597 0.116401
FixedParameters: 0 0 0

#Transform 28
Transform: AffineTransform_float_3_3
Parameters: 1 0.000185014 -4.19395e-05 -0.000184986 1 0.000327008 4.20605e-05 -0.000326992 1 0.0112596 -0.0309667 0.0699447
FixedParameters: 0 0 0

#Transform 29
Transform: AffineTransform_float_3_3
Parameters: 1 0.000184895 -0.000172112 -0.000185104 1 -0.000607968 0.000171887 0.000608032 1 -0.00751154 -0.0182911 0.0924617
FixedParameters: 0 0 0

#Transform 30
Transform: AffineTransform_float_3_3
Parameters: 1 0.000184887 0.000135155 -0.000185113 0.999999 0.000836974 -0.000134845 -0.000837024 0.999999 -0.00365823 -0.0416493 0.101045
FixedParameters: 0 0 0

#Transform 31
Transform: AffineTransform_float_3_3
Parameters: 1 -4.52637e-05 -0.000276957 4.57363e-05 0.999999 -0.000952013 0.000277044 0.000951988 1 -0.00158425 0.00499635 -0.00167345
FixedParameters: 0 0 0

#Transform 32
Transform: AffineTransform_float_3_3
Parameters: 1 0.000184836 0.000182166 -0.000185163 0.999999 0.000898966 -0.000181834 -0.000899033 0.999999 -0.00446317 -0.0486903 0.115273
FixedParameters: 0 0 0

#Transform 33
Transform: AffineTransform_float_3_3
Parameters: 1 5.59697e-05 0.000109016 -5.60303e-05 1 0.000277994 -0.000108984 -0.000278006 1 -0.00227143 -0.0195052 0.0967537
FixedParameters: 0 0 0

#Transform 34
Transform: AffineTransform_float_3_3
Parameters: 1 0.000392674 0.000437396 -0.000392326 0.999998 -0.00154017 -0.000437604 0.00153983 0.999998 -0.0166158 -0.0196873 -0.00228579
FixedParameters: 0 0 0

#Transform 35
Transform: AffineTransform_float_3_3
Parameters: 1 0.000185593 0.000279607 -0.000185406 0.999997 -0.00212005 -0.000280394 0.00211995 0.999997 -0.00609862 0.0136195 0.0310582
FixedParameters: 0 0 0

#Transform 36
Transform: AffineTransform_float_3_3
Parameters: 1 8.22189e-05 0.000527812 -8.07829e-05 0.999998 -0.00230904 -0.000527188 0.00230896 0.999997 -0.00928061 0.00910562 0.0128606
FixedParameters: 0 0 0

#Transform 37
Transform: AffineTransform_float_3_3
Parameters: 1 6.99935e-05 -3.14678e-06 -7.00061e-05 0.999998 -0.002097 2.8532e-06 0.002097 0.999998 -0.000574688 0.034515 0.0022096
FixedParameters: 0 0 0

#Transform 38
Transform: AffineTransform_float_3_3
Parameters: 1 2.19381e-05 0.000180008 -2.20619e-05 1 0.000343996 -0.000179992 -0.000344004 1 -0.00313556 -0.0340172 0.0781115
FixedParameters: 0 0 0

#Transform 39
Transform: AffineTransform_float_3_3
Parameters: 1 3.7485e-05 -0.000214091 -3.75172e-05 0.999997 -0.00240599 0.00021491 0.00240601 0.999997 -0.013516 0.00407981 -0.0210973
FixedParameters: 0 0 0

#Transform 40
Transform: AffineTransform_float_3_3
Parameters: 1 0.000124001 0.000210999 -0.000123999 1 -6.02616e-06 -0.000211001 5.97384e-06 1 -0.00446048 -0.051116 0.10334
FixedParameters: 0 0 0

#Transform 41
Transform: AffineTransform_float_3_3
Parameters: 1 0.000133043 2.37624e-05 -0.000132957 0.999999 -0.001786 -2.42375e-05 0.001786 0.999999 -0.00154331 0.00281594 -0.0329506
FixedParameters: 0 0 0

#Transform 42
Transform: AffineTransform_float_3_3
Parameters: 1 -1.89219e-05 7.10209e-05 1.90792e-05 1 -0.0011 -7.19791e-05 0.0011 1 -0.00108181 -0.0105764 0.0514755
FixedParameters: 0 0 0

#Transform 43
Transform: AffineTransform_float_3_3
Parameters: 1 0.000133273 0.000197817 -0.000132727 0.999999 -0.00137803 -0.000198183 0.00137797 0.999999 -0.015644 -0.0167565 -0.00726006
FixedParameters: 0 0 0

#Transform 44
Transform: AffineTransform_float_3_3
Parameters: 1 0.00022041 0.000205562 -0.000219589 0.999998 -0.00199105 -0.000206438 0.00199095 0.999998 -0.0377414 0.013208 -0.0257588
FixedParameters: 0 0 0

#Transform 45
Transform: AffineTransform_float_3_3
Parameters: 1 0.000133013 6.19726e-05 -0.000132987 1 -0.000206008 -6.20274e-05 0.000205992 1 -0.0129392 -0.0439501 0.0873983
FixedParameters: 0 0 0

#Transform 46
Transform: AffineTransform_float_3_3
Parameters: 1 0.000133292 0.000162761 -0.000132707 0.999999 -0.00179402 -0.000163238 0.00179398 0.999999 -0.0388366 0.000698621 -0.0625051
FixedParameters: 0 0 0

#Transform 47
Transform: AffineTransform_float_3_3
Parameters: 1 0.000133136 0.000398955 -0.000132864 1 -0.000341053 -0.000399045 0.000340947 1 -0.0335813 -0.0419263 0.0961096
FixedParameters: 0 0 0

#Transform 48
Transform: AffineTransform_float_3_3
Parameters: 1 0.000133308 0.000197793 -0.000132692 0.999999 -0.00155703 -0.000198207 0.00155697 0.999999 -0.00587705 -0.0220382 -0.0294031
FixedParameters: 0 0 0

#Transform 49
Transform: AffineTransform_float_3_3
Parameters: 1 0.000133131 7.1758e-05 -0.000132869 0.999999 -0.00181901 -7.22418e-05 0.00181899 0.999999 -0.0150202 0.00529158 0.0372521
FixedParameters: 0 0 0

#Transform 50
Transform: AffineTransform_float_3_3
Parameters: 1 0.000133006 5.99872e-05 -0.000132994 1 -9.6008e-05 -6.00128e-05 9.5992e-05 1 -0.00582049 -0.0457939 0.0831914
FixedParameters: 0 0 0

#Transform 51
Transform: AffineTransform_float_3_3
Parameters: 1 0.000132918 -3.63018e-05 -0.000132081 0.999998 -0.00227 3.57003e-05 0.00227001 0.999998 -0.0266776 0.0102818 -0.0596016
FixedParameters: 0 0 0

#Transform 52
Transform: AffineTransform_float_3_3
Parameters: 1 0.000133046 -0.000374984 -0.000132954 1 0.00012305 0.000375016 -0.00012295 1 -0.0106318 -0.0494189 0.0928212
FixedParameters: 0 0 0

#Transform 53
Transform: AffineTransform_float_3_3
Parameters: 1 0.000133012 4.49653e-05 -0.000132988 1 -0.000261006 -4.50347e-05 0.000260994 1 -0.0173639 -0.0351413 0.0661567
FixedParameters: 0 0 0

#Transform 54
Transform: AffineTransform_float_3_3
Parameters: 1 0.000133097 5.0747e-05 -0.000132903 0.999998 -0.00190201 -5.12529e-05 0.00190199 0.999998 -0.0280647 -0.00729401 -0.0281065
FixedParameters: 0 0 0

#Transform 55
Transform: AffineTransform_float_3_3
Parameters: 1 0.000133013 9.79827e-05 -0.000132987 1 -0.000130013 -9.80173e-05 0.000129987 1 -0.0216599 -0.0357997 0.0925426
FixedParameters: 0 0 0

#Transform 56
Transform: AffineTransform_float_3_3
Parameters: 1 0.000132968 0.000377012 -0.000133033 1 8.69498e-05 -0.000376988 -8.60501e-05 1 -0.0333445 -0.0489746 0.0479618
FixedParameters: 0 0 0

#Transform 57
Transform: AffineTransform_float_3_3
Parameters: 1 0.000133126 0.000225926 -0.000132874 1 -0.00055803 -0.000226074 0.00055797 1 -0.0309349 -0.0255971 -0.0538219
FixedParameters: 0 0 0

#Transform 58
Transform: AffineTransform_float_3_3
Parameters: 1 0.000133317 -0.000374887 -0.000132684 0.999999 0.000845049 0.000374112 -0.00084495 0.999999 2.12641e-05 -0.0612787 0.0832237
FixedParameters: 0 0 0

#Transform 59
Transform: AffineTransform_float_3_3
Parameters: 1 -0.000188011 0.000130985 0.000187989 1 8.10246e-05 -0.000131015 -8.09754e-05 1 0.0128148 -0.0388752 0.0807563
FixedParameters: 0 0 0

#Transform 60
Transform: AffineTransform_float_3_3
Parameters: 1 0.000132825 -0.000375062 -0.000132175 1 -0.00046595 0.000374938 0.00046605 1 0.0138632 -0.0400504 -0.0264376
FixedParameters: 0 0 0

#Transform 61
Transform: AffineTransform_float_3_3
Parameters: 1 -8.39315e-05 -0.00014304 8.40685e-05 1 0.000478988 0.00014296 -0.000479012 1 -0.00183482 -0.0451855 0.122329
FixedParameters: 0 0 0

#Transform 62
Transform: AffineTransform_float_3_3
Parameters: 1 2.00332e-05 -0.000113994 -1.99668e-05 1 0.000291002 0.000114006 -0.000290998 1 -0.0032477 -0.0318806 0.0766892
FixedParameters: 0 0 0

#Transform 63
Transform: AffineTransform_float_3_3
Parameters: 1 0.000133165 -0.000374941 -0.000132835 1 0.00044105 0.000374059 -0.00044095 1 1.96605e-05 -0.00911936 0.105999
FixedParameters: 0 0 0

#Transform 64
Transform: AffineTransform_float_3_3
Parameters: 1 -0.000182967 -7.6079e-05 0.000183033 1 0.000431986 7.59209e-05 -0.000432014 1 0.0044364 -0.0416728 0.128214
FixedParameters: 0 0 0

#Transform 65
Transform: AffineTransform_float_3_3
Parameters: 1 -0.000238962 -0.000144063 0.000239038 1 0.000262966 0.000143937 -0.000263034 1 -0.000544341 -0.0104373 0.0371031
FixedParameters: 0 0 0

#Transform 66
Transform: AffineTransform_float_3_3
Parameters: 1 0.000133027 0.000235985 -0.000132973 1 -0.000113031 -0.000236015 0.000112969 1 0.00826225 -0.023129 0.0867928
FixedParameters: 0 0 0

#Transform 67
Transform: AffineTransform_float_3_3
Parameters: 1 0.000132866 0.000200089 -0.000132134 1 0.000669973 -0.000199911 -0.000670026 1 -0.00382341 -0.0445705 0.0909047
FixedParameters: 0 0 0

#Transform 68
Transform: AffineTransform_float_3_3
Parameters: 1 0.000132621 -0.000302167 -0.000132379 0.999999 -0.00125596 0.000301834 0.00125504 0.999999 0.0204411 -0.00456168 0.00751351
FixedParameters: 0 0 0

#Transform 69
Transform: AffineTransform_float_3_3
Parameters: 1 -0.000277057 8.58169e-05 0.000276943 0.999999 0.000661023 -8.61831e-05 -0.000660976 1 0.0638578 -0.0876518 0.0957423
FixedParameters: 0 0 0

#Transform 70
Transform: AffineTransform_float_3_3
Parameters: 1 -0.000276996 3.38337e-06 0.000277004 0.999999 -0.001384 -2.61663e-06 0.001384 0.999999 0.0699049 -0.0186648 -0.00310458
FixedParameters: 0 0 0

#Transform 71
Transform: AffineTransform_float_3_3
Parameters: 1 -0.000277768 0.000919769 0.000277232 0.999999 0.000835255 -0.000919232 -0.000834745 0.999999 0.0551516 -0.0857668 0.116313
FixedParameters: 0 0 0

#Transform 72
Transform: AffineTransform_float_3_3
Parameters: 0.999999 -0.000468086 0.000920465 0.000468914 1 -0.000993569 -0.000919534 0.000993431 0.999999 0.0565316 -0.0612593 0.00993837
FixedParameters: 0 0 0

#Transform 73
Transform: AffineTransform_float_3_3
Parameters: 1 -0.000277026 0.000509985 0.000276973 1 5.21413e-05 -0.000510014 -5.18587e-05 1 0.0818597 -0.0729236 0.117055
FixedParameters: 0 0 0

#Transform 74
Transform: AffineTransform_float_3_3
Parameters: 0.999999 -0.000277161 0.000653931 0.000276839 1 0.000246181 -0.000654068 -0.000245819 1 0.0572222 -0.0680746 0.0972086
FixedParameters: 0 0 0

#Transform 75
Transform: AffineTransform_float_3_3
Parameters: 1 -0.000376496 0.000400474 0.000377505 0.999999 -0.00125885 -0.000400525 0.00125915 0.999999 0.120134 -0.0387509 -0.00268489
FixedParameters: 0 0 0

#Transform 76
Transform: AffineTransform_float_3_3
Parameters: 0.999999 -0.000617482 0.00060651 0.000617519 1 0.000793375 -0.00060649 -0.000793626 0.999999 0.0736674 -0.0906594 0.0946207
FixedParameters: 0 0 0

#Transform 77
Transform: AffineTransform_float_3_3
Parameters: 0.999999 -0.000519513 0.000493514 0.000520487 1 -0.000987744 -0.000492486 0.000988257 1 0.122317 -0.0381654 -0.0111236
FixedParameters: 0 0 0

#Transform 78
Transform: AffineTransform_float_3_3
Parameters: 0.999999 -0.000724235 0.00100011 0.000722765 0.999999 0.00123472 -0.00100089 -0.00123428 0.999998 0.145596 -0.0980403 0.0659722
FixedParameters: 0 0 0

#Transform 79
Transform: AffineTransform_float_3_3
Parameters: 1 -0.000722551 0.000967337 0.00072245 0.999999 -0.000464302 -0.000967665 0.0004647 1 0.146322 -0.0682941 -0.0857487
FixedParameters: 0 0 0

#Transform 80
Transform: AffineTransform_float_3_3
Parameters: 0.999999 -0.000723541 0.000695438 0.00072246 1 0.000777504 -0.000695562 -0.000777498 1 0.150916 -0.0852111 0.125893
FixedParameters: 0 0 0

#Transform 81
Transform: AffineTransform_float_3_3
Parameters: 0.999998 -0.000724211 0.00222961 0.000722789 0.999999 0.000543613 -0.00223039 -0.000542386 0.999998 0.132128 -0.0870644 -0.00780816
FixedParameters: 0 0 0

#Transform 82
Transform: AffineTransform_float_3_3
Parameters: 0.999998 -0.00147783 0.00144618 0.00147817 0.999999 -0.000117863 -0.00144682 0.000120138 0.999999 0.211665 -0.12536 -0.101909
FixedParameters: 0 0 0

#Transform 83
Transform: AffineTransform_float_3_3
Parameters: 0.999997 -0.000925227 0.00223508 0.000922774 0.999999 0.000997065 -0.00223592 -0.000994934 0.999997 0.17575 -0.165362 -0.00331589
FixedParameters: 0 0 0

#Transform 84
Transform: AffineTransform_float_3_3
Parameters: 0.999998 -0.00126871 0.00167822 0.00126929 0.999999 -0.00016987 -0.00167778 0.000172129 0.999998 0.190981 -0.121566 -0.0691105
FixedParameters: 0 0 0

#Transform 85
Transform: AffineTransform_float_3_3
Parameters: 0.999997 -0.00104867 0.00188152 0.00104533 0.999999 0.00141697 -0.00188348 -0.00141503 0.999997 0.1856 -0.183933 0.0150413
FixedParameters: 0 0 0

#Transform 86
Transform: AffineTransform_float_3_3
Parameters: 0.999996 -0.00147784 0.00217611 0.00147816 0.999999 -7.37836e-05 -0.00217589 7.62158e-05 0.999997 0.222727 -0.179006 -0.147587
FixedParameters: 0 0 0

#Transform 87
Transform: AffineTransform_float_3_3
Parameters: 0.999998 -0.000942816 0.00187659 0.000940185 0.999999 0.00150077 -0.00187741 -0.00149923 0.999997 0.177772 -0.161717 0.0647289
FixedParameters: 0 0 0

#Transform 88
Transform: AffineTransform_float_3_3
Parameters: 0.999997 -0.00103733 0.00222244 0.00103367 0.999999 0.0015013 -0.00222355 -0.0014987 0.999996 0.150368 -0.149473 0.0262428
FixedParameters: 0 0 0

#Transform 89
Transform: AffineTransform_float_3_3
Parameters: 0.999997 -0.000926015 0.00220416 0.000923985 0.999999 0.00091504 -0.00220485 -0.000912961 0.999997 0.172947 -0.162282 0.0233454
FixedParameters: 0 0 0

#Transform 90
Transform: AffineTransform_float_3_3
Parameters: 0.999996 -0.000568643 0.00280606 0.000564359 0.999999 0.00165459 -0.00280694 -0.00165341 0.999994 0.157044 -0.190568 0.00552655
FixedParameters: 0 0 0

#Transform 91
Transform: AffineTransform_float_3_3
Parameters: 0.999997 -0.00105862 0.00222723 0.00105738 0.999999 0.000729358 -0.00222877 -0.000726643 0.999998 0.188337 -0.189994 -0.129761
FixedParameters: 0 0 0

#Transform 92
Transform: AffineTransform_float_3_3
Parameters: 0.999994 -0.00125449 0.00328429 0.00124951 0.999999 0.00136811 -0.00328571 -0.00136389 0.999993 0.1907 -0.217026 -0.0175026
FixedParameters: 0 0 0

#Transform 93
Transform: AffineTransform_float_3_3
Parameters: 0.999994 -0.00125354 0.00323763 0.00125046 0.999998 0.00109605 -0.00323937 -0.00109195 0.999994 0.196626 -0.205469 -0.0605036
FixedParameters: 0 0 0

#Transform 94
Transform: AffineTransform_float_3_3
Parameters: 0.999993 -0.00125276 0.00338298 0.00125024 0.999999 0.000817235 -0.00338402 -0.000812766 0.999994 0.218985 -0.203353 -0.0768022
FixedParameters: 0 0 0

#Transform 95
Transform: AffineTransform_float_3_3
Parameters: 0.999991 -0.00145926 0.00402109 0.00145474 0.999998 0.00131086 -0.00402291 -0.00130514 0.999991 0.233561 -0.22949 -0.0700561
FixedParameters: 0 0 0

#Transform 96
Transform: AffineTransform_float_3_3
Parameters: 0.999995 -0.00190514 0.00275991 0.00190486 0.999998 5.32576e-05 -0.0027601 -4.77419e-05 0.999996 0.300363 -0.226508 -0.134837
FixedParameters: 0 0 0

#Transform 97
Transform: AffineTransform_float_3_3
Parameters: 0.99999 -0.00182125 0.00419273 0.00181575 0.999998 0.00125563 -0.00419528 -0.00124837 0.999991 0.257639 -0.245097 0.0110254
FixedParameters: 0 0 0

#Transform 98
Transform: AffineTransform_float_3_3
Parameters: 0.999991 -0.00190583 0.00380158 0.00190517 0.999998 0.000221245 -0.00380141 -0.000213757 0.999993 0.277195 -0.22049 -0.109628
FixedParameters: 0 0 0

#Transform 99
Transform: AffineTransform_float_3_3
Parameters: 0.999992 -0.0019084 0.00348614 0.0019056 0.999997 0.000979651 -0.00348786 -0.000972352 0.999994 0.284014 -0.258903 -0.048402
FixedParameters: 0 0 0

#Transform 100
Transform: AffineTransform_float_3_3
Parameters: 0.999989 -0.00190905 0.00414613 0.00190495 0.999997 0.000980908 -0.00414786 -0.000972091 0.999991 0.303315 -0.267411 -0.0856134
FixedParameters: 0 0 0

#Transform 101
Transform: AffineTransform_float_3_3
Parameters: 0.999991 -0.00190697 0.00397005 0.00190502 0.999998 0.000501568 -0.00397095 -0.000493432 0.999992 0.326665 -0.25118 -0.0994376
FixedParameters: 0 0 0

#Transform 102
Transform: AffineTransform_float_3_3
Parameters: 0.999989 -0.00191203 0.00443297 0.00190497 0.999997 0.00159046 -0.00443603 -0.00158154 0.999989 0.340496 -0.285189 -0.077041
FixedParameters: 0 0 0

#Transform 103
Transform: AffineTransform_float_3_3
Parameters: 0.999993 -0.0019049 0.00305106 0.0019051 0.999998 -2.91876e-05 -0.00305094 3.4812e-05 0.999996 0.34858 -0.255959 -0.156115
FixedParameters: 0 0 0

#Transform 104
Transform: AffineTransform_float_3_3
Parameters: 0.999995 -0.00128168 0.00268029 0.00127632 0.999997 0.00211943 -0.00268271 -0.00211557 0.999994 0.201762 -0.164233 0.120863
FixedParameters: 0 0 0

#Transform 105
Transform: AffineTransform_float_3_3
Parameters: 0.999996 -0.000692524 0.00253104 0.000688474 0.999999 0.00139375 -0.00253196 -0.00139125 0.999996 0.165983 -0.140659 0.0345183
FixedParameters: 0 0 0

#Transform 106
Transform: AffineTransform_float_3_3
Parameters: 0.999996 -0.000692017 0.00249716 0.00068898 0.999999 0.00120972 -0.00249883 -0.00120728 0.999996 0.15716 -0.126541 0.0927951
FixedParameters: 0 0 0

#Transform 107
Transform: AffineTransform_float_3_3
Parameters: 0.999997 -0.000694093 0.00256463 0.000688908 0.999998 0.00198577 -0.00256637 -0.00198422 0.999994 0.14157 -0.134129 0.0626974
FixedParameters: 0 0 0

#Transform 108
Transform: AffineTransform_float_3_3
Parameters: 0.999997 -0.000743329 0.00202114 0.00074167 0.999999 0.0011535 -0.00202186 -0.0011515 0.999998 0.15981 -0.102506 0.0226055
FixedParameters: 0 0 0

#Transform 109
Transform: AffineTransform_float_3_3
Parameters: 0.999998 -0.000188657 0.00165559 0.000185341 0.999997 0.00220931 -0.00165641 -0.00220869 0.999996 0.0945118 -0.135594 0.12392
FixedParameters: 0 0 0

#Transform 110
Transform: AffineTransform_float_3_3
Parameters: 0.999998 -0.000411505 0.00157335 0.000409496 0.999998 0.00159165 -0.00157365 -0.00159135 0.999998 0.107771 -0.105913 0.050606
FixedParameters: 0 0 0

#Transform 111
Transform: AffineTransform_float_3_3
Parameters: 0.999998 -0.00018026 0.00165565 0.000176739 0.999998 0.00196929 -0.00165635 -0.0019687 0.999996 0.0874957 -0.113134 0.12991
FixedParameters: 0 0 0

#Transform 112
Transform: AffineTransform_float_3_3
Parameters: 0.999999 -0.000370132 0.00146946 0.000368869 0.999999 0.00145054 -0.00146954 -0.00145046 0.999998 0.0790484 -0.10754 0.088398
FixedParameters: 0 0 0

#Transform 113
Transform: AffineTransform_float_3_3
Parameters: 0.999999 -0.000203795 0.00128272 0.000202207 0.999999 0.00139826 -0.00128228 -0.00139874 0.999998 0.0801145 -0.0980299 0.114736
FixedParameters: 0 0 0

#Transform 114
Transform: AffineTransform_float_3_3
Parameters: 0.999999 -0.000284252 0.00120347 0.000282749 0.999998 0.00187134 -0.00120353 -0.00187066 0.999997 0.0534302 -0.128131 0.15144
FixedParameters: 0 0 0

#Transform 115
Transform: AffineTransform_float_3_3
Parameters: 0.999999 -0.000308585 0.00139265 0.000307415 1 0.00113843 -0.00139235 -0.00113757 0.999999 0.0709522 -0.0908474 0.0258779
FixedParameters: 0 0 0

#Transform 116
Transform: AffineTransform_float_3_3
Parameters: 0.999999 -0.00028389 0.00122033 0.000281109 0.999997 0.00236735 -0.00122167 -0.00236766 0.999997 0.0543572 -0.144935 0.135582
FixedParameters: 0 0 0

#Transform 117
Transform: AffineTransform_float_3_3
Parameters: 0.999998 -0.000132702 0.00164278 0.000129298 0.999998 0.00164521 -0.00164221 -0.00164478 0.999998 0.0528776 -0.113826 0.0663553
FixedParameters: 0 0 0

#Transform 118
Transform: AffineTransform_float_3_3
Parameters: 0.999999 -0.00013278 0.00139274 0.000130221 0.999998 0.00199618 -0.00139226 -0.00199582 0.999997 0.0695719 -0.119503 0.0612835
FixedParameters: 0 0 0

#Transform 119
Transform: AffineTransform_float_3_3
Parameters: 1 -1.82636e-05 0.00108096 1.67363e-05 0.999998 0.00209402 -0.00108104 -0.00209398 0.999997 0.04079 -0.140068 0.130865
FixedParameters: 0 0 0

#Transform 120
Transform: AffineTransform_float_3_3
Parameters: 0.999999 0.000129126 0.00139318 -0.000130875 0.999999 0.00134582 -0.00139283 -0.00134518 0.999998 0.0145891 -0.104652 0.0134864
FixedParameters: 0 0 0

#Transform 121
Transform: AffineTransform_float_3_3
Parameters: 0.999999 -2.20125e-05 0.000956956 1.99874e-05 0.999998 0.00210302 -0.000957044 -0.00210298 0.999998 0.0457142 -0.140463 0.136642
FixedParameters: 0 0 0

#Transform 122
Transform: AffineTransform_float_3_3
Parameters: 1 -2.20843e-05 0.00106996 1.99156e-05 0.999998 0.00194802 -0.00107004 -0.00194798 0.999998 0.0419249 -0.138168 0.0461163
FixedParameters: 0 0 0

#Transform 123
Transform: AffineTransform_float_3_3
Parameters: 1 -2.17585e-05 0.00105997 1.92414e-05 0.999998 0.00165902 -0.00106003 -0.00165898 0.999998 0.0481399 -0.114734 0.143359
FixedParameters: 0 0 0

#Transform 124
Transform: AffineTransform_float_3_3
Parameters: 1 -2.26011e-05 0.00110495 1.93988e-05 0.999997 0.00235402 -0.00110505 -0.00235398 0.999996 0.0433836 -0.134299 0.123913
FixedParameters: 0 0 0

#Transform 125
Transform: AffineTransform_float_3_3
Parameters: 0.999999 -2.09236e-05 0.000770975 2.00763e-05 1 0.00119802 -0.000771024 -0.00119798 0.999999 0.0343621 -0.0880222 0.0831747
FixedParameters: 0 0 0

#Transform 126
Transform: AffineTransform_float_3_3
Parameters: 0.999999 -2.18843e-05 0.000770948 2.01156e-05 0.999997 0.00244402 -0.000771051 -0.00244398 0.999996 0.0421582 -0.129745 0.152211
FixedParameters: 0 0 0

#Transform 127
Transform: AffineTransform_float_3_3
Parameters: 0.999999 -2.22591e-05 0.00132496 1.97408e-05 0.999998 0.00170503 -0.00132504 -0.00170497 0.999997 0.0397685 -0.0945809 0.0591518
FixedParameters: 0 0 0

#Transform 128
Transform: AffineTransform_float_3_3
Parameters: 0.999999 -2.16106e-05 0.000770957 1.93893e-05 0.999998 0.00208902 -0.000771042 -0.00208898 0.999998 0.0253812 -0.121673 0.125162
FixedParameters: 0 0 0

#Transform 129
Transform: AffineTransform_float_3_3
Parameters: 0.999999 -2.16047e-05 0.000874961 1.93952e-05 0.999999 0.00183402 -0.000875037 -0.00183398 0.999998 0.0281588 -0.104584 0.152255
FixedParameters: 0 0 0

#Transform 130
Transform: AffineTransform_float_3_3
Parameters: 1 0.000139683 0.00114029 -0.000142316 0.999998 0.00203184 -0.00113971 -0.00203216 0.999998 0.0238721 -0.0995292 0.0480526
FixedParameters: 0 0 0

#Transform 131
Transform: AffineTransform_float_3_3
Parameters: 0.999999 0.000556903 0.00122895 -0.000559098 0.999999 0.00170731 -0.00122805 -0.00170769 0.999998 0.0151433 -0.106341 0.162275
FixedParameters: 0 0 0

#Transform 132
Transform: AffineTransform_float_3_3
Parameters: 0.999999 0.000204221 0.00126945 -0.000207778 0.999997 0.00218974 -0.00126855 -0.00218926 0.999997 0.0200811 -0.11469 0.14111
FixedParameters: 0 0 0

#Transform 133
Transform: AffineTransform_float_3_3
Parameters: 1 0.000256493 0.00109935 -0.000257508 0.999999 0.00137072 -0.00109965 -0.00137128 0.999999 0.0102019 -0.0788268 0.0766463
FixedParameters: 0 0 0

#Transform 134
Transform: AffineTransform_float_3_3
Parameters: 0.999999 0.000132495 0.00136025 -0.000135505 0.999999 0.00184182 -0.00135975 -0.00184218 0.999998 0.0138938 -0.109202 0.189731
FixedParameters: 0 0 0

#Transform 135
Transform: AffineTransform_float_3_3
Parameters: 1 0.000185717 0.0010794 -0.000188284 0.999997 0.0021148 -0.0010796 -0.0021152 0.999997 0.010195 -0.113639 0.107211
FixedParameters: 0 0 0

#Transform 136
Transform: AffineTransform_float_3_3
Parameters: 0.999999 0.000186376 0.00125324 -0.000188625 0.999999 0.00129677 -0.00125276 -0.00129624 0.999999 0.0103421 -0.0872559 0.131847
FixedParameters: 0 0 0

#Transform 137
Transform: AffineTransform_float_3_3
Parameters: 0.999999 0.000186008 0.000771483 -0.000187991 0.999996 0.00258286 -0.000770517 -0.00258314 0.999997 0.025854 -0.121044 0.164054
FixedParameters: 0 0 0

#Transform 138
Transform: AffineTransform_float_3_3
Parameters: 0.999999 0.000187064 0.000955183 -0.000188936 0.999999 0.00097982 -0.000954815 -0.000980179 0.999999 0.0117647 -0.0700688 0.101301
FixedParameters: 0 0 0

#Transform 139
Transform: AffineTransform_float_3_3
Parameters: 0.999999 2.13541e-05 0.000953038 -2.26458e-05 0.999999 0.00172698 -0.000952962 -0.00172702 0.999998 0.0215902 -0.113739 0.194113
FixedParameters: 0 0 0

#Transform 140
Transform: AffineTransform_float_3_3
Parameters: 0.999999 0.000186603 0.000771339 -0.000188397 0.999999 0.00181286 -0.00077066 -0.00181215 0.999998 0.0341046 -0.116909 0.085894
FixedParameters: 0 0 0

#Transform 141
Transform: AffineTransform_float_3_3
Parameters: 0.999999 0.000186724 0.00077131 -0.000188275 0.999998 0.00165386 -0.00077069 -0.00165414 0.999999 0.0275661 -0.119717 0.198777
FixedParameters: 0 0 0

#Transform 142
Transform: AffineTransform_float_3_3
Parameters: 1 0.000185405 0.00111743 -0.000188597 0.999998 0.00232279 -0.00111756 -0.00232321 0.999996 0.0219633 -0.137076 0.140742
FixedParameters: 0 0 0

#Transform 143
Transform: AffineTransform_float_3_3
Parameters: 1 0.000186424 0.00108327 -0.000188576 0.999999 0.0014548 -0.00108273 -0.0014552 0.999999 0.0531329 -0.118128 0.0619523
FixedParameters: 0 0 0

#Transform 144
Transform: AffineTransform_float_3_3
Parameters: 1 0.000185451 0.00102247 -0.000188551 0.999997 0.00249381 -0.00102253 -0.00249419 0.999997 0.0299928 -0.153379 0.155651
FixedParameters: 0 0 0

#Transform 145
Transform: AffineTransform_float_3_3
Parameters: 0.999999 0.000186748 0.000896261 -0.000188251 0.999999 0.00139683 -0.000895737 -0.00139717 0.999998 0.0283772 -0.100504 0.109241
FixedParameters: 0 0 0

#Transform 146
Transform: AffineTransform_float_3_3
Parameters: 0.999999 0.000185714 0.00123935 -0.000188286 0.999999 0.00184477 -0.00123866 -0.00184523 0.999998 0.0100325 -0.1254 0.191449
FixedParameters: 0 0 0

#Transform 147
Transform: AffineTransform_float_3_3
Parameters: 1 0.000185443 0.0012074 -0.000188556 0.999997 0.00211777 -0.0012066 -0.00211822 0.999997 0.0392346 -0.123781 0.0829946
FixedParameters: 0 0 0

#Transform 148
Transform: AffineTransform_float_3_3
Parameters: 0.999999 0.000185181 0.00138138 -0.00018882 0.999998 0.00204074 -0.00138162 -0.00204126 0.999997 0.0363999 -0.146245 0.151439
FixedParameters: 0 0 0

#Transform 149
Transform: AffineTransform_float_3_3
Parameters: 0.999999 0.000185745 0.00089747 -0.000188256 0.999997 0.00251283 -0.00089753 -0.00251317 0.999997 0.0256072 -0.143164 0.0887187
FixedParameters: 0 0 0

#Transform 150
Transform: AffineTransform_float_3_3
Parameters: 0.999999 0.000185759 0.00136131 -0.000188241 0.999998 0.00164574 -0.00136169 -0.00164625 0.999997 0.0367303 -0.122954 0.141458
FixedParameters: 0 0 0

#Transform 151
Transform: AffineTransform_float_3_3
Parameters: 0.999999 0.000185914 0.000771505 -0.000188085 0.999997 0.00270486 -0.000770494 -0.00270515 0.999996 0.022593 -0.139694 0.14775
FixedParameters: 0 0 0

#Transform 152
Transform: AffineTransform_float_3_3
Parameters: 0.999998 0.000185618 0.00157428 -0.000188382 0.999999 0.0015127 -0.00157472 -0.00151329 0.999997 0.0114989 -0.093892 0.0912562
FixedParameters: 0 0 0

#Transform 153
Transform: AffineTransform_float_3_3
Parameters: 0.999997 0.000818974 0.00195827 -0.000822027 0.999999 0.00154539 -0.00195673 -0.00154661 0.999997 -0.00194304 -0.166831 0.144654
FixedParameters: 0 0 0

#Transform 154
Transform: AffineTransform_float_3_3
Parameters: 0.999999 0.000170232 0.00129023 -0.000171768 0.999999 0.00136978 -0.00129077 -0.00137022 0.999998 -0.00391609 -0.0799669 0.154746
FixedParameters: 0 0 0

#Transform 155
Transform: AffineTransform_float_3_3
Parameters: 1 0.000199009 0.00114735 -0.000200991 0.999998 0.00173477 -0.00114765 -0.00173523 0.999998 -0.000677804 -0.112999 0.122625
FixedParameters: 0 0 0

#Transform 156
Transform: AffineTransform_float_3_3
Parameters: 1 0.000492237 0.0010918 -0.000493763 0.999998 0.00161446 -0.0010912 -0.00161554 0.999998 -0.00945469 -0.0563788 0.181976
FixedParameters: 0 0 0

#Transform 157
Transform: AffineTransform_float_3_3
Parameters: 0.999999 0.000190068 0.000909406 -0.000191932 0.999997 0.00212583 -0.000908594 -0.00212517 0.999998 0.00258372 -0.104512 0.179725
FixedParameters: 0 0 0

#Transform 158
Transform: AffineTransform_float_3_3
Parameters: 0.999999 0.000129561 0.000909206 -0.000131439 0.999998 0.00158288 -0.000908793 -0.00158312 0.999999 0.0119265 -0.0759806 0.12664
FixedParameters: 0 0 0

#Transform 159
Transform: AffineTransform_float_3_3
Parameters: 0.999999 0.000491652 0.00118897 -0.000494348 0.999998 0.00197541 -0.00118803 -0.00197559 0.999998 -0.00105607 -0.0961152 0.162278
FixedParameters: 0 0 0

#Transform 160
Transform: AffineTransform_float_3_3
Parameters: 0.999999 0.000216683 0.00102849 -0.000219318 0.999998 0.00225278 -0.00102851 -0.00225322 0.999997 -0.00184712 -0.090772 0.197397
FixedParameters: 0 0 0

#Transform 161
Transform: AffineTransform_float_3_3
Parameters: 0.999999 7.68718e-05 0.000909182 -7.81277e-05 0.999998 0.00234093 -0.000908819 -0.00234107 0.999997 0.0165585 -0.0957921 0.0769905
FixedParameters: 0 0 0

#Transform 162
Transform: AffineTransform_float_3_3
Parameters: 0.999999 0.00049247 0.00117764 -0.000493528 0.999999 0.00129842 -0.00117636 -0.00129958 0.999999 -0.000889345 -0.103163 0.177154
FixedParameters: 0 0 0

#Transform 163
Transform: AffineTransform_float_3_3
Parameters: 0.999999 0.000324886 0.000909398 -0.000326114 0.999999 0.0012257 -0.000908601 -0.0012253 0.999999 0.00213868 -0.103276 0.168022
FixedParameters: 0 0 0

#Transform 164
Transform: AffineTransform_float_3_3
Parameters: 0.999999 0.000493204 0.000909432 -0.000493795 0.999999 0.000875551 -0.000908568 -0.000875448 0.999999 -0.00950237 -0.0744259 0.131917
FixedParameters: 0 0 0

#Transform 165
Transform: AffineTransform_float_3_3
Parameters: 1 0.000491365 0.00106023 -0.000493638 0.999997 0.00248748 -0.00105978 -0.00248752 0.999997 0.00103162 -0.123234 0.202162
FixedParameters: 0 0 0

#Transform 166
Transform: AffineTransform_float_3_3
Parameters: 1 0.000492625 0.000909747 -0.000494376 0.999998 0.00151255 -0.000909254 -0.00151245 0.999999 -0.00618509 -0.0868095 0.102664
FixedParameters: 0 0 0

#Transform 167
Transform: AffineTransform_float_3_3
Parameters: 0.999999 0.00049191 0.00119886 -0.00049409 0.999999 0.00174341 -0.00119814 -0.00174459 0.999998 -0.00122154 -0.111437 0.191734
FixedParameters: 0 0 0

#Transform 168
Transform: AffineTransform_float_3_3
Parameters: 1 0.000563018 0.000909609 -0.000563984 1 0.00108049 -0.000909392 -0.00108051 0.999999 -0.0212742 -0.100638 0.162017
FixedParameters: 0 0 0

#Transform 169
Transform: AffineTransform_float_3_3
Parameters: 0.999999 0.00101631 0.00121042 -0.00101869 0.999999 0.00139677 -0.00120958 -0.00139823 0.999999 -0.030282 -0.0781701 0.150973
FixedParameters: 0 0 0

#Transform 170
Transform: AffineTransform_float_3_3
Parameters: 1 0.00042622 0.000909836 -0.00042778 0.999998 0.00195661 -0.000909165 -0.00195739 0.999997 -0.0134087 -0.115006 0.189083
FixedParameters: 0 0 0

#Transform 171
Transform: AffineTransform_float_3_3
Parameters: 0.999999 0.000852382 0.000964432 -0.000854619 0.999998 0.00167818 -0.000963566 -0.00167982 0.999998 -0.0329231 -0.0637011 0.13164
FixedParameters: 0 0 0

#Transform 172
Transform: AffineTransform_float_3_3
Parameters: 1 0.000602528 0.000909977 -0.000603471 0.999998 0.00161745 -0.000909025 -0.00161855 0.999999 -0.00886097 -0.109307 0.213985
FixedParameters: 0 0 0

#Transform 173
Transform: AffineTransform_float_3_3
Parameters: 1 0.000750349 0.000910364 -0.000752651 0.999998 0.00181532 -0.000908635 -0.00181568 0.999998 -0.0312982 -0.0703233 0.107172
FixedParameters: 0 0 0

#Transform 174
Transform: AffineTransform_float_3_3
Parameters: 0.999999 0.000652369 0.00114251 -0.000655631 0.999997 0.00230325 -0.00114149 -0.00230475 0.999996 -0.0346549 -0.0935304 0.203512
FixedParameters: 0 0 0

#Transform 175
Transform: AffineTransform_float_3_3
Parameters: 0.999999 0.000851501 0.00131262 -0.000854499 0.999998 0.00190388 -0.00131138 -0.00190512 0.999998 -0.0340761 -0.0984687 0.13138
FixedParameters: 0 0 0

#Transform 176
Transform: AffineTransform_float_3_3
Parameters: 0.999999 0.000852267 0.000910625 -0.000854734 0.999998 0.00190422 -0.000909374 -0.00190478 0.999998 -0.0330621 -0.0821386 0.204306
FixedParameters: 0 0 0

#Transform 177
Transform: AffineTransform_float_3_3
Parameters: 0.999999 0.000852201 0.000910687 -0.0008538 0.999997 0.00197722 -0.000909313 -0.00197778 0.999997 -0.0340382 -0.0917999 0.150541
FixedParameters: 0 0 0

#Transform 178
Transform: AffineTransform_float_3_3
Parameters: 0.999999 0.000852376 0.000910524 -0.000854624 0.999998 0.00178522 -0.000908476 -0.00178578 0.999998 -0.0305432 -0.0806522 0.219356
FixedParameters: 0 0 0

#Transform 179
Transform: AffineTransform_float_3_3
Parameters: 0.999999 0.000851911 0.000910958 -0.000854089 0.999997 0.00229522 -0.000909041 -0.00229678 0.999997 -0.0308731 -0.104742 0.169476
FixedParameters: 0 0 0

#Transform 180
Transform: AffineTransform_float_3_3
Parameters: 0.999999 0.000852516 0.00120305 -0.000854484 0.999999 0.00123397 -0.00120195 -0.00123403 0.999998 -0.0483058 -0.0687455 0.154706
FixedParameters: 0 0 0

#Transform 181
Transform: AffineTransform_float_3_3
Parameters: 0.999999 0.000852012 0.000910864 -0.000853989 0.999997 0.00218422 -0.000909136 -0.00218578 0.999997 -0.0251189 -0.11143 0.196866
FixedParameters: 0 0 0

#Transform 182
Transform: AffineTransform_float_3_3
Parameters: 0.999999 0.000852819 0.000910108 -0.000854181 0.999999 0.00129822 -0.000908892 -0.00129878 0.999998 -0.0184432 -0.0608772 0.138069
FixedParameters: 0 0 0

#Transform 183
Transform: AffineTransform_float_3_3
Parameters: 0.999999 0.000851916 0.000910954 -0.000854085 0.999997 0.00229022 -0.000909046 -0.00229078 0.999997 -0.0184225 -0.121026 0.216261
FixedParameters: 0 0 0

#Transform 184
Transform: AffineTransform_float_3_3
Parameters: 1 0.000647706 0.000909922 -0.000649294 0.999999 0.00142241 -0.000909077 -0.00142359 0.999998 -0.016779 -0.0911557 0.152564
FixedParameters: 0 0 0

#Transform 185
Transform: AffineTransform_float_3_3
Parameters: 1 0.00045235 0.000909823 -0.000453652 0.999998 0.00181559 -0.000909178 -0.00181541 0.999998 -0.0127139 -0.0977427 0.178419
FixedParameters: 0 0 0

#Transform 186
Transform: AffineTransform_float_3_3
Parameters: 1 0.000451955 0.00091002 -0.000454047 0.999998 0.00224959 -0.000908982 -0.00224941 0.999997 -0.0151186 -0.104751 0.194414
FixedParameters: 0 0 0

#Transform 187
Transform: AffineTransform_float_3_3
Parameters: 1 0.000452239 0.000909878 -0.000453762 0.999998 0.00193659 -0.000909123 -0.00193641 0.999997 -0.0151802 -0.0896845 0.1169
FixedParameters: 0 0 0

#Transform 188
Transform: AffineTransform_float_3_3
Parameters: 1 0.000452003 0.000909995 -0.000453998 0.999998 0.00219559 -0.000909006 -0.00219641 0.999997 -0.0232026 -0.129149 0.21095
FixedParameters: 0 0 0

#Transform 189
Transform: AffineTransform_float_3_3
Parameters: 1 0.000554576 0.00090987 -0.000556424 0.999998 0.00156549 -0.00090913 -0.00156651 0.999999 -0.0239138 -0.101825 0.144736
FixedParameters: 0 0 0

#Transform 190
Transform: AffineTransform_float_3_3
Parameters: 1 0.000635971 0.000910422 -0.00063803 0.999998 0.00223142 -0.000908579 -0.00223158 0.999997 -0.0221031 -0.128189 0.200745
FixedParameters: 0 0 0

#Transform 191
Transform: AffineTransform_float_3_3
