# transform file /out/sourcedata/freesurfer/sub-v1s13x0050011_ses-1/mri/transforms/cc_up.lta
# created by oesteban on Sun Mar  8 14:25:27 2026

type      = 0 # LINEAR_VOX_TO_VOX
nxforms   = 1
mean      = 128.0000 120.0000 114.0000
sigma     = 10000.0000
1 4 4
9.992600083351135e-01 3.842235356569290e-02 -1.728573348373175e-03 -2.890013933181763e+00 
-3.842229396104813e-02 9.992614984512329e-01 6.646493420703337e-05 2.799367904663086e+01 
1.729850657284260e-03 7.275956746821688e-12 9.999984502792358e-01 3.177851676940918e+01 
0.000000000000000e+00 0.000000000000000e+00 0.000000000000000e+00 1.000000000000000e+00 
src volume info
valid = 1  # volume info valid
filename = /out/sourcedata/freesurfer/sub-v1s13x0050011_ses-1/mri/norm.mgz
volume = 256 256 256
voxelsize = 1.000000000000000e+00 1.000000000000000e+00 1.000000000000000e+00
xras   = -9.999999403953552e-01 0.000000000000000e+00 0.000000000000000e+00
yras   = 0.000000000000000e+00 0.000000000000000e+00 -9.999999403953552e-01
zras   = 0.000000000000000e+00 9.999999403953552e-01 0.000000000000000e+00
cras   = -1.529754638671875e+00 1.050796508789062e+00 1.050796508789062e+00
dst volume info
valid = 1  # volume info valid
filename = /out/sourcedata/freesurfer/sub-v1s13x0050011_ses-1/mri/norm.mgz
volume = 256 256 256
voxelsize = 1.000000000000000e+00 1.000000000000000e+00 1.000000000000000e+00
xras   = -9.999999403953552e-01 0.000000000000000e+00 0.000000000000000e+00
yras   = 0.000000000000000e+00 0.000000000000000e+00 -9.999999403953552e-01
zras   = 0.000000000000000e+00 9.999999403953552e-01 0.000000000000000e+00
cras   = -1.529754638671875e+00 1.050796508789062e+00 1.050796508789062e+00
