# transform file transforms/talairach.lta
# created by oesteban on Sun Mar  8 13:01:35 2026

type      = 0 # LINEAR_VOX_TO_VOX
nxforms   = 1
mean      = 128.0000 120.0000 113.0000
sigma     = 10000.0000
1 4 4
9.646266102790833e-01 7.133618462830782e-03 -1.392689812928438e-02 1.936661005020142e+00 
5.164732574485242e-04 9.670390486717224e-01 4.598556160926819e-01 -3.869787597656250e+01 
1.574395224452019e-02 -4.666079580783844e-01 8.342955708503723e-01 7.044226837158203e+01 
0.000000000000000e+00 0.000000000000000e+00 0.000000000000000e+00 1.000000000000000e+00 
src volume info
valid = 1  # volume info valid
filename = nu.mgz
volume = 256 256 256
voxelsize = 1.000000000000000e+00 1.000000000000000e+00 1.000000000000000e+00
xras   = -9.999999403953552e-01 0.000000000000000e+00 0.000000000000000e+00
yras   = 0.000000000000000e+00 0.000000000000000e+00 -9.999999403953552e-01
zras   = 0.000000000000000e+00 9.999999403953552e-01 0.000000000000000e+00
cras   = -1.529754638671875e+00 1.050796508789062e+00 1.050796508789062e+00
dst volume info
valid = 1  # volume info valid
filename = /opt/freesurfer/average/RB_all_2020-01-02.gca
volume = 256 256 256
voxelsize = 1.000000000000000e+00 1.000000000000000e+00 1.000000000000000e+00
xras   = -1.000000000000000e+00 0.000000000000000e+00 0.000000000000000e+00
yras   = 0.000000000000000e+00 0.000000000000000e+00 -1.000000000000000e+00
zras   = 0.000000000000000e+00 1.000000000000000e+00 0.000000000000000e+00
cras   = 0.000000000000000e+00 0.000000000000000e+00 0.000000000000000e+00
