#Insight Transform File V1.0
#Transform 0
Transform: AffineTransform_float_3_3
Parameters: 1 5.90161e-05 0.000184995 -5.89839e-05 1 -8.70109e-05 -0.000185005 8.69891e-05 1 -0.00575525 0.000361581 0.0337955
FixedParameters: 0 0 0

#Transform 1
Transform: AffineTransform_float_3_3
Parameters: 1 0 0 0 0.999999 -0.000715 0 0.000715 0.999999 0.00822 0.0321922 -0.0654942
FixedParameters: 0 0 0

#Transform 2
Transform: AffineTransform_float_3_3
Parameters: 1 3.952e-08 6.5e-05 3.952e-08 1 -0.000608 -6.5e-05 0.000608 1 0.014236 0.0385086 -0.0337391
FixedParameters: 0 0 0

#Transform 3
Transform: AffineTransform_float_3_3
Parameters: 1 4.6115e-08 -0.000401 4.6115e-08 1 0.000115 0.000401 -0.000115 1 0.0269302 -0.00347901 -0.100773
FixedParameters: 0 0 0

#Transform 4
Transform: AffineTransform_float_3_3
Parameters: 1 -0.000409001 -5.99588e-07 0.000409 1 -0.000979 4.00411e-07 0.000979 0.999999 0.0205873 0.0716521 -0.0133242
FixedParameters: 0 0 0

#Transform 5
Transform: AffineTransform_float_3_3
Parameters: 1 0.000230985 6.10582e-05 -0.000231015 1 0.000251986 -6.09418e-05 -0.000252014 1 0.032519 -0.00449143 -0.0902368
FixedParameters: 0 0 0

#Transform 6
Transform: AffineTransform_float_3_3
Parameters: 1 -0.000167835 0.000322086 0.000168165 1 -0.000511946 -0.000321914 0.000512054 1 0.0239951 0.0610121 -0.0360676
FixedParameters: 0 0 0

#Transform 7
Transform: AffineTransform_float_3_3
Parameters: 1 -0.000133136 0.000339947 0.000133864 1 0.000401045 -0.000340054 -0.000400955 1 0.0297424 -0.00329589 -0.0377144
FixedParameters: 0 0 0

#Transform 8
Transform: AffineTransform_float_3_3
Parameters: 1 -0.000184006 0.000234995 0.000183994 1 2.70432e-05 -0.000235005 -2.69568e-05 1 0.0320784 0.0265612 -0.0973529
FixedParameters: 0 0 0

#Transform 9
Transform: AffineTransform_float_3_3
Parameters: 1 -0.000408905 0.000319122 0.000409095 1 -0.000297869 -0.000318878 0.00029813 1 0.0301113 0.0662445 -0.0304456
FixedParameters: 0 0 0

#Transform 10
Transform: AffineTransform_float_3_3
Parameters: 1 -4.51087e-05 0.000266982 4.48913e-05 1 0.000407012 -0.000267018 -0.000406988 1 0.0333395 0.00208607 -0.0706858
FixedParameters: 0 0 0

#Transform 11
Transform: AffineTransform_float_3_3
Parameters: 1 -0.00019991 0.000270067 0.00020009 1 -0.000334946 -0.000269933 0.000335054 1 0.0297897 0.0751944 -0.0527375
FixedParameters: 0 0 0

#Transform 12
Transform: AffineTransform_float_3_3
Parameters: 1 -8.40464e-05 0.000144973 8.39536e-05 1 0.000320012 -0.000145027 -0.000319988 1 0.0323754 0.019009 -0.0443714
FixedParameters: 0 0 0

#Transform 13
Transform: AffineTransform_float_3_3
Parameters: 1 -0.000408864 -0.000401138 0.000409136 1 0.000338836 0.000400862 -0.000338164 1 0.0599543 0.0195321 -0.0650366
FixedParameters: 0 0 0

#Transform 14
Transform: AffineTransform_float_3_3
Parameters: 1 -0.000198194 -0.000400904 0.000198806 1 -0.00048308 0.000401096 0.00048292 1 0.0319489 0.0587525 0.0187179
FixedParameters: 0 0 0

#Transform 15
Transform: AffineTransform_float_3_3
Parameters: 1 -0.000165815 -0.000283109 0.000166185 1 0.000654953 0.000282891 -0.000655047 0.999999 0.0292347 -0.0050458 -0.0769704
FixedParameters: 0 0 0

#Transform 16
Transform: AffineTransform_float_3_3
Parameters: 1 -0.00028802 -0.000182969 0.00028798 1 -0.000108053 0.000182031 0.000107948 1 0.00920409 0.0530934 -0.067992
FixedParameters: 0 0 0

#Transform 17
Transform: AffineTransform_float_3_3
Parameters: 0.999999 0.000333778 0.000657112 -0.000334222 1 0.00033778 -0.000656887 -0.000337219 0.999999 -0.0413115 0.024196 0.0987872
FixedParameters: 0 0 0

#Transform 18
Transform: AffineTransform_float_3_3
Parameters: 0.999999 0.00107551 0.0015152 -0.00107949 0.999995 0.00296637 -0.00151181 -0.00296763 0.999995 -0.0812107 -0.0665422 0.0813069
FixedParameters: 0 0 0

#Transform 19
Transform: AffineTransform_float_3_3
Parameters: 1 0.000572785 0.0002056 -0.000572216 1 0.00104788 -0.0002054 -0.00104812 0.999999 -0.0187138 -0.0135758 -0.0476245
FixedParameters: 0 0 0

#Transform 20
Transform: AffineTransform_float_3_3
Parameters: 0.999999 0.000311402 0.000880212 -0.000311597 0.999999 0.000678726 -0.000879789 -0.000679274 1 -0.0586274 0.0450988 0.00365093
FixedParameters: 0 0 0

#Transform 21
Transform: AffineTransform_float_3_3
Parameters: 1 0.000180573 0.000217356 -0.000181426 0.999998 0.00196696 -0.000216644 -0.00196704 0.999998 -0.0390411 -0.0449424 0.0066971
FixedParameters: 0 0 0

#Transform 22
Transform: AffineTransform_float_3_3
Parameters: 1 0.000249915 -0.000589612 -0.000249085 0.999999 0.00155215 0.000589387 -0.00155185 0.999998 0.0126159 -0.014629 -0.0321825
FixedParameters: 0 0 0

#Transform 23
Transform: AffineTransform_float_3_3
Parameters: 0.999999 -0.000201012 -0.000725996 0.000200988 1 -1.61459e-05 0.000726003 1.58541e-05 0.999999 0.00396373 0.0672165 -0.0174261
FixedParameters: 0 0 0

#Transform 24
Transform: AffineTransform_float_3_3
Parameters: 1 0.000107844 -0.000530829 -0.000107156 0.999998 0.00158906 0.000531171 -0.00158994 0.999998 -0.00481825 -0.0289053 -0.00204857
FixedParameters: 0 0 0

#Transform 25
Transform: AffineTransform_float_3_3
Parameters: 1 -2.00642e-05 -0.000590032 2.09357e-05 0.999998 0.00158599 0.000589967 -0.00158601 0.999998 0.0170279 -0.0172484 -0.0394986
FixedParameters: 0 0 0

#Transform 26
Transform: AffineTransform_float_3_3
Parameters: 1 -9.76973e-05 -0.00059005 9.83026e-05 1 0.000512942 0.000589949 -0.000513058 0.999999 0.00988958 0.0485291 0.00163785
FixedParameters: 0 0 0

#Transform 27
Transform: AffineTransform_float_3_3
Parameters: 1 -9.01473e-05 -0.000590131 9.08524e-05 0.999999 0.00144495 0.000589869 -0.00144505 0.999999 0.0163757 -0.028909 0.00501211
FixedParameters: 0 0 0

#Transform 28
Transform: AffineTransform_float_3_3
Parameters: 1 -0.000200401 -0.000590204 0.000200599 1 0.00101588 0.000589797 -0.00101512 1 0.0262102 -0.00124846 -0.0354469
FixedParameters: 0 0 0

#Transform 29
Transform: AffineTransform_float_3_3
Parameters: 1 -0.000141848 -0.000191112 0.000142151 0.999999 0.000792972 0.000190887 -0.000793027 0.999999 0.00607073 0.0582993 0.052495
FixedParameters: 0 0 0

#Transform 30
Transform: AffineTransform_float_3_3
Parameters: 1 3.49563e-05 -0.000589944 -3.40435e-05 0.999998 0.00162102 0.000590056 -0.00162098 0.999998 0.0177598 -0.0169615 -0.00276662
FixedParameters: 0 0 0

#Transform 31
Transform: AffineTransform_float_3_3
Parameters: 1 -8.03533e-05 -0.000590089 8.06472e-05 1 0.00109695 0.000589912 -0.00109605 0.999999 0.024854 0.00758103 -0.00365219
FixedParameters: 0 0 0

#Transform 32
Transform: AffineTransform_float_3_3
Parameters: 1 -0.000200667 -0.000363184 0.000200334 0.999999 0.000917926 0.000363816 -0.000918072 0.999999 0.0200384 0.0294974 0.0310576
FixedParameters: 0 0 0

#Transform 33
Transform: AffineTransform_float_3_3
Parameters: 1 -0.000132106 -0.000517229 0.000132893 0.999998 0.00172793 0.000516771 -0.00172807 0.999999 0.0234363 -0.0132483 -0.0461861
FixedParameters: 0 0 0

#Transform 34
Transform: AffineTransform_float_3_3
Parameters: 1 -0.000363448 -0.00059034 0.000363551 0.999999 0.000934785 0.00058966 -0.000935214 1 0.0280152 0.0321504 -0.0118815
FixedParameters: 0 0 0

#Transform 35
Transform: AffineTransform_float_3_3
Parameters: 1 -0.000244192 -0.000590335 0.000244807 0.999999 0.00136886 0.000589665 -0.00136914 0.999999 0.0266685 0.00194987 0.0223074
FixedParameters: 0 0 0

#Transform 36
Transform: AffineTransform_float_3_3
Parameters: 1 -0.000172095 -0.000590264 0.000172904 0.999999 0.0015329 0.000589735 -0.0015331 0.999998 0.0428359 -0.0120578 -0.0659633
FixedParameters: 0 0 0

#Transform 37
Transform: AffineTransform_float_3_3
Parameters: 0.999999 -0.000167444 -0.000840111 0.000168556 1 0.000661859 0.000839889 -0.000662141 1 0.0324089 0.0380461 -0.00161483
FixedParameters: 0 0 0

#Transform 38
Transform: AffineTransform_float_3_3
Parameters: 1 -0.000228239 -0.000590295 0.00022976 0.999999 0.00128886 0.000589704 -0.00128914 0.999999 0.0242399 0.0233014 0.0185053
FixedParameters: 0 0 0

#Transform 39
Transform: AffineTransform_float_3_3
Parameters: 0.999999 -0.000156967 -0.000840193 0.000158033 0.999999 0.00122987 0.000839806 -0.00123013 0.999999 0.0303146 -0.0110036 -0.0302525
FixedParameters: 0 0 0

#Transform 40
Transform: AffineTransform_float_3_3
Parameters: 0.999999 -0.000610594 -0.000590419 0.000610405 0.999999 0.000686639 0.00058958 -0.00068736 0.999999 0.022152 0.04936 0.0051623
FixedParameters: 0 0 0

#Transform 41
Transform: AffineTransform_float_3_3
Parameters: 0.999999 -0.000241819 -0.00101228 0.000242181 1 0.00116676 0.00101172 -0.00116725 0.999999 0.0359584 0.00676526 -0.0221495
FixedParameters: 0 0 0

#Transform 42
Transform: AffineTransform_float_3_3
Parameters: 1 -0.00037388 -0.000536084 0.000374121 1 0.000224799 0.000536916 -0.000224201 1 0.022267 0.0488523 -0.048491
FixedParameters: 0 0 0

#Transform 43
Transform: AffineTransform_float_3_3
Parameters: 0.999999 -0.000363427 -0.000860242 0.000363572 0.999999 0.000665688 0.000859758 -0.000666313 1 0.0331703 0.0418886 0.0142738
FixedParameters: 0 0 0

#Transform 44
Transform: AffineTransform_float_3_3
Parameters: 1 -0.000387493 -0.00037153 0.000387508 0.999999 0.00136686 0.000371471 -0.00136614 0.999999 0.0202185 -0.00981601 -0.064343
FixedParameters: 0 0 0

#Transform 45
Transform: AffineTransform_float_3_3
Parameters: 1 -0.000610722 -0.00101217 0.000610278 1 0.000274383 0.00101183 -0.000274618 1 0.0441526 0.0652583 -0.0181047
FixedParameters: 0 0 0

#Transform 46
Transform: AffineTransform_float_3_3
Parameters: 1 -0.000610015 -0.00101259 0.000610984 1 0.000972382 0.00101141 -0.000973618 0.999999 0.0488691 0.0330224 0.00586602
FixedParameters: 0 0 0

#Transform 47
Transform: AffineTransform_float_3_3
Parameters: 1 -0.000256895 -0.00101228 0.000258106 1 0.00109274 0.00101172 -0.00109226 0.999999 0.049224 0.0074349 -0.0424499
FixedParameters: 0 0 0

#Transform 48
Transform: AffineTransform_float_3_3
Parameters: 1 -0.000610502 -0.0010123 0.000610499 0.999999 0.000492382 0.0010117 -0.000492618 1 0.0494235 0.0713805 0.00405282
FixedParameters: 0 0 0

#Transform 49
Transform: AffineTransform_float_3_3
Parameters: 1 -0.000609914 -0.00101266 0.000611086 0.999999 0.00107238 0.00101134 -0.00107362 0.999999 0.0507924 0.0267049 -0.00349415
FixedParameters: 0 0 0

#Transform 50
Transform: AffineTransform_float_3_3
Parameters: 1 -0.000344859 -0.00101239 0.000346141 1 0.00112765 0.00101161 -0.00112735 0.999999 0.0485859 0.0190024 -0.0396415
FixedParameters: 0 0 0

#Transform 51
Transform: AffineTransform_float_3_3
Parameters: 1 -0.000610834 -0.0010121 0.000611167 1 0.000164382 0.0010119 -0.000164618 1 0.0430537 0.09603 0.0165714
FixedParameters: 0 0 0

#Transform 52
Transform: AffineTransform_float_3_3
Parameters: 1 -0.000610319 -0.00101241 0.000610681 0.999999 0.000672382 0.00101159 -0.000672618 1 0.0443416 0.0402741 -1.65171e-05
FixedParameters: 0 0 0

#Transform 53
Transform: AffineTransform_float_3_3
Parameters: 1 -0.000610319 -0.00101241 0.000610681 0.999999 0.000672382 0.00101159 -0.000672618 1 0.044862 0.0429797 -0.0307248
FixedParameters: 0 0 0

#Transform 54
Transform: AffineTransform_float_3_3
Parameters: 1 -0.000610738 -0.00101216 0.000610262 1 0.000258383 0.00101184 -0.000259618 1 0.0364004 0.0798907 0.00684334
FixedParameters: 0 0 0

#Transform 55
Transform: AffineTransform_float_3_3
Parameters: 0.999999 -0.000361051 -0.000662518 0.000361948 0.999999 0.00143276 0.000661482 -0.00143324 0.999999 0.0403767 0.0143437 -0.0356112
FixedParameters: 0 0 0

#Transform 56
Transform: AffineTransform_float_3_3
Parameters: 0.999999 -0.00061038 -0.000801472 0.000610619 0.999999 0.000772511 0.000801528 -0.00077349 1 0.0431715 0.0631402 -0.0311154
FixedParameters: 0 0 0

#Transform 57
Transform: AffineTransform_float_3_3
Parameters: 1 -0.000377388 -0.00101223 0.000378612 0.999999 0.000604617 0.00101177 -0.000605382 1 0.034493 0.0661484 0.013329
FixedParameters: 0 0 0

#Transform 58
Transform: AffineTransform_float_3_3
Parameters: 1 -0.000609743 -0.00101276 0.000610256 0.999999 0.00124138 0.00101124 -0.00124262 0.999998 0.0482908 0.00319504 -0.0430266
FixedParameters: 0 0 0

#Transform 59
Transform: AffineTransform_float_3_3
Parameters: 1 -0.000610677 -0.0010122 0.000610324 1 0.000319383 0.00101181 -0.000319618 1 0.0327649 0.0514189 -0.00801081
FixedParameters: 0 0 0

#Transform 60
Transform: AffineTransform_float_3_3
Parameters: 0.999999 -0.000610882 -0.000417171 0.000611117 1 0.000280745 0.000416828 -0.000281255 1 0.0173125 0.08122 0.0499533
FixedParameters: 0 0 0

#Transform 61
Transform: AffineTransform_float_3_3
Parameters: 1 -0.00041978 -0.00101251 0.00042122 0.999999 0.00120557 0.00101149 -0.00120543 0.999999 0.0428013 0.00354341 -0.0166593
FixedParameters: 0 0 0

#Transform 62
Transform: AffineTransform_float_3_3
Parameters: 0.999999 -0.000610877 -0.00046816 0.000611123 1 0.000262714 0.000467839 -0.000263286 1 0.0153013 0.0797909 0.0205775
FixedParameters: 0 0 0

#Transform 63
Transform: AffineTransform_float_3_3
Parameters: 1 -0.000253238 -0.00101219 0.000254763 0.999999 0.000753742 0.00101181 -0.000753257 0.999999 0.0375164 0.0495593 0.0305514
FixedParameters: 0 0 0

#Transform 64
Transform: AffineTransform_float_3_3
Parameters: 1 -0.000437777 -0.00101253 0.000438222 0.999999 0.00120756 0.00101147 -0.00120844 0.999999 0.0436756 0.0176248 -0.0285712
FixedParameters: 0 0 0

#Transform 65
Transform: AffineTransform_float_3_3
Parameters: 0.999999 -0.000610668 -0.00080725 0.00061033 0.999999 0.000409507 0.000806749 -0.000410493 0.999999 0.0343414 0.0775816 0.0214361
FixedParameters: 0 0 0

#Transform 66
Transform: AffineTransform_float_3_3
Parameters: 1 -0.000610134 -0.000873607 0.000610867 1 0.000992467 0.000872395 -0.000992533 0.999999 0.0364251 0.0250091 -0.023149
FixedParameters: 0 0 0

#Transform 67
Transform: AffineTransform_float_3_3
Parameters: 1 -0.000610029 -0.00101259 0.00061097 1 0.000958382 0.00101141 -0.000959618 0.999999 0.0462048 0.0347535 -0.0205465
FixedParameters: 0 0 0

#Transform 68
Transform: AffineTransform_float_3_3
Parameters: 1 -0.000610293 -0.000835518 0.000610707 1 0.000846491 0.000834484 -0.00084751 1 0.0305108 0.0479242 0.0290686
FixedParameters: 0 0 0

#Transform 69
Transform: AffineTransform_float_3_3
Parameters: 1 -0.000609854 -0.00101269 0.000611145 0.999999 0.00113138 0.00101131 -0.00113262 0.999999 0.0428705 0.00982755 -0.0338762
FixedParameters: 0 0 0

#Transform 70
Transform: AffineTransform_float_3_3
Parameters: 1 -0.000610288 -0.00101243 0.000610712 0.999999 0.000703382 0.00101157 -0.000703618 0.999999 0.0382196 0.0592888 0.0201371
FixedParameters: 0 0 0

#Transform 71
Transform: AffineTransform_float_3_3
Parameters: 1 -0.000393884 -0.00101244 0.000395116 1 0.0011026 0.00101157 -0.0011034 0.999999 0.0362778 0.0192999 -0.0150039
FixedParameters: 0 0 0

#Transform 72
Transform: AffineTransform_float_3_3
Parameters: 0.999999 -0.000610252 -0.000755604 0.000610747 1 0.00098954 0.000754395 -0.000990461 0.999999 0.0317168 0.032199 -0.0440735
FixedParameters: 0 0 0

#Transform 73
Transform: AffineTransform_float_3_3
Parameters: 1 -0.000457512 -0.00101222 0.000458488 1 0.000481536 0.00101178 -0.000482463 1 0.0369917 0.0584634 -0.0135644
FixedParameters: 0 0 0

#Transform 74
Transform: AffineTransform_float_3_3
Parameters: 1 -0.000609858 -0.00101269 0.000611141 0.999999 0.00112738 0.00101131 -0.00112862 0.999999 0.0443151 0.0035758 -0.0732047
FixedParameters: 0 0 0

#Transform 75
Transform: AffineTransform_float_3_3
Parameters: 1 -0.0006103 -0.00101242 0.0006107 0.999999 0.000691382 0.00101158 -0.000691618 0.999999 0.0388053 0.0382129 -0.0548372
FixedParameters: 0 0 0

#Transform 76
Transform: AffineTransform_float_3_3
Parameters: 1 -0.000377242 -0.00101228 0.000377758 0.999999 0.000748618 0.00101172 -0.000749382 0.999999 0.0161886 0.0308281 0.0179501
FixedParameters: 0 0 0

#Transform 77
Transform: AffineTransform_float_3_3
Parameters: 1 -0.000330451 -0.000608298 0.000330548 0.999999 0.000901799 0.000607702 -0.000902201 1 0.0275889 0.00897281 -0.0594522
FixedParameters: 0 0 0

#Transform 78
Transform: AffineTransform_float_3_3
Parameters: 1 -0.000437776 -0.000512191 0.000437223 1 0.000436776 0.000511809 -0.000436224 1 0.010068 0.0571858 0.0174141
FixedParameters: 0 0 0

#Transform 79
Transform: AffineTransform_float_3_3
Parameters: 1 -0.000228534 -0.000420254 0.000228466 1 0.0011099 0.000419747 -0.0011101 1 0.0109601 -0.00396266 -0.035331
FixedParameters: 0 0 0

#Transform 80
Transform: AffineTransform_float_3_3
Parameters: 1 -0.000146748 -0.000439084 0.000147252 1 0.000573935 0.000439915 -0.000574064 0.999999 -0.0166765 0.0481248 -0.071125
FixedParameters: 0 0 0

#Transform 81
Transform: AffineTransform_float_3_3
Parameters: 1 -0.00019765 -0.000490141 0.00019835 0.999999 0.000713902 0.000489858 -0.000714096 0.999999 -0.0273526 0.0347318 0.0005903
FixedParameters: 0 0 0

#Transform 82
Transform: AffineTransform_float_3_3
Parameters: 0.999999 6.96494e-06 -0.000708991 -6.03504e-06 0.999999 0.001361 0.000709009 -0.001361 0.999999 -0.00980139 -0.0147195 -0.0533126
FixedParameters: 0 0 0

#Transform 83
Transform: AffineTransform_float_3_3
Parameters: 1 -5.6897e-05 -0.000202029 5.7103e-05 1 0.000509988 0.000201971 -0.000510011 1 -0.0367555 0.0496124 0.00147292
FixedParameters: 0 0 0

#Transform 84
Transform: AffineTransform_float_3_3
Parameters: 0.999999 -7.31837e-05 -0.000891067 7.3816e-05 0.999999 0.000915934 0.000890933 -0.000916065 0.999999 -0.00655562 0.019039 -0.0313986
FixedParameters: 0 0 0

#Transform 85
Transform: AffineTransform_float_3_3
Parameters: 1 -4.67181e-05 -0.000290046 4.62818e-05 0.999999 0.000971987 0.000289955 -0.000972014 1 -0.0101888 0.0127378 -0.0529835
FixedParameters: 0 0 0

#Transform 86
Transform: AffineTransform_float_3_3
Parameters: 1 -0.000105691 -0.000447073 0.000106308 1 0.000689952 0.000446927 -0.000690047 0.999999 -0.0301341 0.0503435 0.00317319
FixedParameters: 0 0 0

#Transform 87
Transform: AffineTransform_float_3_3
Parameters: 1 -0.000148491 -0.000363208 0.000148509 0.999999 0.00140195 0.000362792 -0.00140205 0.999999 -0.010382 -0.0144832 -0.0509673
FixedParameters: 0 0 0

#Transform 88
Transform: AffineTransform_float_3_3
Parameters: 1 -9.03806e-05 -0.00101206 9.06193e-05 1 0.000611909 0.00101195 -0.000612092 1 0.00662614 0.0463681 -0.0339843
FixedParameters: 0 0 0

#Transform 89
Transform: AffineTransform_float_3_3
Parameters: 1 -0.000272516 -0.000593223 0.000273484 0.999999 0.000815838 0.000592777 -0.000816162 1 -0.0199421 0.0252547 0.0168629
FixedParameters: 0 0 0

#Transform 90
Transform: AffineTransform_float_3_3
Parameters: 1 -8.00555e-05 -0.000614124 8.09442e-05 0.999999 0.00153795 0.000613876 -0.00153805 0.999998 -0.00235473 -0.00081884 -0.0538824
FixedParameters: 0 0 0

#Transform 91
Transform: AffineTransform_float_3_3
Parameters: 1 -0.000138448 -0.00101208 0.000138551 1 0.00054486 0.00101193 -0.00054514 1 0.00913418 0.0400651 -0.0341637
FixedParameters: 0 0 0

#Transform 92
Transform: AffineTransform_float_3_3
Parameters: 1 -2.22873e-05 -0.000572028 2.27127e-05 0.999999 0.00124599 0.000571972 -0.00124601 0.999999 -0.0168963 0.020697 0.00315814
FixedParameters: 0 0 0

#Transform 93
Transform: AffineTransform_float_3_3
Parameters: 0.999999 -1.60593e-05 -0.000717021 1.69407e-05 0.999999 0.00131199 0.000716978 -0.00131201 0.999999 -0.000309456 -0.0092773 -0.0501117
FixedParameters: 0 0 0

#Transform 94
Transform: AffineTransform_float_3_3
Parameters: 0.999999 -0.000170237 -0.00101213 0.000171763 0.999999 0.000753826 0.00101187 -0.000754173 0.999999 -0.000228611 0.044046 0.00827908
FixedParameters: 0 0 0

#Transform 95
Transform: AffineTransform_float_3_3
Parameters: 1 -3.61078e-05 -0.000690047 3.68921e-05 0.999999 0.00129297 0.000689953 -0.00129303 0.999999 -0.0208046 -0.00753419 0.0164164
FixedParameters: 0 0 0

#Transform 96
Transform: AffineTransform_float_3_3
Parameters: 0.999999 -0.000137806 -0.00101216 0.000139194 1 0.00117986 0.00101184 -0.00118014 0.999999 0.0128055 0.00397585 -0.038457
FixedParameters: 0 0 0

#Transform 97
Transform: AffineTransform_float_3_3
Parameters: 1 -0.000291551 -0.00101213 0.000292449 1 0.000443704 0.00101187 -0.000444295 1 0.0099037 0.0502798 0.00709742
FixedParameters: 0 0 0

#Transform 98
Transform: AffineTransform_float_3_3
Parameters: 1 -3.26636e-05 -0.000696064 3.43362e-05 0.999998 0.00191998 0.000695935 -0.00192002 0.999998 -0.00398959 -0.0033283 0.0069004
FixedParameters: 0 0 0

#Transform 99
Transform: AffineTransform_float_3_3
Parameters: 1 -9.03596e-05 -0.000656089 9.06401e-05 0.999999 0.000975941 0.000655912 -0.000976059 1 -0.0032648 0.022623 -0.00798228
FixedParameters: 0 0 0

#Transform 100
Transform: AffineTransform_float_3_3
Parameters: 1 -4.38183e-05 -0.000339023 4.41817e-05 1 0.000535985 0.000338976 -0.000536015 1 -0.0285519 0.0599133 0.0406325
FixedParameters: 0 0 0

#Transform 101
Transform: AffineTransform_float_3_3
Parameters: 1 4.36673e-05 -0.000403928 -4.23342e-05 0.999998 0.00165202 0.00040307 -0.00165198 0.999998 -0.018703 -0.00700805 0.0334189
FixedParameters: 0 0 0

#Transform 102
Transform: AffineTransform_float_3_3
Parameters: 1 7.8389e-05 -0.000299899 -7.76108e-05 0.999999 0.00129702 0.000300101 -0.00129698 0.999999 -0.0215554 0.0139284 0.00386652
FixedParameters: 0 0 0

#Transform 103
Transform: AffineTransform_float_3_3
Parameters: 1 0.000103446 -0.000377878 -0.000102554 1 0.00118004 0.000378121 -0.00117996 0.999999 -0.0180648 0.0491233 0.0355741
FixedParameters: 0 0 0

#Transform 104
Transform: AffineTransform_float_3_3
Parameters: 1 0.000164457 -0.000279732 -0.000164542 0.999998 0.00163404 0.000280269 -0.00163395 0.999998 -0.0247962 -0.0140039 0.00573916
FixedParameters: 0 0 0

#Transform 105
Transform: AffineTransform_float_3_3
Parameters: 1 -7.2708e-05 -0.000277077 7.22919e-05 1 0.00105398 0.000276924 -0.00105402 1 -0.019172 0.0318862 -0.0189972
FixedParameters: 0 0 0

#Transform 106
Transform: AffineTransform_float_3_3
Parameters: 1 0.000135711 -0.000398759 -0.000134288 0.999999 0.00178306 0.00039924 -0.00178295 0.999999 -0.023634 0.00427705 0.0255234
FixedParameters: 0 0 0

#Transform 107
Transform: AffineTransform_float_3_3
Parameters: 1 0.000167786 -0.000418686 -0.000166214 0.999998 0.00187607 0.000419313 -0.00187593 0.999998 -0.0184714 -0.00985579 -0.0160507
FixedParameters: 0 0 0

#Transform 108
Transform: AffineTransform_float_3_3
Parameters: 1 5.36159e-05 -0.000563942 -5.33852e-05 1 0.00109203 0.000563059 -0.00109197 0.999999 -0.0205367 0.0582073 0.0324013
FixedParameters: 0 0 0

#Transform 109
Transform: AffineTransform_float_3_3
Parameters: 1 5.59391e-05 -0.000404871 -5.40607e-05 0.999998 0.00231902 0.000405127 -0.00231898 0.999997 -0.0209708 -0.0186007 0.0214833
FixedParameters: 0 0 0

#Transform 110
Transform: AffineTransform_float_3_3
Parameters: 1 0.000374535 -0.000344419 -0.000373464 0.999998 0.00155313 0.00034558 -0.00155287 0.999998 -0.0328979 0.0111012 -0.00517347
FixedParameters: 0 0 0

#Transform 111
Transform: AffineTransform_float_3_3
Parameters: 1 -8.66421e-05 -0.000224139 8.63576e-05 0.999998 0.00159698 0.000223862 -0.00159702 0.999998 -0.0342312 0.0299575 0.0495639
FixedParameters: 0 0 0

#Transform 112
Transform: AffineTransform_float_3_3
Parameters: 1 0.000140335 -0.000137659 -0.000139664 0.999997 0.00243002 0.00013834 -0.00242998 0.999997 -0.0332218 -0.0287636 0.0079406
FixedParameters: 0 0 0

#Transform 113
Transform: AffineTransform_float_3_3
Parameters: 1 5.8402e-05 -0.000324928 -5.75979e-05 0.999999 0.00123702 0.000325072 -0.00123698 0.999999 -0.0331564 0.069067 0.0365006
FixedParameters: 0 0 0

#Transform 114
Transform: AffineTransform_float_3_3
Parameters: 1 9.17637e-05 -0.000359806 -9.02358e-05 0.999997 0.00212203 0.000360192 -0.00212197 0.999997 -0.0325608 0.00518417 0.0255484
FixedParameters: 0 0 0

#Transform 115
Transform: AffineTransform_float_3_3
Parameters: 1 5.81494e-05 -0.000620893 -5.68504e-05 0.999999 0.00185104 0.000621106 -0.00185096 0.999998 -0.017976 0.000676715 -0.0174887
FixedParameters: 0 0 0

#Transform 116
Transform: AffineTransform_float_3_3
Parameters: 1 9.03279e-05 -0.000248881 -8.9672e-05 0.999999 0.00131702 0.000249118 -0.00131698 0.999999 -0.0381043 0.078323 0.0689196
FixedParameters: 0 0 0

#Transform 117
Transform: AffineTransform_float_3_3
Parameters: 1 6.284e-05 -0.000340846 -6.21596e-05 0.999997 0.00246402 0.000341154 -0.00246398 0.999997 -0.0238218 -0.0166997 0.0460581
FixedParameters: 0 0 0

#Transform 118
Transform: AffineTransform_float_3_3
Parameters: 1 6.75398e-05 -0.000238848 -6.746e-05 0.999998 0.00225902 0.000239153 -0.00225899 0.999998 -0.0165732 0.0143878 0.0120219
FixedParameters: 0 0 0

#Transform 119
Transform: AffineTransform_float_3_3
Parameters: 1 -1.00978e-05 -0.000650014 1.09022e-05 0.999999 0.00138799 0.000649985 -0.00138801 0.999999 -0.0194162 0.0524003 0.0191114
FixedParameters: 0 0 0

#Transform 120
Transform: AffineTransform_float_3_3
Parameters: 0.999999 0.000221366 -0.000937445 -0.000218633 0.999997 0.00252221 0.000938554 -0.00252279 0.999997 -0.00613087 -0.0236287 0.0156132
FixedParameters: 0 0 0

#Transform 121
Transform: AffineTransform_float_3_3
Parameters: 1 2.11999e-05 -0.000560956 -2.08e-05 0.999997 0.00213901 0.000561045 -0.00213899 0.999997 -0.000808209 -0.00365064 -0.00703972
FixedParameters: 0 0 0

#Transform 122
Transform: AffineTransform_float_3_3
Parameters: 1 -1.32269e-05 -0.000503021 1.37731e-05 0.999999 0.00153699 0.000502979 -0.00153701 0.999998 -0.02195 0.0401888 0.0400953
FixedParameters: 0 0 0

#Transform 123
Transform: AffineTransform_float_3_3
Parameters: 1 -6.67205e-05 -0.000581148 6.72792e-05 0.999998 0.00220196 0.000580853 -0.00220204 0.999998 -0.0159804 -0.0226027 0.0142398
FixedParameters: 0 0 0

#Transform 124
Transform: AffineTransform_float_3_3
Parameters: 1 4.29835e-05 -0.000476912 -4.20184e-05 0.999998 0.00206202 0.000476087 -0.00206198 0.999998 -0.0167001 0.00288675 -0.00244704
FixedParameters: 0 0 0

#Transform 125
Transform: AffineTransform_float_3_3
Parameters: 1 3.9658e-05 -0.000525951 -3.93419e-05 0.999999 0.00125102 0.00052605 -0.00125098 0.999999 -0.0188024 0.0536245 0.0527784
FixedParameters: 0 0 0

#Transform 126
Transform: AffineTransform_float_3_3
Parameters: 1 0.000155486 -0.00101162 -0.000152515 0.999997 0.00245716 0.00101138 -0.00245685 0.999997 -0.0067156 -0.0215233 -0.00273145
FixedParameters: 0 0 0

#Transform 127
Transform: AffineTransform_float_3_3
Parameters: 1 -5.70818e-05 -0.000572092 5.7918e-05 0.999998 0.00160497 0.000571907 -0.00160503 0.999998 -0.010239 0.0100514 -0.00378965
FixedParameters: 0 0 0

#Transform 128
Transform: AffineTransform_float_3_3
Parameters: 1 -1.20336e-05 -0.00060402 1.29664e-05 0.999998 0.00159999 0.00060398 -0.00160001 0.999998 -0.0160518 0.0315055 0.0492515
FixedParameters: 0 0 0

#Transform 129
Transform: AffineTransform_float_3_3
Parameters: 1 1.16058e-05 -0.000253973 -1.03942e-05 0.999997 0.002385 0.000254026 -0.002385 0.999997 -0.0258075 -0.0330694 -0.00251037
FixedParameters: 0 0 0

#Transform 130
Transform: AffineTransform_float_3_3
Parameters: 1 -5.63102e-05 -0.000443088 5.66897e-05 0.999999 0.00155697 0.000442912 -0.00155702 0.999998 -0.0199302 0.0441736 0.0310446
FixedParameters: 0 0 0

#Transform 131
Transform: AffineTransform_float_3_3
Parameters: 1 0.000120777 -0.000392762 -0.000120222 0.999998 0.00197805 0.000393239 -0.00197895 0.999998 -0.0232095 -0.00413851 0.0333134
FixedParameters: 0 0 0

#Transform 132
Transform: AffineTransform_float_3_3
Parameters: 1 0.000109724 -0.00034477 -0.000109276 0.999998 0.00209804 0.00034523 -0.00209796 0.999997 -0.0244078 -0.0190531 -0.00351244
FixedParameters: 0 0 0

#Transform 133
Transform: AffineTransform_float_3_3
Parameters: 1 -2.32725e-06 -0.000450004 2.67275e-06 0.999999 0.001495 0.000449996 -0.001495 0.999999 -0.020356 0.0425295 0.0540217
FixedParameters: 0 0 0

#Transform 134
Transform: AffineTransform_float_3_3
Parameters: 1 -6.96479e-05 -0.000623153 7.13517e-05 0.999997 0.00216996 0.000622847 -0.00217004 0.999998 0.000764164 -0.0110016 0.0265766
FixedParameters: 0 0 0

#Transform 135
Transform: AffineTransform_float_3_3
Parameters: 0.999999 5.39927e-05 -0.000720926 -5.30071e-05 0.999999 0.00137704 0.000721073 -0.00137696 0.999999 -0.0103127 0.0237313 0.0197123
FixedParameters: 0 0 0

#Transform 136
Transform: AffineTransform_float_3_3
Parameters: 1 0.000222788 -0.000406569 -0.000222213 0.999998 0.00193709 0.000406431 -0.00193691 0.999998 -0.0241386 0.00803673 0.0776034
FixedParameters: 0 0 0

#Transform 137
Transform: AffineTransform_float_3_3
Parameters: 1 0.000154855 -0.000475723 -0.000154144 0.999999 0.00179707 0.000476278 -0.00179693 0.999999 -0.0213593 -0.0232564 0.0139527
FixedParameters: 0 0 0

#Transform 138
Transform: AffineTransform_float_3_3
Parameters: 1 -5.83753e-05 -0.000482076 5.96246e-05 0.999999 0.00129597 0.000481923 -0.00129603 0.999999 -0.0209021 0.0262569 0.0333622
FixedParameters: 0 0 0

#Transform 139
Transform: AffineTransform_float_3_3
Parameters: 0.999999 0.000124259 -0.000773799 -0.00012374 0.999998 0.0016271 0.000774202 -0.0016269 0.999999 -0.0316206 0.0137183 0.0747161
FixedParameters: 0 0 0

#Transform 140
Transform: AffineTransform_float_3_3
Parameters: 1 2.54657e-05 -0.000586938 -2.45342e-05 0.999997 0.00249701 0.000587063 -0.00249698 0.999996 -0.0152099 -0.0278339 0.0274034
FixedParameters: 0 0 0

#Transform 141
Transform: AffineTransform_float_3_3
Parameters: 0.999999 -2.2732e-05 -0.000791038 2.42695e-05 0.999998 0.00160298 0.000791962 -0.00160302 0.999999 -0.00741869 0.0177791 0.0204894
FixedParameters: 0 0 0

#Transform 142
Transform: AffineTransform_float_3_3
Parameters: 1 4.04538e-05 -0.000680915 -3.95459e-05 0.999997 0.00213503 0.000681086 -0.00213497 0.999998 -0.0301001 0.0135602 0.0636785
FixedParameters: 0 0 0

#Transform 143
Transform: AffineTransform_float_3_3
Parameters: 1 0.000142334 -0.000566666 -0.000140665 0.999997 0.00235408 0.000567333 -0.00235392 0.999997 -0.0186427 -0.0321283 0.013623
FixedParameters: 0 0 0

#Transform 144
Transform: AffineTransform_float_3_3
Parameters: 1 -3.28757e-05 -0.00101204 3.41253e-05 1 0.00111197 0.00101196 -0.00111103 0.999999 -0.00279986 0.0510602 0.0336912
FixedParameters: 0 0 0

#Transform 145
Transform: AffineTransform_float_3_3
Parameters: 1 -1.78892e-05 -0.000533038 1.91107e-05 0.999998 0.00208399 0.000532961 -0.00208401 0.999997 -0.0185866 0.000306049 0.042535
FixedParameters: 0 0 0

#Transform 146
Transform: AffineTransform_float_3_3
Parameters: 0.999999 5.57083e-05 -0.000731872 -5.42913e-05 0.999998 0.00233404 0.000732129 -0.00233396 0.999997 -0.0114446 -0.0184239 0.0216165
FixedParameters: 0 0 0

#Transform 147
Transform: AffineTransform_float_3_3
Parameters: 1 -8.78166e-05 -0.000642163 8.8183e-05 0.999999 0.00184294 0.000641838 -0.00184306 0.999998 -0.0123243 0.0487934 0.047295
FixedParameters: 0 0 0

#Transform 148
Transform: AffineTransform_float_3_3
Parameters: 1 0.000268658 -0.0010113 -0.000265343 0.999997 0.00262727 0.0010117 -0.00262673 0.999996 -0.0232356 -0.0153304 0.0298616
FixedParameters: 0 0 0

#Transform 149
Transform: AffineTransform_float_3_3
Parameters: 1 0.000802894 -0.000915342 -0.000801106 0.999997 0.00206873 0.000916659 -0.00206727 0.999998 -0.0680682 -0.00510308 0.00198452
FixedParameters: 0 0 0

#Transform 150
Transform: AffineTransform_float_3_3
Parameters: 0.999999 0.000802914 -0.00101048 -0.000801087 0.999998 0.00189281 0.00101152 -0.00189219 0.999997 -0.0837649 0.0243681 0.0470118
FixedParameters: 0 0 0

#Transform 151
Transform: AffineTransform_float_3_3
Parameters: 0.999999 0.00080358 -0.00100995 -0.00080142 0.999997 0.00255281 0.00101205 -0.00255119 0.999996 -0.101659 -0.0495066 0.0170529
FixedParameters: 0 0 0

#Transform 152
Transform: AffineTransform_float_3_3
Parameters: 0.999999 0.00155078 -0.00100927 -0.00154822 0.999997 0.00176357 0.00101173 -0.00176143 0.999998 -0.153876 -0.019648 -0.0426833
FixedParameters: 0 0 0

#Transform 153
Transform: AffineTransform_float_3_3
Parameters: 0.999998 0.00155279 -0.000337384 -0.00155221 0.999996 0.00232953 0.000341616 -0.00232847 0.999997 -0.168467 -0.00840902 0.0460609
FixedParameters: 0 0 0

#Transform 154
Transform: AffineTransform_float_3_3
Parameters: 0.999999 0.000899698 -0.000234338 -0.000899303 0.999995 0.00296021 0.000236664 -0.00296079 0.999995 -0.10221 -0.0588415 0.029415
FixedParameters: 0 0 0

#Transform 155
Transform: AffineTransform_float_3_3
Parameters: 0.999999 0.000899881 -0.0004161 -0.000899119 0.999998 0.00211238 0.000417899 -0.00211163 0.999997 -0.101719 0.00413092 0.0429036
FixedParameters: 0 0 0

#Transform 156
Transform: AffineTransform_float_3_3
Parameters: 0.999999 0.000899807 -0.0003811 -0.000899193 0.999998 0.00211234 0.000382899 -0.00211166 0.999997 -0.118919 0.00413439 0.0405326
FixedParameters: 0 0 0

#Transform 157
Transform: AffineTransform_float_3_3
Parameters: 0.999998 0.00192458 0.000465125 -0.00192642 0.999985 0.00525712 -0.000454878 -0.00525789 0.999986 -0.215535 -0.197426 0.198841
FixedParameters: 0 0 0

#Transform 158
Transform: AffineTransform_float_3_3
Parameters: 0.999998 0.00161952 0.000481001 -0.00162148 0.999994 0.00308622 -0.000475998 -0.00308678 0.999995 -0.153575 -0.0650048 0.0214003
FixedParameters: 0 0 0

#Transform 159
Transform: AffineTransform_float_3_3
Parameters: 0.999999 0.00140149 0.000541927 -0.00140351 0.999995 0.00280024 -0.000537072 -0.00280076 0.999996 -0.174132 -0.0161989 0.0179228
FixedParameters: 0 0 0

#Transform 160
Transform: AffineTransform_float_3_3
Parameters: 0.999999 0.00133184 0.000403838 -0.00133316 0.999995 0.00288046 -0.000400162 -0.00288053 0.999996 -0.173087 -0.0179977 0.0562785
FixedParameters: 0 0 0

#Transform 161
Transform: AffineTransform_float_3_3
Parameters: 1 0.0011916 0.000108479 -0.0011914 0.999992 0.00375787 -0.000103523 -0.00375813 0.999993 -0.144994 -0.110956 0.0448002
FixedParameters: 0 0 0

#Transform 162
Transform: AffineTransform_float_3_3
Parameters: 1 0.00121777 7.49094e-05 -0.00121823 0.999994 0.00320991 -7.10898e-05 -0.00321009 0.999995 -0.122385 -0.0741294 0.0252045
FixedParameters: 0 0 0

#Transform 163
Transform: AffineTransform_float_3_3
Parameters: 0.999999 0.000791554 0.000153322 -0.000791445 0.999996 0.00293288 -0.000150679 -0.00293312 0.999995 -0.141087 -0.0213523 0.0526299
FixedParameters: 0 0 0

#Transform 164
Transform: AffineTransform_float_3_3
Parameters: 0.999999 0.000980316 -8.5442e-05 -0.000980684 0.999993 0.00363009 8.85604e-05 -0.00362992 0.999994 -0.129289 -0.0942988 0.0314772
FixedParameters: 0 0 0

#Transform 165
Transform: AffineTransform_float_3_3
Parameters: 1 0.00117198 1.03331e-05 -0.00117203 0.999996 0.00284399 -7.66678e-06 -0.00284401 0.999996 -0.124758 -0.0361175 0.0222025
FixedParameters: 0 0 0

#Transform 166
Transform: AffineTransform_float_3_3
Parameters: 0.999999 0.000791272 0.000271135 -0.000791728 0.999996 0.00269679 -0.000268866 -0.00269621 0.999997 -0.148645 -0.0101808 0.0694607
FixedParameters: 0 0 0

#Transform 167
Transform: AffineTransform_float_3_3
Parameters: 0.999999 0.000792236 -6.72767e-05 -0.000791761 0.999994 0.00343805 7.07225e-05 -0.00343794 0.999994 -0.11925 -0.0578221 0.00618376
FixedParameters: 0 0 0

#Transform 168
Transform: AffineTransform_float_3_3
Parameters: 0.999999 0.00091291 3.44686e-05 -0.000913088 0.999996 0.00270397 -3.15311e-05 -0.00270403 0.999997 -0.121209 -0.0198111 0.0192215
FixedParameters: 0 0 0

#Transform 169
Transform: AffineTransform_float_3_3
Parameters: 1 0.00109429 -0.000113198 -0.00109371 0.999996 0.00256112 0.000115801 -0.00256087 0.999996 -0.124373 -0.00919104 0.0296636
FixedParameters: 0 0 0

#Transform 170
Transform: AffineTransform_float_3_3
Parameters: 0.999999 0.000791747 8.14888e-05 -0.00079125 0.999994 0.00314294 -7.85134e-05 -0.00314306 0.999995 -0.113614 -0.0694632 0.0102673
FixedParameters: 0 0 0

#Transform 171
Transform: AffineTransform_float_3_3
Parameters: 0.999999 0.000792805 -0.000370281 -0.000791196 0.999998 0.00216929 0.000371717 -0.00216871 0.999997 -0.104707 -0.0221159 -0.0317463
FixedParameters: 0 0 0

#Transform 172
Transform: AffineTransform_float_3_3
Parameters: 0.999999 0.000792727 -0.000370448 -0.000791271 0.999998 0.00195929 0.000372551 -0.0019587 0.999998 -0.126873 -0.0332589 -0.00662575
FixedParameters: 0 0 0

#Transform 173
Transform: AffineTransform_float_3_3
Parameters: 0.999999 0.000793123 -0.0003696 -0.000791876 0.999995 0.0030283 0.0003724 -0.00302871 0.999996 -0.0989351 -0.0612948 -0.00904126
FixedParameters: 0 0 0

#Transform 174
Transform: AffineTransform_float_3_3
Parameters: 1 0.00108218 -9.90295e-05 -0.00108182 0.999998 0.00182111 0.00010097 -0.00182089 0.999999 -0.12662 -0.00329293 -0.0299375
FixedParameters: 0 0 0

#Transform 175
Transform: AffineTransform_float_3_3
Parameters: 1 0.00119586 5.23881e-05 -0.00119614 0.999996 0.00283294 -4.86115e-05 -0.00283306 0.999996 -0.142774 -0.0311954 0.00669588
FixedParameters: 0 0 0

#Transform 176
Transform: AffineTransform_float_3_3
Parameters: 1 0.00110513 -0.000368619 -0.00110387 0.999994 0.00306141 0.000372381 -0.00306059 0.999995 -0.123144 -0.0630839 -0.0114695
FixedParameters: 0 0 0

#Transform 177
Transform: AffineTransform_float_3_3
Parameters: 0.999999 0.00124777 -0.000369404 -0.00124623 0.999997 0.00208146 0.000372595 -0.00208154 0.999998 -0.131963 -0.0192928 0.0231803
FixedParameters: 0 0 0

#Transform 178
Transform: AffineTransform_float_3_3
Parameters: 1 0.00110576 8.71385e-05 -0.00110524 0.999996 0.00283791 -8.38636e-05 -0.0028381 0.999996 -0.136542 -0.0402271 0.030298
FixedParameters: 0 0 0

#Transform 179
Transform: AffineTransform_float_3_3
Parameters: 1 0.0010262 -6.49915e-05 -0.00102581 0.999995 0.00293207 6.80079e-05 -0.00293193 0.999995 -0.124138 -0.0506656 0.00351822
FixedParameters: 0 0 0

#Transform 180
Transform: AffineTransform_float_3_3
Parameters: 0.999999 0.000791825 9.64468e-05 -0.000792174 0.999998 0.00182692 -9.45528e-05 -0.00182708 0.999999 -0.13951 0.036633 0.0371042
FixedParameters: 0 0 0

#Transform 181
Transform: AffineTransform_float_3_3
Parameters: 0.999999 0.00129575 8.38759e-05 -0.00129625 0.999994 0.00299089 -8.01232e-05 -0.0029911 0.999995 -0.144818 -0.0588448 0.0253135
FixedParameters: 0 0 0

#Transform 182
Transform: AffineTransform_float_3_3
Parameters: 1 0.00105983 7.63742e-05 -0.00106017 0.999997 0.00223992 -7.36254e-05 -0.00224008 0.999998 -0.125565 -0.0209293 0.0206674
FixedParameters: 0 0 0

#Transform 183
Transform: AffineTransform_float_3_3
Parameters: 1 0.00115854 0.000232316 -0.00115946 0.999998 0.00199873 -0.000229684 -0.00199827 0.999998 -0.147193 0.00548955 0.0600669
FixedParameters: 0 0 0

#Transform 184
Transform: AffineTransform_float_3_3
Parameters: 1 0.00103324 0.000245204 -0.00103375 0.999994 0.00309975 -0.000241797 -0.00310025 0.999995 -0.131007 -0.0603951 0.0258997
FixedParameters: 0 0 0

#Transform 185
Transform: AffineTransform_float_3_3
Parameters: 1 0.00110763 0.000166456 -0.00110837 0.999997 0.00221682 -0.000164543 -0.00221718 0.999997 -0.137113 0.0126191 0.0402938
FixedParameters: 0 0 0

#Transform 186
Transform: AffineTransform_float_3_3
Parameters: 1 0.00113446 0.000225711 -0.00113554 0.999997 0.00238875 -0.000222288 -0.00238926 0.999997 -0.144399 -0.0139669 0.0419723
FixedParameters: 0 0 0

#Transform 187
Transform: AffineTransform_float_3_3
Parameters: 1 0.00118883 6.04621e-05 -0.00118917 0.999995 0.00291193 -5.75373e-05 -0.00291207 0.999996 -0.142964 -0.0430928 0.00942588
FixedParameters: 0 0 0

#Transform 188
Transform: AffineTransform_float_3_3
Parameters: 0.999999 0.00134442 0.000273859 -0.00134458 0.999997 0.00212563 -0.000271142 -0.00212637 0.999997 -0.15048 0.0110767 0.0436579
FixedParameters: 0 0 0

#Transform 189
Transform: AffineTransform_float_3_3
Parameters: 0.999999 0.00134806 -1.67726e-05 -0.00134794 0.999994 0.00313603 2.12272e-05 -0.00313598 0.999995 -0.129139 -0.0565417 0.0115496
FixedParameters: 0 0 0

#Transform 190
Transform: AffineTransform_float_3_3
Parameters: 1 0.00113949 0.000208788 -0.00113951 0.999997 0.00244576 -0.000205214 -0.00244524 0.999997 -0.139388 -0.0113894 0.0300445
FixedParameters: 0 0 0

#Transform 191
Transform: AffineTransform_float_3_3
