#Insight Transform File V1.0
#Transform 0
Transform: AffineTransform_float_3_3
Parameters: 1 -6.125e-08 0.000625 -6.125e-08 1 9.8e-05 -0.000625 -9.8e-05 1 -0.0540068 0.0625726 0.343653
FixedParameters: 0 0 0

#Transform 1
Transform: AffineTransform_float_3_3
Parameters: 1 3.8684e-07 0.000509 3.8684e-07 0.999999 -0.000759999 -0.000509 0.000759999 0.999999 -0.0592994 0.0484074 0.261187
FixedParameters: 0 0 0

#Transform 2
Transform: AffineTransform_float_3_3
Parameters: 1 8.07761e-07 0.000652999 -1.92238e-07 0.999999 -0.001237 -0.000653001 0.001237 0.999999 -0.0477996 0.14447 0.125765
FixedParameters: 0 0 0

#Transform 3
Transform: AffineTransform_float_3_3
Parameters: 1 1.47863e-06 0.001211 4.78632e-07 1 -0.001221 -0.001211 0.001221 0.999998 -0.0516176 0.110977 0.0871637
FixedParameters: 0 0 0

#Transform 4
Transform: AffineTransform_float_3_3
Parameters: 1 0.000189635 0.0010417 -0.000187365 0.999999 -0.0015692 -0.0010423 0.0015688 0.999998 -0.0580406 0.0599277 0.123775
FixedParameters: 0 0 0

#Transform 5
Transform: AffineTransform_float_3_3
Parameters: 1 0.000225195 0.000637579 -0.000223805 0.999998 -0.00187314 -0.00063842 0.00187386 0.999998 -0.0515577 0.0564978 0.123849
FixedParameters: 0 0 0

#Transform 6
Transform: AffineTransform_float_3_3
Parameters: 0.999999 1.92528e-06 0.000763997 -7.47139e-08 0.999997 -0.00252 -0.000764002 0.00252 0.999996 -0.0343257 0.153045 -0.00551165
FixedParameters: 0 0 0

#Transform 7
Transform: AffineTransform_float_3_3
Parameters: 1 1.51766e-06 0.000700998 -4.82329e-07 0.999997 -0.002165 -0.000701003 0.002165 0.999998 -0.0463625 0.0935862 0.0690647
FixedParameters: 0 0 0

#Transform 8
Transform: AffineTransform_float_3_3
Parameters: 0.999999 0.00010461 0.000763781 -0.000102389 0.999998 -0.00210808 -0.000764218 0.00210792 0.999998 -0.0453546 0.0595023 0.0990155
FixedParameters: 0 0 0

#Transform 9
Transform: AffineTransform_float_3_3
Parameters: 0.999999 2.18198e-06 0.000763996 1.81992e-07 0.999996 -0.002856 -0.000764002 0.002856 0.999995 -0.0262693 0.14206 -0.0168123
FixedParameters: 0 0 0

#Transform 10
Transform: AffineTransform_float_3_3
Parameters: 0.999999 2.0903e-06 0.000763997 9.0312e-08 0.999997 -0.002736 -0.000764002 0.002736 0.999996 -0.0164808 0.146866 -0.0501286
FixedParameters: 0 0 0

#Transform 11
Transform: AffineTransform_float_3_3
Parameters: 0.999999 0.000195961 0.000763499 -0.000194037 0.999996 -0.00256815 -0.000764501 0.00256785 0.999997 -0.0377964 0.0682115 0.0263696
FixedParameters: 0 0 0

#Transform 12
Transform: AffineTransform_float_3_3
Parameters: 1 7.88216e-07 0.000337999 -2.11781e-07 0.999998 -0.002332 -0.000338001 0.002332 0.999997 -0.0167723 0.0671122 0.0602594
FixedParameters: 0 0 0

#Transform 13
Transform: AffineTransform_float_3_3
Parameters: 1 9.5629e-07 0.000360999 -4.3707e-08 0.999997 -0.002649 -0.000361002 0.002649 0.999997 0.00540828 0.12781 -0.0341948
FixedParameters: 0 0 0

#Transform 14
Transform: AffineTransform_float_3_3
Parameters: 0.999999 0.00018997 0.000743499 -0.000188028 0.999996 -0.00264914 -0.000744501 0.00264886 0.999996 -0.01716 0.0712957 0.0344225
FixedParameters: 0 0 0

#Transform 15
Transform: AffineTransform_float_3_3
Parameters: 1 9.78155e-07 0.000414999 -2.1842e-08 0.999997 -0.002357 -0.000415001 0.002357 0.999997 0.00286636 0.0863988 0.0536276
FixedParameters: 0 0 0

#Transform 16
Transform: AffineTransform_float_3_3
Parameters: 1 -0.000169209 0.000361371 0.00017079 0.999997 -0.00218994 -0.000360627 0.00219006 0.999997 0.0224562 0.137248 -0.0147443
FixedParameters: 0 0 0

#Transform 17
Transform: AffineTransform_float_3_3
Parameters: 1 -0.000206914 8.72046e-05 0.000207086 0.999999 -0.000988981 -8.67952e-05 0.000989017 0.999999 0.0204883 0.0731366 0.113515
FixedParameters: 0 0 0

#Transform 18
Transform: AffineTransform_float_3_3
Parameters: 1 -0.000128014 -2.59316e-05 0.000127986 1 -0.000534003 2.60683e-05 0.000533997 1 0.0310293 0.0724387 0.0657787
FixedParameters: 0 0 0

#Transform 19
Transform: AffineTransform_float_3_3
Parameters: 0.999999 1.428e-07 -0.000839999 1.428e-07 1 0.00017 0.000839999 -0.00017 0.999999 0.0419637 0.0387735 0.0369639
FixedParameters: 0 0 0

#Transform 20
Transform: AffineTransform_float_3_3
Parameters: 1 -0.000100916 -8.31021e-05 0.000101084 1 0.00101099 8.28979e-05 -0.00101101 1 0.00335035 -0.00546648 0.0213447
FixedParameters: 0 0 0

#Transform 21
Transform: AffineTransform_float_3_3
Parameters: 1 -6.10362e-05 -8.29734e-05 6.09638e-05 1 -0.000436005 8.30266e-05 0.000435995 1 0.0127992 0.0387479 -0.149929
FixedParameters: 0 0 0

#Transform 22
Transform: AffineTransform_float_3_3
Parameters: 1 2.604e-07 0.000217 2.604e-07 1 -0.0012 -0.000217 0.0012 1 0.00634974 0.0248457 -0.13031
FixedParameters: 0 0 0

#Transform 23
Transform: AffineTransform_float_3_3
Parameters: 1 0.000249955 0.000499523 -0.000249046 0.999998 -0.00191013 -0.000499477 0.00190988 0.999998 0.0055024 -0.00951683 -0.0017078
FixedParameters: 0 0 0

#Transform 24
Transform: AffineTransform_float_3_3
Parameters: 0.999999 4.22964e-06 0.00123999 2.29668e-07 0.999994 -0.003411 -0.00124001 0.003411 0.999994 0.0512723 0.0414213 -0.0214401
FixedParameters: 0 0 0

#Transform 25
Transform: AffineTransform_float_3_3
Parameters: 0.999999 0.00025609 0.00175612 -0.000249912 0.999994 -0.00346645 -0.00175688 0.00346656 0.999993 0.0428343 0.0993535 -0.0892329
FixedParameters: 0 0 0

#Transform 26
Transform: AffineTransform_float_3_3
Parameters: 0.999998 0.000295979 0.00163993 -0.000290021 0.999994 -0.00364448 -0.00164107 0.00364452 0.999992 0.0389324 0.0801148 -0.0291544
FixedParameters: 0 0 0

#Transform 27
Transform: AffineTransform_float_3_3
Parameters: 0.999999 4.24827e-06 0.00133299 2.48295e-07 0.999995 -0.003187 -0.00133301 0.003187 0.999994 0.0497642 0.0731319 -0.0435772
FixedParameters: 0 0 0

#Transform 28
Transform: AffineTransform_float_3_3
Parameters: 0.999999 0.000542792 0.00175491 -0.000536209 0.999993 -0.00386795 -0.00175709 0.00386705 0.999991 0.0283235 0.11219 -0.160634
FixedParameters: 0 0 0

#Transform 29
Transform: AffineTransform_float_3_3
Parameters: 0.999999 0.000479643 0.00175493 -0.000471356 0.999991 -0.00435384 -0.00175707 0.00435217 0.999989 0.00549981 0.0483775 -0.108172
FixedParameters: 0 0 0

#Transform 30
Transform: AffineTransform_float_3_3
Parameters: 0.999999 0.000387674 0.00138743 -0.000381323 0.999991 -0.00408753 -0.00138957 0.00408746 0.99999 0.028624 0.0389518 -0.10298
FixedParameters: 0 0 0

#Transform 31
Transform: AffineTransform_float_3_3
Parameters: 0.999998 0.000259611 0.00163596 -0.000252388 0.999992 -0.00404042 -0.00163703 0.00403958 0.99999 0.0289001 0.0776272 -0.153121
FixedParameters: 0 0 0

#Transform 32
Transform: AffineTransform_float_3_3
Parameters: 1 0.000211302 0.00110437 -0.000207699 0.999995 -0.00298923 -0.00110463 0.00298877 0.999995 0.0209181 0.0326379 -0.0579745
FixedParameters: 0 0 0

#Transform 33
Transform: AffineTransform_float_3_3
Parameters: 1 0.000191063 0.00104563 -0.000188936 0.999998 -0.0019732 -0.00104638 0.0019728 0.999998 0.0197028 0.0725633 0.0242994
FixedParameters: 0 0 0

#Transform 34
Transform: AffineTransform_float_3_3
Parameters: 1 0.000283605 0.000399571 -0.000283394 0.999999 -0.00151411 -0.000400429 0.00151389 0.999999 0.0505618 0.0733387 -0.086882
FixedParameters: 0 0 0

#Transform 35
Transform: AffineTransform_float_3_3
Parameters: 1 7.90749e-05 0.000387985 -7.99251e-05 1 -0.000193031 -0.000388015 0.000192969 1 0.0522563 0.0467038 0.12661
FixedParameters: 0 0 0

#Transform 36
Transform: AffineTransform_float_3_3
Parameters: 1 -3.3418e-05 0.000374052 3.45819e-05 0.999999 -0.00155599 -0.000373947 0.00155601 0.999998 0.0569506 0.0608721 -0.0506997
FixedParameters: 0 0 0

#Transform 37
Transform: AffineTransform_float_3_3
Parameters: 1 0.000282951 6.22235e-05 -0.00028305 0.999999 0.000789982 -6.27764e-05 -0.000790017 0.999999 -0.019095 -0.0148618 0.171676
FixedParameters: 0 0 0

#Transform 38
Transform: AffineTransform_float_3_3
Parameters: 1 0.000283013 -1.27125e-05 -0.000282987 1 0.001016 1.32875e-05 -0.001016 1 -0.013269 0.00862544 0.1846
FixedParameters: 0 0 0

#Transform 39
Transform: AffineTransform_float_3_3
Parameters: 1 0.0002831 -0.000366923 -0.0002829 1 0.000272104 0.000367077 -0.000271896 1 0.0599229 0.00288905 -0.0573136
FixedParameters: 0 0 0

#Transform 40
Transform: AffineTransform_float_3_3
Parameters: 1 0.000282996 2.51138e-06 -0.000283005 0.999999 0.001807 -2.48861e-06 -0.001807 0.999999 0.0400499 -0.0140272 0.206306
FixedParameters: 0 0 0

#Transform 41
Transform: AffineTransform_float_3_3
Parameters: 1 0.000283254 -9.62562e-05 -0.000282744 0.999997 0.00262703 9.77431e-05 -0.00262697 0.999996 0.0712341 -0.0439851 0.163905
FixedParameters: 0 0 0

#Transform 42
Transform: AffineTransform_float_3_3
Parameters: 0.999999 0.000284091 -0.000648523 -0.000282909 0.999998 0.00168218 0.000648477 -0.00168182 0.999999 0.117931 -0.119905 -0.198668
FixedParameters: 0 0 0

#Transform 43
Transform: AffineTransform_float_3_3
Parameters: 1 0.000283017 -1.97552e-05 -0.000282983 0.999999 0.000865005 1.92448e-05 -0.000864994 0.999999 0.0969077 -0.063872 -0.178397
FixedParameters: 0 0 0

#Transform 44
Transform: AffineTransform_float_3_3
Parameters: 1 0.000282242 0.000361593 -0.000282757 0.999998 0.0020979 -0.000360408 -0.0020971 0.999997 0.0522594 -0.0980926 0.0645588
FixedParameters: 0 0 0

#Transform 45
Transform: AffineTransform_float_3_3
Parameters: 1 0.000282581 0.000172688 -0.00028342 0.999997 0.00243295 -0.000172311 -0.00243305 0.999997 0.067044 -0.0574845 0.224289
FixedParameters: 0 0 0

#Transform 46
Transform: AffineTransform_float_3_3
Parameters: 1 7.27333e-05 -0.000597791 -7.12661e-05 0.999996 0.00289904 0.000598209 -0.00289896 0.999995 0.122646 -0.0108875 0.112545
FixedParameters: 0 0 0

#Transform 47
Transform: AffineTransform_float_3_3
Parameters: 1 0.000285584 -0.00053563 -0.000283414 0.999989 0.00481816 0.000537372 -0.00481785 0.999988 0.0500078 -0.0341924 0.305936
FixedParameters: 0 0 0

#Transform 48
Transform: AffineTransform_float_3_3
Parameters: 0.999999 0.000287015 -0.000874692 -0.000282983 0.99999 0.00458725 0.000876307 -0.00458675 0.999989 0.056697 -0.012792 0.322782
FixedParameters: 0 0 0

#Transform 49
Transform: AffineTransform_float_3_3
Parameters: 0.999999 -0.000132897 -0.00133462 0.000139106 0.999989 0.00457481 0.00133438 -0.00457418 0.999988 0.127284 -0.0428549 0.191037
FixedParameters: 0 0 0

#Transform 50
Transform: AffineTransform_float_3_3
Parameters: 1 0.000263103 -0.00103372 -0.000257895 0.999988 0.00493427 0.00103529 -0.00493373 0.999988 0.0456683 -0.0345762 0.361398
FixedParameters: 0 0 0

#Transform 51
Transform: AffineTransform_float_3_3
Parameters: 0.999999 0.000329165 -0.00122162 -0.000323837 0.999991 0.0042264 0.00122238 -0.0042256 0.999991 0.0976029 -0.0278657 0.225641
FixedParameters: 0 0 0

#Transform 52
Transform: AffineTransform_float_3_3
Parameters: 0.999999 0.000421203 -0.000966749 -0.000415796 0.999985 0.0053754 0.000969249 -0.00537559 0.999985 0.0397891 -0.0715969 0.381204
FixedParameters: 0 0 0

#Transform 53
Transform: AffineTransform_float_3_3
Parameters: 0.999999 0.000513674 -0.00127533 -0.000507327 0.999986 0.00522865 0.00127767 -0.00522735 0.999985 0.0468438 -0.0259325 0.358073
FixedParameters: 0 0 0

#Transform 54
Transform: AffineTransform_float_3_3
Parameters: 1 0.00015802 -0.000536409 -0.000155978 0.999993 0.00376408 0.000537591 -0.00376391 0.999993 0.0974469 -0.0531456 0.103346
FixedParameters: 0 0 0

#Transform 55
Transform: AffineTransform_float_3_3
Parameters: 1 -0.000140345 0.000357475 0.000138653 0.999993 0.00376005 -0.000358524 -0.00375995 0.999993 0.0948973 -0.036878 0.0652304
FixedParameters: 0 0 0

#Transform 56
Transform: AffineTransform_float_3_3
Parameters: 1 0.000620813 0.000290551 -0.000621185 0.999992 0.00410482 -0.000287452 -0.00410518 0.999991 0.0632856 -0.162641 0.280488
FixedParameters: 0 0 0

#Transform 57
Transform: AffineTransform_float_3_3
Parameters: 1 0.000585292 0.000755327 -0.00058671 0.999998 0.00226356 -0.000754674 -0.00226444 0.999997 0.0619533 -0.0575355 0.317165
FixedParameters: 0 0 0

#Transform 58
Transform: AffineTransform_float_3_3
Parameters: 1 0.0007097 0.000983939 -0.000711301 0.999999 0.0013223 -0.00098306 -0.0013227 0.999998 0.0556574 0.0180103 0.279313
FixedParameters: 0 0 0

#Transform 59
Transform: AffineTransform_float_3_3
Parameters: 0.999999 0.000692699 0.00132121 -0.000695301 0.999998 0.00174208 -0.00131979 -0.00174292 0.999997 0.0469475 0.0791722 0.146112
FixedParameters: 0 0 0

#Transform 60
Transform: AffineTransform_float_3_3
Parameters: 0.999999 0.000584281 0.00129323 -0.000586717 0.999997 0.00210224 -0.00129177 -0.00210376 0.999997 0.0522883 0.0181589 0.0945912
FixedParameters: 0 0 0

#Transform 61
Transform: AffineTransform_float_3_3
Parameters: 1 0.000584681 0.0010443 -0.000586319 0.999998 0.00222239 -0.0010427 -0.00222261 0.999997 0.0371842 -0.0613384 0.247364
FixedParameters: 0 0 0

#Transform 62
Transform: AffineTransform_float_3_3
Parameters: 0.999999 0.000584869 0.00111212 -0.000586131 0.999998 0.00191735 -0.00111088 -0.00191765 0.999997 0.0310168 -0.0125196 0.201679
FixedParameters: 0 0 0

#Transform 63
Transform: AffineTransform_float_3_3
Parameters: 0.999999 0.000702776 0.00122128 -0.000705224 0.999998 0.00182214 -0.00121972 -0.00182286 0.999997 0.035828 0.0268425 0.106729
FixedParameters: 0 0 0

#Transform 64
Transform: AffineTransform_float_3_3
Parameters: 0.999999 0.000726735 0.00122195 -0.000729266 0.999996 0.00267411 -0.00122005 -0.00267489 0.999995 0.00618186 -0.0449173 0.166272
FixedParameters: 0 0 0

#Transform 65
Transform: AffineTransform_float_3_3
Parameters: 0.999999 0.000585325 0.000506941 -0.000586672 0.999995 0.00331071 -0.00050406 -0.0033113 0.999995 0.0331769 -0.0376206 0.214704
FixedParameters: 0 0 0

#Transform 66
Transform: AffineTransform_float_3_3
Parameters: 1 0.000585372 0.000335852 -0.000586628 0.999988 0.0048658 -0.000333149 -0.0048662 0.999988 0.0445224 -0.0783717 0.12107
FixedParameters: 0 0 0

#Transform 67
Transform: AffineTransform_float_3_3
Parameters: 1 0.000586949 1.18674e-05 -0.000587051 0.999988 0.00488499 -9.13236e-06 -0.00488501 0.999988 0.0479814 -0.100563 0.127704
FixedParameters: 0 0 0

#Transform 68
Transform: AffineTransform_float_3_3
Parameters: 1 0.000586966 8.73183e-06 -0.000587031 0.999989 0.004654 -5.26801e-06 -0.004654 0.999989 0.0503906 -0.0533684 0.162039
FixedParameters: 0 0 0

#Transform 69
Transform: AffineTransform_float_3_3
Parameters: 1 0.000585592 0.000326539 -0.000586407 0.999991 0.00433081 -0.000323464 -0.00433019 0.99999 0.0671269 -0.128417 -0.0213842
FixedParameters: 0 0 0

#Transform 70
Transform: AffineTransform_float_3_3
Parameters: 0.999999 0.000584756 0.000445958 -0.000586244 0.999987 0.00504874 -0.000443046 -0.00504826 0.999987 0.0537602 -0.182465 0.162491
FixedParameters: 0 0 0

#Transform 71
Transform: AffineTransform_float_3_3
Parameters: 0.999999 0.000585093 0.000445514 -0.000586908 0.99999 0.00429074 -0.000443485 -0.00429126 0.99999 0.0531165 -0.135833 0.103666
FixedParameters: 0 0 0

#Transform 72
Transform: AffineTransform_float_3_3
Parameters: 0.999999 0.000234966 0.00067706 -0.000238034 0.99999 0.00448484 -0.000675939 -0.00448516 0.999989 0.0754173 -0.112283 0.116904
FixedParameters: 0 0 0

#Transform 73
Transform: AffineTransform_float_3_3
Parameters: 0.999999 0.000291455 0.000734416 -0.000294547 0.999989 0.00483079 -0.000733585 -0.00483122 0.999988 0.0811248 -0.144175 0.229497
FixedParameters: 0 0 0

#Transform 74
Transform: AffineTransform_float_3_3
Parameters: 0.999999 0.000436117 0.00119217 -0.000441883 0.999987 0.00493948 -0.00118983 -0.00493952 0.999987 0.0487676 -0.130814 0.101752
FixedParameters: 0 0 0

#Transform 75
Transform: AffineTransform_float_3_3
Parameters: 1 0.000172893 0.00104586 -0.000178108 0.999988 0.00488481 -0.00104514 -0.00488518 0.999987 0.0609534 -0.158719 0.0626384
FixedParameters: 0 0 0

#Transform 76
Transform: AffineTransform_float_3_3
Parameters: 0.999999 0.000459988 0.000838767 -0.000465013 0.999982 0.00598461 -0.000836231 -0.00598539 0.999981 0.0302055 -0.190305 0.285492
FixedParameters: 0 0 0

#Transform 77
Transform: AffineTransform_float_3_3
Parameters: 1 0.000175806 0.000412941 -0.000178195 0.999986 0.00532092 -0.000412058 -0.00532007 0.999986 0.070291 -0.140985 0.160639
FixedParameters: 0 0 0

#Transform 78
Transform: AffineTransform_float_3_3
Parameters: 1 0.00017917 -0.000206993 -0.00017783 0.999984 0.00563804 0.000208006 -0.00563796 0.999984 0.05386 -0.117344 0.259852
FixedParameters: 0 0 0

#Transform 79
Transform: AffineTransform_float_3_3
Parameters: 1 0.000491282 -3.74637e-05 -0.000490721 0.999974 0.00720002 4.05342e-05 -0.00719998 0.999974 0.0631172 -0.102728 0.310453
FixedParameters: 0 0 0

#Transform 80
Transform: AffineTransform_float_3_3
Parameters: 1 0.000570222 -3.77845e-05 -0.000569776 0.999984 0.00564002 4.12142e-05 -0.00563998 0.999984 0.120159 -0.186459 0.00109765
FixedParameters: 0 0 0

#Transform 81
Transform: AffineTransform_float_3_3
Parameters: 1 0.000175025 0.000573916 -0.000177975 0.999986 0.0051869 -0.000573085 -0.0051871 0.999987 0.10481 -0.131367 -0.035264
FixedParameters: 0 0 0

#Transform 82
Transform: AffineTransform_float_3_3
Parameters: 1 0.000366034 0.000534045 -0.000369966 0.999985 0.00556381 -0.00053195 -0.0055642 0.999985 0.0840941 -0.208569 0.134158
FixedParameters: 0 0 0

#Transform 83
Transform: AffineTransform_float_3_3
Parameters: 0.999999 0.000755983 0.0010499 -0.000760018 0.999993 0.00383121 -0.0010471 -0.0038318 0.999992 0.0544474 -0.166787 0.188823
FixedParameters: 0 0 0

#Transform 84
Transform: AffineTransform_float_3_3
Parameters: 0.999998 0.000645146 0.00150765 -0.000648855 0.999997 0.00255703 -0.00150634 -0.00255798 0.999995 0.0506167 -0.0810111 0.094697
FixedParameters: 0 0 0

#Transform 85
Transform: AffineTransform_float_3_3
Parameters: 0.999998 0.000367305 0.00190472 -0.000371696 0.999998 0.0019403 -0.00190428 -0.0019407 0.999997 0.0561588 -0.0218462 -0.0373365
FixedParameters: 0 0 0

#Transform 86
Transform: AffineTransform_float_3_3
Parameters: 0.999998 0.000496015 0.0016572 -0.000499984 0.999997 0.00240517 -0.0016558 -0.00240582 0.999995 0.0406222 -0.0634466 0.00605411
FixedParameters: 0 0 0

#Transform 87
Transform: AffineTransform_float_3_3
Parameters: 0.999999 0.000715065 0.00163673 -0.000718936 0.999997 0.00240483 -0.00163528 -0.00240617 0.999996 0.0373096 -0.114392 0.110881
FixedParameters: 0 0 0

#Transform 88
Transform: AffineTransform_float_3_3
Parameters: 0.999998 0.000718778 0.00175573 -0.000722222 0.999997 0.00240473 -0.00175427 -0.00240626 0.999995 0.0350863 -0.0599638 0.104868
FixedParameters: 0 0 0

#Transform 89
Transform: AffineTransform_float_3_3
Parameters: 0.999999 0.00090081 0.00153846 -0.000905188 0.999996 0.00272461 -0.00153554 -0.00272639 0.999995 0.0355492 -0.0663824 0.0334576
FixedParameters: 0 0 0

#Transform 90
Transform: AffineTransform_float_3_3
Parameters: 0.999998 0.000858508 0.00216778 -0.00086349 0.999997 0.00207213 -0.00216521 -0.00207386 0.999995 0.0160795 -0.0326423 -0.00573619
FixedParameters: 0 0 0

#Transform 91
Transform: AffineTransform_float_3_3
Parameters: 0.999998 0.000743465 0.00194812 -0.000748538 0.999995 0.00284255 -0.00194688 -0.00284345 0.999994 0.0252004 -0.112099 0.0884656
FixedParameters: 0 0 0

#Transform 92
Transform: AffineTransform_float_3_3
Parameters: 0.999998 0.000544674 0.00149196 -0.000549327 0.999994 0.00357219 -0.00149005 -0.00357282 0.999993 0.0588411 -0.106075 0.0438563
FixedParameters: 0 0 0

#Transform 93
Transform: AffineTransform_float_3_3
Parameters: 0.999999 0.000172872 0.00124073 -0.000178125 0.999992 0.00413378 -0.00123927 -0.00413422 0.99999 0.107573 -0.107235 0.0151856
FixedParameters: 0 0 0

#Transform 94
Transform: AffineTransform_float_3_3
Parameters: 0.999999 0.000407652 0.000704946 -0.000411347 0.999988 0.00475471 -0.000703052 -0.00475529 0.999989 0.0358935 -0.102183 0.198855
FixedParameters: 0 0 0

#Transform 95
Transform: AffineTransform_float_3_3
Parameters: 1 0.000228064 0.00038615 -0.00022994 0.999988 0.00501992 -0.000385851 -0.00502009 0.999988 0.0645186 -0.0789305 0.211829
FixedParameters: 0 0 0

#Transform 96
Transform: AffineTransform_float_3_3
Parameters: 1 0.000176071 0.000372916 -0.000177929 0.999986 0.00517793 -0.000372083 -0.00517806 0.999986 0.0930035 -0.132631 0.0948858
FixedParameters: 0 0 0

#Transform 97
Transform: AffineTransform_float_3_3
Parameters: 1 0.000174889 0.000568965 -0.000178111 0.999985 0.0054719 -0.000568034 -0.0054721 0.999985 0.0712542 -0.162097 0.0974069
FixedParameters: 0 0 0

#Transform 98
Transform: AffineTransform_float_3_3
Parameters: 1 0.000174378 0.00065797 -0.000178621 0.999985 0.00550788 -0.000657026 -0.00550811 0.999984 0.0754444 -0.150154 0.221295
FixedParameters: 0 0 0

#Transform 99
Transform: AffineTransform_float_3_3
Parameters: 1 -0.000389847 -0.00019433 0.000391151 0.999982 0.00596693 0.000191669 -0.00596708 0.999982 0.133438 -0.0981181 0.321358
FixedParameters: 0 0 0

#Transform 100
Transform: AffineTransform_float_3_3
Parameters: 1 -0.000560637 0.000761336 0.000557365 0.999988 0.00476843 -0.000763667 -0.00476857 0.999989 0.142077 -0.11021 0.0532498
FixedParameters: 0 0 0

#Transform 101
Transform: AffineTransform_float_3_3
Parameters: 0.999999 -0.000379963 0.00148824 0.000373039 0.999989 0.00467556 -0.00148976 -0.00467544 0.999988 0.11138 -0.145224 0.0970198
FixedParameters: 0 0 0

#Transform 102
Transform: AffineTransform_float_3_3
Parameters: 0.999998 -0.000274621 0.00169278 0.000267376 0.99999 0.00450146 -0.00169422 -0.00450054 0.999989 0.068672 -0.154972 0.206802
FixedParameters: 0 0 0

#Transform 103
Transform: AffineTransform_float_3_3
Parameters: 0.999999 -0.000273655 0.00134566 0.000267343 0.999987 0.00494336 -0.00134734 -0.00494263 0.999987 0.127504 -0.103752 0.0864512
FixedParameters: 0 0 0

#Transform 104
Transform: AffineTransform_float_3_3
Parameters: 0.999999 -0.000276255 0.0013241 0.000266745 0.999975 0.00698535 -0.0013259 -0.00698464 0.999974 0.127588 -0.1663 0.237091
FixedParameters: 0 0 0

#Transform 105
Transform: AffineTransform_float_3_3
Parameters: 0.999999 -0.000273345 0.000860008 0.000267655 0.999973 0.00736923 -0.000861995 -0.00736876 0.999972 0.145197 -0.165242 0.271235
FixedParameters: 0 0 0

#Transform 106
Transform: AffineTransform_float_3_3
Parameters: 0.999999 -0.00027407 0.00129552 0.000266933 0.999985 0.00545435 -0.00129648 -0.00545365 0.999985 0.1307 -0.132731 0.0831038
FixedParameters: 0 0 0

#Transform 107
Transform: AffineTransform_float_3_3
Parameters: 0.999999 -0.000417104 0.00147718 0.000407896 0.999976 0.0068346 -0.00147982 -0.00683338 0.999975 0.109111 -0.197435 0.21853
FixedParameters: 0 0 0

#Transform 108
Transform: AffineTransform_float_3_3
Parameters: 0.999998 -0.000106415 0.00189739 9.55814e-05 0.999982 0.00601519 -0.00189861 -0.00601481 0.99998 0.042261 -0.146851 0.246144
FixedParameters: 0 0 0

#Transform 109
Transform: AffineTransform_float_3_3
Parameters: 0.999999 -0.000181863 0.00081493 0.000177138 0.999982 0.00596215 -0.00081607 -0.00596285 0.999982 0.0858802 -0.160693 0.0783854
FixedParameters: 0 0 0

#Transform 110
Transform: AffineTransform_float_3_3
Parameters: 1 0.000108584 0.000346766 -0.000111417 0.999975 0.00697396 -0.000346231 -0.00697403 0.999975 0.0571537 -0.139988 0.328665
FixedParameters: 0 0 0

#Transform 111
Transform: AffineTransform_float_3_3
Parameters: 0.999999 0.000347342 0.00061807 -0.000350658 0.999983 0.00592879 -0.000615932 -0.00592822 0.999982 0.0597982 -0.105166 0.215318
FixedParameters: 0 0 0

#Transform 112
Transform: AffineTransform_float_3_3
Parameters: 0.999999 -0.000274475 0.00125439 0.000267529 0.999982 0.00595434 -0.00125561 -0.00595466 0.999981 0.119334 -0.169592 0.0736427
FixedParameters: 0 0 0

#Transform 113
Transform: AffineTransform_float_3_3
Parameters: 1 -0.000485116 0.00100713 0.000476886 0.999967 0.00804248 -0.00101087 -0.00804251 0.999967 0.197762 -0.282997 0.193663
FixedParameters: 0 0 0

#Transform 114
Transform: AffineTransform_float_3_3
Parameters: 0.999998 -0.000144111 0.00160012 0.00013389 0.99998 0.00631722 -0.00160088 -0.00631678 0.999979 0.157275 -0.218145 0.126056
FixedParameters: 0 0 0

#Transform 115
Transform: AffineTransform_float_3_3
Parameters: 1 0.000169833 0.000175139 -0.000171166 0.999977 0.00668397 -0.00017386 -0.00668403 0.999977 0.128982 -0.148534 0.177265
FixedParameters: 0 0 0

#Transform 116
Transform: AffineTransform_float_3_3
Parameters: 1 0.000338964 0.000259679 -0.000341031 0.999969 0.00788091 -0.00025632 -0.00788109 0.999969 0.0792003 -0.143976 0.353193
FixedParameters: 0 0 0

#Transform 117
Transform: AffineTransform_float_3_3
Parameters: 0.999999 0.000211569 0.00147224 -0.000220431 0.999983 0.00572968 -0.00147076 -0.00572931 0.999982 0.0957815 -0.146134 0.202952
FixedParameters: 0 0 0

#Transform 118
Transform: AffineTransform_float_3_3
Parameters: 1 0.000213362 0.00108333 -0.000219636 0.999981 0.00613076 -0.00108167 -0.00613123 0.99998 0.117401 -0.111237 0.10999
FixedParameters: 0 0 0

#Transform 119
Transform: AffineTransform_float_3_3
Parameters: 0.999999 0.00021353 0.000894569 -0.000220466 0.999974 0.00723881 -0.000892427 -0.00723919 0.999974 0.120828 -0.194182 0.255951
FixedParameters: 0 0 0

#Transform 120
Transform: AffineTransform_float_3_3
Parameters: 1 -0.000237603 8.63583e-05 0.000237392 0.999976 0.00691802 -8.86444e-05 -0.00691798 0.999976 0.138235 -0.153126 0.192421
FixedParameters: 0 0 0

#Transform 121
Transform: AffineTransform_float_3_3
Parameters: 1 -0.000402037 0.000275046 0.000399963 0.999973 0.00736711 -0.000277954 -0.00736689 0.999973 0.171502 -0.176588 0.207694
FixedParameters: 0 0 0

#Transform 122
Transform: AffineTransform_float_3_3
Parameters: 0.999999 -0.000404731 0.000661127 0.00040027 0.999975 0.00714027 -0.000663875 -0.00713974 0.999975 0.148448 -0.138679 0.288976
FixedParameters: 0 0 0

#Transform 123
Transform: AffineTransform_float_3_3
Parameters: 0.999999 -0.00019386 0.000815629 0.000188137 0.999974 0.00717916 -0.000817371 -0.00717884 0.999974 0.143869 -0.187772 0.132574
FixedParameters: 0 0 0

#Transform 124
Transform: AffineTransform_float_3_3
Parameters: 0.999999 -0.000355781 0.00126156 0.000347223 0.999976 0.00695344 -0.00126345 -0.00695355 0.999975 0.167969 -0.213984 0.105542
FixedParameters: 0 0 0

#Transform 125
Transform: AffineTransform_float_3_3
Parameters: 1 -0.000407612 0.000982878 0.000400387 0.99997 0.0077324 -0.000986125 -0.0077316 0.999969 0.167978 -0.220339 0.27987
FixedParameters: 0 0 0

#Transform 126
Transform: AffineTransform_float_3_3
Parameters: 0.999999 -0.000276357 0.000893057 0.000269643 0.999974 0.00711124 -0.00089494 -0.00711076 0.999975 0.141973 -0.208117 0.197499
FixedParameters: 0 0 0

#Transform 127
Transform: AffineTransform_float_3_3
Parameters: 1 -0.000401912 0.000264112 0.000400088 0.999974 0.00720211 -0.000266888 -0.00720189 0.999974 0.162854 -0.194084 0.19176
FixedParameters: 0 0 0

#Transform 128
Transform: AffineTransform_float_3_3
Parameters: 0.999999 -0.000198312 0.000908644 0.000191685 0.999976 0.00694217 -0.000910352 -0.00694182 0.999975 0.111158 -0.213583 0.237642
FixedParameters: 0 0 0

#Transform 129
Transform: AffineTransform_float_3_3
Parameters: 1 -0.000407424 0.00105416 0.00040057 0.999975 0.00703343 -0.00105784 -0.00703257 0.999974 0.153216 -0.201988 0.131926
FixedParameters: 0 0 0

#Transform 130
Transform: AffineTransform_float_3_3
Parameters: 1 -9.2509e-05 0.000513208 8.74928e-05 0.999962 0.00877905 -0.000513788 -0.00877896 0.999962 0.136092 -0.21956 0.296081
FixedParameters: 0 0 0

#Transform 131
Transform: AffineTransform_float_3_3
Parameters: 1 2.34411e-05 0.000966213 -3.05651e-05 0.99997 0.00782398 -0.000966791 -0.00782403 0.999969 0.0984904 -0.229866 0.262138
FixedParameters: 0 0 0

#Transform 132
Transform: AffineTransform_float_3_3
Parameters: 0.999999 -0.00062768 0.000658569 0.000623322 0.999974 0.00708441 -0.000662432 -0.00708358 0.999974 0.211292 -0.16708 0.116633
FixedParameters: 0 0 0

#Transform 133
Transform: AffineTransform_float_3_3
Parameters: 0.999999 -0.000339652 0.000914192 0.000331349 0.999965 0.0083583 -0.000916801 -0.00835769 0.999964 0.182849 -0.201091 0.2727
FixedParameters: 0 0 0

#Transform 134
Transform: AffineTransform_float_3_3
Parameters: 1 -0.000270029 0.00117496 0.00026097 0.999971 0.00767831 -0.00117704 -0.00767769 0.99997 0.171099 -0.213314 0.177963
FixedParameters: 0 0 0

#Transform 135
Transform: AffineTransform_float_3_3
Parameters: 1 -0.000403874 0.000481779 0.000400125 0.999968 0.00801319 -0.000485222 -0.0080138 0.999968 0.171382 -0.18538 0.144312
FixedParameters: 0 0 0

#Transform 136
Transform: AffineTransform_float_3_3
Parameters: 1 -0.000409614 0.00103424 0.000400389 0.999957 0.00927842 -0.00103776 -0.00927858 0.999957 0.123775 -0.214925 0.37563
FixedParameters: 0 0 0

#Transform 137
Transform: AffineTransform_float_3_3
Parameters: 1 -0.000271464 0.00049759 0.000267541 0.99996 0.00894913 -0.000499414 -0.00894986 0.99996 0.132719 -0.173559 0.320778
FixedParameters: 0 0 0

#Transform 138
Transform: AffineTransform_float_3_3
Parameters: 1 -0.000407583 0.00103505 0.000400418 0.999973 0.00731542 -0.00103796 -0.00731558 0.999972 0.164341 -0.196193 0.129997
FixedParameters: 0 0 0

#Transform 139
Transform: AffineTransform_float_3_3
Parameters: 1 -0.000409392 0.00103433 0.000400612 0.999959 0.00906342 -0.00103767 -0.00906358 0.999959 0.133084 -0.204782 0.35625
FixedParameters: 0 0 0

#Transform 140
Transform: AffineTransform_float_3_3
Parameters: 1 -0.000403477 0.000362163 0.000400524 0.999955 0.00955115 -0.000365842 -0.00955086 0.999955 0.0984858 -0.172334 0.455414
FixedParameters: 0 0 0

#Transform 141
Transform: AffineTransform_float_3_3
Parameters: 0.999999 -0.000102495 0.00140734 9.35074e-05 0.999977 0.00674514 -0.00140766 -0.00674487 0.999977 0.0910117 -0.14632 0.141948
FixedParameters: 0 0 0

#Transform 142
Transform: AffineTransform_float_3_3
Parameters: 0.999999 -0.000199734 0.00150649 0.000188269 0.999969 0.00778529 -0.00150751 -0.0077847 0.999968 0.106691 -0.223287 0.220083
FixedParameters: 0 0 0

#Transform 143
Transform: AffineTransform_float_3_3
Parameters: 1 0.000227232 8.70324e-05 -0.000227768 0.99996 0.00892898 -8.49697e-05 -0.00892902 0.99996 0.0258989 -0.208807 0.385999
FixedParameters: 0 0 0

#Transform 144
Transform: AffineTransform_float_3_3
Parameters: 1 -0.000399332 -9.19499e-05 0.000400668 0.999972 0.00738096 8.90451e-05 -0.00738103 0.999973 0.0929193 -0.15337 0.192854
FixedParameters: 0 0 0

#Transform 145
Transform: AffineTransform_float_3_3
Parameters: 1 -0.000398928 -0.000111894 0.000400073 0.999953 0.00974696 0.000108106 -0.00974705 0.999953 0.0625893 -0.122757 0.499638
FixedParameters: 0 0 0

#Transform 146
Transform: AffineTransform_float_3_3
Parameters: 1 -0.000227413 0.000370929 0.000224586 0.999958 0.00917608 -0.000373076 -0.00917591 0.999958 0.116054 -0.169926 0.266402
FixedParameters: 0 0 0

#Transform 147
Transform: AffineTransform_float_3_3
Parameters: 0.999998 -0.000411298 0.0015811 0.000400702 0.999975 0.00713965 -0.0015839 -0.00713836 0.999974 0.137101 -0.187574 0.0949479
FixedParameters: 0 0 0

#Transform 148
Transform: AffineTransform_float_3_3
Parameters: 0.999998 -0.000417895 0.00194624 0.000400107 0.999957 0.00918579 -0.00194976 -0.0091852 0.999956 0.158784 -0.266713 0.299148
FixedParameters: 0 0 0

#Transform 149
Transform: AffineTransform_float_3_3
Parameters: 0.999998 -0.000595699 0.00216347 0.000579304 0.99997 0.00771127 -0.00216753 -0.00770973 0.999968 0.157578 -0.185256 0.286816
FixedParameters: 0 0 0

#Transform 150
Transform: AffineTransform_float_3_3
Parameters: 0.999999 -0.000661574 0.00139704 0.000650426 0.999971 0.00755592 -0.00140195 -0.00755508 0.99997 0.16163 -0.157852 0.164676
FixedParameters: 0 0 0

#Transform 151
Transform: AffineTransform_float_3_3
Parameters: 0.999999 -0.00040615 0.000581754 0.000399858 0.999945 0.0105332 -0.000585244 -0.0105328 0.999945 0.0597925 -0.215728 0.427685
FixedParameters: 0 0 0

#Transform 152
Transform: AffineTransform_float_3_3
Parameters: 0.999999 -0.000407442 0.000660466 0.000400563 0.999937 0.0112293 -0.00066454 -0.0112297 0.999936 0.1034 -0.230615 0.413245
FixedParameters: 0 0 0

#Transform 153
Transform: AffineTransform_float_3_3
Parameters: 0.999999 -0.000659033 0.000431908 0.000655966 0.999957 0.00927228 -0.000438101 -0.00927171 0.999957 0.154196 -0.21396 0.222774
FixedParameters: 0 0 0

#Transform 154
Transform: AffineTransform_float_3_3
Parameters: 0.999999 -0.000407803 0.000660244 0.000400199 0.99993 0.0117763 -0.000664759 -0.0117757 0.999931 0.119766 -0.261975 0.416468
FixedParameters: 0 0 0

#Transform 155
Transform: AffineTransform_float_3_3
Parameters: 0.999999 -0.000407099 0.000660677 0.000399907 0.999942 0.0107113 -0.000664322 -0.0107107 0.999943 0.173738 -0.226888 0.335686
FixedParameters: 0 0 0

#Transform 156
Transform: AffineTransform_float_3_3
Parameters: 1 -0.000351252 0.000511433 0.000345752 0.999947 0.0102332 -0.000514565 -0.0102328 0.999948 0.184389 -0.261285 0.284406
FixedParameters: 0 0 0

#Transform 157
Transform: AffineTransform_float_3_3
Parameters: 0.999999 -0.000215166 0.00141706 0.000201834 0.999957 0.00928529 -0.00141893 -0.0092847 0.999956 0.158346 -0.230024 0.335834
FixedParameters: 0 0 0

#Transform 158
Transform: AffineTransform_float_3_3
Parameters: 1 -0.000408009 0.000908446 0.000399996 0.999961 0.00879837 -0.000911555 -0.00879863 0.999961 0.196132 -0.240885 0.13851
FixedParameters: 0 0 0

#Transform 159
Transform: AffineTransform_float_3_3
Parameters: 0.999999 -0.000407465 0.000669513 0.00040053 0.999938 0.0111123 -0.000674492 -0.0111117 0.999938 0.170381 -0.289199 0.388605
FixedParameters: 0 0 0

#Transform 160
Transform: AffineTransform_float_3_3
Parameters: 0.999999 -0.000406132 0.000608954 0.000399867 0.999949 0.0100372 -0.000613044 -0.0100368 0.99995 0.175761 -0.243264 0.309887
FixedParameters: 0 0 0

#Transform 161
Transform: AffineTransform_float_3_3
Parameters: 0.999999 -0.0004068 0.000636706 0.000400197 0.999944 0.0106433 -0.000641296 -0.0106437 0.999943 0.146126 -0.22514 0.322401
FixedParameters: 0 0 0

#Transform 162
Transform: AffineTransform_float_3_3
Parameters: 1 -0.000267305 0.00017248 0.000265688 0.999913 0.0132271 -0.00017653 -0.013227 0.999913 0.102801 -0.220483 0.618076
FixedParameters: 0 0 0

#Transform 163
Transform: AffineTransform_float_3_3
Parameters: 1 -0.000404174 0.000366448 0.00039982 0.999936 0.0113201 -0.00037155 -0.0113198 0.999936 0.165622 -0.23245 0.325441
FixedParameters: 0 0 0

#Transform 164
Transform: AffineTransform_float_3_3
Parameters: 0.999999 -0.000719985 0.00127129 0.000708008 0.999955 0.00940291 -0.00127871 -0.00940208 0.999955 0.196544 -0.302663 0.147041
FixedParameters: 0 0 0

#Transform 165
Transform: AffineTransform_float_3_3
Parameters: 0.999999 -0.000416015 0.00169916 0.000399977 0.999955 0.00941469 -0.00170384 -0.0094143 0.999954 0.176961 -0.296473 0.206418
FixedParameters: 0 0 0

#Transform 166
Transform: AffineTransform_float_3_3
Parameters: 0.999998 -0.00041664 0.00169099 0.00040036 0.999951 0.00982869 -0.00169502 -0.00982831 0.999951 0.164174 -0.32883 0.265803
FixedParameters: 0 0 0

#Transform 167
Transform: AffineTransform_float_3_3
Parameters: 0.999999 -0.000834135 0.000485279 0.000828867 0.999944 0.0104874 -0.00049372 -0.0104876 0.999945 0.235998 -0.251695 0.248187
FixedParameters: 0 0 0

#Transform 168
Transform: AffineTransform_float_3_3
Parameters: 1 -0.0003246 -0.000102542 0.000325407 0.999903 0.013961 9.84665e-05 -0.013961 0.999902 0.117092 -0.247167 0.640475
FixedParameters: 0 0 0

#Transform 169
Transform: AffineTransform_float_3_3
Parameters: 1 -0.000279189 -5.89783e-05 0.000279811 0.999898 0.014228 5.50244e-05 -0.014228 0.999899 0.105559 -0.201767 0.617729
FixedParameters: 0 0 0

#Transform 170
Transform: AffineTransform_float_3_3
Parameters: 0.999999 -0.000828784 -2.41662e-05 0.000829226 0.999939 0.011058 1.58314e-05 -0.011058 0.999939 0.142658 -0.288828 0.18565
FixedParameters: 0 0 0

#Transform 171
Transform: AffineTransform_float_3_3
Parameters: 0.999999 -0.000842139 0.00125327 0.000828863 0.999945 0.010448 -0.00126173 -0.0104469 0.999944 0.157639 -0.233956 0.153612
FixedParameters: 0 0 0

#Transform 172
Transform: AffineTransform_float_3_3
Parameters: 0.999998 -0.000319898 0.00155242 0.000302107 0.999933 0.0115155 -0.00155558 -0.0115155 0.999932 0.15084 -0.363563 0.370472
FixedParameters: 0 0 0

#Transform 173
Transform: AffineTransform_float_3_3
Parameters: 0.999997 -9.90166e-05 0.0021322 7.99848e-05 0.99996 0.00891719 -0.0021328 -0.00891681 0.999958 0.15021 -0.252411 0.345954
FixedParameters: 0 0 0

#Transform 174
Transform: AffineTransform_float_3_3
Parameters: 0.999997 -0.000136098 0.00213209 0.000120902 0.999975 0.00708027 -0.00213291 -0.00707972 0.999972 0.162931 -0.195883 0.30126
FixedParameters: 0 0 0

#Transform 175
Transform: AffineTransform_float_3_3
Parameters: 0.999997 -0.000407607 0.00213026 0.000393395 0.999977 0.00685286 -0.00213275 -0.00685215 0.999974 0.167701 -0.10562 0.16749
FixedParameters: 0 0 0

#Transform 176
Transform: AffineTransform_float_3_3
Parameters: 0.999997 -0.000173071 0.00213168 0.000155925 0.999968 0.00800635 -0.00213332 -0.00800565 0.999965 0.130172 -0.173406 0.24393
FixedParameters: 0 0 0

#Transform 177
Transform: AffineTransform_float_3_3
Parameters: 0.999997 -0.000173069 0.00213168 0.000155927 0.999968 0.00800535 -0.00213332 -0.00800465 0.999965 0.138381 -0.199777 0.284993
FixedParameters: 0 0 0

#Transform 178
Transform: AffineTransform_float_3_3
Parameters: 0.999998 -0.000623368 0.00191274 0.00060663 0.999964 0.00854618 -0.00191825 -0.00854482 0.999961 0.18078 -0.18578 0.133476
FixedParameters: 0 0 0

#Transform 179
Transform: AffineTransform_float_3_3
Parameters: 0.999999 -0.000470835 0.00134289 0.000456164 0.999939 0.0110256 -0.00134811 -0.0110254 0.999939 0.184911 -0.257227 0.269722
FixedParameters: 0 0 0

#Transform 180
Transform: AffineTransform_float_3_3
Parameters: 1 -0.00063152 0.000297643 0.000627475 0.999931 0.0116822 -0.000305351 -0.0116818 0.999931 0.188057 -0.222902 0.447345
FixedParameters: 0 0 0

#Transform 181
Transform: AffineTransform_float_3_3
Parameters: 1 -0.00037969 -2.76457e-05 0.000380302 0.999925 0.01223 2.23506e-05 -0.01223 0.999925 0.137354 -0.193872 0.520338
FixedParameters: 0 0 0

#Transform 182
Transform: AffineTransform_float_3_3
Parameters: 0.999999 -0.000557544 0.00132479 0.000545455 0.999955 0.00944974 -0.00133021 -0.00944927 0.999955 0.141483 -0.213558 0.194857
FixedParameters: 0 0 0

#Transform 183
Transform: AffineTransform_float_3_3
Parameters: 0.999998 -0.000253575 0.00162765 0.000238423 0.999955 0.0095614 -0.00163035 -0.0095616 0.999953 0.146601 -0.233078 0.240018
FixedParameters: 0 0 0

#Transform 184
Transform: AffineTransform_float_3_3
Parameters: 0.999999 -0.000650243 0.00163888 0.000631757 0.999938 0.0111071 -0.00164612 -0.0111059 0.999937 0.186063 -0.289774 0.434256
FixedParameters: 0 0 0

#Transform 185
Transform: AffineTransform_float_3_3
Parameters: 0.999999 -0.000641225 0.000732884 0.000633773 0.999938 0.0111695 -0.000740125 -0.0111685 0.999938 0.198227 -0.242698 0.390018
FixedParameters: 0 0 0

#Transform 186
Transform: AffineTransform_float_3_3
Parameters: 1 -0.000837024 0.000732936 0.000828976 0.999941 0.0108806 -0.000742063 -0.0108794 0.99994 0.16076 -0.245739 0.420987
FixedParameters: 0 0 0

#Transform 187
Transform: AffineTransform_float_3_3
Parameters: 0.999999 -0.000636462 0.00064674 0.000628535 0.999934 0.0114734 -0.000654254 -0.0114736 0.999934 0.123723 -0.130545 0.61098
FixedParameters: 0 0 0

#Transform 188
Transform: AffineTransform_float_3_3
Parameters: 1 -0.00066819 0.000105735 0.000666807 0.99994 0.0108821 -0.000113263 -0.0108819 0.999941 0.179905 -0.141515 0.423366
FixedParameters: 0 0 0

#Transform 189
Transform: AffineTransform_float_3_3
Parameters: 1 -0.000457356 0.000210965 0.000454644 0.999939 0.0110361 -0.000216031 -0.0110359 0.999939 0.138583 -0.205702 0.511748
FixedParameters: 0 0 0

#Transform 190
Transform: AffineTransform_float_3_3
