#Insight Transform File V1.0
#Transform 0
Transform: AffineTransform_float_3_3
Parameters: 0.999998 1.23749e-05 0.00208996 3.7513e-07 0.999982 -0.00592101 -0.00209003 0.00592099 0.999981 0.0133608 0.0680644 -0.226082
FixedParameters: 0 0 0

#Transform 1
Transform: AffineTransform_float_3_3
Parameters: 0.999999 -0.000250402 0.00173227 0.000258603 0.999987 -0.00496556 -0.00173174 0.00496544 0.999986 0.0317617 0.0636598 -0.0890392
FixedParameters: 0 0 0

#Transform 2
Transform: AffineTransform_float_3_3
Parameters: 0.999999 -0.00033505 0.00140317 0.000343948 0.999979 -0.00638252 -0.00140083 0.00638347 0.999978 0.0421327 0.0996337 -0.221248
FixedParameters: 0 0 0

#Transform 3
Transform: AffineTransform_float_3_3
Parameters: 0.999999 -0.000428987 0.00178667 0.000444016 0.999964 -0.00841122 -0.00178333 0.00841178 0.999963 0.0512735 0.171726 -0.341371
FixedParameters: 0 0 0

#Transform 4
Transform: AffineTransform_float_3_3
Parameters: 0.999999 -0.000407444 0.00140411 0.000417554 0.999971 -0.00752542 -0.0014009 0.00752657 0.99997 0.0258318 0.179744 -0.223339
FixedParameters: 0 0 0

#Transform 5
Transform: AffineTransform_float_3_3
Parameters: 1 -0.000472412 0.000163707 0.000472589 0.999994 -0.00361092 -0.000162294 0.00361108 0.999993 0.0712137 0.0189385 -0.111653
FixedParameters: 0 0 0

#Transform 6
Transform: AffineTransform_float_3_3
Parameters: 0.999999 -0.000917332 0.000165739 0.000918669 0.999992 -0.00407485 -0.000162258 0.00407515 0.999991 0.0929391 0.0715518 -0.120251
FixedParameters: 0 0 0

#Transform 7
Transform: AffineTransform_float_3_3
Parameters: 0.999999 -0.000913428 0.000165194 0.000914571 0.999994 -0.00349585 -0.000161803 0.00349615 0.999994 0.0872741 0.0110034 -0.170981
FixedParameters: 0 0 0

#Transform 8
Transform: AffineTransform_float_3_3
Parameters: 1 -0.000521687 0.00033406 0.000522313 0.999992 -0.00394283 -0.000331943 0.00394317 0.999992 0.0548255 0.105645 -0.131599
FixedParameters: 0 0 0

#Transform 9
Transform: AffineTransform_float_3_3
Parameters: 0.999999 -0.000521091 0.000598666 0.00052291 0.999995 -0.00319269 -0.000597333 0.00319331 0.999994 0.0665981 0.0289544 -0.141856
FixedParameters: 0 0 0

#Transform 10
Transform: AffineTransform_float_3_3
Parameters: 1 -0.000471333 0.000163931 0.000472668 0.999992 -0.00409492 -0.000162066 0.00409508 0.999991 0.0583421 0.0827552 -0.15724
FixedParameters: 0 0 0

#Transform 11
Transform: AffineTransform_float_3_3
Parameters: 1 -0.000522524 0.000163527 0.000522477 0.999995 -0.00292091 -0.000162474 0.00292108 0.999995 0.0760508 0.0385805 -0.107704
FixedParameters: 0 0 0

#Transform 12
Transform: AffineTransform_float_3_3
Parameters: 1 -0.000219436 0.000516667 0.000221566 0.999996 -0.00302989 -0.000516331 0.00303012 0.999996 0.0486331 0.066978 -0.066022
FixedParameters: 0 0 0

#Transform 13
Transform: AffineTransform_float_3_3
Parameters: 1 -0.000522133 0.000297526 0.000522865 0.999995 -0.00292084 -0.000295474 0.00292115 0.999995 0.049146 0.0641633 -0.0949435
FixedParameters: 0 0 0

#Transform 14
Transform: AffineTransform_float_3_3
Parameters: 0.999999 -0.000344349 0.000729782 0.000345652 0.999998 -0.00226475 -0.000729219 0.00226425 0.999997 0.0272734 0.073893 -0.0951282
FixedParameters: 0 0 0

#Transform 15
Transform: AffineTransform_float_3_3
Parameters: 1 -0.000522363 0.000317052 0.000522637 0.999998 -0.00201283 -0.000315948 0.00201316 0.999998 0.0512578 0.0383118 -0.0334848
FixedParameters: 0 0 0

#Transform 16
Transform: AffineTransform_float_3_3
Parameters: 1 -0.000522777 0.000162718 0.000522223 0.999999 -0.00137292 -0.000162283 0.00137308 0.999999 0.0675881 0.0429434 -0.0609796
FixedParameters: 0 0 0

#Transform 17
Transform: AffineTransform_float_3_3
Parameters: 1 -0.000523395 -0.000292294 0.000522605 0.999999 -0.00135015 0.000292706 0.00134985 0.999999 0.0726092 0.07432 -0.0138538
FixedParameters: 0 0 0

#Transform 18
Transform: AffineTransform_float_3_3
Parameters: 1 -0.000522857 0.00016246 0.000523143 0.999999 -0.000878914 -0.00016254 0.000879084 0.999999 0.0326093 0.0140335 -0.0418411
FixedParameters: 0 0 0

#Transform 19
Transform: AffineTransform_float_3_3
Parameters: 1 0.000210837 0.000478072 -0.000211163 1 0.000340899 -0.000477928 -0.000341101 1 -0.0182334 0.0370323 0.0487919
FixedParameters: 0 0 0

#Transform 20
Transform: AffineTransform_float_3_3
Parameters: 1 -1.51393e-05 0.000656997 1.58607e-05 1 0.00021201 -0.000657003 -0.00021199 1 -0.0102318 0.00791678 -0.0191292
FixedParameters: 0 0 0

#Transform 21
Transform: AffineTransform_float_3_3
Parameters: 1 9.09045e-05 -5.21669e-05 -9.10953e-05 0.999999 -0.001835 5.18329e-05 0.00183501 0.999999 0.0146933 0.075608 -0.0518386
FixedParameters: 0 0 0

#Transform 22
Transform: AffineTransform_float_3_3
Parameters: 1 -0.000523078 0.00029286 0.000522922 1 0.000267153 -0.00029314 -0.000266847 1 0.0378363 -0.0145743 -0.0408973
FixedParameters: 0 0 0

#Transform 23
Transform: AffineTransform_float_3_3
Parameters: 1 -0.000522994 9.35093e-06 0.000523006 0.999999 -0.000670995 -9.64906e-06 0.000671005 1 0.0564061 0.0920581 0.0198536
FixedParameters: 0 0 0

#Transform 24
Transform: AffineTransform_float_3_3
Parameters: 1 -0.000523095 -0.000230784 0.000522905 1 -0.000413121 0.000230216 0.00041288 1 0.0562646 0.0405282 -0.160314
FixedParameters: 0 0 0

#Transform 25
Transform: AffineTransform_float_3_3
Parameters: 0.999999 -0.000872013 -0.000230948 0.000871986 0.999999 -5.92014e-05 0.000231051 5.87985e-05 1 0.0518118 0.0390876 -0.153989
FixedParameters: 0 0 0

#Transform 26
Transform: AffineTransform_float_3_3
Parameters: 0.999999 -0.000887048 0.000315866 0.000886952 1 0.00015128 -0.000316134 -0.00015072 1 0.0281221 0.0226672 -0.0702942
FixedParameters: 0 0 0

#Transform 27
Transform: AffineTransform_float_3_3
Parameters: 1 -0.00105895 0.000386144 0.00105905 1 -0.000135591 -0.000385856 0.000136409 1 0.038975 0.0142836 -0.118277
FixedParameters: 0 0 0

#Transform 28
Transform: AffineTransform_float_3_3
Parameters: 0.999999 -0.00140837 0.00053703 0.00140863 0.999999 0.000688757 -0.00053797 -0.000688243 0.999999 0.0414908 0.00874589 -0.00914698
FixedParameters: 0 0 0

#Transform 29
Transform: AffineTransform_float_3_3
Parameters: 0.999999 -0.000232429 0.000969897 0.00023257 1 0.000443226 -0.000970103 -0.000442775 1 -0.0419513 -0.00311756 -0.0470959
FixedParameters: 0 0 0

#Transform 30
Transform: AffineTransform_float_3_3
Parameters: 0.999999 0.000575091 0.00140678 -0.000576909 0.999999 0.00135719 -0.00140622 -0.00135781 0.999998 -0.130032 -0.0220187 0.065107
FixedParameters: 0 0 0

#Transform 31
Transform: AffineTransform_float_3_3
Parameters: 1 0.00060193 0.000927347 -0.000604072 0.999998 0.00223344 -0.000926653 -0.00223456 0.999997 -0.219968 -0.145262 -0.0408028
FixedParameters: 0 0 0

#Transform 32
Transform: AffineTransform_float_3_3
Parameters: 0.999998 0.000329859 0.00159486 -0.000333142 0.999996 0.00259747 -0.00159414 -0.00259753 0.999996 -0.232896 -0.10829 0.0425678
FixedParameters: 0 0 0

#Transform 33
Transform: AffineTransform_float_3_3
Parameters: 0.999998 0.000387858 0.00159501 -0.000392142 0.999996 0.00259738 -0.00159399 -0.00259762 0.999996 -0.234051 -0.155473 0.001211
FixedParameters: 0 0 0

#Transform 34
Transform: AffineTransform_float_3_3
Parameters: 0.999998 0.000388469 0.00159486 -0.00039153 0.999998 0.00221338 -0.00159414 -0.00221462 0.999997 -0.217789 -0.0948453 0.00139684
FixedParameters: 0 0 0

#Transform 35
Transform: AffineTransform_float_3_3
Parameters: 1 9.93543e-05 0.00102136 -0.000102648 0.999993 0.0035699 -0.00102164 -0.0035701 0.999993 -0.177601 -0.128661 0.0721085
FixedParameters: 0 0 0

#Transform 36
Transform: AffineTransform_float_3_3
Parameters: 1 0.000390065 0.000929815 -0.000391936 0.999998 0.00208264 -0.000929187 -0.00208236 0.999998 -0.160671 -0.0770598 0.0558575
FixedParameters: 0 0 0

#Transform 37
Transform: AffineTransform_float_3_3
Parameters: 1 6.54429e-05 0.00108622 -6.85563e-05 0.999994 0.00327493 -0.00108578 -0.00327507 0.999994 -0.173292 -0.132053 0.0907311
FixedParameters: 0 0 0

#Transform 38
Transform: AffineTransform_float_3_3
Parameters: 0.999985 0.00510042 0.00162304 -0.00511758 0.999933 0.0103788 -0.00156995 -0.0103862 0.999945 -0.524582 -0.447553 0.614106
FixedParameters: 0 0 0

#Transform 39
Transform: AffineTransform_float_3_3
Parameters: 0.999982 0.00578661 0.00157776 -0.00580739 0.999895 0.0132371 -0.00150123 -0.0132469 0.999911 -0.610874 -0.461095 0.671492
FixedParameters: 0 0 0

#Transform 40
Transform: AffineTransform_float_3_3
Parameters: 0.999992 0.00401882 0.000459833 -0.00402419 0.999921 0.0118933 -0.000412166 -0.0118948 0.999929 -0.510433 -0.363456 0.409522
FixedParameters: 0 0 0

#Transform 41
Transform: AffineTransform_float_3_3
Parameters: 0.999994 0.00343173 0.000642221 -0.00343426 0.999988 0.00355882 -0.000629778 -0.00356118 0.999994 -0.479842 -0.143468 0.137646
FixedParameters: 0 0 0

#Transform 42
Transform: AffineTransform_float_3_3
Parameters: 0.999995 0.00280959 -0.0017845 -0.00282541 0.999958 -0.00869201 0.0017595 0.00869699 0.99996 -0.321405 0.180058 -0.528862
FixedParameters: 0 0 0

#Transform 43
Transform: AffineTransform_float_3_3
Parameters: 0.999997 0.0022813 -0.00100533 -0.0022937 0.999915 -0.0128187 0.000975675 0.0128213 0.999918 -0.288177 0.347228 -0.615893
FixedParameters: 0 0 0

#Transform 44
Transform: AffineTransform_float_3_3
Parameters: 0.999997 0.00218625 0.000148937 -0.00218374 0.999903 -0.0137574 -0.000179058 0.0137566 0.999906 -0.270623 0.3562 -0.620446
FixedParameters: 0 0 0

#Transform 45
Transform: AffineTransform_float_3_3
Parameters: 0.999998 0.00184515 0.000413465 -0.00183984 0.999894 -0.0144048 -0.000440548 0.0144042 0.999896 -0.241296 0.385357 -0.692576
FixedParameters: 0 0 0

#Transform 46
Transform: AffineTransform_float_3_3
Parameters: 0.999998 0.00178799 0.000744118 -0.00177701 0.999893 -0.0145204 -0.000769882 0.0145187 0.999895 -0.236338 0.381383 -0.62706
FixedParameters: 0 0 0

#Transform 47
Transform: AffineTransform_float_3_3
Parameters: 0.999998 0.00187513 0.0013233 -0.00185588 0.999896 -0.0143105 -0.0013497 0.0143085 0.999896 -0.236566 0.347904 -0.600301
FixedParameters: 0 0 0

#Transform 48
Transform: AffineTransform_float_3_3
Parameters: 0.999998 0.00179075 0.000969018 -0.00177626 0.999901 -0.0140048 -0.000993973 0.0140033 0.999902 -0.245506 0.332079 -0.584556
FixedParameters: 0 0 0

#Transform 49
Transform: AffineTransform_float_3_3
Parameters: 0.999997 0.00205293 0.00117728 -0.00203508 0.999885 -0.0150294 -0.00120772 0.0150276 0.999887 -0.255965 0.349247 -0.653913
FixedParameters: 0 0 0

#Transform 50
Transform: AffineTransform_float_3_3
Parameters: 0.999997 0.00179556 0.00131197 -0.00177644 0.9999 -0.0140144 -0.00133702 0.0140116 0.999901 -0.252441 0.373554 -0.636856
FixedParameters: 0 0 0

#Transform 51
Transform: AffineTransform_float_3_3
Parameters: 0.999998 0.000795515 0.0013852 -0.000780476 0.999938 -0.0111651 -0.0013948 0.0111639 0.999936 -0.165133 0.314553 -0.4228
FixedParameters: 0 0 0

#Transform 52
Transform: AffineTransform_float_3_3
Parameters: 1 0.000119566 0.00112202 -0.000110434 0.999963 -0.00852213 -0.00112298 0.00852187 0.999963 -0.0893019 0.195927 -0.418053
FixedParameters: 0 0 0

#Transform 53
Transform: AffineTransform_float_3_3
Parameters: 1 0.000374153 0.00106082 -0.000364854 0.999963 -0.00861539 -0.00106318 0.00861461 0.999963 -0.114203 0.2729 -0.280496
FixedParameters: 0 0 0

#Transform 54
Transform: AffineTransform_float_3_3
Parameters: 1 0.000241229 0.00106217 -0.000232773 0.99997 -0.00774026 -0.00106383 0.00774075 0.99997 -0.109202 0.17632 -0.35944
FixedParameters: 0 0 0

#Transform 55
Transform: AffineTransform_float_3_3
Parameters: 0.999999 0.000528544 0.000923723 -0.000521452 0.999966 -0.00814949 -0.00092828 0.00814851 0.999967 -0.120332 0.241225 -0.295843
FixedParameters: 0 0 0

#Transform 56
Transform: AffineTransform_float_3_3
Parameters: 0.999999 0.000525011 0.000561275 -0.000520991 0.999975 -0.0071233 -0.000564725 0.00712271 0.999975 -0.100637 0.186137 -0.359574
FixedParameters: 0 0 0

#Transform 57
Transform: AffineTransform_float_3_3
Parameters: 0.999999 0.000727288 0.000559468 -0.000722714 0.99997 -0.0076284 -0.000564529 0.00762759 0.99997 -0.10437 0.264854 -0.2987
FixedParameters: 0 0 0

#Transform 58
Transform: AffineTransform_float_3_3
Parameters: 1 0.000520639 0.000995041 -0.000513362 0.99997 -0.00766151 -0.000998963 0.00766148 0.99997 -0.112202 0.208336 -0.369062
FixedParameters: 0 0 0

#Transform 59
Transform: AffineTransform_float_3_3
Parameters: 0.999999 0.000639673 0.00112701 -0.000629328 0.999955 -0.00944472 -0.00113299 0.00944428 0.999955 -0.12764 0.285981 -0.411221
FixedParameters: 0 0 0

#Transform 60
Transform: AffineTransform_float_3_3
Parameters: 1 0.000563123 0.00105069 -0.000554876 0.99997 -0.00771459 -0.00105531 0.00771441 0.999969 -0.114494 0.239875 -0.394757
FixedParameters: 0 0 0

#Transform 61
Transform: AffineTransform_float_3_3
Parameters: 0.999999 0.00081025 0.0012655 -0.000799747 0.999967 -0.00807802 -0.0012725 0.00807797 0.999966 -0.12935 0.282137 -0.324967
FixedParameters: 0 0 0

#Transform 62
Transform: AffineTransform_float_3_3
Parameters: 0.999999 0.000808956 0.00115377 -0.000800048 0.999969 -0.00774293 -0.00115923 0.00774107 0.99997 -0.112397 0.205992 -0.330513
FixedParameters: 0 0 0

#Transform 63
Transform: AffineTransform_float_3_3
Parameters: 0.999999 0.000809833 0.00115316 -0.000800168 0.999963 -0.00850193 -0.00115984 0.00850107 0.999963 -0.121752 0.29173 -0.304304
FixedParameters: 0 0 0

#Transform 64
Transform: AffineTransform_float_3_3
Parameters: 0.999999 0.000522939 0.00126293 -0.00051306 0.999969 -0.00785766 -0.00126707 0.00785635 0.999969 -0.112458 0.214112 -0.300379
FixedParameters: 0 0 0

#Transform 65
Transform: AffineTransform_float_3_3
Parameters: 0.999999 0.000808908 0.00115381 -0.000800099 0.99997 -0.00769993 -0.00115919 0.00769907 0.999969 -0.136976 0.246905 -0.2788
FixedParameters: 0 0 0

#Transform 66
Transform: AffineTransform_float_3_3
Parameters: 0.999999 0.000807976 0.00115446 -0.000800027 0.999976 -0.00689293 -0.00115954 0.00689207 0.999975 -0.132226 0.205835 -0.273764
FixedParameters: 0 0 0

#Transform 67
Transform: AffineTransform_float_3_3
Parameters: 0.999999 0.000731301 0.00110153 -0.000722702 0.999971 -0.0075178 -0.00110646 0.00751719 0.999971 -0.135252 0.237036 -0.311394
FixedParameters: 0 0 0

#Transform 68
Transform: AffineTransform_float_3_3
Parameters: 0.999999 0.000369394 0.000932492 -0.000362609 0.999976 -0.00684734 -0.000934505 0.00684766 0.999976 -0.112911 0.206406 -0.254375
FixedParameters: 0 0 0

#Transform 69
Transform: AffineTransform_float_3_3
Parameters: 0.999999 0.000807979 0.00115446 -0.000800025 0.999976 -0.00689493 -0.00115954 0.00689407 0.999975 -0.136649 0.246188 -0.169552
FixedParameters: 0 0 0

#Transform 70
Transform: AffineTransform_float_3_3
Parameters: 1 0.000668015 0.000996997 -0.000661986 0.999981 -0.00602066 -0.001001 0.00602034 0.999982 -0.118928 0.186236 -0.200972
FixedParameters: 0 0 0

#Transform 71
Transform: AffineTransform_float_3_3
Parameters: 0.999999 0.000807875 0.00107513 -0.000800126 0.999973 -0.00730486 -0.00108087 0.00730413 0.999972 -0.133134 0.263281 -0.247462
FixedParameters: 0 0 0

#Transform 72
Transform: AffineTransform_float_3_3
Parameters: 0.999999 0.000808935 0.00115379 -0.000800071 0.99997 -0.00772393 -0.00115921 0.00772306 0.999969 -0.174528 0.174319 -0.51186
FixedParameters: 0 0 0

#Transform 73
Transform: AffineTransform_float_3_3
Parameters: 0.999997 0.0013187 0.00202422 -0.00130129 0.999966 -0.00822966 -0.00203578 0.00822734 0.999964 -0.219175 0.256051 -0.78723
FixedParameters: 0 0 0

#Transform 74
Transform: AffineTransform_float_3_3
Parameters: 0.999997 0.00101356 0.00223066 -0.000995445 0.999965 -0.00830625 -0.00223834 0.00830376 0.999963 -0.225302 0.188589 -0.806388
FixedParameters: 0 0 0

#Transform 75
Transform: AffineTransform_float_3_3
Parameters: 0.999998 0.000813721 0.00193729 -0.000799274 0.999974 -0.00707256 -0.0019437 0.00707143 0.999973 -0.201922 0.218746 -0.646951
FixedParameters: 0 0 0

#Transform 76
Transform: AffineTransform_float_3_3
Parameters: 0.999998 0.000817168 0.00218265 -0.000799836 0.999969 -0.00785576 -0.00218835 0.00785323 0.999967 -0.270053 0.244882 -0.749843
FixedParameters: 0 0 0

#Transform 77
Transform: AffineTransform_float_3_3
Parameters: 0.999996 0.000829921 0.00294975 -0.000800077 0.999949 -0.0101304 -0.00295826 0.0101276 0.999945 -0.270722 0.263602 -0.689725
FixedParameters: 0 0 0

#Transform 78
Transform: AffineTransform_float_3_3
Parameters: 0.999997 0.000230671 0.002489 -0.000208327 0.999958 -0.00910555 -0.002491 0.00910445 0.999956 -0.249301 0.175282 -0.59335
FixedParameters: 0 0 0

#Transform 79
Transform: AffineTransform_float_3_3
Parameters: 0.999998 0.000397729 0.0022885 -0.000377276 0.999959 -0.00905089 -0.00229151 0.00905012 0.999957 -0.283009 0.100531 -0.485011
FixedParameters: 0 0 0

#Transform 80
Transform: AffineTransform_float_3_3
Parameters: 0.999995 0.000412715 0.00319959 -0.00037729 0.999937 -0.0111553 -0.00320341 0.0111537 0.999932 -0.29976 0.260739 -0.584206
FixedParameters: 0 0 0

#Transform 81
Transform: AffineTransform_float_3_3
Parameters: 0.999997 0.000220474 0.00234902 -0.000186525 0.999893 -0.0146665 -0.00235199 0.0146655 0.999889 -0.292227 0.339622 -0.579542
FixedParameters: 0 0 0

#Transform 82
Transform: AffineTransform_float_3_3
Parameters: 0.999997 -0.000255166 0.0024229 0.000297817 0.999844 -0.0176943 -0.00241711 0.0176957 0.999841 -0.229624 0.5262 -0.648715
FixedParameters: 0 0 0

#Transform 83
Transform: AffineTransform_float_3_3
Parameters: 0.999998 -0.000460156 0.00206094 0.000485845 0.999921 -0.012557 -0.00205506 0.012558 0.999919 -0.22045 0.388959 -0.596962
FixedParameters: 0 0 0

#Transform 84
Transform: AffineTransform_float_3_3
Parameters: 0.999999 -0.000448232 0.00171194 0.000462767 0.999962 -0.00863522 -0.00170807 0.00863678 0.999961 -0.264844 0.330692 -0.490392
FixedParameters: 0 0 0

#Transform 85
Transform: AffineTransform_float_3_3
Parameters: 0.999998 -0.00188145 0.000899247 0.00188355 0.999996 -0.00172431 -0.000895751 0.00172669 0.999998 -0.136972 0.11928 -0.294452
FixedParameters: 0 0 0

#Transform 86
Transform: AffineTransform_float_3_3
Parameters: 0.999996 -0.00269497 0.000854469 0.00269003 0.999979 0.00576932 -0.00086953 -0.00576668 0.999983 -0.00124917 -0.104913 -0.0904359
FixedParameters: 0 0 0

#Transform 87
Transform: AffineTransform_float_3_3
Parameters: 0.999997 -0.00120319 0.00186888 0.00123781 0.999823 -0.0187397 -0.00184612 0.0187423 0.999822 -0.106081 0.612863 -0.855491
FixedParameters: 0 0 0

#Transform 88
Transform: AffineTransform_float_3_3
Parameters: 0.999999 -0.000451044 0.00145628 0.000482948 0.999757 -0.0220173 -0.00144572 0.0220187 0.999756 -0.14404 0.711435 -0.681533
FixedParameters: 0 0 0

#Transform 89
Transform: AffineTransform_float_3_3
Parameters: 0.999997 -0.0004729 0.0024277 0.000534081 0.999681 -0.0252288 -0.00241429 0.0252302 0.999679 -0.155631 0.790624 -0.918646
FixedParameters: 0 0 0

#Transform 90
Transform: AffineTransform_float_3_3
Parameters: 0.999993 -0.00044747 0.00370847 0.000534539 0.999727 -0.0233642 -0.00369752 0.0233668 0.99972 -0.17505 0.769349 -1.03781
FixedParameters: 0 0 0

#Transform 91
Transform: AffineTransform_float_3_3
Parameters: 0.999992 -0.00232369 0.003289 0.00240031 0.999717 -0.0236993 -0.00323301 0.0237067 0.999713 -0.0189624 0.703861 -1.16144
FixedParameters: 0 0 0

#Transform 92
Transform: AffineTransform_float_3_3
Parameters: 0.999989 -0.00292747 0.00385995 0.00301953 0.999703 -0.0241866 -0.00378806 0.0241984 0.9997 0.0343364 0.762713 -1.11781
FixedParameters: 0 0 0

#Transform 93
Transform: AffineTransform_float_3_3
Parameters: 0.999986 -0.00360861 0.00404039 0.0037014 0.99972 -0.0233494 -0.00395563 0.0233636 0.999719 0.0510412 0.720793 -1.20746
FixedParameters: 0 0 0

#Transform 94
Transform: AffineTransform_float_3_3
Parameters: 0.99999 -0.00244924 0.00372592 0.00252476 0.999788 -0.0204658 -0.00367509 0.0204752 0.999783 -0.0537729 0.630701 -1.12936
FixedParameters: 0 0 0

#Transform 95
Transform: AffineTransform_float_3_3
Parameters: 0.999987 -0.0028176 0.00425375 0.00290041 0.999806 -0.0194919 -0.00419825 0.0195031 0.999801 -0.0348473 0.586945 -1.08612
FixedParameters: 0 0 0

#Transform 96
Transform: AffineTransform_float_3_3
Parameters: 0.999993 -0.00195003 0.00323454 0.00199498 0.9999 -0.0139586 -0.00320746 0.0139654 0.999898 -0.01436 0.453421 -0.768978
FixedParameters: 0 0 0

#Transform 97
Transform: AffineTransform_float_3_3
Parameters: 0.999993 -0.00206226 0.00293065 0.00210073 0.999909 -0.0132769 -0.00290236 0.0132831 0.999908 0.0204703 0.416665 -0.878308
FixedParameters: 0 0 0

#Transform 98
Transform: AffineTransform_float_3_3
Parameters: 0.999994 -0.00204809 0.00280111 0.00208192 0.999924 -0.0121562 -0.00277689 0.0121618 0.999922 0.0174151 0.419725 -0.752261
FixedParameters: 0 0 0

#Transform 99
Transform: AffineTransform_float_3_3
Parameters: 0.999996 -0.00156968 0.00229056 0.00159433 0.999937 -0.0110954 -0.00227345 0.0110986 0.999936 0.0154059 0.369888 -0.82204
FixedParameters: 0 0 0

#Transform 100
Transform: AffineTransform_float_3_3
Parameters: 0.999995 -0.000534925 0.00287056 0.00056907 0.999929 -0.0118834 -0.00286344 0.0118846 0.999926 -0.0528928 0.406336 -0.774753
FixedParameters: 0 0 0

#Transform 101
Transform: AffineTransform_float_3_3
Parameters: 0.999995 -0.00226478 0.00190467 0.00228223 0.999956 -0.00908969 -0.00188433 0.00909431 0.999957 0.0801995 0.342012 -0.678275
FixedParameters: 0 0 0

#Transform 102
Transform: AffineTransform_float_3_3
Parameters: 0.999995 -0.00280242 0.00149311 0.00281158 0.999975 -0.00645084 -0.00147489 0.00645517 0.999978 0.0881268 0.269075 -0.587317
FixedParameters: 0 0 0

#Transform 103
Transform: AffineTransform_float_3_3
Parameters: 0.999995 -0.00279391 0.00157424 0.00280309 0.99998 -0.00579962 -0.00155776 0.00580438 0.999982 0.0856875 0.305216 -0.521836
FixedParameters: 0 0 0

#Transform 104
Transform: AffineTransform_float_3_3
Parameters: 0.999997 -0.00248238 0.00115516 0.00248862 0.999985 -0.00489015 -0.00114284 0.00489286 0.999988 0.0911503 0.2319 -0.507887
FixedParameters: 0 0 0

#Transform 105
Transform: AffineTransform_float_3_3
Parameters: 0.999996 -0.0025678 0.00116402 0.0025752 0.999978 -0.00623003 -0.00114797 0.00623297 0.99998 0.111871 0.306139 -0.491098
FixedParameters: 0 0 0

#Transform 106
Transform: AffineTransform_float_3_3
Parameters: 0.999996 -0.00261363 0.00159249 0.00262338 0.999979 -0.00591285 -0.00157751 0.00591715 0.999982 0.087942 0.22958 -0.537852
FixedParameters: 0 0 0

#Transform 107
Transform: AffineTransform_float_3_3
Parameters: 0.999995 -0.00240826 0.00171377 0.00241874 0.999981 -0.00570288 -0.00170023 0.00570712 0.999983 0.0686563 0.272847 -0.435712
FixedParameters: 0 0 0

#Transform 108
Transform: AffineTransform_float_3_3
Parameters: 0.999997 -0.00219057 0.00109989 0.00219644 0.999986 -0.0049646 -0.00108911 0.0049664 0.999987 0.0737514 0.217574 -0.484891
FixedParameters: 0 0 0

#Transform 109
Transform: AffineTransform_float_3_3
Parameters: 0.999996 -0.00231371 0.00203362 0.00232329 0.999987 -0.0045763 -0.00202339 0.0045807 0.999988 0.0675555 0.230872 -0.396722
FixedParameters: 0 0 0

#Transform 110
Transform: AffineTransform_float_3_3
Parameters: 0.999994 -0.0026414 0.0019328 0.00264959 0.999986 -0.0044569 -0.0019212 0.0044621 0.999988 0.0893917 0.19645 -0.474491
FixedParameters: 0 0 0

#Transform 111
Transform: AffineTransform_float_3_3
Parameters: 0.999995 -0.00267351 0.0015853 0.00267949 0.999991 -0.00347177 -0.0015757 0.00347623 0.999992 0.0989918 0.207624 -0.379411
FixedParameters: 0 0 0

#Transform 112
Transform: AffineTransform_float_3_3
Parameters: 0.999995 -0.00229478 0.00187288 0.00230222 0.99999 -0.0038617 -0.00186412 0.00386629 0.999991 0.0903451 0.204466 -0.440561
FixedParameters: 0 0 0

#Transform 113
Transform: AffineTransform_float_3_3
Parameters: 0.999994 -0.00274921 0.00179833 0.00275378 0.999992 -0.00266306 -0.00179067 0.00266794 0.999995 0.0895088 0.162668 -0.383676
FixedParameters: 0 0 0

#Transform 114
Transform: AffineTransform_float_3_3
Parameters: 0.999997 -0.00229975 0.00101512 0.00230225 0.999995 -0.00222367 -0.00100988 0.00222633 0.999997 0.0990144 0.197382 -0.353472
FixedParameters: 0 0 0

#Transform 115
Transform: AffineTransform_float_3_3
Parameters: 0.999996 -0.0022996 0.00165833 0.0023024 0.999997 -0.00144519 -0.00165467 0.00144881 0.999997 0.0616137 0.13467 -0.31853
FixedParameters: 0 0 0

#Transform 116
Transform: AffineTransform_float_3_3
Parameters: 0.999996 -0.0022992 0.00149532 0.0023018 0.999995 -0.00187456 -0.00149068 0.00187843 0.999997 0.0738073 0.175825 -0.363471
FixedParameters: 0 0 0

#Transform 117
Transform: AffineTransform_float_3_3
Parameters: 0.999996 -0.00254847 0.00105669 0.00255053 0.999995 -0.00144631 -0.00105331 0.00144869 0.999999 0.0902596 0.154362 -0.324185
FixedParameters: 0 0 0

#Transform 118
Transform: AffineTransform_float_3_3
Parameters: 0.999996 -0.00229906 0.00153441 0.00230194 0.999996 -0.00191648 -0.00153059 0.00191953 0.999997 0.0744609 0.151264 -0.374397
FixedParameters: 0 0 0

#Transform 119
Transform: AffineTransform_float_3_3
Parameters: 0.999996 -0.00229956 0.00126246 0.00230144 0.999995 -0.0019351 -0.00125855 0.0019379 0.999998 0.0818998 0.160339 -0.368527
FixedParameters: 0 0 0

#Transform 120
Transform: AffineTransform_float_3_3
Parameters: 0.999996 -0.00229751 0.00151782 0.00230149 0.999993 -0.00296252 -0.00151019 0.00296548 0.999995 0.0788872 0.204307 -0.440946
FixedParameters: 0 0 0

#Transform 121
Transform: AffineTransform_float_3_3
Parameters: 0.999997 -0.00181202 0.00113974 0.00181498 0.999995 -0.00261494 -0.00113526 0.00261706 0.999996 0.055418 0.194959 -0.405568
FixedParameters: 0 0 0

#Transform 122
Transform: AffineTransform_float_3_3
Parameters: 0.999998 -0.0022147 0.000398332 0.00221631 0.999992 -0.00330912 -0.000390667 0.00330987 0.999994 0.0648895 0.198627 -0.54408
FixedParameters: 0 0 0

#Transform 123
Transform: AffineTransform_float_3_3
Parameters: 0.999998 -0.00219675 0.000666463 0.00219925 0.999992 -0.00339454 -0.000658538 0.00339546 0.999994 0.0596055 0.220722 -0.603109
FixedParameters: 0 0 0

#Transform 124
Transform: AffineTransform_float_3_3
Parameters: 0.999998 -0.00210844 0.000157638 0.00210856 0.999991 -0.00362168 -0.000150366 0.00362133 0.999994 0.0765349 0.167516 -0.681389
FixedParameters: 0 0 0

#Transform 125
Transform: AffineTransform_float_3_3
Parameters: 0.999998 -0.00206346 0.00048758 0.00206554 0.999993 -0.003187 -0.000481418 0.003188 0.999995 0.0708655 0.188872 -0.473402
FixedParameters: 0 0 0

#Transform 126
Transform: AffineTransform_float_3_3
Parameters: 0.999998 -0.00198237 0.000340663 0.00198263 0.999997 -0.00184733 -0.000336338 0.00184767 0.999998 0.0783604 0.0830627 -0.365823
FixedParameters: 0 0 0

#Transform 127
Transform: AffineTransform_float_3_3
Parameters: 0.999999 -0.00155249 0.000273894 0.00155351 0.999997 -0.00186358 -0.000271106 0.00186342 0.999998 0.0566445 0.164841 -0.214622
FixedParameters: 0 0 0

#Transform 128
Transform: AffineTransform_float_3_3
Parameters: 0.999998 -0.00148118 0.00132304 0.00148382 0.999998 -0.00137704 -0.00132096 0.00137896 0.999998 0.023952 0.0688105 -0.146979
FixedParameters: 0 0 0

#Transform 129
Transform: AffineTransform_float_3_3
Parameters: 0.999996 -0.00255669 0.00112825 0.00255931 0.999994 -0.00204912 -0.00112276 0.00205188 0.999998 0.0530445 0.137503 -0.0375314
FixedParameters: 0 0 0

#Transform 130
Transform: AffineTransform_float_3_3
Parameters: 0.999995 -0.00269575 0.00200099 0.00269425 0.999997 0.000379393 -0.00200201 -0.000373605 0.999998 -0.0928677 -0.0177219 -0.0101187
FixedParameters: 0 0 0

#Transform 131
Transform: AffineTransform_float_3_3
Parameters: 0.999983 -0.0025315 0.0052918 0.0025285 0.999996 0.000479388 -0.0052922 -0.000466611 0.999986 -0.734956 -0.0804155 -0.17759
FixedParameters: 0 0 0

#Transform 132
Transform: AffineTransform_float_3_3
Parameters: 0.999949 -0.00112549 0.0100292 0.00111851 0.999999 0.000752256 -0.0100298 -0.00074075 0.99995 -1.15532 -0.143768 -0.131678
FixedParameters: 0 0 0

#Transform 133
Transform: AffineTransform_float_3_3
Parameters: 0.999899 0.00318326 0.0139028 -0.00319975 0.999994 0.00118263 -0.0138992 -0.00122637 0.999902 -1.54979 -0.232289 -0.238161
FixedParameters: 0 0 0

#Transform 134
Transform: AffineTransform_float_3_3
Parameters: 0.9999 0.00279744 0.0139079 -0.00280656 0.999996 0.000668034 -0.0139051 -0.00070697 0.999903 -1.70557 -0.151643 -0.261772
FixedParameters: 0 0 0

#Transform 135
Transform: AffineTransform_float_3_3
Parameters: 0.999909 0.00199856 0.013295 -0.00195744 0.999994 -0.0030633 -0.013301 0.00303669 0.999907 -1.94628 -0.133282 -0.48813
FixedParameters: 0 0 0

#Transform 136
Transform: AffineTransform_float_3_3
Parameters: 0.999903 0.00628549 0.0124883 -0.00621952 0.999966 -0.00527519 -0.0125207 0.00519781 0.999908 -2.53831 -0.0397319 -0.454349
FixedParameters: 0 0 0

#Transform 137
Transform: AffineTransform_float_3_3
Parameters: 0.999889 0.00816011 0.0124287 -0.00812588 0.999963 -0.0027933 -0.0124503 0.0026917 0.999919 -2.43762 -0.117468 -0.220839
FixedParameters: 0 0 0

#Transform 138
Transform: AffineTransform_float_3_3
Parameters: 0.999949 0.00296671 0.00964147 -0.00296528 0.999995 -0.000192599 -0.00964152 0.000163405 0.999953 -1.53928 -0.129475 -0.0554985
FixedParameters: 0 0 0

#Transform 139
Transform: AffineTransform_float_3_3
Parameters: 0.99999 0.000182805 0.00449901 -0.000183196 1 4.31762e-05 -0.00449899 -4.38229e-05 0.99999 -0.837155 -0.00685934 0.117221
FixedParameters: 0 0 0

#Transform 140
Transform: AffineTransform_float_3_3
Parameters: 0.999997 -0.00181336 0.00198767 0.00181364 0.999999 0.000182606 -0.00198733 -0.000179397 0.999998 -0.506529 -0.168736 0.075883
FixedParameters: 0 0 0

#Transform 141
Transform: AffineTransform_float_3_3
Parameters: 0.999987 -0.00463394 0.00202343 0.00463506 0.999989 -0.000519628 -0.00202157 0.000528375 0.999998 -0.0840071 -0.15671 0.0995198
FixedParameters: 0 0 0

#Transform 142
Transform: AffineTransform_float_3_3
Parameters: 0.999987 -0.00471256 0.00223504 0.00471444 0.999988 -0.000639472 -0.00223196 0.000650527 0.999998 -0.0867977 -0.121636 0.313136
FixedParameters: 0 0 0

#Transform 143
Transform: AffineTransform_float_3_3
Parameters: 0.999983 -0.00538416 0.00224101 0.00538484 0.999986 -0.000367939 -0.00223898 0.000380061 0.999997 0.19388 -0.0795074 0.278921
FixedParameters: 0 0 0

#Transform 144
Transform: AffineTransform_float_3_3
Parameters: 0.999975 -0.00698216 -0.000229114 0.00698184 0.999976 -0.000700617 0.000233882 0.000698384 0.999999 0.395797 -0.0162356 0.258839
FixedParameters: 0 0 0

#Transform 145
Transform: AffineTransform_float_3_3
Parameters: 0.999974 -0.00690047 0.00231482 0.00689354 0.999973 0.00278903 -0.00233418 -0.00277297 0.999994 0.154271 -0.156484 0.314742
FixedParameters: 0 0 0

#Transform 146
Transform: AffineTransform_float_3_3
Parameters: 0.999968 -0.00766956 0.0020243 0.00766743 0.99997 0.00127256 -0.0020337 -0.00125744 0.999997 0.0807577 -0.0583273 0.239625
FixedParameters: 0 0 0

#Transform 147
Transform: AffineTransform_float_3_3
Parameters: 0.999977 -0.00675143 0.000180643 0.00675057 0.999974 0.00227527 -0.000195354 -0.00227373 0.999998 0.357125 -0.05814 0.262892
FixedParameters: 0 0 0

#Transform 148
Transform: AffineTransform_float_3_3
Parameters: 0.999957 -0.00839994 -0.00392444 0.00840906 0.999962 0.0022971 0.00390555 -0.00232991 0.999989 0.72957 0.0120292 0.0404937
FixedParameters: 0 0 0

#Transform 149
Transform: AffineTransform_float_3_3
Parameters: 0.999956 -0.00848362 -0.00398461 0.00848938 0.999962 0.00158724 0.00397139 -0.00162076 0.999991 0.683187 0.0182394 -0.0701007
FixedParameters: 0 0 0

#Transform 150
Transform: AffineTransform_float_3_3
Parameters: 0.999979 -0.00637565 -0.00110245 0.00637934 0.999971 0.00398605 0.00107656 -0.00399295 0.999992 0.378302 -0.0771268 0.168903
FixedParameters: 0 0 0

#Transform 151
Transform: AffineTransform_float_3_3
Parameters: 0.999972 -0.00738529 -0.000488685 0.00738971 0.99994 0.00807761 0.000429314 -0.00808039 0.999968 0.442927 -0.0606011 0.352377
FixedParameters: 0 0 0

#Transform 152
Transform: AffineTransform_float_3_3
Parameters: 0.999969 -0.00788201 -0.00104644 0.00789299 0.999909 0.0109541 0.000959566 -0.0109619 0.99994 0.47369 -0.238674 0.514026
FixedParameters: 0 0 0

#Transform 153
Transform: AffineTransform_float_3_3
Parameters: 0.999977 -0.00669212 -0.00129968 0.00669387 0.999976 0.00144133 0.00128933 -0.00144966 0.999998 0.412865 0.0860503 0.182055
FixedParameters: 0 0 0

#Transform 154
Transform: AffineTransform_float_3_3
Parameters: 0.999977 -0.00662121 -0.00129915 0.00662279 0.999977 0.00137743 0.00128985 -0.00138657 0.999998 0.419575 0.0894589 0.107141
FixedParameters: 0 0 0

#Transform 155
Transform: AffineTransform_float_3_3
Parameters: 0.999979 -0.00635487 -0.00130532 0.00635813 0.999977 0.00240575 0.00128968 -0.00241425 0.999997 0.41489 0.0455857 0.131212
FixedParameters: 0 0 0

#Transform 156
Transform: AffineTransform_float_3_3
Parameters: 0.999979 -0.00639275 -0.00158435 0.00639825 0.999974 0.00333294 0.00156265 -0.00334306 0.999993 0.413501 0.0803601 0.209318
FixedParameters: 0 0 0

#Transform 157
Transform: AffineTransform_float_3_3
Parameters: 0.999978 -0.00657766 -0.00147896 0.00658234 0.999971 0.00363635 0.00145505 -0.00364565 0.999993 0.410278 0.0183249 0.160364
FixedParameters: 0 0 0

#Transform 158
Transform: AffineTransform_float_3_3
Parameters: 0.999978 -0.0064624 -0.00186846 0.00646759 0.999974 0.00300398 0.00184854 -0.00301601 0.999993 0.39755 0.0662877 0.191427
FixedParameters: 0 0 0

#Transform 159
Transform: AffineTransform_float_3_3
Parameters: 0.999978 -0.00639053 -0.00187465 0.00639847 0.999971 0.00400609 0.00184934 -0.00401791 0.99999 0.390821 0.0193069 0.205867
FixedParameters: 0 0 0

#Transform 160
Transform: AffineTransform_float_3_3
Parameters: 0.99998 -0.00592203 -0.00187435 0.00592996 0.999974 0.00427297 0.00184864 -0.00428403 0.999989 0.357957 0.0460681 0.322906
FixedParameters: 0 0 0

#Transform 161
Transform: AffineTransform_float_3_3
Parameters: 0.99998 -0.00591677 -0.00231016 0.00593022 0.999966 0.00576041 0.00227583 -0.00577458 0.99998 0.366796 -0.0444949 0.325793
FixedParameters: 0 0 0

#Transform 162
Transform: AffineTransform_float_3_3
Parameters: 0.99998 -0.00583795 -0.00239275 0.00584606 0.999977 0.00337408 0.00237225 -0.00338792 0.999992 0.354633 0.0532512 0.274656
FixedParameters: 0 0 0

#Transform 163
Transform: AffineTransform_float_3_3
Parameters: 0.99998 -0.00583993 -0.00239523 0.00584906 0.999975 0.00379606 0.00237277 -0.00380993 0.99999 0.349846 0.00692986 0.208665
FixedParameters: 0 0 0

#Transform 164
Transform: AffineTransform_float_3_3
Parameters: 0.99998 -0.00579708 -0.0022876 0.00580391 0.999978 0.00302778 0.0022694 -0.00304121 0.999993 0.345666 0.0791772 0.286226
FixedParameters: 0 0 0

#Transform 165
Transform: AffineTransform_float_3_3
Parameters: 0.999987 -0.00482965 -0.0011866 0.00483235 0.999987 0.00198529 0.0011774 -0.00199071 0.999998 0.250726 0.0102311 0.322034
FixedParameters: 0 0 0

#Transform 166
Transform: AffineTransform_float_3_3
Parameters: 0.999993 -0.00353332 -0.000710405 0.00353368 0.999994 0.000962496 0.000707593 -0.000965507 1 0.154905 0.0838027 0.235146
FixedParameters: 0 0 0

#Transform 167
Transform: AffineTransform_float_3_3
Parameters: 0.99999 -0.00419892 -0.00101085 0.00420207 0.999986 0.00305778 0.000997145 -0.00306221 0.999995 0.158216 0.0446772 0.35525
FixedParameters: 0 0 0

#Transform 168
Transform: AffineTransform_float_3_3
Parameters: 0.99999 -0.00419426 -0.0016182 0.00420174 0.999979 0.00480925 0.0015988 -0.00481575 0.999987 0.2071 -0.0236708 0.370496
FixedParameters: 0 0 0

#Transform 169
Transform: AffineTransform_float_3_3
Parameters: 0.99999 -0.00400735 -0.00186669 0.00401566 0.999981 0.00465555 0.00184831 -0.00466245 0.999988 0.198606 0.0406414 0.394884
FixedParameters: 0 0 0

#Transform 170
Transform: AffineTransform_float_3_3
Parameters: 0.999993 -0.00358481 -0.00161853 0.0035932 0.999977 0.00571523 0.00159848 -0.00572078 0.999983 0.195279 -0.00720683 0.480464
FixedParameters: 0 0 0

#Transform 171
Transform: AffineTransform_float_3_3
Parameters: 0.999992 -0.00352041 -0.00161464 0.00352858 0.999982 0.00471833 0.00159836 -0.00472366 0.999987 0.172801 0.0287802 0.453339
FixedParameters: 0 0 0

#Transform 172
Transform: AffineTransform_float_3_3
Parameters: 0.999991 -0.00390949 -0.0011263 0.00391551 0.99998 0.00493063 0.0011077 -0.00493437 0.999987 0.167283 0.00171194 0.455546
FixedParameters: 0 0 0

#Transform 173
Transform: AffineTransform_float_3_3
Parameters: 0.999991 -0.00417929 -0.000945545 0.00418271 0.999984 0.00395508 0.000928456 -0.00395892 0.999991 0.143839 0.0279184 0.418788
FixedParameters: 0 0 0

#Transform 174
Transform: AffineTransform_float_3_3
Parameters: 0.99999 -0.00417541 -0.00106222 0.00417959 0.999982 0.0043586 0.00104479 -0.0043624 0.99999 0.139676 -0.0222261 0.415113
FixedParameters: 0 0 0

#Transform 175
Transform: AffineTransform_float_3_3
Parameters: 0.999992 -0.00392489 -0.00128375 0.00393012 0.999984 0.00400699 0.00126825 -0.00401201 0.999991 0.0466093 -0.0649474 0.403849
FixedParameters: 0 0 0

#Transform 176
Transform: AffineTransform_float_3_3
Parameters: 0.999995 -0.00310825 0.00124244 0.00310376 0.99999 0.00340288 -0.00125256 -0.00339913 0.999994 -0.167508 -0.0740026 0.368083
FixedParameters: 0 0 0

#Transform 177
Transform: AffineTransform_float_3_3
Parameters: 0.999994 -0.00319834 0.000576125 0.00319565 0.999987 0.00402786 -0.000588874 -0.00402614 0.999991 -0.116981 -0.0862082 0.313624
FixedParameters: 0 0 0

#Transform 178
Transform: AffineTransform_float_3_3
Parameters: 0.999994 -0.00321269 0.00119581 0.0032073 0.999983 0.00473486 -0.00121119 -0.00473014 0.999988 -0.0918347 -0.0651652 0.412444
FixedParameters: 0 0 0

#Transform 179
Transform: AffineTransform_float_3_3
Parameters: 0.999993 -0.00321997 0.00182025 0.00320703 0.99997 0.00708389 -0.00184276 -0.00707811 0.999974 -0.047169 -0.166182 0.494177
FixedParameters: 0 0 0

#Transform 180
Transform: AffineTransform_float_3_3
Parameters: 0.999994 -0.00336371 0.00107523 0.00335729 0.999976 0.00618165 -0.00109577 -0.00617736 0.999981 -0.0309627 -0.0853532 0.554518
FixedParameters: 0 0 0

#Transform 181
Transform: AffineTransform_float_3_3
Parameters: 0.999995 -0.00321396 0.00107544 0.00320705 0.999975 0.00640649 -0.00109556 -0.00640352 0.999979 -0.0372807 -0.117658 0.546501
FixedParameters: 0 0 0

#Transform 182
Transform: AffineTransform_float_3_3
Parameters: 0.999995 -0.00321301 0.00107825 0.00320699 0.999979 0.00553249 -0.00109576 -0.00552951 0.999984 -0.0464514 -0.0705847 0.482935
FixedParameters: 0 0 0

#Transform 183
Transform: AffineTransform_float_3_3
Parameters: 0.999994 -0.00322324 0.00107752 0.00321677 0.999979 0.0057395 -0.00109547 -0.0057355 0.999983 -0.0693528 -0.0971951 0.450565
FixedParameters: 0 0 0

#Transform 184
Transform: AffineTransform_float_3_3
Parameters: 0.999995 -0.0032488 0.000759781 0.00324421 0.999976 0.0062295 -0.000780223 -0.0062275 0.999981 -0.0737879 -0.115656 0.704185
FixedParameters: 0 0 0

#Transform 185
Transform: AffineTransform_float_3_3
Parameters: 0.999996 -0.00290326 0.000241158 0.00290074 0.999956 0.00890474 -0.000266838 -0.00890327 0.999961 -0.0508444 -0.0619475 0.990013
FixedParameters: 0 0 0

#Transform 186
Transform: AffineTransform_float_3_3
Parameters: 0.999996 -0.00295983 0.000484328 0.00295516 0.999948 0.00969547 -0.000513672 -0.00969352 0.999953 -0.0275678 -0.154786 0.954722
FixedParameters: 0 0 0

#Transform 187
Transform: AffineTransform_float_3_3
Parameters: 0.999995 -0.00293782 0.000546717 0.00293318 0.999958 0.00861364 -0.000572285 -0.00861235 0.999963 -0.0423371 -0.170868 0.767783
FixedParameters: 0 0 0

#Transform 188
Transform: AffineTransform_float_3_3
Parameters: 0.999995 -0.00297897 0.000489402 0.00297502 0.999964 0.0079275 -0.000513597 -0.00792551 0.999969 -0.0275431 -0.085685 0.808994
FixedParameters: 0 0 0

#Transform 189
Transform: AffineTransform_float_3_3
