# transform file /out/sourcedata/freesurfer/sub-v1s13x0050043_ses-1/mri/transforms/cc_up.lta
# created by oesteban on Sun Mar  8 18:02:36 2026

type      = 0 # LINEAR_VOX_TO_VOX
nxforms   = 1
mean      = 131.0000 122.0000 120.0000
sigma     = 10000.0000
1 4 4
9.986620545387268e-01 -3.236453980207443e-02 4.033144935965538e-02 -2.426950216293335e+00 
3.233817592263222e-02 9.994761347770691e-01 1.305992831476033e-03 2.472468757629395e+01 
-4.035258665680885e-02 1.164153218269348e-10 9.991855025291443e-01 2.531155014038086e+01 
0.000000000000000e+00 0.000000000000000e+00 0.000000000000000e+00 1.000000000000000e+00 
src volume info
valid = 1  # volume info valid
filename = /out/sourcedata/freesurfer/sub-v1s13x0050043_ses-1/mri/norm.mgz
volume = 256 256 256
voxelsize = 1.000000000000000e+00 1.000000000000000e+00 1.000000000000000e+00
xras   = -9.999999403953552e-01 0.000000000000000e+00 0.000000000000000e+00
yras   = 0.000000000000000e+00 0.000000000000000e+00 -9.999999403953552e-01
zras   = 0.000000000000000e+00 9.999999403953552e-01 0.000000000000000e+00
cras   = -1.654167175292969e+00 -1.907608032226562e+00 -2.609426879882812e+01
dst volume info
valid = 1  # volume info valid
filename = /out/sourcedata/freesurfer/sub-v1s13x0050043_ses-1/mri/norm.mgz
volume = 256 256 256
voxelsize = 1.000000000000000e+00 1.000000000000000e+00 1.000000000000000e+00
xras   = -9.999999403953552e-01 0.000000000000000e+00 0.000000000000000e+00
yras   = 0.000000000000000e+00 0.000000000000000e+00 -9.999999403953552e-01
zras   = 0.000000000000000e+00 9.999999403953552e-01 0.000000000000000e+00
cras   = -1.654167175292969e+00 -1.907608032226562e+00 -2.609426879882812e+01
