#Insight Transform File V1.0
#Transform 0
Transform: AffineTransform_float_3_3
Parameters: 1 -0.00101704 -0.000402443 0.00101796 0.999996 0.00240059 0.000400557 -0.00240141 0.999997 0.0179928 -0.0770795 0.343964
FixedParameters: 0 0 0

#Transform 1
Transform: AffineTransform_float_3_3
Parameters: 1 -0.00103046 -0.000401386 0.00103054 0.999998 0.00134459 0.000400614 -0.00134541 0.999999 0.0181259 -0.00968536 0.201366
FixedParameters: 0 0 0

#Transform 2
Transform: AffineTransform_float_3_3
Parameters: 0.999999 -0.000807205 -0.000401601 0.000808795 0.999997 0.00198268 0.000400397 -0.00198332 0.999998 0.0158056 -0.0740072 0.266162
FixedParameters: 0 0 0

#Transform 3
Transform: AffineTransform_float_3_3
Parameters: 0.999999 -0.000891353 -0.000401438 0.000891647 0.999999 0.00161264 0.000400562 -0.00161336 0.999998 0.0166789 -0.0471724 0.181886
FixedParameters: 0 0 0

#Transform 4
Transform: AffineTransform_float_3_3
Parameters: 1 -0.000606643 0.000216204 0.000606358 0.999996 0.00296213 -0.000217797 -0.00296187 0.999995 0.00781405 -0.138592 0.339115
FixedParameters: 0 0 0

#Transform 5
Transform: AffineTransform_float_3_3
Parameters: 1 -0.000984332 -0.00025559 0.00098567 0.999996 0.00262975 0.000253408 -0.00263025 0.999996 0.0172278 -0.115283 0.30624
FixedParameters: 0 0 0

#Transform 6
Transform: AffineTransform_float_3_3
Parameters: 0.999999 -0.00070754 -0.000241351 0.000708459 0.999998 0.00190883 0.000239648 -0.00190917 0.999998 0.0116794 -0.0622785 0.172001
FixedParameters: 0 0 0

#Transform 7
Transform: AffineTransform_float_3_3
Parameters: 0.999999 -0.000836633 -0.000241277 0.000837367 0.999999 0.0015258 0.000239722 -0.0015262 0.999999 0.0129502 -0.0740443 0.213888
FixedParameters: 0 0 0

#Transform 8
Transform: AffineTransform_float_3_3
Parameters: 1 -0.000515595 -0.00024087 0.000516406 0.999999 0.00168688 0.000240129 -0.00168712 0.999998 0.00979874 -0.0953991 0.137032
FixedParameters: 0 0 0

#Transform 9
Transform: AffineTransform_float_3_3
Parameters: 1 -0.000276036 4.37701e-05 0.000275963 0.999999 0.000833012 -4.42299e-05 -0.000832987 0.999999 -0.0244263 -0.0261971 0.0871291
FixedParameters: 0 0 0

#Transform 10
Transform: AffineTransform_float_3_3
Parameters: 1 -0.000228084 5.76675e-05 0.000227915 0.999999 0.00145801 -5.83324e-05 -0.00145799 0.999999 -0.0112883 -0.091172 0.147328
FixedParameters: 0 0 0

#Transform 11
Transform: AffineTransform_float_3_3
Parameters: 1 -0.000404041 6.37418e-05 0.00040396 0.999999 0.000639025 -6.32581e-05 -0.000638974 1 -0.0137236 -0.0279809 0.0824564
FixedParameters: 0 0 0

#Transform 12
Transform: AffineTransform_float_3_3
Parameters: 1 -0.000324982 -2.52262e-05 0.000325018 0.999999 0.000695991 2.57738e-05 -0.000696008 1 -0.0204473 -0.056187 0.165306
FixedParameters: 0 0 0

#Transform 13
Transform: AffineTransform_float_3_3
Parameters: 1 -0.000294006 5.70041e-06 0.000293994 1 0.001019 -6.29959e-06 -0.001019 1 0.0034964 -0.0492905 0.0952931
FixedParameters: 0 0 0

#Transform 14
Transform: AffineTransform_float_3_3
Parameters: 1 -0.000463041 0.000133856 0.000462958 1 0.000310062 -0.000134143 -0.000309938 1 -0.0217204 -0.019587 0.121076
FixedParameters: 0 0 0

#Transform 15
Transform: AffineTransform_float_3_3
Parameters: 1 -0.000222901 -0.000301073 0.000223099 1 0.000328933 0.000300927 -0.000329067 1 0.00872395 -0.0677563 0.0861216
FixedParameters: 0 0 0

#Transform 16
Transform: AffineTransform_float_3_3
Parameters: 1 -0.000179981 0.000252014 0.000180019 1 -7.59546e-05 -0.000251986 7.60454e-05 1 -0.00957306 -0.0172767 0.0581824
FixedParameters: 0 0 0

#Transform 17
Transform: AffineTransform_float_3_3
Parameters: 1 -7.98761e-05 -0.000240041 7.91238e-05 1 0.000515981 0.000239959 -0.000516019 1 0.0253549 -0.0686453 0.110847
FixedParameters: 0 0 0

#Transform 18
Transform: AffineTransform_float_3_3
Parameters: 0.999999 -0.000193622 0.000959076 0.000194378 1 -0.000393814 -0.000958923 0.000394186 1 -0.0242174 0.0104232 0.0113057
FixedParameters: 0 0 0

#Transform 19
Transform: AffineTransform_float_3_3
Parameters: 1 -6.48605e-05 -0.000240038 6.51394e-05 1 0.000580984 0.000239962 -0.000581015 1 0.0278595 -0.0492607 0.128573
FixedParameters: 0 0 0

#Transform 20
Transform: AffineTransform_float_3_3
Parameters: 1 -9.31838e-05 -0.000239929 9.38163e-05 0.999999 -0.000765022 0.000240072 0.000765977 0.999999 0.0073167 0.0125393 -0.0180019
FixedParameters: 0 0 0

#Transform 21
Transform: AffineTransform_float_3_3
Parameters: 1 5.26061e-05 0.000488042 -5.33946e-05 0.999999 0.000806973 -0.000488957 -0.000807025 0.999999 -0.0414096 -0.0597563 0.125582
FixedParameters: 0 0 0

#Transform 22
Transform: AffineTransform_float_3_3
Parameters: 1 -2.90128e-05 2.29838e-05 2.89872e-05 1 0.000558 -2.30162e-05 -0.000557999 1 -0.038368 -0.0388388 0.0927355
FixedParameters: 0 0 0

#Transform 23
Transform: AffineTransform_float_3_3
Parameters: 1 0.00031184 0.000315158 -0.00031116 1 0.000506902 -0.000315842 -0.000507098 1 -0.066918 -0.029673 0.127839
FixedParameters: 0 0 0

#Transform 24
Transform: AffineTransform_float_3_3
Parameters: 1 0.000514754 0.000232546 -0.000515247 1 0.00106088 -0.000232453 -0.00106112 1 -0.0538769 -0.0610144 0.121967
FixedParameters: 0 0 0

#Transform 25
Transform: AffineTransform_float_3_3
Parameters: 1 0.000299993 2.30912e-05 -0.000300007 1 0.000303993 -2.29088e-05 -0.000304007 1 -0.069534 -0.00239645 0.0676742
FixedParameters: 0 0 0

#Transform 26
Transform: AffineTransform_float_3_3
Parameters: 1 0.000635908 9.0646e-05 -0.000636092 1 0.00101594 -9.03537e-05 -0.00101606 0.999999 -0.0851377 -0.0601077 0.111725
FixedParameters: 0 0 0

#Transform 27
Transform: AffineTransform_float_3_3
Parameters: 1 0.000531928 0.000226169 -0.000532072 1 0.00031788 -0.000225831 -0.00031812 1 -0.0927151 -0.00514263 0.0406121
FixedParameters: 0 0 0

#Transform 28
Transform: AffineTransform_float_3_3
Parameters: 0.999999 0.000942727 0.000333772 -0.000943273 0.999999 0.000818685 -0.000333227 -0.000819314 0.999999 -0.113653 -0.0771944 0.104602
FixedParameters: 0 0 0

#Transform 29
Transform: AffineTransform_float_3_3
Parameters: 0.999999 0.00091587 0.000255468 -0.000916131 1 0.000510766 -0.000255532 -0.000511234 1 -0.111831 -0.0200269 0.0396348
FixedParameters: 0 0 0

#Transform 30
Transform: AffineTransform_float_3_3
Parameters: 1 0.00106886 0.000314463 -0.00106914 1 0.000432664 -0.000313538 -0.000432335 1 -0.11439 -0.0346191 0.105918
FixedParameters: 0 0 0

#Transform 31
Transform: AffineTransform_float_3_3
Parameters: 0.999999 0.000803866 0.000213501 -0.000804132 0.999999 0.000622828 -0.000213499 -0.000623171 1 -0.0662614 -0.059972 0.0817161
FixedParameters: 0 0 0

#Transform 32
Transform: AffineTransform_float_3_3
Parameters: 0.999999 0.000925 2.29482e-05 -0.000924998 0.999999 -5.60212e-05 -2.30518e-05 5.59787e-05 1 -0.0817937 -0.0213505 0.0371548
FixedParameters: 0 0 0

#Transform 33
Transform: AffineTransform_float_3_3
Parameters: 0.999999 0.000803984 2.35652e-05 -0.000804016 1 0.000702981 -2.24348e-05 -0.000703018 1 -0.052271 -0.0690538 0.126307
FixedParameters: 0 0 0

#Transform 34
Transform: AffineTransform_float_3_3
Parameters: 1 0.000531981 0.000117085 -0.000532019 1 0.000159938 -0.000116915 -0.000160062 1 -0.0513137 -0.00594124 0.0551349
FixedParameters: 0 0 0

#Transform 35
Transform: AffineTransform_float_3_3
Parameters: 1 0.000532145 -0.000245685 -0.000531854 0.999999 0.00059113 0.000246314 -0.000590869 1 -0.000112612 -0.0532892 0.156146
FixedParameters: 0 0 0

#Transform 36
Transform: AffineTransform_float_3_3
Parameters: 1 0.000532002 2.29585e-05 -0.000531998 1 -7.80122e-05 -2.30415e-05 7.79877e-05 1 -0.0215699 -0.0250107 0.0963425
FixedParameters: 0 0 0

#Transform 37
Transform: AffineTransform_float_3_3
Parameters: 0.999999 0.000916069 0.000258754 -0.000915931 1 -0.000268237 -0.000259245 0.000267763 1 -0.0768468 -0.00570358 0.105524
FixedParameters: 0 0 0

#Transform 38
Transform: AffineTransform_float_3_3
Parameters: 0.999999 0.000758032 -0.0002469 -0.000757967 0.999999 0.000132187 0.000247101 -0.000132813 1 -0.0149817 -0.0622763 0.126905
FixedParameters: 0 0 0

#Transform 39
Transform: AffineTransform_float_3_3
Parameters: 1 0.00101033 0.00027378 -0.00100967 0.999999 -0.00120828 -0.00027422 0.00120772 0.999999 -0.0464007 0.00618662 0.00760794
FixedParameters: 0 0 0

#Transform 40
Transform: AffineTransform_float_3_3
Parameters: 0.999999 0.000604987 -0.000466017 -0.000605013 1 -2.77181e-05 0.000465983 2.72819e-05 1 0.0245528 -0.0347192 0.0476443
FixedParameters: 0 0 0

#Transform 41
Transform: AffineTransform_float_3_3
Parameters: 0.999999 0.00053148 -0.000736375 -0.00053252 0.999999 -0.000705608 0.000736624 0.000706392 1 0.0184278 -0.0118347 -0.104032
FixedParameters: 0 0 0

#Transform 42
Transform: AffineTransform_float_3_3
Parameters: 1 0.000668199 0.000150115 -0.000667801 0.999999 -0.0013241 -0.000150884 0.0013239 0.999999 -0.0277381 -0.00939734 -0.000481939
FixedParameters: 0 0 0

#Transform 43
Transform: AffineTransform_float_3_3
Parameters: 1 0.000531683 -0.000422398 -0.000532316 0.999999 -0.000748775 0.000421601 0.000749224 0.999999 -0.015217 -0.0512289 -0.0399797
FixedParameters: 0 0 0

#Transform 44
Transform: AffineTransform_float_3_3
Parameters: 1 0.000531527 -0.000422596 -0.000532472 0.999999 -0.00111978 0.000421404 0.00111922 1 -0.0151728 0.0208352 -0.0730061
FixedParameters: 0 0 0

#Transform 45
Transform: AffineTransform_float_3_3
Parameters: 1 0.000531987 -3.42011e-05 -0.000532013 1 -0.000377982 3.37989e-05 0.000378018 1 -0.030085 -0.0155282 0.068002
FixedParameters: 0 0 0

#Transform 46
Transform: AffineTransform_float_3_3
Parameters: 0.999999 0.000584831 -0.000672147 -0.000585169 1 -0.000251607 0.000671853 0.000251393 0.999999 0.00521205 -0.0570856 0.0125856
FixedParameters: 0 0 0

#Transform 47
Transform: AffineTransform_float_3_3
Parameters: 1 0.000686029 2.93208e-05 -0.000685971 1 -0.00099002 -2.96791e-05 0.00098998 0.999999 -0.0336731 -0.00722638 -0.0179138
FixedParameters: 0 0 0

#Transform 48
Transform: AffineTransform_float_3_3
Parameters: 1 0.000532032 -0.000421959 -0.000531968 1 7.62245e-05 0.000421041 -7.6776e-05 1 0.000913173 -0.0577332 0.0366357
FixedParameters: 0 0 0

#Transform 49
Transform: AffineTransform_float_3_3
Parameters: 0.999999 0.000531836 -0.000480182 -0.000532164 1 -0.000341744 0.000479818 0.000342255 1 0.0021158 -0.0180622 -0.0901673
FixedParameters: 0 0 0

#Transform 50
Transform: AffineTransform_float_3_3
Parameters: 1 0.00053174 -0.00021664 -0.000532261 0.999999 -0.00120389 0.000216359 0.00120412 1 -0.0029992 -0.0151837 -0.0626914
FixedParameters: 0 0 0

#Transform 51
Transform: AffineTransform_float_3_3
Parameters: 1 0.000531633 -0.000422461 -0.000532366 0.999999 -0.000867774 0.000421538 0.000868223 0.999999 0.037918 -0.0290234 -0.0263792
FixedParameters: 0 0 0

#Transform 52
Transform: AffineTransform_float_3_3
Parameters: 1 0.000333786 -0.000238299 -0.000334214 0.999999 -0.00089692 0.0002387 0.000897079 0.999999 0.0129256 0.0020968 -0.15481
FixedParameters: 0 0 0

#Transform 53
Transform: AffineTransform_float_3_3
Parameters: 1 0.000531986 -1.83867e-05 -0.000532013 0.999999 -0.00072699 1.86132e-05 0.00072701 0.999999 -0.0306261 -0.0244375 -0.064139
FixedParameters: 0 0 0

#Transform 54
Transform: AffineTransform_float_3_3
Parameters: 1 0.000531779 -0.000422277 -0.00053222 0.999999 -0.000521775 0.000421722 0.000522224 1 -0.00790739 -0.0284846 -0.0673392
FixedParameters: 0 0 0

#Transform 55
Transform: AffineTransform_float_3_3
Parameters: 1 0.000438075 5.33841e-05 -0.000437925 0.999999 -0.00140602 -5.36158e-05 0.00140598 0.999999 -0.0233272 0.0146812 -0.0138207
FixedParameters: 0 0 0

#Transform 56
Transform: AffineTransform_float_3_3
Parameters: 1 0.000213468 -0.000672169 -0.000214532 0.999999 -0.000791856 0.00067183 0.000792144 1 0.031743 -0.0266425 -0.0163235
FixedParameters: 0 0 0

#Transform 57
Transform: AffineTransform_float_3_3
Parameters: 1 3.5708e-05 -0.000222047 -3.62919e-05 0.999999 -0.00131499 0.000221952 0.00131501 0.999999 0.0125827 0.0115907 -0.123546
FixedParameters: 0 0 0

#Transform 58
Transform: AffineTransform_float_3_3
Parameters: 1 0.000334035 5.67962e-05 -0.000333965 1 -0.000610019 -5.72037e-05 0.000609981 1 -0.0135514 -0.0302139 -0.0229357
FixedParameters: 0 0 0

#Transform 59
Transform: AffineTransform_float_3_3
Parameters: 1 3.55986e-05 -0.000422034 -3.64013e-05 0.999999 -0.000950985 0.000421966 0.000951015 1 0.000507637 0.0220226 -0.114945
FixedParameters: 0 0 0

#Transform 60
Transform: AffineTransform_float_3_3
Parameters: 1 0.000463196 0.000219589 -0.000462806 1 -0.000888102 -0.000219411 0.000888899 0.999999 -0.0159528 -0.0150523 -0.00121093
FixedParameters: 0 0 0

#Transform 61
Transform: AffineTransform_float_3_3
Parameters: 1 0.000187127 0.000141832 -0.000186874 0.999999 -0.000896026 -0.000141167 0.000895973 0.999999 0.00493554 -0.0043588 -0.104127
FixedParameters: 0 0 0

#Transform 62
Transform: AffineTransform_float_3_3
Parameters: 1 0.000215639 0.000586766 -0.000214361 1 -0.00108913 -0.000587234 0.00108887 0.999999 0.00150828 -0.00655061 -0.0373032
FixedParameters: 0 0 0

#Transform 63
Transform: AffineTransform_float_3_3
Parameters: 1 -8.96074e-05 0.000587214 9.13921e-05 0.999997 -0.00237195 -0.000586785 0.00237205 0.999997 0.0702982 0.00253802 -0.0500837
FixedParameters: 0 0 0

#Transform 64
Transform: AffineTransform_float_3_3
Parameters: 1 3.73418e-05 0.000586916 -3.5658e-05 0.999998 -0.00228602 -0.000587083 0.00228598 0.999997 0.0422652 0.0111189 -0.16769
FixedParameters: 0 0 0

#Transform 65
Transform: AffineTransform_float_3_3
Parameters: 1 3.62908e-05 0.000158934 -3.57091e-05 0.999999 -0.00182901 -0.000159066 0.001829 0.999999 0.0309768 -0.0090015 -0.0500573
FixedParameters: 0 0 0

#Transform 66
Transform: AffineTransform_float_3_3
Parameters: 1 3.57979e-05 -0.000125058 -3.62019e-05 0.999998 -0.00161599 0.000124942 0.001616 0.999998 0.0475849 -0.0170184 -0.0483258
FixedParameters: 0 0 0

#Transform 67
Transform: AffineTransform_float_3_3
Parameters: 1 0.000170099 5.56987e-05 -0.000169901 0.999999 -0.00177201 -5.63012e-05 0.00177199 0.999999 0.0178455 0.0194415 -0.178181
FixedParameters: 0 0 0

#Transform 68
Transform: AffineTransform_float_3_3
Parameters: 1 0.000523352 0.000177967 -0.000523647 0.999998 -0.00197509 -0.000179035 0.00197491 0.999998 0.0207175 -0.00975249 -0.00958304
FixedParameters: 0 0 0

#Transform 69
Transform: AffineTransform_float_3_3
Parameters: 1 0.000287743 -0.000125589 -0.000288257 0.999998 -0.00204696 0.00012541 0.00204704 0.999998 0.0110953 0.0122707 -0.0965467
FixedParameters: 0 0 0

#Transform 70
Transform: AffineTransform_float_3_3
Parameters: 1 0.00025873 -0.000125558 -0.000259271 0.999997 -0.00215397 0.000125442 0.00215403 0.999997 0.021995 0.0132118 -0.00255149
FixedParameters: 0 0 0

#Transform 71
Transform: AffineTransform_float_3_3
Parameters: 1 0.000110504 -0.000372148 -0.000110496 0.999999 -0.00133396 0.000371853 0.00133404 0.999999 0.0326139 -0.00310449 0.000501399
FixedParameters: 0 0 0

#Transform 72
Transform: AffineTransform_float_3_3
Parameters: 1 3.57746e-05 -0.000125065 -3.62253e-05 0.999999 -0.001803 0.000124935 0.00180301 0.999999 0.0180043 0.0492046 -0.128799
FixedParameters: 0 0 0

#Transform 73
Transform: AffineTransform_float_3_3
Parameters: 1 0.000197848 -0.000125241 -0.000198152 0.999999 -0.00121598 0.000124759 0.00121603 1 0.0269901 -0.000893835 -0.00917248
FixedParameters: 0 0 0

#Transform 74
Transform: AffineTransform_float_3_3
Parameters: 1 0.000370844 -0.000125462 -0.000371157 0.999999 -0.00124595 0.000125538 0.00124605 0.999999 0.0371894 0.0171239 -0.0998896
FixedParameters: 0 0 0

#Transform 75
Transform: AffineTransform_float_3_3
Parameters: 1 0.000137702 -0.000196209 -0.000137297 0.999999 -0.00151697 0.000195792 0.00151703 0.999999 0.0289447 0.023009 -0.109413
FixedParameters: 0 0 0

#Transform 76
Transform: AffineTransform_float_3_3
Parameters: 0.999999 3.49339e-05 -0.000762049 -3.6066e-05 0.999999 -0.00139897 0.00076195 0.00139903 0.999998 0.0584524 -0.019113 -0.0597014
FixedParameters: 0 0 0

#Transform 77
Transform: AffineTransform_float_3_3
Parameters: 1 3.57624e-05 -0.000588014 -3.62375e-05 1 -0.000403979 0.000587985 0.000404021 0.999999 0.046991 -0.0417496 -0.0854234
FixedParameters: 0 0 0

#Transform 78
Transform: AffineTransform_float_3_3
Parameters: 1 0.000265952 -4.03157e-05 -0.000266047 1 -0.00118699 3.96842e-05 0.00118701 1 0.00462133 -0.00143255 -0.0275607
FixedParameters: 0 0 0

#Transform 79
Transform: AffineTransform_float_3_3
Parameters: 1 3.55262e-05 -0.000308055 -3.64737e-05 0.999999 -0.00153799 0.000307944 0.00153801 0.999999 0.00212583 0.0251353 -0.0139538
FixedParameters: 0 0 0

#Transform 80
Transform: AffineTransform_float_3_3
Parameters: 1 0.000165006 2.69604e-05 -0.000164994 1 -0.000240004 -2.70396e-05 0.000239996 1 -0.00123068 -0.0562036 0.0764871
FixedParameters: 0 0 0

#Transform 81
Transform: AffineTransform_float_3_3
Parameters: 1 3.5449e-05 -0.000588034 -3.65509e-05 0.999999 -0.000936979 0.000587966 0.000937021 1 0.0186729 -0.00573797 -0.00145116
FixedParameters: 0 0 0

#Transform 82
Transform: AffineTransform_float_3_3
Parameters: 1 3.59075e-05 -0.000116029 -3.60924e-05 0.999999 -0.000796995 0.000115971 0.000797004 0.999999 -0.00120795 0.0242583 -0.022247
FixedParameters: 0 0 0

#Transform 83
Transform: AffineTransform_float_3_3
Parameters: 1 0.000379031 -0.000120901 -0.000378968 1 0.000260046 0.000121099 -0.000259954 1 0.00611188 -0.0506734 0.0269972
FixedParameters: 0 0 0

#Transform 84
Transform: AffineTransform_float_3_3
Parameters: 1 0.00018485 -0.000130214 -0.00018515 1 -0.00115698 0.000129786 0.00115702 1 0.00831426 0.0168376 -0.0492348
FixedParameters: 0 0 0

#Transform 85
Transform: AffineTransform_float_3_3
Parameters: 1 0.000408778 0.0004532 -0.000409221 1 0.000488814 -0.0004528 -0.000489185 1 -0.0252575 -0.0342133 0.0313018
FixedParameters: 0 0 0

#Transform 86
Transform: AffineTransform_float_3_3
Parameters: 1 0.000538933 -0.000186194 -0.000539067 1 -0.0003609 0.000186805 0.000361101 1 0.00583954 -0.0345624 -0.0484372
FixedParameters: 0 0 0

#Transform 87
Transform: AffineTransform_float_3_3
Parameters: 1 0.000439593 0.000452424 -0.000439407 0.999999 -0.0013112 -0.000452576 0.0013108 0.999999 -0.0301334 0.0272011 -0.0349959
FixedParameters: 0 0 0

#Transform 88
Transform: AffineTransform_float_3_3
Parameters: 0.999999 0.000743205 -0.000404623 -0.000742794 0.999999 0.0005073 0.000404376 -0.000506699 1 -0.0124095 -0.056809 0.0185469
FixedParameters: 0 0 0

#Transform 89
Transform: AffineTransform_float_3_3
Parameters: 1 0.000485152 0.000193619 -0.000484847 0.999999 -0.000786093 -0.000194381 0.000785905 0.999999 -0.0436904 0.00370541 -0.0641077
FixedParameters: 0 0 0

#Transform 90
Transform: AffineTransform_float_3_3
Parameters: 1 0.000635999 -1.70343e-05 -0.000636001 1 -5.39892e-05 1.69656e-05 5.40108e-05 1 -0.0464112 -0.0260818 0.0449754
FixedParameters: 0 0 0

#Transform 91
Transform: AffineTransform_float_3_3
Parameters: 1 0.000574996 -6.7031e-05 -0.000575003 1 -5.39615e-05 6.69689e-05 5.40385e-05 1 -0.0264414 -0.0487891 0.0257381
FixedParameters: 0 0 0

#Transform 92
Transform: AffineTransform_float_3_3
Parameters: 1 0.000306914 -6.73908e-05 -0.000307086 0.999999 -0.00127298 6.76091e-05 0.00127302 0.999999 -0.0236882 0.0144894 -0.00189896
FixedParameters: 0 0 0

#Transform 93
Transform: AffineTransform_float_3_3
Parameters: 1 0.000679048 -6.65063e-05 -0.000678951 0.999999 0.000727045 6.74936e-05 -0.000726954 0.999999 -0.0222609 -0.0564271 0.0266612
FixedParameters: 0 0 0

#Transform 94
Transform: AffineTransform_float_3_3
Parameters: 1 0.000570952 -6.74065e-05 -0.000571048 0.999999 -0.000711961 6.75934e-05 0.000712038 0.999999 -0.0285525 0.0074768 -0.0607974
FixedParameters: 0 0 0

#Transform 95
Transform: AffineTransform_float_3_3
Parameters: 0.999999 0.000790071 -0.000143606 -0.000789928 0.999999 0.000498113 0.000144393 -0.000497886 1 -0.027073 -0.061064 0.0167849
FixedParameters: 0 0 0

#Transform 96
Transform: AffineTransform_float_3_3
Parameters: 0.999999 0.000583466 -0.000574543 -0.000584535 1 -0.000930665 0.000574457 0.000930336 1 -0.0165681 -0.0204988 -0.0569031
FixedParameters: 0 0 0

#Transform 97
Transform: AffineTransform_float_3_3
Parameters: 0.999999 0.000789914 -6.79993e-05 -0.000790085 0.999999 -0.00126495 6.70006e-05 0.00126505 0.999999 -0.0477774 0.0207391 -0.0213933
FixedParameters: 0 0 0

#Transform 98
Transform: AffineTransform_float_3_3
Parameters: 1 0.000789761 -0.000803234 -0.000790238 0.999999 -0.000296365 0.000802765 0.000297634 0.999999 -0.0140797 -0.0469442 -0.0127187
FixedParameters: 0 0 0

#Transform 99
Transform: AffineTransform_float_3_3
Parameters: 0.999999 0.000789492 -0.000408981 -0.000790507 0.999999 -0.00124168 0.000408018 0.00124232 0.999999 -0.0470247 0.0144469 0.00141492
FixedParameters: 0 0 0

#Transform 100
Transform: AffineTransform_float_3_3
Parameters: 0.999999 0.00113653 -0.000651819 -0.00113747 0.999999 -0.000720259 0.000650181 0.000720739 0.999999 -0.0396952 -0.0445362 0.00718675
FixedParameters: 0 0 0

#Transform 101
Transform: AffineTransform_float_3_3
Parameters: 0.999999 0.00116644 -0.000516272 -0.00116656 0.999998 -0.0010894 0.00051573 0.0010896 1 -0.0654578 0.0189621 -0.0405924
FixedParameters: 0 0 0

#Transform 102
Transform: AffineTransform_float_3_3
Parameters: 0.999999 0.0014751 -0.00106386 -0.0014759 0.999999 9.95703e-05 0.00106415 -9.74305e-05 1 -0.0566737 -0.0565257 0.00785104
FixedParameters: 0 0 0

#Transform 103
Transform: AffineTransform_float_3_3
Parameters: 0.999999 0.00143363 -0.000393359 -0.00143337 0.999998 -0.000947437 0.000391643 0.000947563 1 -0.0883068 0.0289342 -0.129547
FixedParameters: 0 0 0

#Transform 104
Transform: AffineTransform_float_3_3
Parameters: 0.999999 0.00143435 0.00021061 -0.00143365 0.999997 -0.0016663 -0.000212388 0.0016657 0.999998 -0.122201 0.0811991 -0.177847
FixedParameters: 0 0 0

#Transform 105
Transform: AffineTransform_float_3_3
Parameters: 0.999999 0.00173277 -0.000251596 -0.00173323 0.999998 -0.000920565 0.000250403 0.000921435 0.999999 -0.128429 -0.0110399 -0.0471588
FixedParameters: 0 0 0

#Transform 106
Transform: AffineTransform_float_3_3
Parameters: 0.999998 0.00191992 -0.000151084 -0.00192009 0.999998 -0.000564711 0.000149915 0.000565289 1 -0.163037 -0.0413312 -0.104192
FixedParameters: 0 0 0

#Transform 107
Transform: AffineTransform_float_3_3
Parameters: 0.999998 0.00201199 -1.36719e-05 -0.00201201 0.999997 -0.000830974 1.2328e-05 0.000831026 0.999999 -0.166543 -0.0233563 -0.12395
FixedParameters: 0 0 0

#Transform 108
Transform: AffineTransform_float_3_3
Parameters: 0.999997 0.00210933 0.000271447 -0.00210867 0.999997 -0.00121058 -0.000274553 0.00121042 0.999999 -0.194606 0.0281605 -0.105471
FixedParameters: 0 0 0

#Transform 109
Transform: AffineTransform_float_3_3
Parameters: 0.999998 0.00231307 8.20106e-05 -0.00231293 0.999997 -0.000860192 -8.39889e-05 0.000859808 0.999999 -0.198056 -0.0116852 -0.0928562
FixedParameters: 0 0 0

#Transform 110
Transform: AffineTransform_float_3_3
Parameters: 0.999998 0.00230429 0.000230154 -0.00230371 0.999996 -0.00123553 -0.000232847 0.00123547 0.999999 -0.200819 0.0293087 -0.203133
FixedParameters: 0 0 0

#Transform 111
Transform: AffineTransform_float_3_3
Parameters: 0.999997 0.00236697 -3.87467e-05 -0.00236703 0.999997 -0.00073791 3.6253e-05 0.000738088 0.999999 -0.216161 -0.0139906 -0.139701
FixedParameters: 0 0 0

#Transform 112
Transform: AffineTransform_float_3_3
Parameters: 0.999997 0.00246771 -0.000362995 -0.00246829 0.999996 -0.000808106 0.000361004 0.000808893 0.999999 -0.194862 -0.0126245 -0.131724
FixedParameters: 0 0 0

#Transform 113
Transform: AffineTransform_float_3_3
Parameters: 0.999998 0.00234008 5.67355e-05 -0.00233992 0.999997 -0.00139514 -5.92641e-05 0.00139487 0.999999 -0.207915 0.0632734 -0.137156
FixedParameters: 0 0 0

#Transform 114
Transform: AffineTransform_float_3_3
Parameters: 0.999997 0.00241091 -0.000203101 -0.00241109 0.999997 -0.000456512 0.000201898 0.000457488 1 -0.195739 -0.0225204 -0.0811345
FixedParameters: 0 0 0

#Transform 115
Transform: AffineTransform_float_3_3
Parameters: 0.999998 0.00233991 -8.4651e-05 -0.00234009 0.999996 -0.0011328 8.13485e-05 0.00113319 1 -0.189169 0.00509987 -0.166546
FixedParameters: 0 0 0

#Transform 116
Transform: AffineTransform_float_3_3
Parameters: 0.999998 0.00234006 5.7716e-05 -0.00233994 0.999997 -0.000976137 -5.92836e-05 0.000975863 0.999999 -0.199409 0.00887621 -0.142562
FixedParameters: 0 0 0

#Transform 117
Transform: AffineTransform_float_3_3
Parameters: 0.999998 0.00233995 -8.63078e-05 -0.00234005 0.999997 -0.0005588 8.5694e-05 0.000558202 1 -0.191026 -0.0353729 -0.121602
FixedParameters: 0 0 0

#Transform 118
Transform: AffineTransform_float_3_3
Parameters: 0.999998 0.00234008 5.67027e-05 -0.00233992 0.999997 -0.00140914 -5.92969e-05 0.00140887 0.999999 -0.217684 0.0312383 -0.155134
FixedParameters: 0 0 0

#Transform 119
Transform: AffineTransform_float_3_3
Parameters: 0.999997 0.00233946 -0.000681842 -0.00233954 0.999997 -0.000786407 0.00067916 0.000787592 1 -0.203421 -0.0355263 -0.0848981
FixedParameters: 0 0 0

#Transform 120
Transform: AffineTransform_float_3_3
Parameters: 0.999997 0.00246409 5.61115e-05 -0.00246391 0.999995 -0.00157814 -5.98879e-05 0.00157786 0.999999 -0.206074 0.0305482 -0.121592
FixedParameters: 0 0 0

#Transform 121
Transform: AffineTransform_float_3_3
Parameters: 0.999997 0.00251377 -0.000243422 -0.00251423 0.999997 -0.000963391 0.000241575 0.00096461 0.999999 -0.213641 -0.0104592 -0.0535598
FixedParameters: 0 0 0

#Transform 122
Transform: AffineTransform_float_3_3
Parameters: 0.999996 0.00282235 -0.00053347 -0.00282265 0.999996 -0.0012285 0.000529532 0.0012295 0.999999 -0.194106 0.0127965 -0.113914
FixedParameters: 0 0 0

#Transform 123
Transform: AffineTransform_float_3_3
Parameters: 0.999996 0.00252133 -0.000476529 -0.00252166 0.999996 -0.0013988 0.000473471 0.0014002 0.999999 -0.196466 0.0269525 -0.0340932
FixedParameters: 0 0 0

#Transform 124
Transform: AffineTransform_float_3_3
Parameters: 0.999996 0.00255785 -0.000135788 -0.00255815 0.999996 -0.00108966 0.000132211 0.00109034 1 -0.197257 -0.0140534 -0.10193
FixedParameters: 0 0 0

#Transform 125
Transform: AffineTransform_float_3_3
Parameters: 0.999997 0.00260936 -0.000477509 -0.00260964 0.999995 -0.00134376 0.000474492 0.00134524 0.999999 -0.18996 0.0280792 -0.0375816
FixedParameters: 0 0 0

#Transform 126
Transform: AffineTransform_float_3_3
Parameters: 0.999997 0.0026947 -0.000385141 -0.00269531 0.999996 -0.000793965 0.000382859 0.000795034 0.999999 -0.192476 -0.0346038 -0.0688472
FixedParameters: 0 0 0

#Transform 127
Transform: AffineTransform_float_3_3
Parameters: 0.999996 0.00262563 -0.000194093 -0.00262537 0.999994 -0.0019395 0.000188906 0.0019405 0.999998 -0.196015 0.0562048 -0.0340684
FixedParameters: 0 0 0

#Transform 128
Transform: AffineTransform_float_3_3
Parameters: 0.999996 0.00283172 -0.000285814 -0.00283128 0.999995 -0.000993195 0.000283188 0.000993806 1 -0.18808 -0.0397673 0.00858113
FixedParameters: 0 0 0

#Transform 129
Transform: AffineTransform_float_3_3
Parameters: 0.999997 0.00253973 -0.000970325 -0.00254127 0.999996 -0.00130754 0.000966674 0.00131046 0.999998 -0.165888 0.00489253 -0.0490201
FixedParameters: 0 0 0

#Transform 130
Transform: AffineTransform_float_3_3
Parameters: 0.999996 0.00277446 -0.000568656 -0.00277554 0.999995 -0.000956426 0.000566342 0.000958575 1 -0.170149 0.0107316 0.0262228
FixedParameters: 0 0 0

#Transform 131
Transform: AffineTransform_float_3_3
Parameters: 0.999996 0.00270727 -0.00078651 -0.00270773 0.999996 -0.000925874 0.00078449 0.000928128 1 -0.147736 -0.0268957 -0.00831382
FixedParameters: 0 0 0

#Transform 132
Transform: AffineTransform_float_3_3
Parameters: 0.999996 0.0026536 -0.000788714 -0.0026544 0.999995 -0.00177491 0.00078429 0.00177609 0.999998 -0.163282 0.0368252 -0.0245167
FixedParameters: 0 0 0

#Transform 133
Transform: AffineTransform_float_3_3
Parameters: 0.999996 0.00280447 -0.000785885 -0.00280453 0.999996 -0.000670799 0.000784115 0.000673202 1 -0.159884 -0.0537698 0.027726
FixedParameters: 0 0 0

#Transform 134
Transform: AffineTransform_float_3_3
Parameters: 0.999996 0.00270586 -0.000787932 -0.00270714 0.999996 -0.00145187 0.000784067 0.00145413 0.999998 -0.156202 0.0203459 -0.0844951
FixedParameters: 0 0 0

#Transform 135
Transform: AffineTransform_float_3_3
Parameters: 0.999995 0.00280928 -0.000786582 -0.00280972 0.999995 -0.000917794 0.000784418 0.000920207 1 -0.164301 -0.022722 0.0280198
FixedParameters: 0 0 0

#Transform 136
Transform: AffineTransform_float_3_3
Parameters: 0.999995 0.0028342 -0.000860647 -0.0028348 0.999995 -0.000932564 0.000858355 0.000934437 0.999999 -0.154789 -0.0119613 -0.00891622
FixedParameters: 0 0 0

#Transform 137
Transform: AffineTransform_float_3_3
Parameters: 0.999996 0.00279016 -0.000521505 -0.00279084 0.999995 -0.00161355 0.000517497 0.00161445 0.999998 -0.174035 0.0206799 -0.0273811
FixedParameters: 0 0 0

#Transform 138
Transform: AffineTransform_float_3_3
Parameters: 0.999996 0.00279036 -0.00078626 -0.00279164 0.999996 -0.000808809 0.000784739 0.000811193 1 -0.16913 -0.0348712 0.0305907
FixedParameters: 0 0 0

#Transform 139
Transform: AffineTransform_float_3_3
Parameters: 0.999996 0.00279007 -0.000787298 -0.00279093 0.999996 -0.00118081 0.000784704 0.00118219 0.999999 -0.182256 -0.0215684 -0.0141829
FixedParameters: 0 0 0

#Transform 140
Transform: AffineTransform_float_3_3
Parameters: 0.999996 0.0027904 -0.000786124 -0.0027916 0.999996 -0.000759809 0.000783876 0.000762191 1 -0.18841 0.00437864 0.0262918
FixedParameters: 0 0 0

#Transform 141
Transform: AffineTransform_float_3_3
Parameters: 0.999996 0.00279058 -0.000785492 -0.00279142 0.999996 -0.000533809 0.000784506 0.000536191 0.999999 -0.182333 -0.0411826 0.0179134
FixedParameters: 0 0 0

#Transform 142
Transform: AffineTransform_float_3_3
Parameters: 0.999996 0.00290704 -0.000688077 -0.00290796 0.999995 -0.001401 0.000683924 0.00140299 0.999999 -0.190798 0.0122037 -0.0880408
FixedParameters: 0 0 0

#Transform 143
Transform: AffineTransform_float_3_3
Parameters: 0.999995 0.00303629 -0.000786736 -0.00303671 0.999995 -0.000899616 0.000784264 0.000902386 1 -0.21201 -0.0366538 -0.000280442
FixedParameters: 0 0 0

#Transform 144
Transform: AffineTransform_float_3_3
Parameters: 0.999995 0.00309299 -0.00078798 -0.00309401 0.999995 -0.00128557 0.000784018 0.00128843 0.999999 -0.215995 -0.0215417 -0.0979573
FixedParameters: 0 0 0

#Transform 145
Transform: AffineTransform_float_3_3
Parameters: 0.999996 0.00300586 -0.00016459 -0.00300614 0.999995 -0.000861509 0.000162411 0.000861492 0.999999 -0.227343 -0.0354328 0.00970835
FixedParameters: 0 0 0

#Transform 146
Transform: AffineTransform_float_3_3
Parameters: 0.999995 0.00313523 -0.00063281 -0.00313577 0.999995 -0.00121402 0.00062919 0.00121598 0.999999 -0.211093 -0.0437345 -0.0251511
FixedParameters: 0 0 0

#Transform 147
Transform: AffineTransform_float_3_3
Parameters: 0.999994 0.00340547 -0.000384691 -0.00340653 0.999994 -0.0013767 0.000380307 0.0013783 0.999999 -0.2414 -0.0075326 -0.0463193
FixedParameters: 0 0 0

#Transform 148
Transform: AffineTransform_float_3_3
Parameters: 0.999995 0.00332067 -0.000382867 -0.00332133 0.999994 -0.000862733 0.000380132 0.000864267 0.999999 -0.226269 -0.0395071 -0.0412978
FixedParameters: 0 0 0

#Transform 149
Transform: AffineTransform_float_3_3
Parameters: 0.999994 0.00340331 -0.000464099 -0.00340469 0.999993 -0.00149743 0.000458901 0.00149857 0.999999 -0.225392 0.00927535 -0.0840169
FixedParameters: 0 0 0

#Transform 150
Transform: AffineTransform_float_3_3
Parameters: 0.999994 0.00338539 -0.000674067 -0.00338561 0.999994 -0.000904723 0.000670933 0.000907277 1 -0.22126 -0.0413691 -0.0328932
FixedParameters: 0 0 0

#Transform 151
Transform: AffineTransform_float_3_3
Parameters: 0.999994 0.00344664 -0.000779063 -0.00344737 0.999993 -0.00175733 0.000772939 0.00175968 0.999998 -0.219772 0.0106554 -0.0815765
FixedParameters: 0 0 0

#Transform 152
Transform: AffineTransform_float_3_3
Parameters: 0.999993 0.00351462 -0.00038346 -0.00351538 0.999994 -0.000983659 0.000380539 0.000985344 1 -0.228255 -0.0363695 -0.0171943
FixedParameters: 0 0 0

#Transform 153
Transform: AffineTransform_float_3_3
Parameters: 0.999993 0.0036379 -0.000636312 -0.0036391 0.999992 -0.0017337 0.000629687 0.0017363 0.999999 -0.239742 0.016573 -0.0959164
FixedParameters: 0 0 0

#Transform 154
Transform: AffineTransform_float_3_3
Parameters: 0.999993 0.00366654 -0.000384431 -0.00366646 0.999992 -0.0012076 0.000379569 0.0012094 0.999999 -0.248514 -0.0461892 -0.0106224
FixedParameters: 0 0 0

#Transform 155
Transform: AffineTransform_float_3_3
Parameters: 0.999993 0.00366926 -0.000479674 -0.00367074 0.999992 -0.00154525 0.000473326 0.00154675 0.999998 -0.245899 0.0148133 -0.0906724
FixedParameters: 0 0 0

#Transform 156
Transform: AffineTransform_float_3_3
Parameters: 0.999994 0.00344176 -0.0003822 -0.00344224 0.999994 -0.000638688 0.000379802 0.000639311 0.999999 -0.237676 -0.0462483 0.0631602
FixedParameters: 0 0 0

#Transform 157
Transform: AffineTransform_float_3_3
Parameters: 0.999993 0.00355296 -0.000626898 -0.00355404 0.999993 -0.00165878 0.000621104 0.00166022 0.999999 -0.213687 -0.0232457 -0.0205413
FixedParameters: 0 0 0

#Transform 158
Transform: AffineTransform_float_3_3
Parameters: 0.999993 0.00388918 -0.000447177 -0.00388982 0.99999 -0.00184427 0.000439821 0.00184672 0.999998 -0.247818 -0.00228685 -0.026774
FixedParameters: 0 0 0

#Transform 159
Transform: AffineTransform_float_3_3
Parameters: 0.999993 0.00388907 -0.000407029 -0.00388993 0.999989 -0.00232043 0.00039797 0.00232257 0.999997 -0.248695 -0.0197512 -0.0510937
FixedParameters: 0 0 0

#Transform 160
Transform: AffineTransform_float_3_3
Parameters: 0.999992 0.00389015 7.1332e-05 -0.00388985 0.999991 -0.00197129 -7.86665e-05 0.00197071 0.999998 -0.267967 0.0201837 -0.0369796
FixedParameters: 0 0 0

#Transform 161
Transform: AffineTransform_float_3_3
Parameters: 0.999992 0.00393943 -0.000287003 -0.00393958 0.99999 -0.00203089 0.000278997 0.00203212 0.999998 -0.251626 -0.0435803 -0.000860638
FixedParameters: 0 0 0

#Transform 162
Transform: AffineTransform_float_3_3
Parameters: 0.999992 0.00383152 -0.000208896 -0.00383247 0.99999 -0.00232122 0.0002001 0.00232278 0.999998 -0.251804 0.0401286 -0.0737063
FixedParameters: 0 0 0

#Transform 163
Transform: AffineTransform_float_3_3
Parameters: 0.999993 0.00388967 -0.000206347 -0.00388933 0.999991 -0.00163121 0.000199655 0.00163179 0.999998 -0.243882 -0.0265978 0.00648332
FixedParameters: 0 0 0

#Transform 164
Transform: AffineTransform_float_3_3
Parameters: 0.999993 0.00388873 -0.000513731 -0.00388928 0.99999 -0.00250102 0.000504271 0.00250298 0.999996 -0.234679 0.0288519 -0.08105
FixedParameters: 0 0 0

#Transform 165
Transform: AffineTransform_float_3_3
Parameters: 0.999993 0.00388964 -0.000206915 -0.00388936 0.999991 -0.00177721 0.000200088 0.00177779 0.999999 -0.236741 -0.01344 0.0509055
FixedParameters: 0 0 0

#Transform 166
Transform: AffineTransform_float_3_3
Parameters: 0.999991 0.00396316 -0.000958635 -0.00396484 0.999991 -0.00192422 0.000951365 0.00192779 0.999997 -0.2036 -0.00698895 -0.0552
FixedParameters: 0 0 0

#Transform 167
Transform: AffineTransform_float_3_3
Parameters: 0.999993 0.0038895 -0.000255747 -0.00388951 0.999991 -0.00199102 0.000248255 0.00199198 0.999998 -0.251579 0.00330383 -0.024215
FixedParameters: 0 0 0

#Transform 168
Transform: AffineTransform_float_3_3
Parameters: 0.999993 0.00383271 -0.000848844 -0.00383429 0.999992 -0.00152276 0.00084316 0.00152524 0.999999 -0.201716 -0.0194834 0.00107969
FixedParameters: 0 0 0

#Transform 169
Transform: AffineTransform_float_3_3
Parameters: 0.999992 0.0038158 -9.73409e-05 -0.0038162 0.999991 -0.00218564 8.86572e-05 0.00218635 0.999997 -0.236686 0.00693414 -0.0420028
FixedParameters: 0 0 0

#Transform 170
Transform: AffineTransform_float_3_3
Parameters: 0.999995 0.00297159 -0.0011347 -0.00297341 0.999995 -0.00124463 0.00113129 0.00124837 0.999998 -0.135696 -0.0126094 0.069583
FixedParameters: 0 0 0

#Transform 171
Transform: AffineTransform_float_3_3
Parameters: 0.999996 0.00300018 -0.000335413 -0.00300082 0.999993 -0.00247001 0.000328588 0.002471 0.999997 -0.209294 0.0428635 -0.07852
FixedParameters: 0 0 0

#Transform 172
Transform: AffineTransform_float_3_3
Parameters: 0.999996 0.0030009 -5.40047e-05 -0.00300011 0.999994 -0.00200085 4.79997e-05 0.00200015 0.999998 -0.197407 0.00231551 0.0201521
FixedParameters: 0 0 0

#Transform 173
Transform: AffineTransform_float_3_3
Parameters: 0.999996 0.00300006 -0.000400143 -0.00300094 0.999992 -0.00237981 0.00039286 0.00238019 0.999997 -0.20617 0.0253264 -0.0569961
FixedParameters: 0 0 0

#Transform 174
Transform: AffineTransform_float_3_3
Parameters: 0.999995 0.00308299 -1.05348e-05 -0.00308302 0.999993 -0.00244398 2.46507e-06 0.00244402 0.999997 -0.236833 0.0275307 0.0251007
FixedParameters: 0 0 0

#Transform 175
Transform: AffineTransform_float_3_3
Parameters: 0.999997 0.00239993 -0.000749442 -0.00240107 0.999996 -0.0014332 0.000746558 0.0014348 0.999998 -0.129646 -0.0105682 0.0450659
FixedParameters: 0 0 0

#Transform 176
Transform: AffineTransform_float_3_3
Parameters: 0.999997 0.00250849 -0.000256052 -0.00250851 0.999995 -0.00201336 0.00025095 0.00201364 0.999998 -0.180688 0.0175077 0.0134336
FixedParameters: 0 0 0

#Transform 177
Transform: AffineTransform_float_3_3
Parameters: 0.999996 0.00250829 -0.000499583 -0.00250871 0.999996 -0.00142775 0.000496416 0.00142925 0.999999 -0.135561 -0.00102905 0.071246
FixedParameters: 0 0 0

#Transform 178
Transform: AffineTransform_float_3_3
Parameters: 0.999996 0.00250738 -0.000751435 -0.00250862 0.999994 -0.00216612 0.000746566 0.00216788 0.999998 -0.179125 0.0205504 -0.0400958
FixedParameters: 0 0 0

#Transform 179
Transform: AffineTransform_float_3_3
Parameters: 0.999996 0.00287289 -5.56825e-05 -0.0028731 0.999994 -0.00197785 4.93169e-05 0.00197815 0.999998 -0.231821 0.0171426 -0.0017775
FixedParameters: 0 0 0

#Transform 180
Transform: AffineTransform_float_3_3
Parameters: 0.999995 0.00299096 -2.10028e-05 -0.00299103 0.999993 -0.00200695 1.49969e-05 0.00200705 0.999998 -0.205347 -0.0101828 -0.014325
FixedParameters: 0 0 0

#Transform 181
Transform: AffineTransform_float_3_3
Parameters: 0.999995 0.00295289 0.000389281 -0.00295211 0.999993 -0.00227616 -0.000395718 0.00227484 0.999998 -0.220093 0.0262122 -0.00457549
FixedParameters: 0 0 0

#Transform 182
Transform: AffineTransform_float_3_3
Parameters: 0.999997 0.00250885 -8.1704e-05 -0.00250915 0.999995 -0.0018748 7.72952e-05 0.0018752 0.999998 -0.162894 0.00933639 -0.0109316
FixedParameters: 0 0 0

#Transform 183
Transform: AffineTransform_float_3_3
Parameters: 0.999996 0.00305152 0.000239429 -0.00305048 0.999993 -0.00215374 -0.000246567 0.00215226 0.999997 -0.243524 0.0335248 -0.059012
FixedParameters: 0 0 0

#Transform 184
Transform: AffineTransform_float_3_3
Parameters: 0.999995 0.00337702 3.5874e-06 -0.00337699 0.999992 -0.00219502 -1.04125e-05 0.00219498 0.999997 -0.261542 -0.00561363 -0.00359619
FixedParameters: 0 0 0

#Transform 185
Transform: AffineTransform_float_3_3
Parameters: 0.999994 0.00344859 -0.000188552 -0.0034494 0.999991 -0.00218936 0.000181448 0.00218964 0.999997 -0.277309 0.0358699 -0.0397545
FixedParameters: 0 0 0

#Transform 186
Transform: AffineTransform_float_3_3
Parameters: 0.999994 0.00351084 -8.40108e-05 -0.00351016 0.999992 -0.00199672 7.69898e-05 0.00199728 0.999998 -0.289592 0.0531151 0.0528155
FixedParameters: 0 0 0

#Transform 187
Transform: AffineTransform_float_3_3
Parameters: 0.999994 0.00361493 -8.03144e-05 -0.00361507 0.999993 -0.000916715 7.76845e-05 0.000917286 0.999999 -0.290277 -0.0299973 0.0740395
FixedParameters: 0 0 0

#Transform 188
Transform: AffineTransform_float_3_3
Parameters: 0.999993 0.00380167 -0.000194484 -0.00380233 0.999992 -0.00170527 0.000187516 0.00170572 0.999998 -0.284536 0.00696561 0.00200929
FixedParameters: 0 0 0

#Transform 189
Transform: AffineTransform_float_3_3
