# transform file /out/sourcedata/freesurfer/sub-v1s13x0050035_ses-1/mri/transforms/cc_up.lta
# created by oesteban on Sun Mar  8 17:57:58 2026

type      = 0 # LINEAR_VOX_TO_VOX
nxforms   = 1
mean      = 130.0000 118.0000 126.0000
sigma     = 10000.0000
1 4 4
9.991400241851807e-01 -2.387902140617371e-02 3.389814868569374e-02 -2.253920555114746e+00 
2.386528812348843e-02 9.997149109840393e-01 8.096853853203356e-04 2.586054420471191e+01 
-3.390781581401825e-02 5.820766091346741e-11 9.994249939918518e-01 1.043046569824219e+01 
0.000000000000000e+00 0.000000000000000e+00 0.000000000000000e+00 1.000000000000000e+00 
src volume info
valid = 1  # volume info valid
filename = /out/sourcedata/freesurfer/sub-v1s13x0050035_ses-1/mri/norm.mgz
volume = 256 256 256
voxelsize = 1.000000000000000e+00 1.000000000000000e+00 1.000000000000000e+00
xras   = -9.999999403953552e-01 0.000000000000000e+00 0.000000000000000e+00
yras   = 0.000000000000000e+00 0.000000000000000e+00 -9.999999403953552e-01
zras   = 0.000000000000000e+00 9.999999403953552e-01 0.000000000000000e+00
cras   = 2.704185485839844e+00 -4.554310607910156e+01 3.645769500732422e+01
dst volume info
valid = 1  # volume info valid
filename = /out/sourcedata/freesurfer/sub-v1s13x0050035_ses-1/mri/norm.mgz
volume = 256 256 256
voxelsize = 1.000000000000000e+00 1.000000000000000e+00 1.000000000000000e+00
xras   = -9.999999403953552e-01 0.000000000000000e+00 0.000000000000000e+00
yras   = 0.000000000000000e+00 0.000000000000000e+00 -9.999999403953552e-01
zras   = 0.000000000000000e+00 9.999999403953552e-01 0.000000000000000e+00
cras   = 2.704185485839844e+00 -4.554310607910156e+01 3.645769500732422e+01
