# transform file /out/sourcedata/freesurfer/sub-v1s13x0050020_ses-1/mri/transforms/cc_up.lta
# created by oesteban on Sun Mar  8 16:46:06 2026

type      = 0 # LINEAR_VOX_TO_VOX
nxforms   = 1
mean      = 129.0000 127.0000 118.0000
sigma     = 10000.0000
1 4 4
9.993261694908142e-01 1.794430986046791e-02 -3.201797977089882e-02 5.748634934425354e-01 
-1.793510839343071e-02 9.998389482498169e-01 5.746331298723817e-04 2.226952934265137e+01 
3.202313557267189e-02 0.000000000000000e+00 9.994871020317078e-01 1.692388916015625e+01 
0.000000000000000e+00 0.000000000000000e+00 0.000000000000000e+00 1.000000000000000e+00 
src volume info
valid = 1  # volume info valid
filename = /out/sourcedata/freesurfer/sub-v1s13x0050020_ses-1/mri/norm.mgz
volume = 256 256 256
voxelsize = 1.000000000000000e+00 1.000000000000000e+00 1.000000000000000e+00
xras   = -9.999999403953552e-01 0.000000000000000e+00 0.000000000000000e+00
yras   = 0.000000000000000e+00 0.000000000000000e+00 -9.999999403953552e-01
zras   = 0.000000000000000e+00 9.999999403953552e-01 0.000000000000000e+00
cras   = -2.380561828613281e+00 1.912826538085938e+00 -3.123794555664062e+00
dst volume info
valid = 1  # volume info valid
filename = /out/sourcedata/freesurfer/sub-v1s13x0050020_ses-1/mri/norm.mgz
volume = 256 256 256
voxelsize = 1.000000000000000e+00 1.000000000000000e+00 1.000000000000000e+00
xras   = -9.999999403953552e-01 0.000000000000000e+00 0.000000000000000e+00
yras   = 0.000000000000000e+00 0.000000000000000e+00 -9.999999403953552e-01
zras   = 0.000000000000000e+00 9.999999403953552e-01 0.000000000000000e+00
cras   = -2.380561828613281e+00 1.912826538085938e+00 -3.123794555664062e+00
