# transform file /out/sourcedata/freesurfer/sub-v1s13x0050053_ses-1/mri/transforms/cc_up.lta
# created by oesteban on Sun Mar  8 18:25:34 2026

type      = 0 # LINEAR_VOX_TO_VOX
nxforms   = 1
mean      = 129.0000 133.0000 118.0000
sigma     = 10000.0000
1 4 4
9.962166547775269e-01 -6.258252263069153e-02 6.029935926198959e-02 2.700623989105225e+00 
6.246819719672203e-02 9.980399012565613e-01 3.781097242608666e-03 3.852514505386353e+00 
-6.041778996586800e-02 2.328306714094452e-10 9.981732368469238e-01 1.888585090637207e+01 
0.000000000000000e+00 0.000000000000000e+00 0.000000000000000e+00 1.000000000000000e+00 
src volume info
valid = 1  # volume info valid
filename = /out/sourcedata/freesurfer/sub-v1s13x0050053_ses-1/mri/norm.mgz
volume = 256 256 256
voxelsize = 1.000000000000000e+00 1.000000000000000e+00 1.000000000000000e+00
xras   = -9.999999403953552e-01 0.000000000000000e+00 0.000000000000000e+00
yras   = 0.000000000000000e+00 0.000000000000000e+00 -9.999999403953552e-01
zras   = 0.000000000000000e+00 9.999999403953552e-01 0.000000000000000e+00
cras   = 3.430580139160156e+00 -3.631561279296875e+00 -3.275831604003906e+01
dst volume info
valid = 1  # volume info valid
filename = /out/sourcedata/freesurfer/sub-v1s13x0050053_ses-1/mri/norm.mgz
volume = 256 256 256
voxelsize = 1.000000000000000e+00 1.000000000000000e+00 1.000000000000000e+00
xras   = -9.999999403953552e-01 0.000000000000000e+00 0.000000000000000e+00
yras   = 0.000000000000000e+00 0.000000000000000e+00 -9.999999403953552e-01
zras   = 0.000000000000000e+00 9.999999403953552e-01 0.000000000000000e+00
cras   = 3.430580139160156e+00 -3.631561279296875e+00 -3.275831604003906e+01
