#Insight Transform File V1.0
#Transform 0
Transform: AffineTransform_float_3_3
Parameters: 1 0 0 0 1 0.000174 0 -0.000174 1 0.006812 0.00232989 0.0466088
FixedParameters: 0 0 0

#Transform 1
Transform: AffineTransform_float_3_3
Parameters: 1 -5.76709e-05 0.000510925 5.7329e-05 0.999999 0.00131303 -0.000511076 -0.00131297 0.999999 -0.0317576 -0.0290946 0.093104
FixedParameters: 0 0 0

#Transform 2
Transform: AffineTransform_float_3_3
Parameters: 1 -6.49999e-05 -1.4742e-07 6.49999e-05 0.999998 0.002268 -1.4742e-07 -0.002268 0.999998 -0.0214818 -0.0419679 0.0633422
FixedParameters: 0 0 0

#Transform 3
Transform: AffineTransform_float_3_3
Parameters: 1 0.000165 2.739e-07 -0.000165 0.999998 0.00166 2.739e-07 -0.00166 0.999998 -0.0124419 0.0110917 0.0463726
FixedParameters: 0 0 0

#Transform 4
Transform: AffineTransform_float_3_3
Parameters: 0.999999 0.000305521 -0.000851456 -0.000303479 0.999999 0.00178526 0.000852543 -0.00178574 0.999998 0.00314468 -0.0602413 -0.00931629
FixedParameters: 0 0 0

#Transform 5
Transform: AffineTransform_float_3_3
Parameters: 1 0.000304764 -0.00055458 -0.000303236 0.999999 0.00137817 0.000554418 -0.00137783 0.999999 0.0187806 0.0195085 -0.0139555
FixedParameters: 0 0 0

#Transform 6
Transform: AffineTransform_float_3_3
Parameters: 0.999999 -0.000315088 -0.000635453 0.000315913 0.999999 0.0014358 0.000635547 -0.0014362 0.999999 0.0451855 -0.0517603 -0.065091
FixedParameters: 0 0 0

#Transform 7
Transform: AffineTransform_float_3_3
Parameters: 1 -0.000305262 0.00024968 0.000305738 1 0.00104908 -0.000250321 -0.00104892 1 0.031062 -0.000252057 -0.0747031
FixedParameters: 0 0 0

#Transform 8
Transform: AffineTransform_float_3_3
Parameters: 1 -0.000302708 -0.000415213 0.000303292 0.999999 0.000703874 0.000414787 -0.000703125 0.999999 0.0458309 -0.0297706 -0.116956
FixedParameters: 0 0 0

#Transform 9
Transform: AffineTransform_float_3_3
Parameters: 0.999999 0.000248935 -0.000672654 -0.000248064 0.999999 0.00139017 0.000673345 -0.00138983 0.999999 0.0232657 -0.00404858 -0.109554
FixedParameters: 0 0 0

#Transform 10
Transform: AffineTransform_float_3_3
Parameters: 1 -0.000102 -1.08324e-07 0.000102 1 0.001062 -1.08324e-07 -0.001062 1 -0.00554514 -0.0435892 -0.143429
FixedParameters: 0 0 0

#Transform 11
Transform: AffineTransform_float_3_3
Parameters: 1 -0.000162 -1.49202e-07 0.000162 0.999999 0.000920999 -1.49202e-07 -0.000920999 0.999999 0.0119724 0.019684 -0.144987
FixedParameters: 0 0 0

#Transform 12
Transform: AffineTransform_float_3_3
Parameters: 1 -0.000143 -1.26555e-07 0.000143 0.999999 0.000884999 -1.26555e-07 -0.000884999 0.999999 0.0286629 -0.0444051 -0.147644
FixedParameters: 0 0 0

#Transform 13
Transform: AffineTransform_float_3_3
Parameters: 1 -3.10283e-05 5.39837e-05 3.09716e-05 1 0.000525002 -5.40163e-05 -0.000524998 1 0.0318601 0.0241014 -0.14932
FixedParameters: 0 0 0

#Transform 14
Transform: AffineTransform_float_3_3
Parameters: 1 0.00014 1.1578e-07 -0.00014 0.999999 0.000826999 1.1578e-07 -0.000826999 0.999999 0.0241213 -0.0378951 -0.118034
FixedParameters: 0 0 0

#Transform 15
Transform: AffineTransform_float_3_3
Parameters: 1 -0.000162162 0.000455942 0.000161838 1 0.000356074 -0.000456058 -0.000355926 1 0.0197165 0.00232811 -0.144222
FixedParameters: 0 0 0

#Transform 16
Transform: AffineTransform_float_3_3
Parameters: 0.999999 0.000304896 -0.000647579 -0.000303103 0.999999 0.0013832 0.00064842 -0.0013828 0.999999 0.0528077 -0.070312 -0.0849624
FixedParameters: 0 0 0

#Transform 17
Transform: AffineTransform_float_3_3
Parameters: 1 0.000304131 -0.000252842 -0.000303869 1 0.000518077 0.000253157 -0.000517923 1 0.0662254 0.0197678 -0.092736
FixedParameters: 0 0 0

#Transform 18
Transform: AffineTransform_float_3_3
Parameters: 1 0.000304 4.00064e-07 -0.000304 0.999999 0.001316 4.00064e-07 -0.001316 0.999999 0.0591826 -0.0700082 -0.111407
FixedParameters: 0 0 0

#Transform 19
Transform: AffineTransform_float_3_3
Parameters: 0.999999 0.000909109 -0.000256612 -0.00090889 1 0.000426234 0.000257387 -0.000425766 1 0.0466254 0.00308085 -0.121184
FixedParameters: 0 0 0

#Transform 20
Transform: AffineTransform_float_3_3
Parameters: 1 0.00115696 -0.000297164 -0.00115704 1 -0.000141656 0.000296836 0.000142344 1 0.0418502 0.0232158 -0.149768
FixedParameters: 0 0 0

#Transform 21
Transform: AffineTransform_float_3_3
Parameters: 0.999999 0.000747394 -0.000357176 -0.000746606 0.999999 0.00110227 0.000357823 -0.00110173 1 0.0447161 -0.0272953 -0.103486
FixedParameters: 0 0 0

#Transform 22
Transform: AffineTransform_float_3_3
Parameters: 0.999999 0.00087412 -0.000409741 -0.000873878 0.999999 0.000296358 0.000410258 -0.000295641 1 0.0164417 0.0356273 -0.176594
FixedParameters: 0 0 0

#Transform 23
Transform: AffineTransform_float_3_3
Parameters: 1 0.000813409 -0.000886625 -0.00081259 0.999999 0.000462721 0.000887376 -0.000461279 1 0.0201024 -0.010132 -0.120542
FixedParameters: 0 0 0

#Transform 24
Transform: AffineTransform_float_3_3
Parameters: 1 0.000812752 -0.000885228 -0.000812248 0.999999 -0.000280281 0.000884772 0.000280719 0.999999 0.037613 0.0650039 -0.145426
FixedParameters: 0 0 0

#Transform 25
Transform: AffineTransform_float_3_3
Parameters: 1 0.000813187 -0.000609751 -0.000812813 0.999999 0.000306496 0.00061025 -0.000306504 1 0.0296815 -0.00872529 -0.138989
FixedParameters: 0 0 0

#Transform 26
Transform: AffineTransform_float_3_3
Parameters: 0.999999 0.00128292 -0.00078813 -0.00128308 0.999999 -0.000100989 0.000787869 0.000102011 0.999999 0.023244 0.0679464 -0.14346
FixedParameters: 0 0 0

#Transform 27
Transform: AffineTransform_float_3_3
Parameters: 0.999999 0.00128301 -0.000609976 -0.00128399 0.999999 1.87832e-05 0.000610024 -1.82174e-05 1 0.0295203 -0.00490677 -0.16026
FixedParameters: 0 0 0

#Transform 28
Transform: AffineTransform_float_3_3
Parameters: 0.999999 0.00113487 -0.000610239 -0.00113513 1 -0.000210308 0.000609761 0.000210692 1 0.0311695 0.0445264 -0.144673
FixedParameters: 0 0 0

#Transform 29
Transform: AffineTransform_float_3_3
Parameters: 0.999999 0.0012932 -0.000609571 -0.0012928 0.999999 0.000331788 0.000610429 -0.000331211 1 0.0378133 -0.0401009 -0.166874
FixedParameters: 0 0 0

#Transform 30
Transform: AffineTransform_float_3_3
Parameters: 0.999999 0.00106414 -0.000609766 -0.00106387 1 0.000220649 0.000610235 -0.000220351 1 0.036105 0.0094739 -0.167965
FixedParameters: 0 0 0

#Transform 31
Transform: AffineTransform_float_3_3
Parameters: 1 0.00106435 -0.000549321 -0.00106365 0.999999 0.000638585 0.000550678 -0.000637414 0.999999 0.0324816 -0.0301485 -0.187042
FixedParameters: 0 0 0

#Transform 32
Transform: AffineTransform_float_3_3
Parameters: 1 0.00106409 -0.000553826 -0.00106391 1 0.000163589 0.000554174 -0.00016341 1 0.021545 0.050507 -0.181947
FixedParameters: 0 0 0

#Transform 33
Transform: AffineTransform_float_3_3
Parameters: 1 0.0010641 -0.000422758 -0.0010639 0.999999 0.00022745 0.000422242 -0.000227551 1 0.0175024 0.0149061 -0.17815
FixedParameters: 0 0 0

#Transform 34
Transform: AffineTransform_float_3_3
Parameters: 0.999999 0.00121997 -0.000361113 -0.00122003 1 -9.25595e-05 0.000360886 9.34404e-05 1 0.0112147 0.0605844 -0.171758
FixedParameters: 0 0 0

#Transform 35
Transform: AffineTransform_float_3_3
Parameters: 0.999999 0.00131018 -0.000609621 -0.00130982 0.999999 0.000289799 0.000610379 -0.000289201 1 0.00900374 -0.00113063 -0.186542
FixedParameters: 0 0 0

#Transform 36
Transform: AffineTransform_float_3_3
Parameters: 0.999999 0.00143606 -0.000457797 -0.00143594 0.999999 0.000141658 0.000458203 -0.000141342 1 -0.00100175 0.0509245 -0.142022
FixedParameters: 0 0 0

#Transform 37
Transform: AffineTransform_float_3_3
Parameters: 0.999999 0.00106378 -0.000610387 -0.00106422 1 -0.000363351 0.000610613 0.00036365 0.999999 0.0103792 0.00291654 -0.17471
FixedParameters: 0 0 0

#Transform 38
Transform: AffineTransform_float_3_3
Parameters: 0.999999 0.00131348 -0.000611116 -0.00131352 0.999999 -0.000849198 0.000609885 0.000849802 1 0.00768586 0.0682554 -0.136003
FixedParameters: 0 0 0

#Transform 39
Transform: AffineTransform_float_3_3
Parameters: 0.999999 0.00106295 -0.000782428 -0.00106405 0.999998 -0.00134217 0.000780571 0.00134383 0.999999 0.0159021 0.0840249 -0.141415
FixedParameters: 0 0 0

#Transform 40
Transform: AffineTransform_float_3_3
Parameters: 0.999999 0.00106312 -0.000611527 -0.00106388 0.999999 -0.00143535 0.000610474 0.00143565 0.999999 -0.00468685 0.0759933 -0.14234
FixedParameters: 0 0 0

#Transform 41
Transform: AffineTransform_float_3_3
Parameters: 0.999998 0.00106135 -0.0017666 -0.00106365 0.999999 -0.00150213 0.0017644 0.00150388 0.999998 0.00195475 0.127824 -0.00222476
FixedParameters: 0 0 0

#Transform 42
Transform: AffineTransform_float_3_3
Parameters: 0.999998 0.00106218 -0.0017561 -0.00106382 0.999999 -0.00103713 0.0017549 0.00103887 0.999998 0.0179444 0.0739574 0.0424369
FixedParameters: 0 0 0

#Transform 43
Transform: AffineTransform_float_3_3
Parameters: 0.999999 0.00090289 -0.0012782 -0.00090611 0.999996 -0.00243384 0.0012768 0.00243516 0.999996 0.00461165 0.175182 -0.108191
FixedParameters: 0 0 0

#Transform 44
Transform: AffineTransform_float_3_3
Parameters: 0.999999 0.00114041 -0.00102314 -0.00114459 0.999989 -0.00449784 0.00101786 0.00449917 0.99999 -0.00623375 0.157503 -0.144958
FixedParameters: 0 0 0

#Transform 45
Transform: AffineTransform_float_3_3
Parameters: 0.999999 0.00085261 -0.00131317 -0.000859388 0.999988 -0.00487288 0.00130883 0.00487412 0.999988 0.0189574 0.246517 -0.154226
FixedParameters: 0 0 0

#Transform 46
Transform: AffineTransform_float_3_3
Parameters: 0.999999 0.000966647 -0.000786142 -0.000970354 0.999991 -0.00427724 0.000781856 0.00427776 0.99999 -0.00954581 0.157735 -0.149401
FixedParameters: 0 0 0

#Transform 47
Transform: AffineTransform_float_3_3
Parameters: 1 0.00104835 -0.000558005 -0.00105165 0.999988 -0.00476742 0.000552993 0.00476759 0.999989 -0.0199386 0.251942 -0.171285
FixedParameters: 0 0 0

#Transform 48
Transform: AffineTransform_float_3_3
Parameters: 0.999999 0.00119893 -0.000511874 -0.00120107 0.999991 -0.00406139 0.000507126 0.00406161 0.999991 -0.0232038 0.171294 -0.181431
FixedParameters: 0 0 0

#Transform 49
Transform: AffineTransform_float_3_3
Parameters: 1 0.000889963 -0.000445099 -0.000892038 0.999989 -0.00459961 0.000440902 0.0045994 0.99999 -0.0111093 0.235044 -0.215146
FixedParameters: 0 0 0

#Transform 50
Transform: AffineTransform_float_3_3
Parameters: 1 0.000904657 -0.000546896 -0.000907345 0.999991 -0.00430051 0.000543103 0.00430049 0.99999 -0.00965178 0.167667 -0.22508
FixedParameters: 0 0 0

#Transform 51
Transform: AffineTransform_float_3_3
Parameters: 1 0.000807943 -0.000456661 -0.000810056 0.99999 -0.00452463 0.000452339 0.00452537 0.999989 -0.0205809 0.248414 -0.199598
FixedParameters: 0 0 0

#Transform 52
Transform: AffineTransform_float_3_3
Parameters: 1 0.000805674 -0.000721732 -0.000809329 0.999989 -0.00462142 0.000718268 0.00462158 0.999989 -0.0120436 0.198459 -0.223326
FixedParameters: 0 0 0

#Transform 53
Transform: AffineTransform_float_3_3
Parameters: 1 0.000889587 -0.000521142 -0.000891413 0.999989 -0.00464954 0.000516861 0.00464946 0.999989 -0.0194672 0.211994 -0.17259
FixedParameters: 0 0 0

#Transform 54
Transform: AffineTransform_float_3_3
Parameters: 1 0.000940924 -0.000428588 -0.000943074 0.999987 -0.0048706 0.000423412 0.0048704 0.999988 -0.0229886 0.199859 -0.196313
FixedParameters: 0 0 0

#Transform 55
Transform: AffineTransform_float_3_3
Parameters: 0.999998 0.000634196 -0.00184375 -0.000645799 0.999982 -0.00586482 0.00183924 0.00586618 0.999981 0.0260055 0.239029 -0.155478
FixedParameters: 0 0 0

#Transform 56
Transform: AffineTransform_float_3_3
Parameters: 0.999998 0.000260015 -0.00222193 -0.000275985 0.999974 -0.0071964 0.00222007 0.00719759 0.999971 0.0362426 0.322778 -0.255372
FixedParameters: 0 0 0

#Transform 57
Transform: AffineTransform_float_3_3
Parameters: 0.999998 0.000749382 -0.00185092 -0.000758619 0.999986 -0.00520161 0.00184708 0.00520239 0.999985 0.00838195 0.271789 -0.149619
FixedParameters: 0 0 0

#Transform 58
Transform: AffineTransform_float_3_3
Parameters: 0.999997 0.00110936 -0.00191744 -0.00111664 0.999992 -0.00398887 0.00191256 0.00399113 0.99999 0.000445467 0.12456 -0.448159
FixedParameters: 0 0 0

#Transform 59
Transform: AffineTransform_float_3_3
Parameters: 0.999996 0.00209039 -0.00180983 -0.00209762 0.999989 -0.00421622 0.00180117 0.00421978 0.999989 -0.0175886 0.156912 -0.563848
FixedParameters: 0 0 0

#Transform 60
Transform: AffineTransform_float_3_3
Parameters: 0.999993 0.0017915 -0.00308454 -0.0018015 0.999993 -0.00308046 0.00307946 0.00308654 0.999991 0.0372302 0.117061 -0.499283
FixedParameters: 0 0 0

#Transform 61
Transform: AffineTransform_float_3_3
Parameters: 0.999995 0.00125481 -0.00271573 -0.00126519 0.999992 -0.00375358 0.00271127 0.00375642 0.99999 0.0068256 0.114014 -0.0873355
FixedParameters: 0 0 0

#Transform 62
Transform: AffineTransform_float_3_3
Parameters: 0.999995 0.00112451 -0.00314921 -0.00113849 0.999989 -0.00460344 0.00314379 0.00460656 0.999985 0.0457895 0.269448 -0.133839
FixedParameters: 0 0 0

#Transform 63
Transform: AffineTransform_float_3_3
Parameters: 0.999996 0.000838169 -0.00265445 -0.000848829 0.999992 -0.00408176 0.00265056 0.00408424 0.999988 0.0303063 0.165855 -0.145407
FixedParameters: 0 0 0

#Transform 64
Transform: AffineTransform_float_3_3
Parameters: 0.999996 0.00102684 -0.00265573 -0.00103916 0.999989 -0.00457926 0.00265127 0.00458274 0.999986 0.0309667 0.242766 -0.115235
FixedParameters: 0 0 0

#Transform 65
Transform: AffineTransform_float_3_3
Parameters: 0.999994 0.00140821 -0.00323392 -0.00142379 0.999987 -0.00488443 0.00322708 0.00488857 0.999983 0.0181627 0.213243 -0.211986
FixedParameters: 0 0 0

#Transform 66
Transform: AffineTransform_float_3_3
Parameters: 0.999997 0.00119863 -0.00207038 -0.00121237 0.999975 -0.00695151 0.00206262 0.00695449 0.999973 0.00882154 0.325027 -0.247905
FixedParameters: 0 0 0

#Transform 67
Transform: AffineTransform_float_3_3
Parameters: 0.999997 0.00135698 -0.00231686 -0.00137202 0.999978 -0.00649285 0.00230814 0.00649516 0.999976 0.00593708 0.227945 -0.273733
FixedParameters: 0 0 0

#Transform 68
Transform: AffineTransform_float_3_3
Parameters: 0.999995 0.00116638 -0.00271433 -0.00118062 0.999985 -0.00538882 0.00270867 0.00539218 0.999982 0.0297644 0.277352 -0.197638
FixedParameters: 0 0 0

#Transform 69
Transform: AffineTransform_float_3_3
Parameters: 0.999995 0.00139973 -0.00256907 -0.00140827 0.999993 -0.0036104 0.00256393 0.00361461 0.99999 0.00456963 0.179682 -0.170178
FixedParameters: 0 0 0

#Transform 70
Transform: AffineTransform_float_3_3
Parameters: 0.999996 0.00128652 -0.00271543 -0.00130047 0.999987 -0.00496649 0.00270857 0.00497051 0.999984 0.0208619 0.291964 -0.184523
FixedParameters: 0 0 0

#Transform 71
Transform: AffineTransform_float_3_3
Parameters: 0.999996 0.0011382 -0.00262259 -0.0011508 0.999987 -0.004884 0.00261741 0.00488699 0.999984 0.0161352 0.23377 -0.193592
FixedParameters: 0 0 0

#Transform 72
Transform: AffineTransform_float_3_3
Parameters: 0.999997 0.000967398 -0.0021936 -0.000980604 0.999983 -0.00575087 0.0021884 0.00575313 0.999981 0.0153532 0.296181 -0.207518
FixedParameters: 0 0 0

#Transform 73
Transform: AffineTransform_float_3_3
Parameters: 0.999996 0.00096825 -0.00242672 -0.000980749 0.999988 -0.00484464 0.00242228 0.00484736 0.999986 0.0198736 0.20755 -0.202012
FixedParameters: 0 0 0

#Transform 74
Transform: AffineTransform_float_3_3
Parameters: 0.999996 0.000967321 -0.00244106 -0.000980677 0.999986 -0.00519763 0.00243593 0.00520038 0.999984 0.0232744 0.319752 -0.180973
FixedParameters: 0 0 0

#Transform 75
Transform: AffineTransform_float_3_3
Parameters: 0.999997 0.00096917 -0.0022497 -0.000980833 0.999988 -0.00481881 0.0022453 0.00482019 0.999986 0.0171384 0.238191 -0.201682
FixedParameters: 0 0 0

#Transform 76
Transform: AffineTransform_float_3_3
Parameters: 0.999998 0.000692159 -0.00193727 -0.000703844 0.999981 -0.00611765 0.00193373 0.00611935 0.99998 0.0100769 0.311686 -0.215376
FixedParameters: 0 0 0

#Transform 77
Transform: AffineTransform_float_3_3
Parameters: 0.999998 0.000732562 -0.00212063 -0.00074344 0.999988 -0.00492544 0.00211736 0.00492756 0.999985 0.0156294 0.231998 -0.211163
FixedParameters: 0 0 0

#Transform 78
Transform: AffineTransform_float_3_3
Parameters: 1 0.000125878 -0.00108298 -0.000134122 0.999972 -0.00750286 0.00108202 0.00750314 0.999972 -0.0845368 0.430849 -0.272814
FixedParameters: 0 0 0

#Transform 79
Transform: AffineTransform_float_3_3
Parameters: 0.999998 0.00117633 -0.00163002 -0.00118567 0.999981 -0.00594408 0.00162298 0.00594592 0.999981 -0.0488707 0.267839 -0.316341
FixedParameters: 0 0 0

#Transform 80
Transform: AffineTransform_float_3_3
Parameters: 0.999998 0.00134633 -0.00186982 -0.00135267 0.999992 -0.00357148 0.00186418 0.00357452 0.999992 -0.0316378 0.125803 -0.216851
FixedParameters: 0 0 0

#Transform 81
Transform: AffineTransform_float_3_3
Parameters: 0.999997 0.00114794 -0.00180615 -0.00115606 0.99999 -0.00446793 0.00180085 0.00447008 0.999989 -0.031659 0.20452 -0.193687
FixedParameters: 0 0 0

#Transform 82
Transform: AffineTransform_float_3_3
Parameters: 0.999997 0.000977331 -0.00215088 -0.00098767 0.999987 -0.00496489 0.00214612 0.00496711 0.999986 -0.00680003 0.272193 -0.207558
FixedParameters: 0 0 0

#Transform 83
Transform: AffineTransform_float_3_3
Parameters: 0.999996 0.000892923 -0.00244045 -0.000904074 0.999988 -0.00495181 0.00243555 0.00495419 0.999985 -0.00851961 0.303567 -0.160757
FixedParameters: 0 0 0

#Transform 84
Transform: AffineTransform_float_3_3
Parameters: 0.999997 0.000893146 -0.00235653 -0.000904851 0.999987 -0.00503388 0.00235147 0.00503611 0.999984 -0.0111653 0.216428 -0.216989
FixedParameters: 0 0 0

#Transform 85
Transform: AffineTransform_float_3_3
Parameters: 0.999998 0.00055479 -0.00218288 -0.00056621 0.999986 -0.00513778 0.00218012 0.00513922 0.999985 -0.0720718 0.289684 -0.177498
FixedParameters: 0 0 0

#Transform 86
Transform: AffineTransform_float_3_3
Parameters: 0.999993 0.0015371 -0.00323017 -0.00155091 0.999991 -0.00399601 0.00322482 0.00400098 0.999987 -0.0908454 0.186677 -0.246001
FixedParameters: 0 0 0

#Transform 87
Transform: AffineTransform_float_3_3
Parameters: 0.999995 0.00119725 -0.00290422 -0.00121674 0.999976 -0.0068065 0.00289578 0.0068105 0.999972 -0.0337505 0.350006 -0.275741
FixedParameters: 0 0 0

#Transform 88
Transform: AffineTransform_float_3_3
Parameters: 0.999996 0.00118418 -0.0028063 -0.00119881 0.999986 -0.00528366 0.0027997 0.00528734 0.999982 -0.0307634 0.21941 -0.216852
FixedParameters: 0 0 0

#Transform 89
Transform: AffineTransform_float_3_3
Parameters: 0.999996 0.000791834 -0.00280548 -0.000811169 0.999977 -0.00683675 0.00280052 0.00683925 0.999972 -0.0301808 0.361038 -0.202646
FixedParameters: 0 0 0

#Transform 90
Transform: AffineTransform_float_3_3
Parameters: 0.999997 0.000912403 -0.00230403 -0.000925596 0.999984 -0.00547188 0.00229897 0.00547411 0.999983 -0.0239098 0.260136 -0.203941
FixedParameters: 0 0 0

#Transform 91
Transform: AffineTransform_float_3_3
Parameters: 0.999998 0.000798839 -0.00217351 -0.000811162 0.999984 -0.00559925 0.00216949 0.00560175 0.999982 -0.017288 0.276376 -0.205237
FixedParameters: 0 0 0

#Transform 92
Transform: AffineTransform_float_3_3
Parameters: 0.999996 0.000795121 -0.00280455 -0.00081088 0.999983 -0.00566475 0.00280045 0.00566725 0.99998 5.36336e-05 0.267333 -0.205969
FixedParameters: 0 0 0

#Transform 93
Transform: AffineTransform_float_3_3
Parameters: 0.999998 0.000883278 -0.00211379 -0.000896725 0.999979 -0.00650012 0.00210822 0.00650188 0.999976 0.00571316 0.33021 -0.225632
FixedParameters: 0 0 0

#Transform 94
Transform: AffineTransform_float_3_3
Parameters: 0.999996 0.00114665 -0.00237948 -0.00116035 0.999983 -0.00561526 0.00237352 0.00561874 0.999982 -0.00911755 0.296899 -0.204696
FixedParameters: 0 0 0

#Transform 95
Transform: AffineTransform_float_3_3
Parameters: 0.999997 0.0010707 -0.00242592 -0.0010833 0.999985 -0.00549039 0.00241909 0.00549261 0.999982 -0.0168198 0.301765 -0.183973
FixedParameters: 0 0 0

#Transform 96
Transform: AffineTransform_float_3_3
Parameters: 0.999996 0.00105598 -0.00240221 -0.00107002 0.999983 -0.00584245 0.00239679 0.00584555 0.99998 -0.0174074 0.295892 -0.182891
FixedParameters: 0 0 0

#Transform 97
Transform: AffineTransform_float_3_3
Parameters: 0.999997 0.00114322 -0.00239315 -0.00115678 0.999985 -0.00534425 0.00238685 0.00534675 0.999983 -0.0186408 0.285338 -0.156525
FixedParameters: 0 0 0

#Transform 98
Transform: AffineTransform_float_3_3
Parameters: 0.999996 0.00102748 -0.0023994 -0.00103952 0.999986 -0.00522152 0.0023946 0.00522447 0.999983 -0.00947407 0.297928 -0.153304
FixedParameters: 0 0 0

#Transform 99
Transform: AffineTransform_float_3_3
Parameters: 0.999996 0.00147392 -0.00243435 -0.00148608 0.999986 -0.0049674 0.00242765 0.00497059 0.999984 -0.0159745 0.271416 -0.19178
FixedParameters: 0 0 0

#Transform 100
Transform: AffineTransform_float_3_3
Parameters: 0.999996 -2.99046e-05 -0.00278487 1.30944e-05 0.999981 -0.00607006 0.00278513 0.00606994 0.999977 0.0545162 0.333759 -0.262433
FixedParameters: 0 0 0

#Transform 101
Transform: AffineTransform_float_3_3
Parameters: 0.999997 0.000101805 -0.00272157 -0.000115196 0.999987 -0.00521571 0.00272144 0.0052163 0.999982 0.0590422 0.243607 -0.223652
FixedParameters: 0 0 0

#Transform 102
Transform: AffineTransform_float_3_3
Parameters: 0.999997 0.000530559 -0.00235784 -0.000542444 0.999986 -0.00527974 0.00235517 0.00528027 0.999984 0.0289896 0.268725 -0.209111
FixedParameters: 0 0 0

#Transform 103
Transform: AffineTransform_float_3_3
Parameters: 0.999996 0.000923743 -0.00261345 -0.000938263 0.999983 -0.00584358 0.00260856 0.00584544 0.99998 0.0289301 0.297305 -0.213032
FixedParameters: 0 0 0

#Transform 104
Transform: AffineTransform_float_3_3
Parameters: 0.999996 0.000965245 -0.00243649 -0.000979749 0.999983 -0.00564963 0.0024305 0.00565236 0.999981 0.0304825 0.265118 -0.211232
FixedParameters: 0 0 0

#Transform 105
Transform: AffineTransform_float_3_3
Parameters: 0.999997 0.00090799 -0.00236482 -0.000923005 0.99998 -0.00635384 0.00235818 0.00635616 0.999977 0.0287941 0.334686 -0.199876
FixedParameters: 0 0 0

#Transform 106
Transform: AffineTransform_float_3_3
Parameters: 0.999998 0.000652219 -0.00195796 -0.00066378 0.999981 -0.00602171 0.00195404 0.00602328 0.99998 0.0186204 0.260246 -0.271691
FixedParameters: 0 0 0

#Transform 107
Transform: AffineTransform_float_3_3
Parameters: 0.999999 0.00131894 -0.000333279 -0.00132106 0.99998 -0.00627157 0.000324721 0.00627244 0.999981 -0.060566 0.312305 -0.279548
FixedParameters: 0 0 0

#Transform 108
Transform: AffineTransform_float_3_3
Parameters: 0.999997 0.00131111 -0.0017405 -0.00132089 0.999983 -0.00569472 0.0017335 0.00569729 0.999983 -0.0136117 0.322972 -0.176418
FixedParameters: 0 0 0

#Transform 109
Transform: AffineTransform_float_3_3
Parameters: 0.999998 0.000944445 -0.00203141 -0.000955554 0.999984 -0.00569507 0.00202559 0.00569693 0.999981 0.00928063 0.269999 -0.191317
FixedParameters: 0 0 0

#Transform 110
Transform: AffineTransform_float_3_3
Parameters: 0.999998 0.000939971 -0.00209444 -0.000952027 0.999983 -0.00575002 0.00208856 0.00575198 0.999982 0.00621749 0.285655 -0.195414
FixedParameters: 0 0 0

#Transform 111
Transform: AffineTransform_float_3_3
Parameters: 0.999997 0.000980815 -0.00226232 -0.000993184 0.999985 -0.00539177 0.00225668 0.00539323 0.999983 0.0198964 0.277943 -0.140858
FixedParameters: 0 0 0

#Transform 112
Transform: AffineTransform_float_3_3
Parameters: 0.999998 0.00103654 -0.00194615 -0.00104846 0.999982 -0.00589597 0.00194085 0.00589802 0.99998 0.0296275 0.298456 -0.149769
FixedParameters: 0 0 0

#Transform 113
Transform: AffineTransform_float_3_3
Parameters: 0.999996 0.0011992 -0.0022639 -0.0012138 0.999978 -0.00654527 0.0022561 0.00654773 0.999976 0.0323185 0.345978 -0.121409
FixedParameters: 0 0 0

#Transform 114
Transform: AffineTransform_float_3_3
Parameters: 0.999998 0.000949337 -0.00165757 -0.000959666 0.999983 -0.00583842 0.00165242 0.00584058 0.999981 0.00237523 0.231359 -0.113981
FixedParameters: 0 0 0

#Transform 115
Transform: AffineTransform_float_3_3
Parameters: 0.999997 0.000918162 -0.00227463 -0.00093184 0.999981 -0.0060899 0.00226937 0.0060921 0.999979 0.0345625 0.307194 -0.166844
FixedParameters: 0 0 0

#Transform 116
Transform: AffineTransform_float_3_3
Parameters: 0.999997 0.000727642 -0.00209862 -0.000737354 0.999988 -0.00493847 0.00209438 0.00494054 0.999985 0.0376601 0.205012 -0.129421
FixedParameters: 0 0 0

#Transform 117
Transform: AffineTransform_float_3_3
Parameters: 0.999997 0.00113956 -0.00245974 -0.00115444 0.999982 -0.00587718 0.00245326 0.00587982 0.999979 0.0452538 0.352122 -0.252218
FixedParameters: 0 0 0

#Transform 118
Transform: AffineTransform_float_3_3
Parameters: 0.999995 0.000717853 -0.00314766 -0.000738151 0.999979 -0.00640471 0.00314333 0.00640629 0.999974 0.0723137 0.304744 -0.481974
FixedParameters: 0 0 0

#Transform 119
Transform: AffineTransform_float_3_3
Parameters: 0.999998 -0.00122048 -0.00104262 0.00121452 0.999986 -0.00524227 0.00104938 0.00524073 0.999985 0.0857278 0.241551 -0.296042
FixedParameters: 0 0 0

#Transform 120
Transform: AffineTransform_float_3_3
Parameters: 0.999998 -0.00162686 -0.00135581 0.00162014 0.999986 -0.00504321 0.00136419 0.00504179 0.999987 0.132413 0.281239 -0.263856
FixedParameters: 0 0 0

#Transform 121
Transform: AffineTransform_float_3_3
Parameters: 0.999998 0.000193969 -0.00204298 -0.000204032 0.999988 -0.00491159 0.00204202 0.00491141 0.999986 0.0608295 0.284172 -0.165062
FixedParameters: 0 0 0

#Transform 122
Transform: AffineTransform_float_3_3
Parameters: 0.999999 0.000132737 -0.00127756 -0.000138264 0.999991 -0.00411982 0.00127744 0.00412017 0.99999 0.0396958 0.181451 -0.173793
FixedParameters: 0 0 0

#Transform 123
Transform: AffineTransform_float_3_3
Parameters: 1 -4.42841e-05 -0.00113277 3.77145e-05 0.999984 -0.00554704 0.00113323 0.00554695 0.999984 0.0721208 0.312807 -0.167565
FixedParameters: 0 0 0

#Transform 124
Transform: AffineTransform_float_3_3
Parameters: 0.999999 -0.000311734 -0.000788534 0.000307263 0.999989 -0.00473125 0.000790463 0.00473076 0.999989 0.0688346 0.238586 -0.194398
FixedParameters: 0 0 0

#Transform 125
Transform: AffineTransform_float_3_3
Parameters: 1 -0.000337042 -0.00061434 0.000333959 0.999987 -0.0049462 0.000615659 0.00494579 0.999987 0.0756924 0.26665 -0.223712
FixedParameters: 0 0 0

#Transform 126
Transform: AffineTransform_float_3_3
Parameters: 1 -0.000403757 -0.00107686 0.000398243 0.999985 -0.00534043 0.00107914 0.00534057 0.999985 0.0797896 0.300632 -0.208548
FixedParameters: 0 0 0

#Transform 127
Transform: AffineTransform_float_3_3
Parameters: 1 -0.000668426 -0.000834268 0.000664577 0.999992 -0.00409856 0.000836732 0.00409845 0.999992 0.0673154 0.198919 -0.195407
FixedParameters: 0 0 0

#Transform 128
Transform: AffineTransform_float_3_3
Parameters: 0.999999 -0.00106899 -0.00061079 0.00106601 0.999988 -0.00488066 0.00061621 0.00488035 0.999988 0.136719 0.297922 -0.213049
FixedParameters: 0 0 0

#Transform 129
Transform: AffineTransform_float_3_3
Parameters: 1 -0.000824789 -0.000612261 0.000822213 0.99999 -0.00454151 0.00061574 0.00454049 0.999989 0.116811 0.216408 -0.196543
FixedParameters: 0 0 0

#Transform 130
Transform: AffineTransform_float_3_3
Parameters: 0.999999 -0.000765347 -0.00135789 0.000757652 0.999985 -0.00540304 0.00136211 0.00540197 0.999985 0.154448 0.319099 -0.192824
FixedParameters: 0 0 0

#Transform 131
Transform: AffineTransform_float_3_3
Parameters: 0.999998 -0.000829595 -0.00137545 0.000822408 0.999985 -0.00551314 0.00137955 0.00551186 0.999984 0.137797 0.274267 -0.202877
FixedParameters: 0 0 0

#Transform 132
Transform: AffineTransform_float_3_3
Parameters: 0.999999 -0.000920464 -0.00122316 0.000913537 0.999985 -0.00527412 0.00122784 0.00527388 0.999986 0.132094 0.299089 -0.191657
FixedParameters: 0 0 0

#Transform 133
Transform: AffineTransform_float_3_3
Parameters: 0.999999 -0.000828219 -0.00112746 0.000822779 0.999985 -0.00550494 0.00113255 0.00550407 0.999984 0.122457 0.284437 -0.194137
FixedParameters: 0 0 0

#Transform 134
Transform: AffineTransform_float_3_3
Parameters: 0.999999 -0.000989646 -0.00108287 0.000983353 0.999986 -0.00520207 0.00108813 0.00520093 0.999986 0.126037 0.278386 -0.184952
FixedParameters: 0 0 0

#Transform 135
Transform: AffineTransform_float_3_3
Parameters: 0.999999 -0.000829074 -0.00122825 0.000821927 0.999983 -0.00574902 0.00123274 0.00574798 0.999982 0.133687 0.313729 -0.196662
FixedParameters: 0 0 0

#Transform 136
Transform: AffineTransform_float_3_3
Parameters: 0.999999 -0.00094307 -0.000839451 0.000938933 0.999988 -0.00483479 0.000843549 0.00483421 0.999988 0.115369 0.262238 -0.186968
FixedParameters: 0 0 0

#Transform 137
Transform: AffineTransform_float_3_3
Parameters: 0.999999 -0.00074299 -0.00122679 0.000736007 0.999983 -0.00568991 0.00123121 0.00568809 0.999983 0.125678 0.306932 -0.196016
FixedParameters: 0 0 0

#Transform 138
Transform: AffineTransform_float_3_3
Parameters: 0.999998 -0.000533971 -0.00157365 0.000527027 0.99999 -0.00442684 0.00157635 0.00442616 0.999989 0.126254 0.234468 -0.201948
FixedParameters: 0 0 0

#Transform 139
Transform: AffineTransform_float_3_3
Parameters: 0.999999 -0.000401252 -0.00175291 0.000392749 0.999986 -0.00527469 0.0017551 0.0052743 0.999984 0.141519 0.289041 -0.210963
FixedParameters: 0 0 0

#Transform 140
Transform: AffineTransform_float_3_3
Parameters: 0.999999 -0.000828721 -0.00132983 0.000822282 0.999987 -0.0050471 0.00133317 0.0050459 0.999987 0.128415 0.250521 -0.219566
FixedParameters: 0 0 0

#Transform 141
Transform: AffineTransform_float_3_3
Parameters: 0.999999 -0.000829373 -0.00132943 0.000822629 0.999985 -0.0055371 0.00133357 0.0055359 0.999984 0.124672 0.297521 -0.213689
FixedParameters: 0 0 0

#Transform 142
Transform: AffineTransform_float_3_3
Parameters: 0.999999 -0.000829615 -0.00132928 0.000822387 0.999984 -0.0057191 0.00133372 0.0057179 0.999983 0.125489 0.290016 -0.220219
FixedParameters: 0 0 0

#Transform 143
Transform: AffineTransform_float_3_3
Parameters: 0.999999 -0.000829377 -0.00132943 0.000822625 0.999985 -0.0055401 0.00133358 0.0055389 0.999984 0.108323 0.263098 -0.197747
FixedParameters: 0 0 0

#Transform 144
Transform: AffineTransform_float_3_3
Parameters: 0.999999 -0.000494069 -0.000772412 0.000489933 0.999986 -0.00525938 0.000774587 0.00525962 0.999986 0.103385 0.289099 -0.210654
FixedParameters: 0 0 0

#Transform 145
Transform: AffineTransform_float_3_3
Parameters: 0.999999 -0.000829405 -0.00132941 0.000822597 0.999984 -0.0055611 0.00133359 0.0055599 0.999983 0.108302 0.272736 -0.186288
FixedParameters: 0 0 0

#Transform 146
Transform: AffineTransform_float_3_3
Parameters: 0.999999 -0.000829661 -0.00132925 0.00082234 0.999983 -0.0057541 0.00133375 0.0057529 0.999982 0.127351 0.304906 -0.216028
FixedParameters: 0 0 0

#Transform 147
Transform: AffineTransform_float_3_3
Parameters: 1 -0.000273223 -0.00109471 0.000267781 0.999988 -0.00476829 0.00109529 0.0047677 0.999988 0.0707215 0.238145 -0.19181
FixedParameters: 0 0 0

#Transform 148
Transform: AffineTransform_float_3_3
Parameters: 0.999999 -0.000273101 -0.000898465 0.000267901 0.999984 -0.00567325 0.000899534 0.00567276 0.999984 0.0387678 0.290266 -0.193751
FixedParameters: 0 0 0

#Transform 149
Transform: AffineTransform_float_3_3
Parameters: 1 -0.000485444 -0.000980323 0.000480552 0.999984 -0.00554647 0.000983681 0.00554552 0.999984 0.0709937 0.287756 -0.185029
FixedParameters: 0 0 0

#Transform 150
Transform: AffineTransform_float_3_3
Parameters: 0.999999 -0.000275512 -0.00131345 0.000267491 0.999983 -0.00571535 0.00131455 0.00571564 0.999983 0.0691153 0.289904 -0.215523
FixedParameters: 0 0 0

#Transform 151
Transform: AffineTransform_float_3_3
Parameters: 0.999999 -0.000276523 -0.00146842 0.000267479 0.999983 -0.0058014 0.00146958 0.0058006 0.999982 0.0571549 0.308109 -0.193726
FixedParameters: 0 0 0

#Transform 152
Transform: AffineTransform_float_3_3
Parameters: 0.999999 0.000200151 -0.00143926 -0.000208855 0.999981 -0.00615171 0.00143874 0.0061513 0.99998 0.0510181 0.310643 -0.197495
FixedParameters: 0 0 0

#Transform 153
Transform: AffineTransform_float_3_3
Parameters: 0.999998 0.000200187 -0.00159813 -0.000208811 0.999985 -0.00551567 0.00159687 0.00551632 0.999983 0.0560632 0.306019 -0.183596
FixedParameters: 0 0 0

#Transform 154
Transform: AffineTransform_float_3_3
Parameters: 0.999999 0.000200052 -0.00154818 -0.000208947 0.999984 -0.00578169 0.00154682 0.00578232 0.999982 0.056543 0.294097 -0.193723
FixedParameters: 0 0 0

#Transform 155
Transform: AffineTransform_float_3_3
Parameters: 0.999998 -0.000185553 -0.00159203 0.000176448 0.999985 -0.00537029 0.00159297 0.00537071 0.999985 0.0694463 0.297431 -0.176478
FixedParameters: 0 0 0

#Transform 156
Transform: AffineTransform_float_3_3
Parameters: 0.999998 -0.000188335 -0.00173291 0.000177664 0.999982 -0.00596232 0.00173409 0.00596168 0.99998 0.0752819 0.30336 -0.195592
FixedParameters: 0 0 0

#Transform 157
Transform: AffineTransform_float_3_3
Parameters: 0.999998 -0.000240556 -0.00173784 0.000231444 0.999988 -0.00492141 0.00173916 0.00492159 0.999987 0.0717343 0.271579 -0.184485
FixedParameters: 0 0 0

#Transform 158
Transform: AffineTransform_float_3_3
Parameters: 0.999998 -0.000219228 -0.00173774 0.000208769 0.999982 -0.00588437 0.00173926 0.00588363 0.999981 0.07759 0.32843 -0.194614
FixedParameters: 0 0 0

#Transform 159
Transform: AffineTransform_float_3_3
Parameters: 0.999998 -0.000299494 -0.00159142 0.000291507 0.999985 -0.00533547 0.00159258 0.00533453 0.999984 0.0727936 0.258942 -0.188974
FixedParameters: 0 0 0

#Transform 160
Transform: AffineTransform_float_3_3
Parameters: 0.999999 0.000429783 -0.00133734 -0.000437216 0.999986 -0.00540142 0.00133466 0.00540158 0.999984 0.0452483 0.300407 -0.216238
FixedParameters: 0 0 0

#Transform 161
Transform: AffineTransform_float_3_3
Parameters: 0.999999 0.000103229 -0.00133554 -0.000110768 0.999987 -0.00507086 0.00133446 0.00507114 0.999987 0.048788 0.273189 -0.21288
FixedParameters: 0 0 0

#Transform 162
Transform: AffineTransform_float_3_3
Parameters: 0.999999 0.000102569 -0.00133559 -0.000110428 0.999984 -0.00556485 0.00133441 0.00556514 0.999983 0.0686627 0.330111 -0.221456
FixedParameters: 0 0 0

#Transform 163
Transform: AffineTransform_float_3_3
Parameters: 0.999999 -0.000338516 -0.00133311 0.000330484 0.999984 -0.00563445 0.00133488 0.00563356 0.999983 0.0848571 0.275954 -0.214457
FixedParameters: 0 0 0

#Transform 164
Transform: AffineTransform_float_3_3
Parameters: 0.999999 -0.000331651 -0.00133312 0.00032435 0.999984 -0.00573544 0.00133488 0.00573456 0.999982 0.0860027 0.307159 -0.219772
FixedParameters: 0 0 0

#Transform 165
Transform: AffineTransform_float_3_3
Parameters: 0.999999 -0.000269077 -0.00133359 0.000261927 0.999986 -0.00530335 0.00133441 0.00530365 0.999985 0.0782579 0.275423 -0.215413
FixedParameters: 0 0 0

#Transform 166
Transform: AffineTransform_float_3_3
Parameters: 0.999999 0.0001004 -0.00151167 -0.000110602 0.99998 -0.00635184 0.00151133 0.00635216 0.999978 0.0775524 0.343679 -0.209301
FixedParameters: 0 0 0

#Transform 167
Transform: AffineTransform_float_3_3
Parameters: 0.999999 0.000102368 -0.00146056 -0.000110634 0.999987 -0.00522585 0.00146044 0.00522616 0.999986 0.0685668 0.256431 -0.208576
FixedParameters: 0 0 0

#Transform 168
Transform: AffineTransform_float_3_3
Parameters: 0.999999 0.000102219 -0.00133562 -0.000110777 0.999983 -0.00582686 0.00133438 0.00582714 0.999982 0.0578691 0.353349 -0.162898
FixedParameters: 0 0 0

#Transform 169
Transform: AffineTransform_float_3_3
Parameters: 0.999999 0.000102589 -0.00133559 -0.000110408 0.999984 -0.00554985 0.00133441 0.00555014 0.999983 0.0624854 0.240822 -0.182146
FixedParameters: 0 0 0

#Transform 170
Transform: AffineTransform_float_3_3
Parameters: 0.999999 0.000102487 -0.0013356 -0.000110509 0.999984 -0.00562586 0.0013344 0.00562614 0.999984 0.0668665 0.356975 -0.177875
FixedParameters: 0 0 0

#Transform 171
Transform: AffineTransform_float_3_3
Parameters: 0.999999 0.00010294 -0.00133556 -0.000110058 0.999986 -0.00528786 0.00133444 0.00528714 0.999985 0.0669315 0.270807 -0.179024
FixedParameters: 0 0 0

#Transform 172
Transform: AffineTransform_float_3_3
Parameters: 0.999999 -0.000288881 -0.00133332 0.000281122 0.999983 -0.00590638 0.00133468 0.00590662 0.999981 0.0791057 0.329498 -0.202813
FixedParameters: 0 0 0

#Transform 173
Transform: AffineTransform_float_3_3
Parameters: 0.999999 0.000103205 -0.00133554 -0.000110794 0.999987 -0.00508986 0.00133445 0.00508914 0.999986 0.0580906 0.26587 -0.196697
FixedParameters: 0 0 0

#Transform 174
Transform: AffineTransform_float_3_3
Parameters: 0.999999 0.000101281 -0.00145763 -0.000110721 0.999982 -0.00598285 0.00145736 0.00598315 0.999981 0.0733406 0.342827 -0.219868
FixedParameters: 0 0 0

#Transform 175
Transform: AffineTransform_float_3_3
Parameters: 0.999999 -0.000165922 -0.00131815 0.000159073 0.999986 -0.00525022 0.00131985 0.00524979 0.999986 0.0700963 0.251818 -0.185653
FixedParameters: 0 0 0

#Transform 176
Transform: AffineTransform_float_3_3
Parameters: 0.999998 -0.000180527 -0.00160095 0.000170474 0.999983 -0.00594828 0.00160204 0.00594872 0.999981 0.0920077 0.357939 -0.154763
FixedParameters: 0 0 0

#Transform 177
Transform: AffineTransform_float_3_3
Parameters: 0.999999 0.000100545 -0.00174957 -0.000110457 0.999986 -0.00540482 0.00174943 0.00540519 0.999984 0.0938467 0.258047 -0.157957
FixedParameters: 0 0 0

#Transform 178
Transform: AffineTransform_float_3_3
Parameters: 0.999999 -0.00031999 -0.00129105 0.00031201 0.999981 -0.00618441 0.00129295 0.00618359 0.99998 0.102479 0.354425 -0.164682
FixedParameters: 0 0 0

#Transform 179
Transform: AffineTransform_float_3_3
Parameters: 0.999999 -0.000266397 -0.0014715 0.000258599 0.999983 -0.00570438 0.0014735 0.00570361 0.999982 0.0888338 0.302355 -0.177925
FixedParameters: 0 0 0

#Transform 180
Transform: AffineTransform_float_3_3
Parameters: 0.999999 -0.000346653 -0.00152606 0.000337346 0.999984 -0.00566752 0.00152794 0.00566648 0.999983 0.0972368 0.36283 -0.14434
FixedParameters: 0 0 0

#Transform 181
Transform: AffineTransform_float_3_3
Parameters: 0.999999 -0.000296247 -0.00141951 0.000289755 0.999987 -0.00510342 0.0014205 0.00510258 0.999986 0.0874252 0.257792 -0.136402
FixedParameters: 0 0 0

#Transform 182
Transform: AffineTransform_float_3_3
Parameters: 0.999998 -0.000405456 -0.00163192 0.000396543 0.999986 -0.00517865 0.00163408 0.00517834 0.999986 0.115712 0.32093 -0.134087
FixedParameters: 0 0 0

#Transform 183
Transform: AffineTransform_float_3_3
Parameters: 0.999999 0.000102647 -0.00146853 -0.000110355 0.999988 -0.00500785 0.00146847 0.00500816 0.999987 0.0846995 0.246643 -0.130122
FixedParameters: 0 0 0

#Transform 184
Transform: AffineTransform_float_3_3
Parameters: 0.999998 -0.000207802 -0.00166481 0.000198202 0.999982 -0.00588634 0.0016652 0.00588566 0.999982 0.0942999 0.351174 -0.155804
FixedParameters: 0 0 0

#Transform 185
Transform: AffineTransform_float_3_3
Parameters: 0.999999 0.000102178 -0.00151755 -0.000110819 0.999986 -0.00515483 0.00151645 0.00515516 0.999985 0.0862522 0.281022 -0.148299
FixedParameters: 0 0 0

#Transform 186
Transform: AffineTransform_float_3_3
Parameters: 0.999999 -7.13754e-05 -0.00147462 6.36279e-05 0.999984 -0.0056791 0.00147438 0.0056789 0.999983 0.0867457 0.327883 -0.153712
FixedParameters: 0 0 0

#Transform 187
Transform: AffineTransform_float_3_3
Parameters: 0.999999 0.000101629 -0.00155857 -0.000110373 0.999985 -0.00537183 0.00155843 0.00537216 0.999985 0.0876032 0.266569 -0.150785
FixedParameters: 0 0 0

#Transform 188
Transform: AffineTransform_float_3_3
Parameters: 0.999999 -0.000389803 -0.00147496 0.000381201 0.999986 -0.00528757 0.00147604 0.00528643 0.999985 0.0956932 0.321291 -0.133371
FixedParameters: 0 0 0

#Transform 189
Transform: AffineTransform_float_3_3
