# transform file /out/sourcedata/freesurfer/sub-v1s13x0050057_ses-1/mri/transforms/cc_up.lta
# created by oesteban on Sun Mar  8 18:34:23 2026

type      = 0 # LINEAR_VOX_TO_VOX
nxforms   = 1
mean      = 128.0000 127.0000 111.0000
sigma     = 10000.0000
1 4 4
9.995312094688416e-01 -6.348616443574429e-03 -2.994737587869167e-02 4.749140739440918e+00 
6.345768459141254e-03 9.999797940254211e-01 -1.901282375911251e-04 1.922168540954590e+01 
2.994797937572002e-02 0.000000000000000e+00 9.995513558387756e-01 1.826901054382324e+01 
0.000000000000000e+00 0.000000000000000e+00 0.000000000000000e+00 1.000000000000000e+00 
src volume info
valid = 1  # volume info valid
filename = /out/sourcedata/freesurfer/sub-v1s13x0050057_ses-1/mri/norm.mgz
volume = 256 256 256
voxelsize = 1.000000000000000e+00 1.000000000000000e+00 1.000000000000000e+00
xras   = -9.999999403953552e-01 0.000000000000000e+00 0.000000000000000e+00
yras   = 0.000000000000000e+00 0.000000000000000e+00 -9.999999403953552e-01
zras   = 0.000000000000000e+00 9.999999403953552e-01 0.000000000000000e+00
cras   = 1.251388549804688e+00 1.050796508789062e+00 -2.074096679687500e+01
dst volume info
valid = 1  # volume info valid
filename = /out/sourcedata/freesurfer/sub-v1s13x0050057_ses-1/mri/norm.mgz
volume = 256 256 256
voxelsize = 1.000000000000000e+00 1.000000000000000e+00 1.000000000000000e+00
xras   = -9.999999403953552e-01 0.000000000000000e+00 0.000000000000000e+00
yras   = 0.000000000000000e+00 0.000000000000000e+00 -9.999999403953552e-01
zras   = 0.000000000000000e+00 9.999999403953552e-01 0.000000000000000e+00
cras   = 1.251388549804688e+00 1.050796508789062e+00 -2.074096679687500e+01
