#Insight Transform File V1.0
#Transform 0
Transform: AffineTransform_float_3_3
Parameters: 1 0 0 0 0.999998 0.00193 0 -0.00193 0.999998 0 0.0539839 0.0698115
FixedParameters: 0 0 0

#Transform 1
Transform: AffineTransform_float_3_3
Parameters: 1 0 0 0 0.999998 -0.002091 0 0.002091 0.999998 -0.04246 0.0242929 -0.0364232
FixedParameters: 0 0 0

#Transform 2
Transform: AffineTransform_float_3_3
Parameters: 1 0.000234357 -0.000227632 -0.000233642 0.999998 0.00156905 0.000228367 -0.00156895 0.999998 -0.0749609 -0.00560249 0.0653619
FixedParameters: 0 0 0

#Transform 3
Transform: AffineTransform_float_3_3
Parameters: 1 0.000161102 -0.000489966 -0.000161898 1 0.000208079 0.000490034 -0.000207921 1 -0.0684461 0.0575876 0.0356855
FixedParameters: 0 0 0

#Transform 4
Transform: AffineTransform_float_3_3
Parameters: 1 2.90911e-07 -0.000421 2.90911e-07 1 0.000691 0.000421 -0.000691 0.999999 -0.0718304 0.0325096 0.0802455
FixedParameters: 0 0 0

#Transform 5
Transform: AffineTransform_float_3_3
Parameters: 1 -1.4208e-08 -0.000296 -1.4208e-08 1 -4.8e-05 0.000296 4.8e-05 1 -0.061303 -0.0133629 -0.054795
FixedParameters: 0 0 0

#Transform 6
Transform: AffineTransform_float_3_3
Parameters: 1 -0.000249297 -0.000420824 0.000249703 0.999999 -0.000705105 0.000421176 0.000704895 0.999999 -0.0431831 0.023321 -0.0450339
FixedParameters: 0 0 0

#Transform 7
Transform: AffineTransform_float_3_3
Parameters: 1 -8.511e-05 9.39004e-05 8.48911e-05 1 0.00117101 -9.30995e-05 -0.00117099 1 -0.0272652 -0.0344177 0.00557403
FixedParameters: 0 0 0

#Transform 8
Transform: AffineTransform_float_3_3
Parameters: 1 -0.000208004 -0.000148994 0.000207996 1 -2.8031e-05 0.000149006 2.7969e-05 1 -0.0413949 0.00835576 -0.0395178
FixedParameters: 0 0 0

#Transform 9
Transform: AffineTransform_float_3_3
Parameters: 1 -0.000205872 0.000396066 0.000206128 1 -0.000322918 -0.000395933 0.000323081 1 -0.0242991 0.0126686 -0.0498566
FixedParameters: 0 0 0

#Transform 10
Transform: AffineTransform_float_3_3
Parameters: 1 -0.000401989 -1.72545e-05 0.000402011 0.999999 0.000632993 1.67455e-05 -0.000633006 1 -0.0147915 -0.0454792 -0.0789062
FixedParameters: 0 0 0

#Transform 11
Transform: AffineTransform_float_3_3
Parameters: 1 -0.000345982 -7.50816e-05 0.000346018 1 0.000235974 7.49183e-05 -0.000236026 1 -0.0267475 0.0366068 -0.0878397
FixedParameters: 0 0 0

#Transform 12
Transform: AffineTransform_float_3_3
Parameters: 1 -0.000549001 -4.85122e-06 0.000548998 1 -0.000271003 5.14878e-06 0.000270997 1 -0.0188257 -0.037851 -0.0601492
FixedParameters: 0 0 0

#Transform 13
Transform: AffineTransform_float_3_3
Parameters: 1 -0.000549025 -6.37837e-05 0.000548975 1 -0.000394035 6.42163e-05 0.000393965 1 -0.0242377 -0.00126244 -0.0843347
FixedParameters: 0 0 0

#Transform 14
Transform: AffineTransform_float_3_3
Parameters: 1 -0.000549016 -4.07859e-05 0.000548984 1 -0.000390022 4.12141e-05 0.000389977 1 -0.0327156 -0.0012233 -0.0796282
FixedParameters: 0 0 0

#Transform 15
Transform: AffineTransform_float_3_3
Parameters: 1 -0.000548753 -0.000192706 0.000549248 0.999999 0.00128689 0.000192294 -0.00128611 0.999999 -0.0215645 -0.0249714 -0.00201259
FixedParameters: 0 0 0

#Transform 16
Transform: AffineTransform_float_3_3
Parameters: 1 -0.000549201 -0.000368701 0.000548799 0.999999 -0.000544202 0.000369299 0.000544797 1 -0.016714 0.0266298 -0.06248
FixedParameters: 0 0 0

#Transform 17
Transform: AffineTransform_float_3_3
Parameters: 1 -0.000548578 -0.00042155 0.000549422 1 0.00100177 0.00042045 -0.00100223 1 -0.0283255 -0.0111725 -0.0270545
FixedParameters: 0 0 0

#Transform 18
Transform: AffineTransform_float_3_3
Parameters: 1 -0.000548944 -0.000282109 0.000549056 1 0.000197845 0.000281891 -0.000198155 1 -0.0244872 0.0211667 -0.0857687
FixedParameters: 0 0 0

#Transform 19
Transform: AffineTransform_float_3_3
Parameters: 1 -0.000485 8.72445e-07 0.000485 1 0.000263 -1.12755e-06 -0.000262999 1 -0.0295319 0.0260661 -0.0406275
FixedParameters: 0 0 0

#Transform 20
Transform: AffineTransform_float_3_3
Parameters: 1 -0.000480745 -0.000421291 0.000481254 0.999999 0.000604797 0.000420709 -0.000605202 0.999999 -0.0353941 -0.0245351 -0.0395566
FixedParameters: 0 0 0

#Transform 21
Transform: AffineTransform_float_3_3
Parameters: 1 -0.000548995 4.00675e-05 0.000549005 1 -0.000122978 -3.99325e-05 0.000123022 1 -0.0205701 0.0631595 -0.0661752
FixedParameters: 0 0 0

#Transform 22
Transform: AffineTransform_float_3_3
Parameters: 1 -0.000382993 -1.02547e-05 0.000383006 0.999999 0.000664996 9.7453e-06 -0.000665003 1 -0.0213434 -0.0067717 -0.0494382
FixedParameters: 0 0 0

#Transform 23
Transform: AffineTransform_float_3_3
Parameters: 1 -0.000548979 -0.00016507 0.000549021 1 0.000126909 0.00016493 -0.000127091 1 -0.0229127 0.0130659 -0.0778504
FixedParameters: 0 0 0

#Transform 24
Transform: AffineTransform_float_3_3
Parameters: 1 -0.000548964 0.000177112 0.000549036 1 -0.000203903 -0.000176888 0.000204097 1 -0.0380599 0.0380608 -0.0482593
FixedParameters: 0 0 0

#Transform 25
Transform: AffineTransform_float_3_3
Parameters: 1 -0.000548809 -0.000421248 0.00054919 0.999999 0.000451769 0.000420752 -0.000452231 1 -0.0383955 -0.0321931 -0.068311
FixedParameters: 0 0 0

#Transform 26
Transform: AffineTransform_float_3_3
Parameters: 1 -0.000548995 5.50472e-05 0.000549005 1 -8.59698e-05 -5.49528e-05 8.60302e-05 1 -0.0254233 0.0588505 -0.0656324
FixedParameters: 0 0 0

#Transform 27
Transform: AffineTransform_float_3_3
Parameters: 1 -0.000548897 -0.000421133 0.000549102 1 0.000242769 0.000420866 -0.000243231 1 -0.0401403 -0.00550246 -0.0110326
FixedParameters: 0 0 0

#Transform 28
Transform: AffineTransform_float_3_3
Parameters: 1 -0.000548903 -0.000421126 0.000549097 1 0.000229769 0.000420874 -0.000230231 1 -0.0263926 0.00862042 -0.0476585
FixedParameters: 0 0 0

#Transform 29
Transform: AffineTransform_float_3_3
Parameters: 1 -0.000548999 0.000247001 0.000549 1 -1.8644e-06 -0.000246999 2.1356e-06 1 -0.0216235 0.0313713 -0.0735037
FixedParameters: 0 0 0

#Transform 30
Transform: AffineTransform_float_3_3
Parameters: 1 -0.000548377 -0.000421811 0.000548623 0.999999 0.00147777 0.000421189 -0.00147823 0.999999 -0.018123 -0.0024814 -0.00624654
FixedParameters: 0 0 0

#Transform 31
Transform: AffineTransform_float_3_3
Parameters: 1 -0.000549012 -3.2804e-05 0.000548988 1 -0.000357018 3.3196e-05 0.000356982 1 -0.0167261 0.0265561 -0.0629037
FixedParameters: 0 0 0

#Transform 32
Transform: AffineTransform_float_3_3
Parameters: 1 -0.000549012 3.07804e-05 0.000548987 1 0.000400017 -3.12196e-05 -0.000399983 1 -0.0160084 0.0107577 -0.0120588
FixedParameters: 0 0 0

#Transform 33
Transform: AffineTransform_float_3_3
Parameters: 1 -0.000461932 -5.95299e-05 0.000462067 0.999999 0.00114697 5.84701e-05 -0.00114703 1 -0.0112008 0.00618639 -0.0137462
FixedParameters: 0 0 0

#Transform 34
Transform: AffineTransform_float_3_3
Parameters: 1 -0.000548952 0.000125207 0.000549047 1 -0.000377931 -0.000124792 0.000378068 1 -0.0170475 0.0262584 -0.0722185
FixedParameters: 0 0 0

#Transform 35
Transform: AffineTransform_float_3_3
Parameters: 1 -0.000549034 2.62956e-05 0.000548966 0.999999 0.00128301 -2.67043e-05 -0.00128299 0.999999 -0.0050752 -0.0170086 -0.0155153
FixedParameters: 0 0 0

#Transform 36
Transform: AffineTransform_float_3_3
Parameters: 1 -0.000549047 0.000135808 0.000548952 1 0.000350075 -0.000136192 -0.000349925 1 -0.00362884 0.0139998 -0.0626507
FixedParameters: 0 0 0

#Transform 37
Transform: AffineTransform_float_3_3
Parameters: 0.999999 -0.000548676 0.000468379 0.000549323 0.999999 -0.000690742 -0.00046762 0.000691256 0.999999 -0.00544177 0.00365713 -0.0321742
FixedParameters: 0 0 0

#Transform 38
Transform: AffineTransform_float_3_3
Parameters: 1 -0.000549147 0.000118318 0.000548852 0.999999 0.00124207 -0.000119682 -0.00124293 0.999999 0.00491706 -0.0111995 -0.000939614
FixedParameters: 0 0 0

#Transform 39
Transform: AffineTransform_float_3_3
Parameters: 1 -0.000548886 0.000204305 0.000549113 0.999999 -0.000554888 -0.000203695 0.000555112 1 -0.00267638 0.017475 -0.0662888
FixedParameters: 0 0 0

#Transform 40
Transform: AffineTransform_float_3_3
Parameters: 1 -0.000428003 0.000203994 0.000427997 1 1.40873e-05 -0.000204006 -1.39127e-05 1 -0.00600832 -0.0372444 -0.0505693
FixedParameters: 0 0 0

#Transform 41
Transform: AffineTransform_float_3_3
Parameters: 1 -0.00039322 0.000203575 0.000392779 1 0.00108108 -0.000204425 -0.00108092 1 0.00276272 -0.00428833 -0.0252949
FixedParameters: 0 0 0

#Transform 42
Transform: AffineTransform_float_3_3
Parameters: 1 -0.000549053 0.000203856 0.000548946 1 0.000263112 -0.000204144 -0.000262888 1 -0.00268746 0.045979 -0.0439313
FixedParameters: 0 0 0

#Transform 43
Transform: AffineTransform_float_3_3
Parameters: 1 -0.00054922 0.000203408 0.000548781 1 0.00107911 -0.000203592 -0.00107889 1 0.0122004 -0.00607357 0.0164821
FixedParameters: 0 0 0

#Transform 44
Transform: AffineTransform_float_3_3
Parameters: 1 -0.000549029 0.000144889 0.00054897 1 0.00020308 -0.000145111 -0.00020292 1 -0.00348384 0.0209768 -0.0490175
FixedParameters: 0 0 0

#Transform 45
Transform: AffineTransform_float_3_3
Parameters: 1 -0.000549184 0.00024559 0.000548816 0.999999 0.000747134 -0.00024641 -0.000747864 0.999999 -0.00210285 0.0204083 -0.0122012
FixedParameters: 0 0 0

#Transform 46
Transform: AffineTransform_float_3_3
Parameters: 1 -0.000419435 0.000245258 0.000419566 0.999999 0.0017691 -0.000245743 -0.0017689 0.999999 -0.00570054 0.0161135 0.00672102
FixedParameters: 0 0 0

#Transform 47
Transform: AffineTransform_float_3_3
Parameters: 1 -0.000549078 0.000245826 0.000548922 1 0.000317135 -0.000246174 -0.000316865 1 -0.0021209 0.0603192 -0.0289977
FixedParameters: 0 0 0

#Transform 48
Transform: AffineTransform_float_3_3
Parameters: 1 -0.000549014 0.000245969 0.000548986 1 5.6135e-05 -0.000246031 -5.68649e-05 1 -0.00206431 -0.0143797 0.0343267
FixedParameters: 0 0 0

#Transform 49
Transform: AffineTransform_float_3_3
Parameters: 1 -0.000548991 0.00024602 0.000549009 1 -3.68649e-05 -0.00024598 3.7135e-05 1 0.00262661 -0.010013 -0.045679
FixedParameters: 0 0 0

#Transform 50
Transform: AffineTransform_float_3_3
Parameters: 1 -0.000548861 0.00033223 0.00054914 1 -0.000419817 -0.00033277 0.000419183 1 -0.00399789 0.0197288 -0.0741322
FixedParameters: 0 0 0

#Transform 51
Transform: AffineTransform_float_3_3
Parameters: 1 -0.000549336 0.000245248 0.000548664 0.999999 0.00137013 -0.000245752 -0.00136987 0.999999 -0.0020801 -0.0163041 0.00243999
FixedParameters: 0 0 0

#Transform 52
Transform: AffineTransform_float_3_3
Parameters: 1 -0.00054895 0.000100272 0.000549049 0.999999 -0.000495945 -9.97276e-05 0.000496055 1 -0.00671562 0.0490895 -0.0537275
FixedParameters: 0 0 0

#Transform 53
Transform: AffineTransform_float_3_3
Parameters: 1 -0.000549172 0.000245615 0.000548827 0.999999 0.000701134 -0.000246385 -0.000700864 0.999999 -0.00206975 -0.0202708 -0.000943375
FixedParameters: 0 0 0

#Transform 54
Transform: AffineTransform_float_3_3
Parameters: 1 -0.000341009 0.000174983 0.000340991 1 5.00597e-05 -0.000175017 -4.99403e-05 1 -0.0088165 0.00492903 -0.0700843
FixedParameters: 0 0 0

#Transform 55
Transform: AffineTransform_float_3_3
Parameters: 1 -0.000244908 0.000246091 0.000244092 1 -0.00037294 -0.000245909 0.00037306 1 -0.0104608 0.00631715 -0.0529538
FixedParameters: 0 0 0

#Transform 56
Transform: AffineTransform_float_3_3
Parameters: 1 -0.000548397 -0.000341968 0.000549603 0.999999 0.00176481 0.00034103 -0.00176519 0.999999 0.00376628 0.00658142 0.0392596
FixedParameters: 0 0 0

#Transform 57
Transform: AffineTransform_float_3_3
Parameters: 1 -0.000549057 -7.15624e-05 0.000548943 0.999999 -0.000797039 7.14375e-05 0.00079696 0.999999 -0.00643946 0.0358708 -0.0407963
FixedParameters: 0 0 0

#Transform 58
Transform: AffineTransform_float_3_3
Parameters: 1 -0.000549149 0.00012334 0.000548852 0.999999 0.00120207 -0.00012366 -0.00120193 1 -0.00372439 -0.0056638 0.0323861
FixedParameters: 0 0 0

#Transform 59
Transform: AffineTransform_float_3_3
Parameters: 1 -0.000393006 3.59285e-05 0.000392993 1 0.000182014 -3.60715e-05 -0.000181986 1 -0.0092518 0.0236443 -0.0626647
FixedParameters: 0 0 0

#Transform 60
Transform: AffineTransform_float_3_3
Parameters: 1 -0.000549028 0.000238936 0.000548972 1 0.000117131 -0.000239064 -0.000116869 1 -0.00217682 0.0281707 -0.0387834
FixedParameters: 0 0 0

#Transform 61
Transform: AffineTransform_float_3_3
Parameters: 1 -0.000548547 -0.000341728 0.000549452 0.999999 0.00132681 0.000340271 -0.00132719 0.999999 -0.00650305 0.00170466 0.0275523
FixedParameters: 0 0 0

#Transform 62
Transform: AffineTransform_float_3_3
Parameters: 0.999999 -0.000548804 0.000458235 0.000549196 1 -0.000427748 -0.000457765 0.000428251 1 0.000773763 0.0442754 -0.0421883
FixedParameters: 0 0 0

#Transform 63
Transform: AffineTransform_float_3_3
Parameters: 1 -0.000245042 5.58143e-05 0.000244957 0.999999 0.000758013 -5.61857e-05 -0.000757986 0.999999 -0.0131057 0.0361053 -0.0244264
FixedParameters: 0 0 0

#Transform 64
Transform: AffineTransform_float_3_3
Parameters: 1 -0.000549064 0.000134739 0.000548936 0.999999 0.000475074 -0.000135261 -0.000474926 1 -0.00356165 -0.00290543 -0.0601655
FixedParameters: 0 0 0

#Transform 65
Transform: AffineTransform_float_3_3
Parameters: 1 -0.000549004 0.000260991 0.000548996 1 1.61433e-05 -0.000261009 -1.58567e-05 1 -0.00191615 0.058806 -0.0520234
FixedParameters: 0 0 0

#Transform 66
Transform: AffineTransform_float_3_3
Parameters: 1 -0.000549482 0.000270021 0.000549518 0.999999 0.00178315 -0.00027098 -0.00178285 0.999999 0.00454489 -0.0142975 0.0421354
FixedParameters: 0 0 0

#Transform 67
Transform: AffineTransform_float_3_3
Parameters: 0.999999 -0.000549538 0.000482387 0.000549462 0.999999 0.00111527 -0.000482613 -0.00111474 1 0.00112083 0.038943 -0.00921358
FixedParameters: 0 0 0

#Transform 68
Transform: AffineTransform_float_3_3
Parameters: 0.999999 -0.000549461 0.00109977 0.00054954 1 0.000418605 -0.00110023 -0.000418396 1 -0.00187196 0.031082 -0.000319638
FixedParameters: 0 0 0

#Transform 69
Transform: AffineTransform_float_3_3
Parameters: 1 -0.000549446 0.000353307 0.000549554 0.999999 0.00126119 -0.000353693 -0.00126081 0.999999 -0.01728 -0.000170422 0.0101586
FixedParameters: 0 0 0

#Transform 70
Transform: AffineTransform_float_3_3
Parameters: 1 -0.000548922 0.000384111 0.000549078 1 -0.000202789 -0.000383888 0.000203211 1 -0.0088419 0.0561916 -0.0498034
FixedParameters: 0 0 0

#Transform 71
Transform: AffineTransform_float_3_3
Parameters: 0.999999 -0.000549084 0.00065993 0.000548916 1 0.000127362 -0.00066007 -0.000127638 1 -0.0223473 -0.0054501 0.0381661
FixedParameters: 0 0 0

#Transform 72
Transform: AffineTransform_float_3_3
Parameters: 0.999997 0.000177284 0.00212556 -0.000171716 0.999997 -0.00248637 -0.00212543 0.00248563 0.999994 -0.0744686 -0.0651951 -0.118514
FixedParameters: 0 0 0

#Transform 73
Transform: AffineTransform_float_3_3
Parameters: 1 -0.0004293 0.000832878 0.000430698 0.999998 -0.00204164 -0.000831122 0.00204236 0.999997 -0.047451 0.0302792 -0.087542
FixedParameters: 0 0 0

#Transform 74
Transform: AffineTransform_float_3_3
Parameters: 0.999998 -0.00138172 0.000910427 0.00138228 0.999999 -0.000308742 -0.000909571 0.000310257 0.999999 -0.000952624 -0.00634802 -0.0290565
FixedParameters: 0 0 0

#Transform 75
Transform: AffineTransform_float_3_3
Parameters: 1 -0.00116176 0.000218256 0.00116124 0.999998 -0.00108075 -0.000217746 0.00108025 1 -0.0226089 -0.0173571 -0.0603144
FixedParameters: 0 0 0

#Transform 76
Transform: AffineTransform_float_3_3
Parameters: 0.999999 -0.00138154 0.000219918 0.00138246 0.999997 -0.0021117 -0.000217082 0.0021113 0.999997 -0.0132428 0.0370801 -0.0206011
FixedParameters: 0 0 0

#Transform 77
Transform: AffineTransform_float_3_3
Parameters: 1 -0.00107374 0.000218296 0.00107426 0.999998 -0.00120677 -0.000217704 0.00120723 0.999999 -0.0252227 -0.0743634 -0.0121899
FixedParameters: 0 0 0

#Transform 78
Transform: AffineTransform_float_3_3
Parameters: 1 -0.000675827 0.000161723 0.000676172 0.999999 -0.00106889 -0.000160277 0.00106911 1 -0.0304632 -0.0406863 -0.0463399
FixedParameters: 0 0 0

#Transform 79
Transform: AffineTransform_float_3_3
Parameters: 1 -0.00110342 0.000322981 0.00110458 0.999998 -0.00179464 -0.000321018 0.00179536 0.999999 -0.0357344 0.0037314 -0.0355867
FixedParameters: 0 0 0

#Transform 80
Transform: AffineTransform_float_3_3
Parameters: 0.999999 -0.000786096 0.000203628 0.000785903 0.999999 0.00047316 -0.000204372 -0.000472839 1 -0.0566827 -0.0167996 0.077811
FixedParameters: 0 0 0

#Transform 81
Transform: AffineTransform_float_3_3
Parameters: 0.999999 9.52527e-05 0.000821087 -9.5747e-05 0.999999 0.000909922 -0.000820913 -0.000910078 0.999999 -0.0906153 0.0209625 0.0234394
FixedParameters: 0 0 0

#Transform 82
Transform: AffineTransform_float_3_3
Parameters: 1 -0.00023844 0.000533251 0.00023956 1 -0.00105087 -0.000532749 0.00105113 1 -0.0851944 0.0512911 -0.0606928
FixedParameters: 0 0 0

#Transform 83
Transform: AffineTransform_float_3_3
Parameters: 1 -0.000747535 0.000934572 0.000746464 0.999999 0.000573698 -0.000935428 -0.000572301 1 -0.0400173 -0.0016345 0.0317521
FixedParameters: 0 0 0

#Transform 84
Transform: AffineTransform_float_3_3
Parameters: 0.999999 -0.000746846 0.000616185 0.000746153 0.999999 -0.00024854 -0.000615814 0.00024846 1 -0.0414613 0.0129245 -0.038844
FixedParameters: 0 0 0

#Transform 85
Transform: AffineTransform_float_3_3
Parameters: 0.999999 -0.000747062 0.000615924 0.000746937 0.999999 0.00010146 -0.000616075 -0.00010054 1 -0.0522553 0.0571541 0.0553557
FixedParameters: 0 0 0

#Transform 86
Transform: AffineTransform_float_3_3
Parameters: 0.999999 -0.000747179 0.000165193 0.00074682 0.999999 0.00108012 -0.000166807 -0.00107988 1 -0.0440189 0.0110944 0.0294629
FixedParameters: 0 0 0

#Transform 87
Transform: AffineTransform_float_3_3
Parameters: 0.999999 -0.000746999 -2.15239e-06 0.000747 0.999999 0.000203998 1.84761e-06 -0.000204001 1 -0.0687666 0.0877304 0.0621578
FixedParameters: 0 0 0

#Transform 88
Transform: AffineTransform_float_3_3
Parameters: 0.999999 -0.000683144 0.000285655 0.000682855 0.999999 0.000505195 -0.000286345 -0.000504804 1 -0.0458324 0.0166531 0.0625363
FixedParameters: 0 0 0

#Transform 89
Transform: AffineTransform_float_3_3
Parameters: 0.999999 -0.000747298 0.000615636 0.0007467 0.999999 0.00048646 -0.000615362 -0.00048554 0.999999 -0.0322411 0.0295229 -0.0216517
FixedParameters: 0 0 0

#Transform 90
Transform: AffineTransform_float_3_3
Parameters: 0.999999 -0.000747296 0.000411463 0.000746705 1 0.000718308 -0.000411537 -0.000718693 0.999999 -0.0437451 0.0500392 0.0488251
FixedParameters: 0 0 0

#Transform 91
Transform: AffineTransform_float_3_3
Parameters: 0.999999 -0.000895357 0.00025776 0.000894642 0.999998 0.00138523 -0.000258239 -0.00138477 0.999999 -0.0329674 -0.00220619 0.0290222
FixedParameters: 0 0 0

#Transform 92
Transform: AffineTransform_float_3_3
Parameters: 1 -0.00098576 0.000616385 0.000986241 1 -0.000390392 -0.000615614 0.000391607 0.999999 -0.0363444 0.066213 -0.0439307
FixedParameters: 0 0 0

#Transform 93
Transform: AffineTransform_float_3_3
Parameters: 0.999999 -0.000942236 0.000270176 0.000941763 0.999999 0.000874255 -0.000270823 -0.000873745 0.999999 -0.0511788 -0.00704974 0.0401871
FixedParameters: 0 0 0

#Transform 94
Transform: AffineTransform_float_3_3
Parameters: 1 -0.000984513 0.000616779 0.000985488 0.999999 -0.000790393 -0.000616222 0.000790608 1 -0.0289062 -0.0182233 -0.0479815
FixedParameters: 0 0 0

#Transform 95
Transform: AffineTransform_float_3_3
Parameters: 0.999999 -0.000878883 0.000280364 0.000879116 0.999999 -0.000414753 -0.000280635 0.000415247 1 -0.0457667 0.0151595 -0.0419044
FixedParameters: 0 0 0

#Transform 96
Transform: AffineTransform_float_3_3
Parameters: 0.999999 -0.00093887 -0.000290422 0.00093913 1 0.000449728 0.000289578 -0.000449272 1 -0.0469579 -0.0165785 -0.0547723
FixedParameters: 0 0 0

#Transform 97
Transform: AffineTransform_float_3_3
Parameters: 0.999999 -0.00123495 0.00010559 0.00123505 0.999999 -0.00047787 -0.000105411 0.000477131 1 -0.0366946 0.0372385 -0.0772951
FixedParameters: 0 0 0

#Transform 98
Transform: AffineTransform_float_3_3
Parameters: 0.999999 -0.000934045 0.00010159 0.000933955 1 0.000439095 -0.00010241 -0.000438905 1 -0.0410627 -0.013722 -0.0467076
FixedParameters: 0 0 0

#Transform 99
Transform: AffineTransform_float_3_3
Parameters: 0.999999 -0.00123495 -0.00029021 0.00123505 0.999999 0.000169642 0.00028979 -0.000170358 1 -0.0309589 0.0127569 -0.0280797
FixedParameters: 0 0 0

#Transform 100
Transform: AffineTransform_float_3_3
Parameters: 1 -0.00101388 0.000360353 0.00101413 1 -0.000347635 -0.000359647 0.000348365 1 -0.0437324 0.0322716 -0.0439746
FixedParameters: 0 0 0

#Transform 101
Transform: AffineTransform_float_3_3
Parameters: 0.999999 -0.000903013 1.6311e-05 0.000902987 1 0.000763015 -1.6689e-05 -0.000762985 0.999999 -0.0359662 -0.012704 -0.0319186
FixedParameters: 0 0 0

#Transform 102
Transform: AffineTransform_float_3_3
Parameters: 0.999999 -0.000978921 0.000169454 0.000979079 1 -0.000463834 -0.000169546 0.000464166 1 -0.0319164 0.0466166 -0.0498193
FixedParameters: 0 0 0

#Transform 103
Transform: AffineTransform_float_3_3
Parameters: 1 -0.00103004 0.0001237 0.00102997 1 0.000291128 -0.0001233 -0.000290873 1 -0.0309628 -0.0159653 -0.0296574
FixedParameters: 0 0 0

#Transform 104
Transform: AffineTransform_float_3_3
Parameters: 0.999999 -0.000900965 0.000112274 0.000901033 0.999999 -0.000303899 -0.000111726 0.000304101 1 -0.034826 0.0110131 -0.0843983
FixedParameters: 0 0 0

#Transform 105
Transform: AffineTransform_float_3_3
Parameters: 0.999999 -0.00079216 0.000616793 0.000791838 0.999999 0.000261488 -0.000617206 -0.000260511 1 -0.0310835 0.0396689 -0.013625
FixedParameters: 0 0 0

#Transform 106
Transform: AffineTransform_float_3_3
Parameters: 0.999999 -0.000921541 -0.000291455 0.000921458 0.999999 0.00157873 0.000289545 -0.00157927 0.999998 -0.0396686 0.00590456 0.0420019
FixedParameters: 0 0 0

#Transform 107
Transform: AffineTransform_float_3_3
Parameters: 1 -0.000927645 0.000552598 0.000928357 1 -0.000644487 -0.000552402 0.000644513 0.999999 -0.0280921 0.0466259 -0.038815
FixedParameters: 0 0 0

#Transform 108
Transform: AffineTransform_float_3_3
Parameters: 1 -0.00109235 0.000308778 0.00109265 0.999999 0.00111934 -0.000309224 -0.00111966 1 -0.0297252 0.00694108 -0.0178914
FixedParameters: 0 0 0

#Transform 109
Transform: AffineTransform_float_3_3
Parameters: 1 -0.000989477 0.000294404 0.000988524 0.999998 0.00161329 -0.000296596 -0.00161371 0.999998 -0.0298064 0.0202159 -4.7195e-05
FixedParameters: 0 0 0

#Transform 110
Transform: AffineTransform_float_3_3
Parameters: 1 -0.000956034 0.000691953 0.000955966 0.999999 4.96615e-05 -0.000692048 -4.93384e-05 1 -0.0254229 0.0590158 -0.019863
FixedParameters: 0 0 0

#Transform 111
Transform: AffineTransform_float_3_3
Parameters: 0.999999 -0.000848402 0.000304883 0.000848597 0.999999 0.00131726 -0.000306118 -0.00131674 0.999999 -0.017632 0.00481477 0.0409861
FixedParameters: 0 0 0

#Transform 112
Transform: AffineTransform_float_3_3
Parameters: 1 -0.00109199 0.00023504 0.00109201 1 -3.67434e-05 -0.000234961 3.62566e-05 1 -0.0147063 0.0320382 -0.0531268
FixedParameters: 0 0 0

#Transform 113
Transform: AffineTransform_float_3_3
Parameters: 0.999999 -0.000781108 0.000344754 0.000780891 0.999999 0.000315269 -0.000345246 -0.00031473 1 -0.018498 0.0300734 -0.0119033
FixedParameters: 0 0 0

#Transform 114
Transform: AffineTransform_float_3_3
Parameters: 0.999999 -0.000795207 0.000144863 0.000794791 0.999998 0.00143012 -0.000146137 -0.00142988 0.999999 -0.0165646 0.015869 0.0419499
FixedParameters: 0 0 0

#Transform 115
Transform: AffineTransform_float_3_3
Parameters: 0.999999 -0.00092677 0.0003556 0.00092723 1 -0.000647671 -0.000355399 0.00064833 0.999999 -0.0161012 0.0603875 -0.00459996
FixedParameters: 0 0 0

#Transform 116
Transform: AffineTransform_float_3_3
Parameters: 0.999999 -0.000864914 -7.105e-05 0.000865085 0.999999 0.00121394 6.99498e-05 -0.00121406 1 -0.0264773 0.00426748 0.0462706
FixedParameters: 0 0 0

#Transform 117
Transform: AffineTransform_float_3_3
Parameters: 0.999999 -0.000623934 0.000680143 0.000623065 0.999999 0.00137342 -0.000680856 -0.00137258 0.999999 -0.0486994 0.0271392 0.000999697
FixedParameters: 0 0 0

#Transform 118
Transform: AffineTransform_float_3_3
Parameters: 0.999998 -0.00109236 0.00115566 0.00109264 1 0.000315263 -0.00115534 -0.000314739 1 -0.0538747 0.0741619 0.0546397
FixedParameters: 0 0 0

#Transform 119
Transform: AffineTransform_float_3_3
Parameters: 0.999999 -0.00109259 0.000735128 0.00109241 0.999999 0.000798804 -0.000735872 -0.000797197 1 -0.0468153 -0.00886534 0.077422
FixedParameters: 0 0 0

#Transform 120
Transform: AffineTransform_float_3_3
Parameters: 0.999999 -0.00109161 0.000752559 0.00109239 1 -0.000512178 -0.000752439 0.000513822 0.999999 -0.0534203 0.0594033 0.0235085
FixedParameters: 0 0 0

#Transform 121
Transform: AffineTransform_float_3_3
Parameters: 0.999999 -0.00109268 0.000679911 0.00109232 0.999999 0.000997744 -0.00068109 -0.000997257 1 -0.0421709 0.0304602 0.0988354
FixedParameters: 0 0 0

#Transform 122
Transform: AffineTransform_float_3_3
Parameters: 1 -0.000927437 0.000680404 0.000927564 1 0.000642631 -0.000680595 -0.000641369 0.999999 -0.040144 0.0402524 0.0718979
FixedParameters: 0 0 0

#Transform 123
Transform: AffineTransform_float_3_3
Parameters: 1 -0.000980099 0.000680857 0.0009799 0.999999 0.000146667 -0.000681143 -0.000145332 1 -0.0458451 0.049186 0.0773209
FixedParameters: 0 0 0

#Transform 124
Transform: AffineTransform_float_3_3
Parameters: 1 -0.000886887 0.000679845 0.000886113 0.999999 0.0013036 -0.000681156 -0.0013034 0.999999 -0.0349124 0.0157642 0.0638679
FixedParameters: 0 0 0

#Transform 125
Transform: AffineTransform_float_3_3
Parameters: 0.999999 -0.0010923 0.000692527 0.0010927 1 0.000433757 -0.000693474 -0.000433243 0.999999 -0.0335439 0.0773839 0.065943
FixedParameters: 0 0 0

#Transform 126
Transform: AffineTransform_float_3_3
Parameters: 0.999999 -0.00109266 0.00068495 0.00109234 0.999999 0.000961749 -0.00068605 -0.000960251 1 -0.0335597 0.0149908 0.0805266
FixedParameters: 0 0 0

#Transform 127
Transform: AffineTransform_float_3_3
Parameters: 0.999998 -0.00126925 0.00116973 0.00126875 0.999999 0.000214485 -0.00117027 -0.000212515 1 -0.0391149 0.015243 0.0452585
FixedParameters: 0 0 0

#Transform 128
Transform: AffineTransform_float_3_3
Parameters: 0.999999 -0.00109218 0.000685716 0.00109282 1 0.00026075 -0.000685285 -0.000260252 0.999999 -0.0505082 0.0337904 0.0791189
FixedParameters: 0 0 0

#Transform 129
Transform: AffineTransform_float_3_3
Parameters: 0.999999 -0.0010926 0.000685046 0.0010924 0.999999 0.000873749 -0.000685955 -0.000873252 1 -0.0397887 -0.00589601 0.0705861
FixedParameters: 0 0 0

#Transform 130
Transform: AffineTransform_float_3_3
Parameters: 0.999999 -0.0010452 0.000685692 0.0010448 1 0.000294717 -0.000685308 -0.000294284 0.999999 -0.0552782 0.0646082 0.0619573
FixedParameters: 0 0 0

#Transform 131
Transform: AffineTransform_float_3_3
Parameters: 0.999999 -0.00125545 0.000685171 0.00125555 0.999999 0.000660861 -0.000685829 -0.000660139 0.999999 -0.0370093 0.0166792 0.0884555
FixedParameters: 0 0 0

#Transform 132
Transform: AffineTransform_float_3_3
Parameters: 0.999999 -0.00114923 0.000685624 0.00114878 1 0.000327788 -0.000685376 -0.000327213 0.999999 -0.0387772 0.0410209 0.0627923
FixedParameters: 0 0 0

#Transform 133
Transform: AffineTransform_float_3_3
Parameters: 1 -0.000827178 0.000685785 0.000826821 0.999999 0.000260567 -0.000686215 -0.000259432 0.999999 -0.0578253 0.0422066 0.0839433
FixedParameters: 0 0 0

#Transform 134
Transform: AffineTransform_float_3_3
Parameters: 1 -0.000887089 0.000684591 0.000885912 0.999999 0.00158961 -0.000685408 -0.00158839 0.999998 -0.0431615 0.0151413 0.111346
FixedParameters: 0 0 0

#Transform 135
Transform: AffineTransform_float_3_3
Parameters: 0.999999 -0.00106211 0.000685837 0.0010619 1 0.000153728 -0.000686162 -0.000152271 1 -0.0513513 0.0747769 0.0709696
FixedParameters: 0 0 0

#Transform 136
Transform: AffineTransform_float_3_3
Parameters: 1 -0.0008251 0.000651874 0.0008249 0.999999 0.000153538 -0.000652126 -0.000152462 1 -0.0419817 0.0103389 0.0945606
FixedParameters: 0 0 0

#Transform 137
Transform: AffineTransform_float_3_3
Parameters: 1 -0.000974582 0.000694185 0.000973419 0.999999 0.000837677 -0.000694816 -0.000837324 1 -0.0421382 0.0503081 0.0847293
FixedParameters: 0 0 0

#Transform 138
Transform: AffineTransform_float_3_3
Parameters: 1 -0.000829262 0.000782723 0.000829738 0.999999 0.000334649 -0.000782278 -0.000334351 0.999999 -0.0565327 0.0965903 0.12974
FixedParameters: 0 0 0

#Transform 139
Transform: AffineTransform_float_3_3
Parameters: 0.999999 -0.000239396 0.00073287 0.000238603 1 0.000541175 -0.000733129 -0.000540824 0.999999 -0.0735456 0.034361 0.183065
FixedParameters: 0 0 0

#Transform 140
Transform: AffineTransform_float_3_3
Parameters: 0.999116 0.0325642 0.0265584 -0.0324548 0.999463 -0.00456998 -0.0266925 0.00370405 0.999637 -0.112916 0.16487 -0.384142
FixedParameters: 0 0 0

#Transform 141
Transform: AffineTransform_float_3_3
Parameters: 0.999944 -0.00540454 0.0091538 0.00548848 0.999944 -0.00911827 -0.0091042 0.00916772 0.999916 0.360847 -0.053114 -0.362587
FixedParameters: 0 0 0

#Transform 142
Transform: AffineTransform_float_3_3
Parameters: 0.999965 -0.00623782 0.00566414 0.00630618 0.999904 -0.0122797 -0.00558687 0.0123153 0.999908 0.439458 -0.136181 -0.331957
FixedParameters: 0 0 0

#Transform 143
Transform: AffineTransform_float_3_3
Parameters: 0.999977 -0.00450015 0.00521898 0.00456186 0.999919 -0.0119015 -0.00516502 0.0119245 0.999915 0.314505 -0.0600709 -0.287286
FixedParameters: 0 0 0

#Transform 144
Transform: AffineTransform_float_3_3
Parameters: 0.999982 -0.00374984 0.00455638 0.00379615 0.999941 -0.0101639 -0.00451761 0.0101811 0.999938 0.311959 -0.112239 -0.199875
FixedParameters: 0 0 0

#Transform 145
Transform: AffineTransform_float_3_3
Parameters: 0.999987 -0.00361467 0.00376427 0.00364934 0.999952 -0.00915339 -0.00373173 0.00916762 0.999951 0.271295 -0.0400199 -0.158486
FixedParameters: 0 0 0

#Transform 146
Transform: AffineTransform_float_3_3
Parameters: 0.999986 -0.00362725 0.00391355 0.00366075 0.999956 -0.0086498 -0.00388245 0.0086642 0.999955 0.272348 -0.0468564 -0.107419
FixedParameters: 0 0 0

#Transform 147
Transform: AffineTransform_float_3_3
Parameters: 0.999986 -0.00393412 0.00373949 0.00396089 0.999966 -0.0072083 -0.00371152 0.00722271 0.999967 0.298398 -0.0457553 -0.150959
FixedParameters: 0 0 0

#Transform 148
Transform: AffineTransform_float_3_3
Parameters: 0.999984 -0.00306093 0.00474569 0.00310707 0.999945 -0.00994241 -0.00471532 0.00995759 0.99994 0.216857 0.0110861 0.215724
FixedParameters: 0 0 0

#Transform 149
Transform: AffineTransform_float_3_3
Parameters: 0.999988 -0.00348125 0.00342925 0.00350375 0.999971 -0.00665106 -0.00340575 0.00666293 0.999972 0.205718 -0.059846 -0.0666889
FixedParameters: 0 0 0

#Transform 150
Transform: AffineTransform_float_3_3
Parameters: 0.999989 -0.00410037 0.0023678 0.00411863 0.999964 -0.00749034 -0.0023372 0.00749967 0.999969 0.127402 -0.0585904 -0.0539975
FixedParameters: 0 0 0

#Transform 151
Transform: AffineTransform_float_3_3
Parameters: 0.999992 -0.00321087 0.00236321 0.00323012 0.999961 -0.00813443 -0.00233679 0.00814257 0.999964 0.152652 -0.115686 -0.295698
FixedParameters: 0 0 0

#Transform 152
Transform: AffineTransform_float_3_3
Parameters: 0.999989 -0.0040074 0.00236535 0.00402359 0.999967 -0.00705356 -0.00233666 0.00706344 0.999973 0.221315 -0.13277 -0.267961
FixedParameters: 0 0 0

#Transform 153
Transform: AffineTransform_float_3_3
Parameters: 0.999987 -0.00429907 0.00272294 0.00432092 0.999958 -0.00809934 -0.00268706 0.00811166 0.999964 0.249566 -0.0415478 -0.201631
FixedParameters: 0 0 0

#Transform 154
Transform: AffineTransform_float_3_3
Parameters: 0.999991 -0.0037213 0.00236509 0.0037387 0.999964 -0.00752523 -0.00233692 0.00753377 0.999969 0.211582 -0.120286 -0.251692
FixedParameters: 0 0 0

#Transform 155
Transform: AffineTransform_float_3_3
Parameters: 0.999994 -0.00320671 0.00128923 0.00321229 0.999987 -0.00412188 -0.00127576 0.00412612 0.99999 0.141066 -0.134444 -0.177599
FixedParameters: 0 0 0

#Transform 156
Transform: AffineTransform_float_3_3
Parameters: 0.999995 -0.00336786 3.85564e-05 0.00336814 0.999983 -0.0046189 -2.24426e-05 0.0046191 0.99999 0.0990966 0.0529233 -0.165526
FixedParameters: 0 0 0

#Transform 157
Transform: AffineTransform_float_3_3
Parameters: 0.999996 -0.00253384 0.000310635 0.00253516 0.999989 -0.00380122 -0.000300362 0.00380277 0.999992 0.0688694 0.0276205 -0.0810816
FixedParameters: 0 0 0

#Transform 158
Transform: AffineTransform_float_3_3
Parameters: 0.999997 -0.00253492 3.08228e-05 0.00253508 0.999992 -0.00308593 -2.31793e-05 0.00308507 0.999995 0.0867977 -0.0550027 -0.0951675
FixedParameters: 0 0 0

#Transform 159
Transform: AffineTransform_float_3_3
Parameters: 0.999993 -0.00353244 -0.00039329 0.00353056 0.999988 -0.00359941 0.000405707 0.00359759 0.999994 0.124496 0.0682851 -0.0766083
FixedParameters: 0 0 0

#Transform 160
Transform: AffineTransform_float_3_3
Parameters: 0.999994 -0.00323086 -0.000598042 0.00322914 0.99999 -0.00308395 0.000607958 0.00308205 0.999995 0.109438 -0.0297018 -0.0723886
FixedParameters: 0 0 0

#Transform 161
Transform: AffineTransform_float_3_3
Parameters: 0.999996 -0.00298834 -0.00051631 0.00298766 0.999992 -0.00257455 0.00052369 0.00257245 0.999996 0.103774 -0.00771683 -0.0716261
FixedParameters: 0 0 0

#Transform 162
Transform: AffineTransform_float_3_3
Parameters: 0.999995 -0.00313154 -0.000499436 0.00312946 0.999991 -0.00305558 0.000509561 0.00305342 0.999995 0.104579 0.0332444 -0.040944
FixedParameters: 0 0 0

#Transform 163
Transform: AffineTransform_float_3_3
Parameters: 0.999994 -0.00318179 -0.000899681 0.00318021 0.999993 -0.00198787 0.000905316 0.00198413 0.999997 0.104094 -0.0392878 -0.0676845
FixedParameters: 0 0 0

#Transform 164
Transform: AffineTransform_float_3_3
Parameters: 0.999994 -0.00340763 -0.000565284 0.00340638 0.99999 -0.00285294 0.000574717 0.00285106 0.999996 0.107248 0.0594585 -0.0495394
FixedParameters: 0 0 0

#Transform 165
Transform: AffineTransform_float_3_3
Parameters: 0.999996 -0.00301226 -0.000429243 0.00301074 0.999991 -0.00290831 0.000438755 0.00290669 0.999995 0.105743 -0.0172312 -0.0420265
FixedParameters: 0 0 0

#Transform 166
Transform: AffineTransform_float_3_3
Parameters: 0.999994 -0.00322548 -0.000528019 0.00322352 0.999991 -0.00278572 0.00053698 0.00278428 0.999996 0.110238 -0.00537536 -0.0874766
FixedParameters: 0 0 0

#Transform 167
Transform: AffineTransform_float_3_3
Parameters: 0.999993 -0.00364552 -0.000523565 0.00364449 0.99999 -0.00286393 0.000533433 0.00286107 0.999996 0.121707 0.0451751 -0.0355233
FixedParameters: 0 0 0

#Transform 168
Transform: AffineTransform_float_3_3
Parameters: 0.999996 -0.00295961 -0.000649724 0.00295839 0.999992 -0.00245993 0.000657277 0.00245806 0.999997 0.101322 -0.0419002 -0.0481822
FixedParameters: 0 0 0

#Transform 169
Transform: AffineTransform_float_3_3
Parameters: 0.999995 -0.00313764 -0.000546647 0.00313635 0.99999 -0.00298273 0.000556356 0.00298127 0.999996 0.107286 0.0563921 -0.0694252
FixedParameters: 0 0 0

#Transform 170
Transform: AffineTransform_float_3_3
Parameters: 0.999998 -0.00226701 -4.18276e-05 0.002267 0.999998 -7.60951e-05 4.21722e-05 7.59046e-05 1 0.0899348 0.0855815 0.0873121
FixedParameters: 0 0 0

#Transform 171
Transform: AffineTransform_float_3_3
Parameters: 0.999998 -0.002273 0.000143054 0.00227301 0.999998 -2.36749e-05 -0.000142947 2.3325e-05 1 0.0783024 0.0424637 0.0787807
FixedParameters: 0 0 0

#Transform 172
Transform: AffineTransform_float_3_3
Parameters: 0.999995 -0.00312978 0.000147841 0.00312923 0.999994 -0.00154654 -0.000143162 0.00154646 0.999999 0.132795 0.0677869 0.0526341
FixedParameters: 0 0 0

#Transform 173
Transform: AffineTransform_float_3_3
Parameters: 0.999996 -0.00284796 -0.000291369 0.00284804 0.999996 0.000129171 0.000290631 -0.000129828 1 0.102837 0.0267217 0.0861307
FixedParameters: 0 0 0

#Transform 174
Transform: AffineTransform_float_3_3
Parameters: 0.999993 -0.00367218 -0.000203705 0.00367182 0.999993 -0.000897754 0.000207296 0.000897244 0.999999 0.16219 0.0933081 0.0712671
FixedParameters: 0 0 0

#Transform 175
Transform: AffineTransform_float_3_3
Parameters: 0.999993 -0.00375821 -0.000227597 0.00375779 0.999992 -0.000905861 0.000230403 0.00090514 0.999999 0.155366 0.0740666 0.0902581
FixedParameters: 0 0 0

#Transform 176
Transform: AffineTransform_float_3_3
Parameters: 0.999996 -0.00288298 -0.000170273 0.00288302 0.999996 9.45095e-05 0.000169728 -9.44897e-05 1 0.106786 0.0488273 0.0721399
FixedParameters: 0 0 0

#Transform 177
Transform: AffineTransform_float_3_3
Parameters: 0.999998 -0.00233795 0.000129888 0.00233805 0.999997 -0.000379697 -0.000129114 0.000379303 1 0.0574739 0.1461 0.0996018
FixedParameters: 0 0 0

#Transform 178
Transform: AffineTransform_float_3_3
Parameters: 0.999998 -0.00170206 0.000128184 0.00170194 0.999999 0.000479219 -0.000128815 -0.000478782 1 0.0523283 0.0731819 0.158218
FixedParameters: 0 0 0

#Transform 179
Transform: AffineTransform_float_3_3
Parameters: 0.999997 -0.00247674 0.000351809 0.00247625 0.999996 -0.000730131 -0.000349191 0.000730867 0.999999 0.064434 0.127004 0.181728
FixedParameters: 0 0 0

#Transform 180
Transform: AffineTransform_float_3_3
Parameters: 0.999991 -0.00423779 0.000357484 0.00423821 0.999991 -0.00058549 -0.000354517 0.000586507 1 0.144875 0.10867 0.100157
FixedParameters: 0 0 0

#Transform 181
Transform: AffineTransform_float_3_3
Parameters: 0.99999 -0.00439576 -0.000860245 0.00440124 0.999971 0.00619228 0.000832756 -0.00619573 0.999981 0.179764 0.00228399 -0.511066
FixedParameters: 0 0 0

#Transform 182
Transform: AffineTransform_float_3_3
Parameters: 0.999994 -0.00316477 -0.00134141 0.00317023 0.999988 0.00391577 0.00132959 -0.00392023 0.999992 0.232952 -0.0260893 -0.751685
FixedParameters: 0 0 0

#Transform 183
Transform: AffineTransform_float_3_3
Parameters: 0.999994 -0.00328459 -0.000519976 0.00328641 0.999991 0.00273131 0.00051102 -0.00273369 0.999996 0.163979 -0.0625958 -0.47421
FixedParameters: 0 0 0

#Transform 184
Transform: AffineTransform_float_3_3
Parameters: 0.999992 -0.00368507 -0.000999843 0.00368792 0.999989 0.00293933 0.000989159 -0.00294267 0.999995 0.183223 -0.0272274 -0.467986
FixedParameters: 0 0 0

#Transform 185
Transform: AffineTransform_float_3_3
Parameters: 0.999991 -0.00402501 -0.00125661 0.00402799 0.999989 0.00238496 0.00124739 -0.00239004 0.999997 0.197306 0.0483907 -0.460529
FixedParameters: 0 0 0

#Transform 186
Transform: AffineTransform_float_3_3
Parameters: 0.999995 -0.00319072 -0.000983706 0.00319328 0.99999 0.00335188 0.000973297 -0.00335512 0.999994 0.153537 -0.0451828 -0.458515
FixedParameters: 0 0 0

#Transform 187
Transform: AffineTransform_float_3_3
Parameters: 0.999995 -0.00305766 -0.00100712 0.00306033 0.999992 0.00232593 0.000999879 -0.00232907 0.999997 0.133787 0.00829208 -0.409658
FixedParameters: 0 0 0

#Transform 188
Transform: AffineTransform_float_3_3
Parameters: 0.999992 -0.00361493 -0.00157806 0.00361807 0.999991 0.0019483 0.00157094 -0.00195369 0.999997 0.173003 0.0452674 -0.160593
FixedParameters: 0 0 0

#Transform 189
Transform: AffineTransform_float_3_3
Parameters: 0.999995 -0.00258589 -0.00146605 0.00259111 0.99999 0.00349521 0.00145695 -0.00349878 0.999993 0.0949925 -0.0171097 -0.39817
FixedParameters: 0 0 0

#Transform 190
Transform: AffineTransform_float_3_3
Parameters: 0.999992 -0.00391014 -0.000507656 0.00391086 0.999991 0.00170103 0.000501345 -0.00170297 0.999999 0.185534 0.0376523 -0.660057
FixedParameters: 0 0 0

#Transform 191
Transform: AffineTransform_float_3_3
