#Insight Transform File V1.0
#Transform 0
Transform: AffineTransform_float_3_3
Parameters: 0.999996 -7.74656e-07 0.002848 2.2534e-07 1 0.000272002 -0.002848 -0.000271999 0.999996 -0.061782 -0.137162 -0.570715
FixedParameters: 0 0 0

#Transform 1
Transform: AffineTransform_float_3_3
Parameters: 0.999995 0.000283709 0.00297212 -0.000285291 1 0.000434154 -0.00297188 -0.000434845 0.999996 -0.0660499 -0.188993 -0.599692
FixedParameters: 0 0 0

#Transform 2
Transform: AffineTransform_float_3_3
Parameters: 0.999997 0.000317556 0.00270117 -0.000319441 1 0.000533139 -0.00270083 -0.00053486 0.999996 -0.0281343 -0.145047 -0.567204
FixedParameters: 0 0 0

#Transform 3
Transform: AffineTransform_float_3_3
Parameters: 0.999996 -2.43684e-06 0.002766 -4.36854e-07 0.999999 0.000881002 -0.002766 -0.000880996 0.999996 -0.0260807 -0.195542 -0.661006
FixedParameters: 0 0 0

#Transform 4
Transform: AffineTransform_float_3_3
Parameters: 0.999997 0.000142558 0.00242309 -0.000143444 1 0.000595654 -0.00242291 -0.000595347 0.999997 -0.0249529 -0.138458 -0.635819
FixedParameters: 0 0 0

#Transform 5
Transform: AffineTransform_float_3_3
Parameters: 0.999997 0.000111583 0.0026911 -0.000114417 0.999999 0.000897695 -0.0026919 -0.000898303 0.999996 -0.025915 -0.180135 -0.660909
FixedParameters: 0 0 0

#Transform 6
Transform: AffineTransform_float_3_3
Parameters: 0.999996 -1.67248e-06 0.002593 3.27507e-07 1 0.000645003 -0.002593 -0.000644998 0.999997 -0.0228861 -0.154952 -0.632796
FixedParameters: 0 0 0

#Transform 7
Transform: AffineTransform_float_3_3
Parameters: 0.999997 0.000201532 0.00271926 -0.000205469 0.999999 0.00127545 -0.00271874 -0.00127555 0.999996 -0.0313589 -0.197915 -0.656719
FixedParameters: 0 0 0

#Transform 8
Transform: AffineTransform_float_3_3
Parameters: 0.999996 0.000124109 0.00259309 -0.00012589 0.999999 0.000728676 -0.00259291 -0.000729324 0.999997 -0.0271995 -0.141431 -0.669692
FixedParameters: 0 0 0

#Transform 9
Transform: AffineTransform_float_3_3
Parameters: 0.999996 0.000265232 0.00259328 -0.000267767 1 0.00106631 -0.00259371 -0.00106769 0.999996 -0.025987 -0.189912 -0.686508
FixedParameters: 0 0 0

#Transform 10
Transform: AffineTransform_float_3_3
Parameters: 0.999998 0.000338021 0.00221085 -0.000336978 1 -0.000462746 -0.00221116 0.000461254 0.999998 -0.0636661 -0.0856869 -0.471972
FixedParameters: 0 0 0

#Transform 11
Transform: AffineTransform_float_3_3
Parameters: 0.999996 6.4073e-06 0.00259299 4.07339e-07 0.999997 -0.00247101 -0.002593 0.00247099 0.999993 -0.131897 0.0459757 -0.170204
FixedParameters: 0 0 0

#Transform 12
Transform: AffineTransform_float_3_3
Parameters: 0.999997 0.000678257 0.002448 -0.000670744 0.999996 -0.00296365 -0.00245 0.00296235 0.999992 -0.0629469 0.0795521 -0.236812
FixedParameters: 0 0 0

#Transform 13
Transform: AffineTransform_float_3_3
Parameters: 0.999999 0.000837814 0.0012344 -0.000831189 0.999985 -0.00551004 -0.0012386 0.00550897 0.999984 -0.000313788 0.348852 -0.504521
FixedParameters: 0 0 0

#Transform 14
Transform: AffineTransform_float_3_3
Parameters: 0.999999 0.000187397 0.00143243 -0.000182604 0.999996 -0.00306927 -0.00143257 0.00306874 0.999995 -0.0184409 0.113639 -0.337313
FixedParameters: 0 0 0

#Transform 15
Transform: AffineTransform_float_3_3
Parameters: 1 0.000589725 0.00104559 -0.000588275 0.999999 -0.000693615 -0.00104641 0.000693383 0.999999 -0.111901 -0.0234415 -0.371287
FixedParameters: 0 0 0

#Transform 16
Transform: AffineTransform_float_3_3
Parameters: 1 4.52539e-05 -0.000246138 -4.67457e-05 0.999996 -0.00303199 0.000245859 0.00303201 0.999996 -0.0863055 -0.0675109 -0.741582
FixedParameters: 0 0 0

#Transform 17
Transform: AffineTransform_float_3_3
Parameters: 1 4.62598e-05 0.000295959 -4.67401e-05 0.999999 -0.000878013 -0.000296041 0.000877986 0.999999 -0.0863805 -0.109388 -0.212471
FixedParameters: 0 0 0

#Transform 18
Transform: AffineTransform_float_3_3
Parameters: 0.999999 0.000757455 0.0003442 -0.000758543 0.999998 0.00158374 -0.000342799 -0.00158426 0.999998 -0.0429015 -0.103161 0.0807905
FixedParameters: 0 0 0

#Transform 19
Transform: AffineTransform_float_3_3
Parameters: 1 4.86128e-05 0.000291899 -4.8387e-05 0.999998 -0.00209901 -0.000292102 0.00209898 0.999998 0.00931033 0.0225677 0.00133021
FixedParameters: 0 0 0

#Transform 20
Transform: AffineTransform_float_3_3
Parameters: 1 -2.60047e-05 -1.09888e-05 2.59952e-05 1 -0.000432 1.10112e-05 0.000432 1 0.00299655 -0.00132124 -0.0358464
FixedParameters: 0 0 0

#Transform 21
Transform: AffineTransform_float_3_3
Parameters: 1 0.000139997 -1.10441e-05 -0.000140003 1 -0.000314998 1.09559e-05 0.000315002 1 0.0122607 0.0256586 -0.061751
FixedParameters: 0 0 0

#Transform 22
Transform: AffineTransform_float_3_3
Parameters: 0.999999 0.000584938 -0.000478076 -0.000585062 1 -0.00012972 0.000477924 0.00013028 1 0.0166603 -0.00885711 -0.158378
FixedParameters: 0 0 0

#Transform 23
Transform: AffineTransform_float_3_3
Parameters: 0.999999 -0.00147512 -0.000168911 0.00147587 0.999998 -0.00073825 0.000170089 0.000737749 0.999999 0.0823487 0.0231087 -0.188517
FixedParameters: 0 0 0

#Transform 24
Transform: AffineTransform_float_3_3
Parameters: 1 -0.00103506 -0.000169659 0.00103495 1 -0.000329176 0.00016934 0.000328825 1 0.0889968 0.00204625 -0.200146
FixedParameters: 0 0 0

#Transform 25
Transform: AffineTransform_float_3_3
Parameters: 1 -0.000924085 0.00060587 0.000923915 0.999999 0.00014056 -0.000606129 -0.00013944 1 0.109333 -0.0236908 -0.185819
FixedParameters: 0 0 0

#Transform 26
Transform: AffineTransform_float_3_3
Parameters: 1 -5.32119e-05 0.000417973 5.27881e-05 1 0.000507022 -0.000418027 -0.000506978 1 0.0776809 -0.0668553 -0.244341
FixedParameters: 0 0 0

#Transform 27
Transform: AffineTransform_float_3_3
Parameters: 1 -8.20889e-05 0.000238969 8.19111e-05 1 0.00037202 -0.00023903 -0.00037198 1 0.0687714 -0.0607553 -0.234824
FixedParameters: 0 0 0

#Transform 28
Transform: AffineTransform_float_3_3
Parameters: 1 5.97722e-06 -0.000170001 -6.02278e-06 1 -0.000133999 0.000169999 0.000134001 1 0.0660983 -0.0320176 -0.222598
FixedParameters: 0 0 0

#Transform 29
Transform: AffineTransform_float_3_3
Parameters: 1 -5.29894e-05 0.000131004 5.30106e-05 1 -8.09931e-05 -0.000130996 8.10069e-05 1 0.0484276 -0.0588279 -0.201845
FixedParameters: 0 0 0

#Transform 30
Transform: AffineTransform_float_3_3
Parameters: 1 0.000181255 0.000130648 -0.000180747 0.999998 -0.00194602 -0.000130352 0.00194598 0.999998 0.0378851 0.0755375 -0.0168729
FixedParameters: 0 0 0

#Transform 31
Transform: AffineTransform_float_3_3
Parameters: 1 0.00022066 0.000448676 -0.000220341 0.999999 -0.0014711 -0.000448324 0.0014709 0.999999 0.00458383 0.00144242 -0.0306185
FixedParameters: 0 0 0

#Transform 32
Transform: AffineTransform_float_3_3
Parameters: 1 0.000182243 0.000130661 -0.000182758 0.999999 -0.00186002 -0.00013034 0.00185998 0.999999 -0.00461319 0.0575887 -0.0384182
FixedParameters: 0 0 0

#Transform 33
Transform: AffineTransform_float_3_3
Parameters: 1 0.000298399 0.000275569 -0.000298601 0.999999 -0.00144608 -0.000276432 0.00144592 0.999999 0.00292507 -0.00856628 -0.0709857
FixedParameters: 0 0 0

#Transform 34
Transform: AffineTransform_float_3_3
Parameters: 1 0.000339311 0.000242566 -0.000338689 0.999999 -0.00127908 -0.000243433 0.00127892 0.999999 -0.00535293 0.0599429 -0.0151005
FixedParameters: 0 0 0

#Transform 35
Transform: AffineTransform_float_3_3
Parameters: 1 0.000337387 0.000437702 -0.000337612 0.999999 -0.000884148 -0.000438299 0.000884852 1 -0.0108929 0.00414718 -0.0379505
FixedParameters: 0 0 0

#Transform 36
Transform: AffineTransform_float_3_3
Parameters: 1 -5.88692e-06 8.80077e-05 6.11308e-06 0.999999 -0.001285 -8.79922e-05 0.001285 0.999999 0.001429 0.0439919 -0.0250806
FixedParameters: 0 0 0

#Transform 37
Transform: AffineTransform_float_3_3
Parameters: 1 -1.54184e-05 0.000389023 1.65815e-05 0.999999 -0.00149499 -0.000388976 0.00149501 0.999999 0.00144897 0.0106033 -0.0169741
FixedParameters: 0 0 0

#Transform 38
Transform: AffineTransform_float_3_3
Parameters: 1 1.96885e-05 0.000388966 -1.93114e-05 0.999999 -0.00177001 -0.000389035 0.00176999 0.999999 -7.21621e-05 0.0649222 -0.00658587
FixedParameters: 0 0 0

#Transform 39
Transform: AffineTransform_float_3_3
Parameters: 1 0.000512124 0.000156593 -0.000511876 0.999999 -0.00079408 -0.000156406 0.000793919 0.999999 -0.0317284 0.0121856 0.027279
FixedParameters: 0 0 0

#Transform 40
Transform: AffineTransform_float_3_3
Parameters: 1 0.000312018 0.000206972 -0.000311982 1 -8.90646e-05 -0.000207028 8.89354e-05 1 -0.029687 0.0591628 0.0498816
FixedParameters: 0 0 0

#Transform 41
Transform: AffineTransform_float_3_3
Parameters: 1 0.000477062 5.1428e-05 -0.000476939 0.999999 -0.00119903 -5.15719e-05 0.00119898 1 -0.0359063 0.0218635 0.00103318
FixedParameters: 0 0 0

#Transform 42
Transform: AffineTransform_float_3_3
Parameters: 1 0.000312008 -8.09707e-05 -0.000311992 1 9.40253e-05 8.10293e-05 -9.39747e-05 1 -0.0350534 0.0247046 0.0588429
FixedParameters: 0 0 0

#Transform 43
Transform: AffineTransform_float_3_3
Parameters: 1 0.000544907 -7.76561e-05 -0.000545094 0.999999 -0.00120396 7.73438e-05 0.00120404 1 -0.0486438 0.0315207 -0.0171749
FixedParameters: 0 0 0

#Transform 44
Transform: AffineTransform_float_3_3
Parameters: 0.999999 0.000894465 0.000347805 -0.000893535 0.999998 -0.00133631 -0.000348195 0.00133669 0.999999 -0.0511621 0.0646316 0.0124775
FixedParameters: 0 0 0

#Transform 45
Transform: AffineTransform_float_3_3
Parameters: 1 0.000397651 0.000560539 -0.000397349 0.999999 -0.00116022 -0.000561462 0.00116078 0.999999 -0.0386422 0.0366262 0.0247477
FixedParameters: 0 0 0

#Transform 46
Transform: AffineTransform_float_3_3
Parameters: 0.999999 0.000692375 -0.000680636 -0.000692624 1 -0.00091753 0.000679364 0.000918471 1 -0.0755586 0.0280707 -0.0135856
FixedParameters: 0 0 0

#Transform 47
Transform: AffineTransform_float_3_3
Parameters: 1 0.00063218 0.000147228 -0.000631819 0.999999 -0.00122109 -0.000148772 0.00122091 0.999999 -0.0532441 0.0662211 -0.00269952
FixedParameters: 0 0 0

#Transform 48
Transform: AffineTransform_float_3_3
Parameters: 0.999999 0.000693142 0.000166408 -0.000692857 1 -0.000854116 -0.000167592 0.000853884 0.999999 -0.0543215 0.0028538 -0.0383728
FixedParameters: 0 0 0

#Transform 49
Transform: AffineTransform_float_3_3
Parameters: 0.999999 0.000855984 8.9148e-05 -0.000856015 0.999999 0.000172924 -8.88527e-05 -0.000172076 1 -0.0546138 0.0252582 0.0374737
FixedParameters: 0 0 0

#Transform 50
Transform: AffineTransform_float_3_3
Parameters: 1 0.0011393 -0.000294843 -0.0011397 0.999999 0.00101634 0.000296158 -0.00101566 1 -0.0716123 -0.00770444 0.0355638
FixedParameters: 0 0 0

#Transform 51
Transform: AffineTransform_float_3_3
Parameters: 0.999999 0.00134576 -0.000297109 -0.00134624 0.999999 -0.0008236 0.00029589 0.000824398 0.999999 -0.0830756 0.0436858 -0.00103465
FixedParameters: 0 0 0

#Transform 52
Transform: AffineTransform_float_3_3
Parameters: 0.999999 0.00144199 -7.52275e-06 -0.00144201 0.999999 -0.00105599 5.47724e-06 0.00105601 1 -0.0895114 0.0299817 -0.00950079
FixedParameters: 0 0 0

#Transform 53
Transform: AffineTransform_float_3_3
Parameters: 1 0.0011603 0.000253611 -0.0011607 0.999998 -0.0011973 -0.00025439 0.00119671 1 -0.0910897 0.0300249 -0.0112764
FixedParameters: 0 0 0

#Transform 54
Transform: AffineTransform_float_3_3
Parameters: 0.999999 0.00126111 8.43934e-05 -0.00126189 0.999999 -0.00127411 -8.66077e-05 0.00127389 0.999999 -0.0867431 0.0340486 -0.0207795
FixedParameters: 0 0 0

#Transform 55
Transform: AffineTransform_float_3_3
Parameters: 1 0.00108671 -0.000297054 -0.00108729 0.999999 -0.000969678 0.000295946 0.000970323 1 -0.0885834 0.0540536 -0.00356561
FixedParameters: 0 0 0

#Transform 56
Transform: AffineTransform_float_3_3
Parameters: 0.999999 0.00144184 -0.000296774 -0.00144216 0.999999 -0.000536572 0.000296227 0.000536427 1 -0.0874747 0.00824981 -0.0392669
FixedParameters: 0 0 0

#Transform 57
Transform: AffineTransform_float_3_3
Parameters: 0.999999 0.00144213 -0.000295346 -0.00144287 0.999999 0.000453427 0.000295655 -0.000453574 1 -0.10264 0.0574433 0.0621059
FixedParameters: 0 0 0

#Transform 58
Transform: AffineTransform_float_3_3
Parameters: 0.999999 0.00172324 -0.000268501 -0.00172377 0.999998 0.000870464 0.000270499 -0.000869535 0.999999 -0.123206 -0.000554597 0.0296026
FixedParameters: 0 0 0

#Transform 59
Transform: AffineTransform_float_3_3
Parameters: 0.999999 0.00144137 -0.000633432 -0.00144263 0.999999 -0.000993088 0.000632567 0.000993914 1 -0.129427 0.0848342 -0.00243519
FixedParameters: 0 0 0

#Transform 60
Transform: AffineTransform_float_3_3
Parameters: 0.999999 0.00144172 -0.000442919 -0.00144228 0.999999 -0.000637362 0.000442079 0.000638638 0.999999 -0.118333 0.0456815 -0.0353407
FixedParameters: 0 0 0

#Transform 61
Transform: AffineTransform_float_3_3
Parameters: 0.999999 0.00144182 -0.000255039 -0.00144218 0.999998 -0.000720633 0.00025396 0.000721367 0.999999 -0.136331 0.0933711 -0.0222222
FixedParameters: 0 0 0

#Transform 62
Transform: AffineTransform_float_3_3
Parameters: 0.999999 0.00144196 -2.97722e-05 -0.00144204 0.999998 -0.00122896 2.82277e-05 0.00122904 0.999999 -0.0946982 0.0184271 -0.0495315
FixedParameters: 0 0 0

#Transform 63
Transform: AffineTransform_float_3_3
Parameters: 0.999999 0.00144198 -3.59286e-05 -0.00144202 0.999999 -0.000643949 3.50713e-05 0.000644051 1 -0.0923828 0.0580601 -0.0506738
FixedParameters: 0 0 0

#Transform 64
Transform: AffineTransform_float_3_3
Parameters: 0.999998 0.00170999 -4.34685e-05 -0.00171001 0.999999 -0.000273926 4.35314e-05 0.000274075 1 -0.0953762 -0.00193525 -0.0779689
FixedParameters: 0 0 0

#Transform 65
Transform: AffineTransform_float_3_3
Parameters: 0.999999 0.00144174 -0.000220711 -0.00144226 0.999999 -0.00118668 0.000218288 0.00118732 1 -0.0890287 0.0552543 -0.050714
FixedParameters: 0 0 0

#Transform 66
Transform: AffineTransform_float_3_3
Parameters: 0.999999 0.00113419 0.000524598 -0.00113381 1 -0.000354595 -0.000525402 0.000354404 1 -0.0509444 0.00528667 -0.0823974
FixedParameters: 0 0 0

#Transform 67
Transform: AffineTransform_float_3_3
Parameters: 0.999999 0.00144187 -0.000182039 -0.00144213 0.999998 -0.000720738 0.00018096 0.000721261 0.999999 -0.0824484 0.039689 -0.0883631
FixedParameters: 0 0 0

#Transform 68
Transform: AffineTransform_float_3_3
Parameters: 0.999999 0.000963956 -0.000181236 -0.000964045 1 -0.000244826 0.000181764 0.000245175 1 -0.0302161 -0.0041666 -0.0901036
FixedParameters: 0 0 0

#Transform 69
Transform: AffineTransform_float_3_3
Parameters: 0.999998 0.00162709 0.000123827 -0.00162691 0.999999 -0.000721203 -0.000125173 0.000720797 0.999999 -0.110107 0.0260147 -0.0989453
FixedParameters: 0 0 0

#Transform 70
Transform: AffineTransform_float_3_3
Parameters: 0.999996 0.00256176 -0.00018433 -0.00256124 0.999996 -0.00129953 0.00018167 0.00130047 0.999999 -0.189406 0.00464353 -0.0783897
FixedParameters: 0 0 0

#Transform 71
Transform: AffineTransform_float_3_3
Parameters: 0.999995 0.00312959 0.000526502 -0.00312941 0.999995 -0.00111865 -0.0005295 0.00111735 0.999999 -0.243603 0.0255529 -0.0689606
FixedParameters: 0 0 0

#Transform 72
Transform: AffineTransform_float_3_3
Parameters: 0.999995 0.00292302 7.09415e-05 -0.00292297 0.999995 -0.000362209 -7.20578e-05 0.000361791 1 -0.210801 -0.0225663 -0.0602589
FixedParameters: 0 0 0

#Transform 73
Transform: AffineTransform_float_3_3
Parameters: 0.999997 0.00272207 0.000156818 -0.00272193 0.999996 -0.000434429 -0.000158181 0.000433571 1 -0.193021 0.0274802 -0.0841621
FixedParameters: 0 0 0

#Transform 74
Transform: AffineTransform_float_3_3
Parameters: 0.999997 0.00272192 -0.000176186 -0.00272208 0.999996 -0.000435522 0.000174813 0.000436477 1 -0.187003 -0.00375729 -0.0838834
FixedParameters: 0 0 0

#Transform 75
Transform: AffineTransform_float_3_3
Parameters: 0.999995 0.00311907 0.000254113 -0.00311893 0.999995 -0.000284794 -0.000254888 0.000284206 1 -0.222263 0.0480462 -0.0824917
FixedParameters: 0 0 0

#Transform 76
Transform: AffineTransform_float_3_3
Parameters: 0.999997 0.00251494 -0.000175882 -0.00251506 0.999997 -0.000350559 0.000175117 0.000351441 1 -0.161209 -0.0207279 -0.0894707
FixedParameters: 0 0 0

#Transform 77
Transform: AffineTransform_float_3_3
Parameters: 0.999998 0.00231797 -0.000175373 -0.00231803 0.999998 -0.000160594 0.000174626 0.000161405 1 -0.159581 0.0424647 -0.0807936
FixedParameters: 0 0 0

#Transform 78
Transform: AffineTransform_float_3_3
Parameters: 0.999998 0.00230198 -9.0573e-05 -0.00230202 0.999998 -0.000248792 8.94266e-05 0.000249207 1 -0.157769 0.00474221 -0.0819041
FixedParameters: 0 0 0

#Transform 79
Transform: AffineTransform_float_3_3
Parameters: 0.999998 0.00189007 9.06107e-05 -0.00189093 0.999998 -0.000735172 -9.23916e-05 0.000735826 0.999999 -0.145322 0.0272998 -0.0559641
FixedParameters: 0 0 0

#Transform 80
Transform: AffineTransform_float_3_3
Parameters: 0.999995 0.00312711 0.00047625 -0.00312689 0.999995 -0.00024049 -0.000476751 0.00023951 1 -0.187934 -0.0263176 -0.106771
FixedParameters: 0 0 0

#Transform 81
Transform: AffineTransform_float_3_3
Parameters: 0.999997 0.00208195 0.00062315 -0.00208204 0.999998 7.17027e-05 -0.00062285 -7.22969e-05 1 -0.0899504 -0.0132641 -0.103445
FixedParameters: 0 0 0

#Transform 82
Transform: AffineTransform_float_3_3
Parameters: 0.999997 0.00213004 0.000251673 -0.00212996 0.999997 -0.000153536 -0.000252325 0.000152463 1 -0.125949 -0.0457025 -0.125851
FixedParameters: 0 0 0

#Transform 83
Transform: AffineTransform_float_3_3
Parameters: 0.999999 0.00134915 0.000251204 -0.00134885 0.999999 -0.000590339 -0.000251796 0.000589661 1 -0.0869314 -0.0100152 -0.11039
FixedParameters: 0 0 0

#Transform 84
Transform: AffineTransform_float_3_3
Parameters: 0.999999 0.00179315 0.000383325 -0.00179286 0.999999 -0.000376688 -0.000384675 0.000376311 1 -0.110059 -0.0408971 -0.108209
FixedParameters: 0 0 0

#Transform 85
Transform: AffineTransform_float_3_3
Parameters: 0.999999 0.00150208 0.000251528 -0.00150192 0.999999 -0.000314378 -0.000251471 0.000313623 1 -0.10562 0.00947397 -0.107291
FixedParameters: 0 0 0

#Transform 86
Transform: AffineTransform_float_3_3
Parameters: 0.999998 0.00150212 0.000519658 -0.00150188 0.999999 -0.000227781 -0.000519342 0.00022722 1 -0.0886164 -0.0376341 -0.106622
FixedParameters: 0 0 0

#Transform 87
Transform: AffineTransform_float_3_3
Parameters: 0.999999 0.00150201 0.00025192 -0.00150199 0.999999 -5.33784e-05 -0.000252079 5.26214e-05 1 -0.0836526 -0.00187027 -0.104428
FixedParameters: 0 0 0

#Transform 88
Transform: AffineTransform_float_3_3
Parameters: 0.999999 0.0007101 0.000251716 -0.000709899 0.999999 -0.000400179 -0.000252284 0.000399821 1 -0.0450819 -0.0427157 -0.108367
FixedParameters: 0 0 0

#Transform 89
Transform: AffineTransform_float_3_3
Parameters: 0.999999 0.00133617 0.000750701 -0.00133583 0.999999 -0.000224003 -0.000751298 0.000222996 0.999999 -0.0761226 -0.00752068 -0.125231
FixedParameters: 0 0 0

#Transform 90
Transform: AffineTransform_float_3_3
Parameters: 0.999999 0.000762921 0.00103406 -0.000763079 0.999999 7.6211e-05 -0.00103394 -7.67889e-05 1 -0.015065 -0.0459608 -0.103822
FixedParameters: 0 0 0

#Transform 91
Transform: AffineTransform_float_3_3
Parameters: 0.999999 0.000299158 0.000750937 -0.000298842 1 -0.000210224 -0.000751062 0.000209775 0.999999 0.00650612 -0.0272153 -0.125818
FixedParameters: 0 0 0

#Transform 92
Transform: AffineTransform_float_3_3
Parameters: 0.999999 0.000470306 0.00118388 -0.000469693 1 -0.000259556 -0.00118412 0.000258443 1 -0.012884 -0.0264143 -0.136987
FixedParameters: 0 0 0

#Transform 93
Transform: AffineTransform_float_3_3
Parameters: 0.999999 0.000700834 0.00110611 -0.000701166 0.999999 0.000150225 -0.0011059 -0.000150775 1 -0.0141334 -0.0528493 -0.123533
FixedParameters: 0 0 0

#Transform 94
Transform: AffineTransform_float_3_3
Parameters: 1 0.000217974 0.00106501 -0.000218026 1 2.37678e-05 -0.001065 -2.42322e-05 1 0.00173859 -0.0452815 -0.110108
FixedParameters: 0 0 0

#Transform 95
Transform: AffineTransform_float_3_3
Parameters: 1 0.000298649 0.0010671 -0.000298352 1 0.000329682 -0.0010669 -0.000329319 1 0.000804222 -0.0610352 -0.104445
FixedParameters: 0 0 0

#Transform 96
Transform: AffineTransform_float_3_3
Parameters: 0.999999 0.000298495 0.00135711 -0.000298506 1 0.000372595 -0.00135689 -0.000372405 0.999999 -0.0110666 -0.0480415 -0.121353
FixedParameters: 0 0 0

#Transform 97
Transform: AffineTransform_float_3_3
Parameters: 0.999999 0.000298786 0.000751085 -0.000298215 1 0.000285776 -0.000750915 -0.000285224 0.999999 0.00652478 -0.0267284 -0.101163
FixedParameters: 0 0 0

#Transform 98
Transform: AffineTransform_float_3_3
Parameters: 0.999999 0.00029857 0.00150808 -0.000298431 1 0.00028555 -0.00150791 -0.00028545 0.999999 -0.0190119 -0.0427936 -0.0934743
FixedParameters: 0 0 0

#Transform 99
Transform: AffineTransform_float_3_3
Parameters: 0.999999 0.000440972 0.000787015 -0.000441028 1 3.56529e-05 -0.000786984 -3.5347e-05 0.999999 -0.0116086 -0.0276876 -0.0979653
FixedParameters: 0 0 0

#Transform 100
Transform: AffineTransform_float_3_3
Parameters: 1 -0.000986937 -0.000466257 0.000988063 0.999997 0.00228554 0.000463744 -0.00228546 0.999998 0.108393 -0.0675921 0.00570312
FixedParameters: 0 0 0

#Transform 101
Transform: AffineTransform_float_3_3
Parameters: 0.999999 0.000240149 0.00183424 -0.000242851 1 0.00100856 -0.00183476 -0.00100944 0.999998 0.0187817 -0.0456211 -0.0526662
FixedParameters: 0 0 0

#Transform 102
Transform: AffineTransform_float_3_3
Parameters: 0.999999 0.000198316 0.00175019 -0.000199683 0.999999 0.000961652 -0.00174981 -0.000962348 0.999998 -0.00136878 -0.022836 -0.0530739
FixedParameters: 0 0 0

#Transform 103
Transform: AffineTransform_float_3_3
Parameters: 0.999998 0.000197858 0.00189522 -0.000200142 1 0.00112962 -0.00189577 -0.00113038 0.999997 -0.00412885 -0.0734359 -0.0876573
FixedParameters: 0 0 0

#Transform 104
Transform: AffineTransform_float_3_3
Parameters: 0.999999 0.000197952 0.00154426 -0.000200047 0.999999 0.00132569 -0.00154374 -0.00132631 0.999998 0.00226094 -0.0458795 -0.105494
FixedParameters: 0 0 0

#Transform 105
Transform: AffineTransform_float_3_3
Parameters: 0.999998 0.000197674 0.00189525 -0.000199326 0.999999 0.00122663 -0.00189576 -0.00122738 0.999998 -0.00419374 -0.0676135 -0.127794
FixedParameters: 0 0 0

#Transform 106
Transform: AffineTransform_float_3_3
Parameters: 0.999998 3.36748e-05 0.00189504 -3.63251e-05 0.999999 0.00122693 -0.00189496 -0.00122707 0.999998 0.00966551 -0.0310922 -0.107942
FixedParameters: 0 0 0

#Transform 107
Transform: AffineTransform_float_3_3
Parameters: 0.999998 -0.000318463 0.00189459 0.000316538 0.999999 0.0012996 -0.00189541 -0.0012994 0.999998 0.0249273 -0.05933 -0.107114
FixedParameters: 0 0 0

#Transform 108
Transform: AffineTransform_float_3_3
Parameters: 0.999998 -0.000217657 0.00169979 0.000216342 1 0.00097537 -0.00170021 -0.000974632 0.999998 0.0322105 -0.0464916 -0.0753306
FixedParameters: 0 0 0

#Transform 109
Transform: AffineTransform_float_3_3
Parameters: 0.999999 0.000149851 0.00149522 -0.000152148 0.999999 0.00143677 -0.00149478 -0.00143723 0.999998 0.00394094 -0.0641522 -0.0876036
FixedParameters: 0 0 0

#Transform 110
Transform: AffineTransform_float_3_3
Parameters: 0.999999 8.4914e-06 0.00128501 -9.50858e-06 1 0.00117399 -0.00128499 -0.00117401 0.999999 0.0312394 -0.0283085 -0.0218021
FixedParameters: 0 0 0

#Transform 111
Transform: AffineTransform_float_3_3
Parameters: 0.999997 7.61648e-06 0.00241001 -1.03835e-05 1 0.000988978 -0.00240999 -0.000989021 0.999996 0.00825818 -0.0354417 -0.0513285
FixedParameters: 0 0 0

#Transform 112
Transform: AffineTransform_float_3_3
Parameters: 0.999999 0.000110743 0.0013691 -0.000111257 0.999999 0.000917848 -0.0013689 -0.000918152 0.999998 0.0152775 -0.0340819 -0.0893257
FixedParameters: 0 0 0

#Transform 113
Transform: AffineTransform_float_3_3
Parameters: 0.999999 9.00854e-06 0.00127601 -9.99144e-06 0.999999 0.000776988 -0.00127599 -0.000777012 0.999999 0.0315 -0.0378302 -0.125533
FixedParameters: 0 0 0

#Transform 114
Transform: AffineTransform_float_3_3
Parameters: 0.999999 8.29284e-06 0.00136901 -9.70713e-06 0.999999 0.00124699 -0.00136899 -0.00124701 0.999999 0.0319253 -0.0679226 -0.101281
FixedParameters: 0 0 0

#Transform 115
Transform: AffineTransform_float_3_3
Parameters: 0.999999 0.000217927 0.00138017 -0.000219072 0.999999 0.000776698 -0.00137983 -0.000777301 0.999998 0.0121173 -0.0595336 -0.125552
FixedParameters: 0 0 0

#Transform 116
Transform: AffineTransform_float_3_3
Parameters: 0.999999 -0.000448985 0.00126865 0.000448013 0.999999 0.000777569 -0.00126935 -0.00077643 0.999999 0.0657102 -0.0737135 -0.125647
FixedParameters: 0 0 0

#Transform 117
Transform: AffineTransform_float_3_3
Parameters: 0.999999 7.7694e-05 0.000836028 -7.83059e-05 1 0.000365934 -0.000835971 -0.000366065 0.999999 0.0454271 -0.0258603 -0.120484
FixedParameters: 0 0 0

#Transform 118
Transform: AffineTransform_float_3_3
Parameters: 0.999999 -0.000177716 0.0012269 0.000177283 1 0.000584218 -0.0012271 -0.000583782 0.999999 0.0606485 -0.0897165 -0.127693
FixedParameters: 0 0 0

#Transform 119
Transform: AffineTransform_float_3_3
Parameters: 0.999999 -0.000177459 0.000835903 0.000177541 1 0.000549149 -0.000836098 -0.000548852 1 0.0588469 -0.0208453 -0.111462
FixedParameters: 0 0 0

#Transform 120
Transform: AffineTransform_float_3_3
Parameters: 0.999999 0.000110153 0.00145914 -0.000111847 0.999999 0.00126584 -0.00145886 -0.00126616 0.999998 0.0336831 -0.0955619 -0.089695
FixedParameters: 0 0 0

#Transform 121
Transform: AffineTransform_float_3_3
Parameters: 1 -0.000459741 0.0011297 0.00045926 0.999999 0.000655519 -0.0011293 -0.000655481 0.999999 0.0852082 -0.0337759 -0.102196
FixedParameters: 0 0 0

#Transform 122
Transform: AffineTransform_float_3_3
Parameters: 0.999998 0.000424479 0.00165165 -0.000427521 0.999998 0.0015263 -0.00165135 -0.0015267 0.999998 0.0140012 -0.0656977 -0.093033
FixedParameters: 0 0 0

#Transform 123
Transform: AffineTransform_float_3_3
Parameters: 0.999999 -0.00079279 0.000331115 0.00079221 0.999997 0.00237926 -0.000332885 -0.00237874 0.999997 0.0991438 -0.041271 -0.0498906
FixedParameters: 0 0 0

#Transform 124
Transform: AffineTransform_float_3_3
Parameters: 0.999999 -0.000265852 0.00170871 0.000264147 1 0.00108445 -0.00170929 -0.00108355 0.999998 0.0484983 -0.0800693 -0.0991085
FixedParameters: 0 0 0

#Transform 125
Transform: AffineTransform_float_3_3
Parameters: 1 -0.000173748 0.00114189 0.000173252 1 0.000655198 -0.00114211 -0.000654802 0.999999 0.0687283 -0.035061 -0.103471
FixedParameters: 0 0 0

#Transform 126
Transform: AffineTransform_float_3_3
Parameters: 0.999998 -0.000624426 0.00151941 0.000622573 1 0.000938948 -0.00152059 -0.000938052 0.999999 0.071963 -0.0589605 -0.100618
FixedParameters: 0 0 0

#Transform 127
Transform: AffineTransform_float_3_3
Parameters: 0.999998 -0.000569758 0.00190147 0.000568242 1 0.000925082 -0.00190253 -0.000923918 0.999998 0.086908 -0.0422803 -0.101215
FixedParameters: 0 0 0

#Transform 128
Transform: AffineTransform_float_3_3
Parameters: 0.999998 -0.000668214 0.00190122 0.000665786 0.999999 0.00116527 -0.00190178 -0.00116373 0.999997 0.0880006 -0.0650297 -0.0984361
FixedParameters: 0 0 0

#Transform 129
Transform: AffineTransform_float_3_3
Parameters: 0.999998 -0.000849675 0.00190081 0.000847322 0.999998 0.00140861 -0.00190219 -0.00140639 0.999997 0.106484 -0.0626437 -0.0958283
FixedParameters: 0 0 0

#Transform 130
Transform: AffineTransform_float_3_3
Parameters: 0.999998 -0.000805664 0.00179726 0.000804338 0.999999 0.000925448 -0.00179775 -0.000924554 0.999998 0.100604 -0.0749535 -0.15065
FixedParameters: 0 0 0

#Transform 131
Transform: AffineTransform_float_3_3
Parameters: 0.999997 -0.00163973 0.00189965 0.00163727 0.999997 0.00143811 -0.00190236 -0.00143588 0.999997 0.134351 -0.0803283 -0.124427
FixedParameters: 0 0 0

#Transform 132
Transform: AffineTransform_float_3_3
Parameters: 0.999998 -0.000724761 0.00190095 0.000722239 0.999998 0.00145238 -0.00190205 -0.00145162 0.999997 0.106792 -0.0864433 -0.144917
FixedParameters: 0 0 0

#Transform 133
Transform: AffineTransform_float_3_3
Parameters: 0.999999 -0.00103074 0.00146778 0.00102826 0.999999 0.00118751 -0.00146922 -0.00118549 0.999998 0.135626 -0.0986538 -0.147587
FixedParameters: 0 0 0

#Transform 134
Transform: AffineTransform_float_3_3
Parameters: 0.999999 -0.00107807 0.00142519 0.00107693 0.999999 0.000749536 -0.00142681 -0.000748463 0.999998 0.126006 -0.0468146 -0.145916
FixedParameters: 0 0 0

#Transform 135
Transform: AffineTransform_float_3_3
Parameters: 0.999999 -0.0012769 0.00109795 0.0012761 0.999999 0.000821402 -0.00109905 -0.000819598 0.999999 0.14508 -0.076243 -0.14457
FixedParameters: 0 0 0

#Transform 136
Transform: AffineTransform_float_3_3
Parameters: 0.999999 -0.00087235 0.00128508 0.000870649 0.999999 0.00105112 -0.00128591 -0.00104988 0.999998 0.128642 -0.0371021 -0.126476
FixedParameters: 0 0 0

#Transform 137
Transform: AffineTransform_float_3_3
Parameters: 0.999998 -0.00116132 0.00119471 0.00115967 0.999998 0.00110939 -0.00119629 -0.00110761 0.999998 0.141973 -0.0743976 -0.133754
FixedParameters: 0 0 0

#Transform 138
Transform: AffineTransform_float_3_3
Parameters: 1 -0.000921509 0.00075538 0.000921491 1 0.000673697 -0.000756621 -0.000672304 1 0.130208 -0.0310747 -0.128842
FixedParameters: 0 0 0

#Transform 139
Transform: AffineTransform_float_3_3
Parameters: 0.999998 -0.00122681 0.00102404 0.00122619 0.999999 0.000787257 -0.00102496 -0.000785744 0.999999 0.145863 -0.0824328 -0.151757
FixedParameters: 0 0 0

#Transform 140
Transform: AffineTransform_float_3_3
Parameters: 0.999998 -0.00110674 0.00133856 0.00110426 0.999998 0.00129948 -0.00133943 -0.00129752 0.999999 0.138692 -0.0445175 -0.14638
FixedParameters: 0 0 0

#Transform 141
Transform: AffineTransform_float_3_3
Parameters: 0.999999 -0.00163761 0.000750664 0.00163739 0.999999 0.000817231 -0.000752338 -0.00081577 1 0.169351 -0.0718398 -0.179006
FixedParameters: 0 0 0

#Transform 142
Transform: AffineTransform_float_3_3
Parameters: 0.999999 -0.000930693 0.00112543 0.000930307 1 0.000616048 -0.00112657 -0.000614953 0.999999 0.144009 -0.0160497 -0.190931
FixedParameters: 0 0 0

#Transform 143
Transform: AffineTransform_float_3_3
Parameters: 0.999999 -0.00139269 0.000702638 0.00139131 0.999999 0.00097898 -0.000704362 -0.000978021 1 0.168763 -0.0871759 -0.18648
FixedParameters: 0 0 0

#Transform 144
Transform: AffineTransform_float_3_3
Parameters: 0.999999 -0.000813891 0.0012024 0.000813109 1 0.000740979 -0.0012036 -0.000740021 0.999999 0.140246 -0.0588881 -0.161851
FixedParameters: 0 0 0

#Transform 145
Transform: AffineTransform_float_3_3
Parameters: 0.999999 -0.00130266 0.00118728 0.00130234 0.999999 0.000554547 -0.00118772 -0.000553454 0.999999 0.150173 -0.0442531 -0.153802
FixedParameters: 0 0 0

#Transform 146
Transform: AffineTransform_float_3_3
Parameters: 0.999999 -0.000868869 0.00112533 0.000868131 1 0.000771978 -0.00112667 -0.000771022 0.999999 0.146453 -0.0829404 -0.193092
FixedParameters: 0 0 0

#Transform 147
Transform: AffineTransform_float_3_3
Parameters: 0.999999 -0.00097361 0.000962384 0.00097339 1 0.000633938 -0.000963617 -0.000633063 1 0.149075 -0.0322624 -0.206383
FixedParameters: 0 0 0

#Transform 148
Transform: AffineTransform_float_3_3
Parameters: 0.999999 -0.000709125 0.00112529 0.000707875 0.999999 0.000999798 -0.00112671 -0.000999202 0.999999 0.133371 -0.10597 -0.20998
FixedParameters: 0 0 0

#Transform 149
Transform: AffineTransform_float_3_3
Parameters: 0.999999 -0.000797632 0.00112555 0.000797367 0.999999 0.000561898 -0.00112645 -0.000561102 0.999999 0.116362 -0.0656424 -0.203104
FixedParameters: 0 0 0

#Transform 150
Transform: AffineTransform_float_3_3
Parameters: 0.999999 -0.000920586 0.0011247 0.000918413 0.999998 0.00141003 -0.0011263 -0.00140896 0.999999 0.111893 -0.092879 -0.12108
FixedParameters: 0 0 0

#Transform 151
Transform: AffineTransform_float_3_3
Parameters: 0.999999 -0.000833834 0.00112464 0.000832165 0.999999 0.00163094 -0.00112636 -0.00162906 0.999998 0.117924 -0.105319 -0.0976566
FixedParameters: 0 0 0

#Transform 152
Transform: AffineTransform_float_3_3
Parameters: 0.999999 -0.000639599 0.00124318 0.000638402 0.999999 0.0012858 -0.00124382 -0.00128521 0.999999 0.122054 -0.0311068 0.0841927
FixedParameters: 0 0 0

#Transform 153
Transform: AffineTransform_float_3_3
Parameters: 0.999999 -0.000912949 0.00112442 0.00091105 0.999998 0.00173303 -0.00112658 -0.00173197 0.999998 0.106162 -0.0963681 -0.00322561
FixedParameters: 0 0 0

#Transform 154
Transform: AffineTransform_float_3_3
Parameters: 0.999999 -0.000798066 0.00112454 0.000795933 0.999998 0.0018369 -0.00112646 -0.0018351 0.999997 0.0906194 -0.040478 0.0607696
FixedParameters: 0 0 0

#Transform 155
Transform: AffineTransform_float_3_3
Parameters: 0.999999 -0.000719178 0.000678754 0.000718821 0.999998 0.00173449 -0.000680248 -0.00173451 0.999999 0.0983182 -0.108589 -0.00179205
FixedParameters: 0 0 0

#Transform 156
Transform: AffineTransform_float_3_3
Parameters: 1 -0.000217997 0.000544001 0.000218003 1 -4.88141e-06 -0.000543999 5.11859e-06 1 0.0770551 -0.0773857 -0.124107
FixedParameters: 0 0 0

#Transform 157
Transform: AffineTransform_float_3_3
Parameters: 0.999999 -0.000309488 0.000893831 0.000309512 1 0.000545277 -0.000894169 -0.000545724 1 0.087479 -0.0675707 -0.171019
FixedParameters: 0 0 0

#Transform 158
Transform: AffineTransform_float_3_3
Parameters: 1 -0.000309696 0.00112581 0.000309304 1 0.000618349 -0.00112619 -0.000617652 0.999999 0.0918776 -0.148137 -0.18791
FixedParameters: 0 0 0

#Transform 159
Transform: AffineTransform_float_3_3
Parameters: 1 -0.000123384 0.00112585 0.000122616 0.999999 0.00122914 -0.00112615 -0.00122886 0.999998 0.0827628 -0.108483 -0.200682
FixedParameters: 0 0 0

#Transform 160
Transform: AffineTransform_float_3_3
Parameters: 1 -0.000220749 0.00112566 0.00021925 0.999999 0.00155425 -0.00112634 -0.00155375 0.999998 0.0921932 -0.153761 -0.222703
FixedParameters: 0 0 0

#Transform 161
Transform: AffineTransform_float_3_3
Parameters: 1 -0.00041075 0.00112536 0.000409249 0.999998 0.00155446 -0.00112664 -0.00155454 0.999998 0.074656 -0.0873937 -0.242146
FixedParameters: 0 0 0

#Transform 162
Transform: AffineTransform_float_3_3
Parameters: 1 -0.000247726 0.00117964 0.000245274 0.999999 0.00146229 -0.00118036 -0.00146271 0.999998 0.0869613 -0.17282 -0.232478
FixedParameters: 0 0 0

#Transform 163
Transform: AffineTransform_float_3_3
Parameters: 1 -0.000310381 0.00112562 0.000308619 0.999999 0.00122635 -0.00112638 -0.00122665 0.999998 0.0789873 -0.134832 -0.235086
FixedParameters: 0 0 0

#Transform 164
Transform: AffineTransform_float_3_3
Parameters: 0.999999 1.15229e-05 0.000761023 -1.24771e-05 0.999998 0.00194099 -0.000760977 -0.00194101 0.999998 0.0734257 -0.190598 -0.253488
FixedParameters: 0 0 0

#Transform 165
Transform: AffineTransform_float_3_3
Parameters: 1 0.00022806 -2.34267e-05 -0.000227941 0.999997 0.002514 2.35731e-05 -0.00251399 0.999997 0.00423109 -0.150892 -0.163337
FixedParameters: 0 0 0

#Transform 166
Transform: AffineTransform_float_3_3
Parameters: 1 8.35825e-05 0.000232151 -8.44173e-05 0.999999 0.00179898 -0.000231849 -0.00179902 0.999999 0.0189813 -0.186094 -0.28757
FixedParameters: 0 0 0

#Transform 167
Transform: AffineTransform_float_3_3
Parameters: 1 7.94091e-05 0.000289163 -8.05905e-05 0.999998 0.00204398 -0.000288836 -0.00204402 0.999998 0.0166761 -0.141831 -0.205956
FixedParameters: 0 0 0

#Transform 168
Transform: AffineTransform_float_3_3
Parameters: 1 -8.8325e-05 0.0005818 8.66746e-05 0.999998 0.00227705 -0.000582199 -0.00227695 0.999997 0.0284226 -0.22629 -0.317224
FixedParameters: 0 0 0

#Transform 169
Transform: AffineTransform_float_3_3
Parameters: 0.999999 3.07399e-05 0.00079405 -3.226e-05 0.999998 0.00158698 -0.00079395 -0.00158703 0.999999 0.0120481 -0.144908 -0.359535
FixedParameters: 0 0 0

#Transform 170
Transform: AffineTransform_float_3_3
Parameters: 0.999999 -8.74141e-05 0.00073695 8.65857e-05 1 0.000562064 -0.000737048 -0.000561935 0.999999 0.026755 -0.165797 -0.428026
FixedParameters: 0 0 0

#Transform 171
Transform: AffineTransform_float_3_3
Parameters: 1 -0.000252867 0.000179187 0.000253132 0.999999 -0.000740954 -0.000178812 0.000741045 0.999999 0.0345481 -0.156759 -0.484108
FixedParameters: 0 0 0

#Transform 172
Transform: AffineTransform_float_3_3
Parameters: 1 3.48822e-05 0.000689006 -3.51178e-05 1 0.000170976 -0.000688994 -0.000171024 0.999999 0.0248036 -0.219231 -0.488857
FixedParameters: 0 0 0

#Transform 173
Transform: AffineTransform_float_3_3
Parameters: 1 -8.68603e-05 0.000417029 8.61401e-05 1 -0.000335964 -0.000416971 0.000335036 1 0.029468 -0.161806 -0.467325
FixedParameters: 0 0 0

#Transform 174
Transform: AffineTransform_float_3_3
Parameters: 1 -8.71251e-05 0.000416974 8.68749e-05 1 0.000300036 -0.000417026 -0.000299964 1 0.0598295 -0.232004 -0.454248
FixedParameters: 0 0 0

#Transform 175
Transform: AffineTransform_float_3_3
Parameters: 1 -8.69157e-05 0.000417017 8.60842e-05 1 -0.000201964 -0.000416983 0.000202036 1 0.0522148 -0.151749 -0.434615
FixedParameters: 0 0 0

#Transform 176
Transform: AffineTransform_float_3_3
Parameters: 1 -8.70692e-05 0.000332982 8.69307e-05 1 0.000208029 -0.000333018 -0.000207971 1 0.0612969 -0.249824 -0.461622
FixedParameters: 0 0 0

#Transform 177
Transform: AffineTransform_float_3_3
Parameters: 1 -8.72848e-05 0.00041694 8.67151e-05 1 0.000683036 -0.000417059 -0.000682963 0.999999 0.0484379 -0.20011 -0.410773
FixedParameters: 0 0 0

#Transform 178
Transform: AffineTransform_float_3_3
Parameters: 1 -8.72848e-05 0.00041694 8.67151e-05 1 0.000683036 -0.000417059 -0.000682963 0.999999 0.0521014 -0.261459 -0.429477
FixedParameters: 0 0 0

#Transform 179
Transform: AffineTransform_float_3_3
Parameters: 1 0.000314062 0.000416954 -0.000313939 1 -0.000147131 -0.000417046 0.000147869 1 0.0171648 -0.187066 -0.42915
FixedParameters: 0 0 0

#Transform 180
Transform: AffineTransform_float_3_3
Parameters: 1 0.000356559 0.000417377 -0.000357441 1 0.00105685 -0.000416622 -0.00105715 1 0.029447 -0.234237 -0.425347
FixedParameters: 0 0 0

#Transform 181
Transform: AffineTransform_float_3_3
Parameters: 0.999999 2.77453e-05 0.000786009 -2.72546e-05 1 0.000323979 -0.000785991 -0.000324022 0.999999 0.0190101 -0.197089 -0.398625
FixedParameters: 0 0 0

#Transform 182
Transform: AffineTransform_float_3_3
Parameters: 0.999999 2.7221e-05 0.000737029 -2.7779e-05 1 0.00105698 -0.000736971 -0.00105702 0.999999 0.0513993 -0.245237 -0.425662
FixedParameters: 0 0 0

#Transform 183
Transform: AffineTransform_float_3_3
Parameters: 0.999999 3.19456e-05 0.000970035 -3.30544e-05 1 0.00108697 -0.000969964 -0.00108703 0.999999 0.0588331 -0.248119 -0.440835
FixedParameters: 0 0 0

#Transform 184
Transform: AffineTransform_float_3_3
Parameters: 1 2.69559e-06 0.000417002 -3.30441e-06 0.999999 0.000729998 -0.000416998 -0.000730001 0.999999 0.0626057 -0.254828 -0.424982
FixedParameters: 0 0 0

#Transform 185
Transform: AffineTransform_float_3_3
Parameters: 1 0.000272918 0.000417054 -0.000273082 1 0.000196886 -0.000416946 -0.000197114 1 -0.000849481 -0.149022 -0.286191
FixedParameters: 0 0 0

#Transform 186
Transform: AffineTransform_float_3_3
Parameters: 0.999999 0.000422659 0.000762188 -0.00042334 1 0.000446677 -0.00076181 -0.000447322 0.999999 -0.0204591 -0.125822 -0.235477
FixedParameters: 0 0 0

#Transform 187
Transform: AffineTransform_float_3_3
Parameters: 1 0.00026368 0.000612137 -0.000263319 1 0.000521839 -0.000611862 -0.000522161 0.999999 -0.00233589 -0.14538 -0.308299
FixedParameters: 0 0 0

#Transform 188
Transform: AffineTransform_float_3_3
Parameters: 1 0.000263749 0.000417159 -0.000263251 1 0.00060189 -0.000416841 -0.00060211 0.999999 0.00713569 -0.137519 -0.337547
FixedParameters: 0 0 0

#Transform 189
Transform: AffineTransform_float_3_3
Parameters: 1 0.000263478 0.00059923 -0.000263522 1 0.000871843 -0.000598771 -0.000872159 1 0.0168331 -0.198949 -0.357631
