# transform file /out/sourcedata/freesurfer/sub-v1s13x0050037_ses-1/mri/transforms/cc_up.lta
# created by oesteban on Sun Mar  8 17:58:56 2026

type      = 0 # LINEAR_VOX_TO_VOX
nxforms   = 1
mean      = 130.0000 137.0000 115.0000
sigma     = 10000.0000
1 4 4
9.972416162490845e-01 -5.990122631192207e-02 -4.382939636707306e-02 1.072955226898193e+01 
5.984345450997353e-02 9.982043504714966e-01 -2.630157396197319e-03 5.815848827362061e+00 
4.390824213624001e-02 0.000000000000000e+00 9.990355372428894e-01 1.447308635711670e+01 
0.000000000000000e+00 0.000000000000000e+00 0.000000000000000e+00 1.000000000000000e+00 
src volume info
valid = 1  # volume info valid
filename = /out/sourcedata/freesurfer/sub-v1s13x0050037_ses-1/mri/norm.mgz
volume = 256 256 256
voxelsize = 1.000000000000000e+00 1.000000000000000e+00 1.000000000000000e+00
xras   = -9.999999403953552e-01 0.000000000000000e+00 0.000000000000000e+00
yras   = 0.000000000000000e+00 0.000000000000000e+00 -9.999999403953552e-01
zras   = 0.000000000000000e+00 9.999999403953552e-01 0.000000000000000e+00
cras   = -1.874427795410156e+00 1.050796508789062e+00 -1.348648071289062e+00
dst volume info
valid = 1  # volume info valid
filename = /out/sourcedata/freesurfer/sub-v1s13x0050037_ses-1/mri/norm.mgz
volume = 256 256 256
voxelsize = 1.000000000000000e+00 1.000000000000000e+00 1.000000000000000e+00
xras   = -9.999999403953552e-01 0.000000000000000e+00 0.000000000000000e+00
yras   = 0.000000000000000e+00 0.000000000000000e+00 -9.999999403953552e-01
zras   = 0.000000000000000e+00 9.999999403953552e-01 0.000000000000000e+00
cras   = -1.874427795410156e+00 1.050796508789062e+00 -1.348648071289062e+00
