# transform file /out/sourcedata/freesurfer/sub-v1s13x0050010_ses-1/mri/transforms/cc_up.lta
# created by oesteban on Sun Mar  8 14:20:42 2026

type      = 0 # LINEAR_VOX_TO_VOX
nxforms   = 1
mean      = 132.0000 128.0000 121.0000
sigma     = 10000.0000
1 4 4
9.972679615020752e-01 -4.304492846131325e-02 -6.003139913082123e-02 1.106801223754883e+01 
4.296715185046196e-02 9.990731477737427e-01 -2.586444607004523e-03 1.386088180541992e+01 
6.008709222078323e-02 2.328306436538696e-10 9.981931447982788e-01 3.460169792175293e+00 
0.000000000000000e+00 0.000000000000000e+00 0.000000000000000e+00 1.000000000000000e+00 
src volume info
valid = 1  # volume info valid
filename = /out/sourcedata/freesurfer/sub-v1s13x0050010_ses-1/mri/norm.mgz
volume = 256 256 256
voxelsize = 1.000000000000000e+00 1.000000000000000e+00 1.000000000000000e+00
xras   = -9.999999403953552e-01 0.000000000000000e+00 0.000000000000000e+00
yras   = 0.000000000000000e+00 0.000000000000000e+00 -9.999999403953552e-01
zras   = 0.000000000000000e+00 9.999999403953552e-01 0.000000000000000e+00
cras   = 4.883361816406250e+00 -5.081329345703125e-01 -1.804766845703125e+01
dst volume info
valid = 1  # volume info valid
filename = /out/sourcedata/freesurfer/sub-v1s13x0050010_ses-1/mri/norm.mgz
volume = 256 256 256
voxelsize = 1.000000000000000e+00 1.000000000000000e+00 1.000000000000000e+00
xras   = -9.999999403953552e-01 0.000000000000000e+00 0.000000000000000e+00
yras   = 0.000000000000000e+00 0.000000000000000e+00 -9.999999403953552e-01
zras   = 0.000000000000000e+00 9.999999403953552e-01 0.000000000000000e+00
cras   = 4.883361816406250e+00 -5.081329345703125e-01 -1.804766845703125e+01
