#Insight Transform File V1.0
#Transform 0
Transform: AffineTransform_float_3_3
Parameters: 0.999998 -0.00148754 -0.00135704 0.00148246 0.999994 -0.00334002 0.00136196 0.00333798 0.999994 0.150881 0.448935 0.89372
FixedParameters: 0 0 0

#Transform 1
Transform: AffineTransform_float_3_3
Parameters: 0.999999 -0.00133656 -0.00113565 0.00133144 0.999991 -0.00400852 0.00114135 0.00400748 0.999992 0.137583 0.60824 0.803136
FixedParameters: 0 0 0

#Transform 2
Transform: AffineTransform_float_3_3
Parameters: 1 -0.000970879 -0.000689967 0.000968121 0.999991 -0.00416067 0.000694034 0.00416033 0.999991 0.0826993 0.404302 0.807508
FixedParameters: 0 0 0

#Transform 3
Transform: AffineTransform_float_3_3
Parameters: 0.999999 -0.00109105 -0.00089106 0.00108695 0.999989 -0.00453697 0.00089594 0.00453603 0.99999 0.0956697 0.554645 0.76406
FixedParameters: 0 0 0

#Transform 4
Transform: AffineTransform_float_3_3
Parameters: 1 -0.000842189 -0.000578384 0.000838808 0.999984 -0.00549148 0.000583615 0.00549051 0.999985 0.0361547 0.521631 0.801384
FixedParameters: 0 0 0

#Transform 5
Transform: AffineTransform_float_3_3
Parameters: 1 -0.00091583 -0.000778516 0.000912172 0.999987 -0.00490671 0.000782484 0.00490528 0.999987 0.0613955 0.430683 0.713206
FixedParameters: 0 0 0

#Transform 6
Transform: AffineTransform_float_3_3
Parameters: 1 -0.000539894 -0.000404483 0.000538108 0.999989 -0.00466922 0.000406517 0.00466878 0.999989 0.0562573 0.576011 0.566458
FixedParameters: 0 0 0

#Transform 7
Transform: AffineTransform_float_3_3
Parameters: 0.999999 -0.00138833 -0.000402445 0.00138767 0.999993 -0.00328256 0.000406557 0.00328244 0.999994 0.108268 0.28136 0.521823
FixedParameters: 0 0 0

#Transform 8
Transform: AffineTransform_float_3_3
Parameters: 0.999998 -0.00141602 -0.000919365 0.00141298 0.999993 -0.0032773 0.000924634 0.00327569 0.999994 0.176959 0.434665 0.397724
FixedParameters: 0 0 0

#Transform 9
Transform: AffineTransform_float_3_3
Parameters: 0.999999 -0.00122924 -0.000714879 0.00122776 0.999998 -0.00172688 0.000717121 0.00172612 0.999999 0.154748 0.248425 0.338167
FixedParameters: 0 0 0

#Transform 10
Transform: AffineTransform_float_3_3
Parameters: 0.999999 -0.0014355 -0.00105296 0.0014335 0.999998 -0.00142051 0.00105504 0.00141849 0.999999 0.174491 0.191663 0.245398
FixedParameters: 0 0 0

#Transform 11
Transform: AffineTransform_float_3_3
Parameters: 0.999999 -0.00100753 -0.00120005 0.00100447 0.999995 -0.00293821 0.00120296 0.00293679 0.999995 0.151128 0.439178 0.164299
FixedParameters: 0 0 0

#Transform 12
Transform: AffineTransform_float_3_3
Parameters: 0.999999 -0.00082672 -0.00120182 0.000825279 0.999998 -0.00143099 0.00120318 0.00143001 0.999999 0.115455 0.137072 0.212925
FixedParameters: 0 0 0

#Transform 13
Transform: AffineTransform_float_3_3
Parameters: 1 -0.000895364 -0.000730554 0.000895637 1 -0.000498655 0.000730446 0.000497346 0.999999 0.0910563 0.109598 0.130763
FixedParameters: 0 0 0

#Transform 14
Transform: AffineTransform_float_3_3
Parameters: 0.999998 -0.00120781 -0.00103005 0.00120719 0.999999 -0.000789245 0.00103095 0.000788756 0.999999 0.151588 0.117573 0.126115
FixedParameters: 0 0 0

#Transform 15
Transform: AffineTransform_float_3_3
Parameters: 0.999999 -0.000982077 -0.00120694 0.000981921 0.999999 -6.51852e-05 0.00120706 6.38146e-05 1 0.144706 0.0830472 0.121395
FixedParameters: 0 0 0

#Transform 16
Transform: AffineTransform_float_3_3
Parameters: 0.999999 -0.000498322 -0.000626952 0.000497677 0.999997 -0.00210731 0.00062805 0.00210669 0.999998 0.0946636 0.339659 0.0712503
FixedParameters: 0 0 0

#Transform 17
Transform: AffineTransform_float_3_3
Parameters: 1 -0.0003449 -0.00038309 0.000345099 1 0.000259868 0.00038291 -0.000260132 1 0.0522553 -0.0195814 0.0803866
FixedParameters: 0 0 0

#Transform 18
Transform: AffineTransform_float_3_3
Parameters: 0.999999 -0.000344983 -0.00120701 0.000345017 1 1.35836e-05 0.001207 -1.44164e-05 1 0.0790993 0.0421566 0.0664486
FixedParameters: 0 0 0

#Transform 19
Transform: AffineTransform_float_3_3
Parameters: 1 -7.73291e-05 -0.000663846 7.56725e-05 0.999998 -0.00200205 0.000663153 0.00200195 0.999998 0.0415312 0.341135 -0.0187879
FixedParameters: 0 0 0

#Transform 20
Transform: AffineTransform_float_3_3
Parameters: 1 -0.000139999 1.80104e-05 0.000140001 1 -7.39975e-05 -1.79896e-05 7.40025e-05 1 0.00152779 -0.00426889 -0.0261647
FixedParameters: 0 0 0

#Transform 21
Transform: AffineTransform_float_3_3
Parameters: 1 -0.000345062 -0.000352939 0.000344938 1 -0.000176122 0.000353061 0.000175878 1 0.0489597 0.0700724 -0.0867893
FixedParameters: 0 0 0

#Transform 22
Transform: AffineTransform_float_3_3
Parameters: 1 -0.000141046 -0.000141954 0.000140954 1 -0.00032302 0.000142046 0.00032298 1 -0.00636465 0.067477 0.0831335
FixedParameters: 0 0 0

#Transform 23
Transform: AffineTransform_float_3_3
Parameters: 1 -2.81295e-05 -0.000303988 2.78705e-05 1 -0.000426008 0.000304012 0.000425991 1 0.000328976 0.0610354 0.0611889
FixedParameters: 0 0 0

#Transform 24
Transform: AffineTransform_float_3_3
Parameters: 0.999999 -0.000155107 -0.000772978 0.000154893 1 -0.00013812 0.000773021 0.00013788 0.999999 0.0314452 0.0480332 0.0473554
FixedParameters: 0 0 0

#Transform 25
Transform: AffineTransform_float_3_3
Parameters: 0.999999 -0.000344907 -0.000935033 0.000345092 1 9.86773e-05 0.000934965 -9.93225e-05 0.999999 0.0287045 0.0415575 0.00649961
FixedParameters: 0 0 0

#Transform 26
Transform: AffineTransform_float_3_3
Parameters: 0.999999 -0.000344659 -0.000935125 0.00034534 1 0.000363677 0.000934873 -0.000364322 0.999999 0.0662576 0.0178956 -0.0106431
FixedParameters: 0 0 0

#Transform 27
Transform: AffineTransform_float_3_3
Parameters: 1 -0.000345053 0.000102821 0.000344947 1 0.000520035 -0.000102179 -0.000519965 1 0.0131477 -0.00320121 -0.115744
FixedParameters: 0 0 0

#Transform 28
Transform: AffineTransform_float_3_3
Parameters: 1 -0.000345062 0.000102791 0.000344938 1 0.000605035 -0.000102209 -0.000604965 1 0.0131312 0.019399 -0.113293
FixedParameters: 0 0 0

#Transform 29
Transform: AffineTransform_float_3_3
Parameters: 1 -0.000506023 0.000102886 0.000505977 1 0.000225052 -0.000102114 -0.000224948 1 0.0135872 0.185335 -0.0891173
FixedParameters: 0 0 0

#Transform 30
Transform: AffineTransform_float_3_3
Parameters: 1 -0.000345198 0.000102334 0.000345803 0.999998 0.00192904 -0.000102667 -0.00192897 0.999998 0.0132139 -0.167041 -0.0226586
FixedParameters: 0 0 0

#Transform 31
Transform: AffineTransform_float_3_3
Parameters: 1 -0.000345706 0.000408404 0.000345295 0.999999 0.00172714 -0.000408597 -0.00172686 0.999999 0.0252724 -0.09141 -0.0606726
FixedParameters: 0 0 0

#Transform 32
Transform: AffineTransform_float_3_3
Parameters: 0.999999 -0.000722286 0.000621667 0.000721713 0.999999 0.000460449 -0.000622332 -0.00046055 0.999999 -0.0046317 0.159289 -0.0875086
FixedParameters: 0 0 0

#Transform 33
Transform: AffineTransform_float_3_3
Parameters: 1 -0.000622675 0.000667442 0.000620324 0.999996 0.00250641 -0.000669557 -0.00250558 0.999996 -0.0287226 -0.121176 -0.0212285
FixedParameters: 0 0 0

#Transform 34
Transform: AffineTransform_float_3_3
Parameters: 0.999999 -0.000567018 0.000432669 0.000565981 0.999997 0.00234925 -0.000434331 -0.00234975 0.999997 -0.00948366 -0.170017 -0.0927834
FixedParameters: 0 0 0

#Transform 35
Transform: AffineTransform_float_3_3
Parameters: 1 -0.000293751 0.000433492 0.000292248 0.999999 0.00173113 -0.000434507 -0.00173087 0.999999 -0.0139545 0.0205546 -0.0357968
FixedParameters: 0 0 0

#Transform 36
Transform: AffineTransform_float_3_3
Parameters: 1 -0.000293175 7.22925e-05 0.000292823 0.999997 0.00241402 -7.37071e-05 -0.00241398 0.999997 -0.00364572 -0.18437 -0.0815035
FixedParameters: 0 0 0

#Transform 37
Transform: AffineTransform_float_3_3
Parameters: 1 -0.000293226 0.000161591 0.000292774 0.999999 0.00139505 -0.000162409 -0.00139495 0.999999 0.01153 0.0195667 -0.175354
FixedParameters: 0 0 0

#Transform 38
Transform: AffineTransform_float_3_3
Parameters: 0.999999 -0.000688063 0.000432312 0.000686934 0.999997 0.0024553 -0.000434687 -0.0024547 0.999997 0.0269736 -0.135111 -0.145884
FixedParameters: 0 0 0

#Transform 39
Transform: AffineTransform_float_3_3
Parameters: 0.999999 -0.00148954 0.000877703 0.00148646 0.999994 0.00288831 -0.000882298 -0.00288769 0.999996 0.0693764 -0.187551 -0.258724
FixedParameters: 0 0 0

#Transform 40
Transform: AffineTransform_float_3_3
Parameters: 0.999997 -0.00212611 -0.000301349 0.00212689 0.999994 0.00298537 0.00029565 -0.00298664 0.999996 0.171517 -0.175307 -0.255384
FixedParameters: 0 0 0

#Transform 41
Transform: AffineTransform_float_3_3
Parameters: 0.999999 -0.00119098 -0.000404008 0.00119202 0.999996 0.00252452 0.000400992 -0.00252448 0.999996 0.0962649 -0.156422 -0.355211
FixedParameters: 0 0 0

#Transform 42
Transform: AffineTransform_float_3_3
Parameters: 0.999999 -0.00154102 4.68361e-06 0.00154098 0.999995 0.00280101 -9.31631e-06 -0.00280099 0.999996 0.0867158 -0.184408 -0.379468
FixedParameters: 0 0 0

#Transform 43
Transform: AffineTransform_float_3_3
Parameters: 1 -0.0010428 -9.51995e-05 0.0010432 0.999997 0.0021089 9.28001e-05 -0.0021091 0.999998 0.0695612 -0.0717106 -0.313061
FixedParameters: 0 0 0

#Transform 44
Transform: AffineTransform_float_3_3
Parameters: 0.999999 -0.000723652 -0.000190327 0.000724349 0.999998 0.00183386 0.000189673 -0.00183314 0.999999 0.0466946 0.0459384 -0.31377
FixedParameters: 0 0 0

#Transform 45
Transform: AffineTransform_float_3_3
Parameters: 1 -0.000312591 -0.000156817 0.000313406 0.999996 0.00261095 0.000155182 -0.00261105 0.999996 0.010196 -0.254659 -0.390393
FixedParameters: 0 0 0

#Transform 46
Transform: AffineTransform_float_3_3
Parameters: 1 -0.000313006 8.78434e-06 0.000312994 0.999999 0.000689002 -9.21565e-06 -0.000688997 1 -0.0329657 0.119081 -0.439964
FixedParameters: 0 0 0

#Transform 47
Transform: AffineTransform_float_3_3
Parameters: 1 -0.000314657 0.000417757 0.000313342 0.999992 0.00396113 -0.000419244 -0.00396087 0.999992 -0.0383528 -0.313862 -0.562326
FixedParameters: 0 0 0

#Transform 48
Transform: AffineTransform_float_3_3
Parameters: 0.999999 -0.000620468 0.000603494 0.000619532 0.999997 0.00243037 -0.000604507 -0.00242963 0.999997 -0.0022227 -0.127268 -0.579058
FixedParameters: 0 0 0

#Transform 49
Transform: AffineTransform_float_3_3
Parameters: 0.999999 -0.000797187 -0.000403609 0.000797813 0.999997 0.00201768 0.000402391 -0.00201732 0.999998 0.0445913 -0.063622 -0.486021
FixedParameters: 0 0 0

#Transform 50
Transform: AffineTransform_float_3_3
Parameters: 1 -0.000641781 0.000268139 0.00064122 0.999996 0.00290117 -0.000269861 -0.00290083 0.999996 -0.0165257 -0.266905 -0.408081
FixedParameters: 0 0 0

#Transform 51
Transform: AffineTransform_float_3_3
Parameters: 1 -0.000471001 0.000455969 0.000469999 0.999998 0.00219222 -0.000457031 -0.00219179 0.999998 -0.0309535 -0.0478042 -0.524717
FixedParameters: 0 0 0

#Transform 52
Transform: AffineTransform_float_3_3
Parameters: 1 -0.000482097 0.000455843 0.000480903 0.999997 0.00240322 -0.000457157 -0.00240278 0.999997 -0.0725469 -0.172815 -0.370541
FixedParameters: 0 0 0

#Transform 53
Transform: AffineTransform_float_3_3
Parameters: 1 0.000604067 -5.52721e-05 -0.000603932 0.999999 0.00120503 5.67278e-05 -0.00120497 1 -0.0805566 -0.138982 -0.307434
FixedParameters: 0 0 0

#Transform 54
Transform: AffineTransform_float_3_3
Parameters: 1 0.000358603 0.000282505 -0.000358396 0.999999 0.0014069 -0.000281496 -0.0014071 0.999999 -0.155368 -0.08121 -0.251336
FixedParameters: 0 0 0

#Transform 55
Transform: AffineTransform_float_3_3
Parameters: 0.999999 0.000352563 0.00119343 -0.000354437 0.999999 0.00120458 -0.00119257 -0.00120442 0.999998 -0.186022 0.0909547 -0.297835
FixedParameters: 0 0 0

#Transform 56
Transform: AffineTransform_float_3_3
Parameters: 0.999999 0.00128182 0.00119641 -0.00128517 0.999995 0.00265646 -0.00119259 -0.00265853 0.999996 -0.238125 -0.260295 -0.353043
FixedParameters: 0 0 0

#Transform 57
Transform: AffineTransform_float_3_3
Parameters: 0.999998 0.00128953 0.00188108 -0.00129348 0.999997 0.00237957 -0.00187793 -0.00238143 0.999996 -0.265738 0.00491924 -0.453781
FixedParameters: 0 0 0

#Transform 58
Transform: AffineTransform_float_3_3
Parameters: 0.999997 0.00137363 0.0017193 -0.00137937 0.999994 0.00312564 -0.00171569 -0.00312836 0.999993 -0.296081 -0.332558 -0.414423
FixedParameters: 0 0 0

#Transform 59
Transform: AffineTransform_float_3_3
Parameters: 0.999997 0.0013738 0.00206447 -0.0013792 0.999996 0.00251816 -0.00206053 -0.00252084 0.999994 -0.308961 -0.19738 -0.532272
FixedParameters: 0 0 0

#Transform 60
Transform: AffineTransform_float_3_3
Parameters: 0.999997 0.00137431 0.00196229 -0.00137969 0.999996 0.0023913 -0.00195871 -0.0023937 0.999995 -0.290463 -0.177021 -0.459222
FixedParameters: 0 0 0

#Transform 61
Transform: AffineTransform_float_3_3
Parameters: 0.999997 0.0013735 0.00190098 -0.0013795 0.999995 0.00289239 -0.00189702 -0.00289561 0.999994 -0.291415 -0.270225 -0.457457
FixedParameters: 0 0 0

#Transform 62
Transform: AffineTransform_float_3_3
Parameters: 0.999998 0.00122824 0.00196199 -0.00123276 0.999997 0.00242759 -0.00195901 -0.00243041 0.999995 -0.284117 -0.189583 -0.441475
FixedParameters: 0 0 0

#Transform 63
Transform: AffineTransform_float_3_3
Parameters: 0.999997 0.00137495 0.00196185 -0.00137905 0.999997 0.0020663 -0.00195915 -0.0020687 0.999996 -0.286507 -0.174204 -0.45231
FixedParameters: 0 0 0

#Transform 64
Transform: AffineTransform_float_3_3
Parameters: 0.999997 0.00137409 0.00196245 -0.00137991 0.999996 0.0025023 -0.00195855 -0.0025047 0.999995 -0.285922 -0.193341 -0.453704
FixedParameters: 0 0 0

#Transform 65
Transform: AffineTransform_float_3_3
Parameters: 0.999997 0.00137581 0.00172155 -0.00137919 0.999998 0.00185163 -0.00171945 -0.00185337 0.999997 -0.27476 -0.151156 -0.454476
FixedParameters: 0 0 0

#Transform 66
Transform: AffineTransform_float_3_3
Parameters: 0.999998 0.00137529 0.00185276 -0.00137971 0.999997 0.00200545 -0.00184924 -0.00200755 0.999997 -0.277225 -0.192261 -0.45358
FixedParameters: 0 0 0

#Transform 67
Transform: AffineTransform_float_3_3
Parameters: 0.999998 0.000955966 0.0016114 -0.000960036 0.999997 0.00250446 -0.0016096 -0.00250654 0.999995 -0.25358 -0.203757 -0.447594
FixedParameters: 0 0 0

#Transform 68
Transform: AffineTransform_float_3_3
Parameters: 0.999998 0.000943657 0.0018672 -0.00094834 0.999997 0.00232523 -0.0018648 -0.00232776 0.999995 -0.244285 -0.178383 -0.49106
FixedParameters: 0 0 0

#Transform 69
Transform: AffineTransform_float_3_3
Parameters: 0.999998 0.000489787 0.00164366 -0.000492213 0.999999 0.00134619 -0.00164334 -0.00134681 0.999997 -0.233085 0.00542886 -0.416262
FixedParameters: 0 0 0

#Transform 70
Transform: AffineTransform_float_3_3
Parameters: 0.999999 0.000760989 0.00155197 -0.000765012 0.999997 0.00258582 -0.00155003 -0.00258719 0.999996 -0.229678 -0.232393 -0.324881
FixedParameters: 0 0 0

#Transform 71
Transform: AffineTransform_float_3_3
Parameters: 0.999998 0.000487597 0.00155139 -0.000492401 0.999996 0.00283824 -0.00154961 -0.00283976 0.999995 -0.20714 -0.150245 -0.473298
FixedParameters: 0 0 0

#Transform 72
Transform: AffineTransform_float_3_3
Parameters: 0.999999 0.000668731 0.00131817 -0.000672269 0.999995 0.00324112 -0.00131583 -0.00324188 0.999994 -0.215066 -0.208526 -0.327203
FixedParameters: 0 0 0

#Transform 73
Transform: AffineTransform_float_3_3
Parameters: 0.999998 0.00109134 0.00155329 -0.00109566 0.999995 0.0030043 -0.00154972 -0.0030057 0.999995 -0.230764 -0.312107 -0.395863
FixedParameters: 0 0 0

#Transform 74
Transform: AffineTransform_float_3_3
Parameters: 0.999998 0.000744924 0.00185945 -0.000751074 0.999995 0.00326861 -0.00185655 -0.00327039 0.999993 -0.217783 -0.284575 -0.451112
FixedParameters: 0 0 0

#Transform 75
Transform: AffineTransform_float_3_3
Parameters: 1 0.000617824 -0.000337496 -0.000617177 0.999997 0.00243621 0.000338504 -0.00243579 0.999997 -0.128567 -0.255606 -0.615315
FixedParameters: 0 0 0

#Transform 76
Transform: AffineTransform_float_3_3
Parameters: 0.999999 0.000617843 -0.000697254 -0.000617157 0.999999 0.00120843 0.000697746 -0.00120857 0.999999 -0.110615 -0.186693 -0.610189
FixedParameters: 0 0 0

#Transform 77
Transform: AffineTransform_float_3_3
Parameters: 1 0.000616726 0.000176958 -0.000617274 0.999998 0.00155389 -0.000176041 -0.00155311 0.999999 -0.138534 -0.103778 -0.488779
FixedParameters: 0 0 0

#Transform 78
Transform: AffineTransform_float_3_3
Parameters: 1 0.000615169 0.000800412 -0.000617834 0.999997 0.00229051 -0.000799588 -0.00229049 0.999997 -0.174768 -0.236879 -0.467449
FixedParameters: 0 0 0

#Transform 79
Transform: AffineTransform_float_3_3
Parameters: 0.999999 0.000615953 0.000581111 -0.000617046 0.999998 0.00180264 -0.000579888 -0.00180336 0.999998 -0.14496 -0.120561 -0.379648
FixedParameters: 0 0 0

#Transform 80
Transform: AffineTransform_float_3_3
Parameters: 0.999999 0.000695407 0.00103974 -0.000697594 0.999996 0.00249628 -0.00103826 -0.00249672 0.999997 -0.186146 -0.209672 -0.460714
FixedParameters: 0 0 0

#Transform 81
Transform: AffineTransform_float_3_3
Parameters: 0.999999 0.000614826 0.000758766 -0.000617172 0.999995 0.00286853 -0.000756232 -0.00286846 0.999995 -0.152627 -0.190372 -0.260273
FixedParameters: 0 0 0

#Transform 82
Transform: AffineTransform_float_3_3
Parameters: 0.999999 0.000616294 0.000519837 -0.000617705 0.999999 0.00135768 -0.000519161 -0.00135832 0.999999 -0.112348 -0.11467 -0.380425
FixedParameters: 0 0 0

#Transform 83
Transform: AffineTransform_float_3_3
Parameters: 0.999998 0.000753112 -0.00214735 -0.000781882 0.999909 -0.0134834 0.00213665 0.0134856 0.999907 -0.143675 0.867404 0.0652393
FixedParameters: 0 0 0

#Transform 84
Transform: AffineTransform_float_3_3
Parameters: 1 0.000194981 0.00118209 -0.00018302 0.999948 -0.0101272 -0.00118391 0.0101268 0.999948 -0.225642 0.292992 0.305642
FixedParameters: 0 0 0

#Transform 85
Transform: AffineTransform_float_3_3
Parameters: 0.999999 0.00012823 0.000907743 -0.000118777 0.999949 -0.0101611 -0.000908253 0.0101609 0.999948 -0.193378 0.565375 0.245024
FixedParameters: 0 0 0

#Transform 86
Transform: AffineTransform_float_3_3
Parameters: 0.999998 0.000393861 0.00154428 -0.00037814 0.999953 -0.00961259 -0.00154771 0.0096114 0.999952 -0.237293 0.41355 0.285878
FixedParameters: 0 0 0

#Transform 87
Transform: AffineTransform_float_3_3
Parameters: 0.999999 0.00107609 0.00089584 -0.00106492 0.999924 -0.012293 -0.000908159 0.012292 0.999924 -0.210638 0.753945 0.372841
FixedParameters: 0 0 0

#Transform 88
Transform: AffineTransform_float_3_3
Parameters: 0.999999 0.000487941 0.000903701 -0.000478065 0.999939 -0.0109694 -0.000908297 0.0109686 0.999939 -0.194887 0.493001 0.424819
FixedParameters: 0 0 0

#Transform 89
Transform: AffineTransform_float_3_3
Parameters: 0.999999 0.000610772 0.00125894 -0.000596228 0.999932 -0.0117008 -0.00126606 0.0117002 0.99993 -0.208491 0.643079 0.262348
FixedParameters: 0 0 0

#Transform 90
Transform: AffineTransform_float_3_3
Parameters: 0.999999 0.000817625 0.0011592 -0.000805366 0.999941 -0.0108499 -0.00116881 0.010849 0.99994 -0.221666 0.445435 0.324582
FixedParameters: 0 0 0

#Transform 91
Transform: AffineTransform_float_3_3
Parameters: 0.999998 0.000943037 0.00141076 -0.000925961 0.999927 -0.0120283 -0.00142224 0.0120277 0.999926 -0.233072 0.593757 0.178868
FixedParameters: 0 0 0

#Transform 92
Transform: AffineTransform_float_3_3
Parameters: 1 0.000814682 0.000900334 -0.000805323 0.999943 -0.0107017 -0.000908671 0.0107013 0.999943 -0.210327 0.489934 0.294379
FixedParameters: 0 0 0

#Transform 93
Transform: AffineTransform_float_3_3
Parameters: 0.999998 0.00109797 0.00128839 -0.00108303 0.999932 -0.0115624 -0.00130061 0.0115606 0.999933 -0.228131 0.573045 0.178245
FixedParameters: 0 0 0

#Transform 94
Transform: AffineTransform_float_3_3
Parameters: 0.999998 0.000819096 0.00139582 -0.000804901 0.999949 -0.0100701 -0.00140418 0.0100689 0.999949 -0.251932 0.461953 0.189896
FixedParameters: 0 0 0

#Transform 95
Transform: AffineTransform_float_3_3
Parameters: 0.999998 0.00127896 0.00160116 -0.00126404 0.999956 -0.00931205 -0.00161284 0.00930996 0.999956 -0.266494 0.40119 0.0972232
FixedParameters: 0 0 0

#Transform 96
Transform: AffineTransform_float_3_3
Parameters: 1 0.000811846 0.000902891 -0.000805153 0.999971 -0.00755773 -0.00090911 0.00755627 0.999971 -0.162689 0.380509 0.0458845
FixedParameters: 0 0 0

#Transform 97
Transform: AffineTransform_float_3_3
Parameters: 1 0.000355991 0.00040325 -0.00035401 0.999988 -0.00492814 -0.000404749 0.00492785 0.999988 -0.115749 0.122018 -0.188089
FixedParameters: 0 0 0

#Transform 98
Transform: AffineTransform_float_3_3
Parameters: 0.999999 0.000586706 0.000577261 -0.000584294 0.999989 -0.00467834 -0.000579739 0.00467766 0.999989 -0.129629 0.19543 -0.194976
FixedParameters: 0 0 0

#Transform 99
Transform: AffineTransform_float_3_3
Parameters: 0.999999 0.000814857 0.00109493 -0.000808143 0.99998 -0.00624789 -0.00110007 0.00624711 0.99998 -0.190031 0.373344 -0.199761
FixedParameters: 0 0 0

#Transform 100
Transform: AffineTransform_float_3_3
Parameters: 0.999998 0.000541365 0.00150802 -0.000532635 0.999985 -0.00554182 -0.00151098 0.00554119 0.999984 -0.190892 0.352955 -0.271976
FixedParameters: 0 0 0

#Transform 101
Transform: AffineTransform_float_3_3
Parameters: 1 -0.000166546 0.00118949 0.000169455 0.999996 -0.0029038 -0.00118951 0.0029042 0.999995 -0.186355 0.0691962 -0.404899
FixedParameters: 0 0 0

#Transform 102
Transform: AffineTransform_float_3_3
Parameters: 1 0.00029773 0.00107998 -0.00029427 0.999994 -0.00345232 -0.00108102 0.00345168 0.999994 -0.228455 0.186369 -0.385741
FixedParameters: 0 0 0

#Transform 103
Transform: AffineTransform_float_3_3
Parameters: 1 0.000680473 0.000827342 -0.000676524 0.999985 -0.00539456 -0.000831662 0.00539344 0.999985 -0.275533 0.410267 -0.467515
FixedParameters: 0 0 0

#Transform 104
Transform: AffineTransform_float_3_3
Parameters: 0.999998 0.00122357 0.00121039 -0.00121942 0.999992 -0.00377248 -0.00121561 0.00377152 0.999992 -0.285668 0.0850591 -0.344891
FixedParameters: 0 0 0

#Transform 105
Transform: AffineTransform_float_3_3
Parameters: 0.999999 0.00129558 0.000826976 -0.00129342 0.999995 -0.00310907 -0.000831024 0.00310793 0.999995 -0.25942 0.0713032 -0.359521
FixedParameters: 0 0 0

#Transform 106
Transform: AffineTransform_float_3_3
Parameters: 0.999999 0.000917579 0.000828152 -0.000915422 0.999994 -0.00310876 -0.00083085 0.00310824 0.999995 -0.23554 0.120238 -0.373387
FixedParameters: 0 0 0

#Transform 107
Transform: AffineTransform_float_3_3
Parameters: 1 0.00077647 0.000828693 -0.00077453 0.999996 -0.00297665 -0.000831309 0.00297536 0.999995 -0.235208 0.112197 -0.392264
FixedParameters: 0 0 0

#Transform 108
Transform: AffineTransform_float_3_3
Parameters: 0.999999 0.000704811 0.00133046 -0.000699191 0.999993 -0.00361293 -0.00133253 0.00361206 0.999992 -0.268811 0.293764 -0.400212
FixedParameters: 0 0 0

#Transform 109
Transform: AffineTransform_float_3_3
Parameters: 1 0.000701961 0.000829345 -0.000699038 0.999997 -0.00236158 -0.000831653 0.00236142 0.999997 -0.235058 0.0421551 -0.311223
FixedParameters: 0 0 0

#Transform 110
Transform: AffineTransform_float_3_3
Parameters: 0.999998 0.00165188 0.000879617 -0.00164913 0.999994 -0.00326246 -0.000884383 0.00326055 0.999995 -0.333834 0.0902968 -0.50316
FixedParameters: 0 0 0

#Transform 111
Transform: AffineTransform_float_3_3
Parameters: 0.999996 -0.000911381 0.00245184 0.000919618 0.999994 -0.00310776 -0.00244915 0.00311024 0.999992 -0.116232 0.128313 -0.517164
FixedParameters: 0 0 0

#Transform 112
Transform: AffineTransform_float_3_3
Parameters: 0.999996 -0.00232766 0.00120552 0.00233034 0.999996 -0.0019412 -0.00120147 0.0019448 0.999998 0.0190729 0.0544009 -0.480524
FixedParameters: 0 0 0

#Transform 113
Transform: AffineTransform_float_3_3
Parameters: 0.99995 -0.00890891 0.004542 0.00891409 0.999959 -0.00110157 -0.00453201 0.00114143 0.999989 0.433226 0.220956 -0.705826
FixedParameters: 0 0 0

#Transform 114
Transform: AffineTransform_float_3_3
Parameters: 0.999992 -0.00386042 0.00119337 0.00386258 0.99999 -0.00216541 -0.00118563 0.0021696 0.999997 0.121708 0.307323 -0.353636
FixedParameters: 0 0 0

#Transform 115
Transform: AffineTransform_float_3_3
Parameters: 0.999997 -0.00233156 0.000961508 0.00233244 0.999996 -0.00150276 -0.000957493 0.00150524 0.999999 -0.024678 0.138637 -0.244514
FixedParameters: 0 0 0

#Transform 116
Transform: AffineTransform_float_3_3
Parameters: 0.999998 -0.00172086 0.00152142 0.00172313 0.999997 -0.00140238 -0.00151958 0.00140562 0.999998 -0.0787651 -0.00638735 -0.349996
FixedParameters: 0 0 0

#Transform 117
Transform: AffineTransform_float_3_3
Parameters: 0.999998 -0.00133197 0.00151902 0.00133203 0.999999 -1.79767e-05 -0.00151897 2.00233e-05 0.999999 -0.0631706 0.0586834 -0.282848
FixedParameters: 0 0 0

#Transform 118
Transform: AffineTransform_float_3_3
Parameters: 0.999998 -0.00141445 0.00151765 0.00141354 0.999998 0.000959147 -0.00151936 -0.000956853 0.999999 -0.145941 -0.0979396 -0.102699
FixedParameters: 0 0 0

#Transform 119
Transform: AffineTransform_float_3_3
Parameters: 0.999998 -0.000301944 0.00188133 0.000304055 1 -0.00109243 -0.00188067 0.00109357 0.999997 -0.207508 0.293351 -0.121435
FixedParameters: 0 0 0

#Transform 120
Transform: AffineTransform_float_3_3
Parameters: 0.999998 -0.000304688 0.00228091 0.000303313 1 0.000301693 -0.00228109 -0.000301306 0.999998 -0.239248 -0.0734761 -0.00836357
FixedParameters: 0 0 0

#Transform 121
Transform: AffineTransform_float_3_3
Parameters: 0.999997 0.000705654 0.00209711 -0.000703345 0.999999 -0.00126648 -0.00209789 0.00126452 0.999997 -0.275436 0.29751 -0.05162
FixedParameters: 0 0 0

#Transform 122
Transform: AffineTransform_float_3_3
Parameters: 0.999996 0.000245316 0.0030139 -0.000243682 1 -0.000437737 -0.00301411 0.000436263 0.999996 -0.314142 0.040235 -0.0322674
FixedParameters: 0 0 0

#Transform 123
Transform: AffineTransform_float_3_3
Parameters: 0.999997 7.03669e-05 0.00265999 -6.96327e-05 1 -0.000138186 -0.00266001 0.000137813 0.999997 -0.298552 -0.0923882 -0.072455
FixedParameters: 0 0 0

#Transform 124
Transform: AffineTransform_float_3_3
Parameters: 0.999997 -0.000317845 0.00245254 0.000322156 0.999998 -0.00169421 -0.00245246 0.00169478 0.999995 -0.240504 0.196759 -0.189229
FixedParameters: 0 0 0

#Transform 125
Transform: AffineTransform_float_3_3
Parameters: 0.999997 -0.000901191 0.00222992 0.000901808 0.999999 8.70112e-05 -0.00223008 -8.49905e-05 0.999998 -0.153655 -0.0522633 -0.215539
FixedParameters: 0 0 0

#Transform 126
Transform: AffineTransform_float_3_3
Parameters: 0.999998 -0.00161848 0.00101565 0.00161752 0.999997 0.00145465 -0.00101835 -0.00145335 0.999999 -0.0210831 -0.206173 -0.573393
FixedParameters: 0 0 0

#Transform 127
Transform: AffineTransform_float_3_3
Parameters: 0.999997 -0.00235038 0.000852194 0.00234862 0.999996 0.00162101 -0.000855806 -0.00161899 0.999999 0.0797265 -0.196595 -0.775922
FixedParameters: 0 0 0

#Transform 128
Transform: AffineTransform_float_3_3
Parameters: 0.999992 -0.00371011 0.00109924 0.00370888 0.999992 0.00101508 -0.00110376 -0.00101091 0.999999 0.162025 -0.0788462 -0.882142
FixedParameters: 0 0 0

#Transform 129
Transform: AffineTransform_float_3_3
Parameters: 0.999995 -0.00163795 0.00241939 0.00164005 0.999999 -0.000844036 -0.00241761 0.000847964 0.999996 -0.0777756 0.100495 -0.635602
FixedParameters: 0 0 0

#Transform 130
Transform: AffineTransform_float_3_3
Parameters: 0.999999 -0.000774911 0.00158107 0.000773089 0.999999 0.00120922 -0.00158194 -0.00120778 0.999998 -0.125622 -0.162557 -0.685548
FixedParameters: 0 0 0

#Transform 131
Transform: AffineTransform_float_3_3
Parameters: 1 0.000128676 0.000520329 -0.000129323 0.999997 0.00254493 -0.000519672 -0.00254507 0.999996 -0.131529 -0.198746 -0.95738
FixedParameters: 0 0 0

#Transform 132
Transform: AffineTransform_float_3_3
Parameters: 0.999999 -0.000803739 -5.21882e-05 0.000804265 0.999986 0.00520996 4.88112e-05 -0.00520904 0.999987 -0.043402 -0.273763 -0.952999
FixedParameters: 0 0 0

#Transform 133
Transform: AffineTransform_float_3_3
Parameters: 1 -0.00106455 0.000134757 0.00106445 0.999992 0.00398715 -0.000139245 -0.00398686 0.999992 -0.00366335 -0.272103 -0.919321
FixedParameters: 0 0 0

#Transform 134
Transform: AffineTransform_float_3_3
Parameters: 0.999999 -0.00037617 0.000675349 0.000374828 0.999998 0.00173225 -0.00067665 -0.00173175 0.999999 -0.107389 -0.0504925 -0.70644
FixedParameters: 0 0 0

#Transform 135
Transform: AffineTransform_float_3_3
Parameters: 0.999999 -0.00021208 0.00128166 0.000209919 0.999998 0.00162327 -0.00128234 -0.00162273 0.999998 -0.150738 -0.037217 -0.53704
FixedParameters: 0 0 0

#Transform 136
Transform: AffineTransform_float_3_3
Parameters: 0.999999 -0.000229457 0.00086335 0.000226544 0.999996 0.0028452 -0.000863647 -0.0028448 0.999995 -0.127136 -0.236805 -0.623805
FixedParameters: 0 0 0

#Transform 137
Transform: AffineTransform_float_3_3
Parameters: 0.999999 0.000199972 0.00128216 -0.000201028 0.999999 0.000801743 -0.00128184 -0.000802257 0.999999 -0.175127 0.0848949 -0.61642
FixedParameters: 0 0 0

#Transform 138
Transform: AffineTransform_float_3_3
Parameters: 0.999997 -0.000906892 0.00229668 0.000901108 0.999997 0.00256508 -0.00229932 -0.00256292 0.999994 -0.0454337 -0.12963 -0.782761
FixedParameters: 0 0 0

#Transform 139
Transform: AffineTransform_float_3_3
Parameters: 1 2.33328e-06 0.00117901 -5.66668e-06 0.999995 0.00311 -0.00117899 -0.00311001 0.999995 -0.1467 -0.332507 -0.88574
FixedParameters: 0 0 0

#Transform 140
Transform: AffineTransform_float_3_3
Parameters: 1 -0.000885985 0.000432963 0.000884016 0.999989 0.00456138 -0.000437036 -0.00456061 0.999989 -0.0207346 -0.422714 -1.07034
FixedParameters: 0 0 0

#Transform 141
Transform: AffineTransform_float_3_3
Parameters: 1 -0.000130957 0.000223442 0.000130041 0.999991 0.00427803 -0.000224558 -0.00427797 0.999991 -0.0554283 -0.422174 -1.08126
FixedParameters: 0 0 0

#Transform 142
Transform: AffineTransform_float_3_3
Parameters: 0.999999 0.000946918 0.000959069 -0.000948082 0.999999 0.00112809 -0.000957931 -0.00112891 0.999999 -0.250985 -0.0389198 -1.05945
FixedParameters: 0 0 0

#Transform 143
Transform: AffineTransform_float_3_3
Parameters: 0.999999 0.000945469 0.00110417 -0.00094853 0.999997 0.00229395 -0.00110183 -0.00229504 0.999997 -0.235917 -0.170966 -0.835993
FixedParameters: 0 0 0

#Transform 144
Transform: AffineTransform_float_3_3
Parameters: 0.999999 0.000275851 0.000677878 -0.000278147 0.999995 0.00317281 -0.000676121 -0.00317219 0.999994 -0.146807 -0.344686 -1.05487
FixedParameters: 0 0 0

#Transform 145
Transform: AffineTransform_float_3_3
Parameters: 1 0.000315383 0.00102681 -0.000317618 0.999996 0.00254968 -0.00102619 -0.00255032 0.999996 -0.179068 -0.217014 -0.951859
FixedParameters: 0 0 0

#Transform 146
Transform: AffineTransform_float_3_3
Parameters: 0.999999 0.000205979 0.000677618 -0.000208019 0.999995 0.00298386 -0.000676383 -0.00298314 0.999996 -0.136977 -0.255234 -0.98451
FixedParameters: 0 0 0

#Transform 147
Transform: AffineTransform_float_3_3
Parameters: 1 -0.000276774 -0.000229486 0.000278228 0.999985 0.00535793 0.000228513 -0.00535706 0.999985 -0.0593556 -0.470787 -1.16102
FixedParameters: 0 0 0

#Transform 148
Transform: AffineTransform_float_3_3
Parameters: 0.999998 -0.00155762 -0.00116196 0.00156538 0.999979 0.0063792 0.00115204 -0.00638081 0.999979 0.0282511 -0.524797 -1.23636
FixedParameters: 0 0 0

#Transform 149
Transform: AffineTransform_float_3_3
Parameters: 1 -0.000500896 -2.51556e-05 0.000501103 0.99999 0.00430299 2.2844e-05 -0.00430301 0.99999 -0.14006 -0.227071 -0.941894
FixedParameters: 0 0 0

#Transform 150
Transform: AffineTransform_float_3_3
Parameters: 0.999999 0.000164068 0.000695698 -0.000166933 0.999991 0.00421588 -0.000695302 -0.00421612 0.999991 -0.209767 -0.266371 -0.805323
FixedParameters: 0 0 0

#Transform 151
Transform: AffineTransform_float_3_3
Parameters: 0.999999 -0.000179919 0.000807136 0.000176082 0.999988 0.00485214 -0.000807864 -0.00485286 0.999988 -0.198711 -0.494243 -0.870323
FixedParameters: 0 0 0

#Transform 152
Transform: AffineTransform_float_3_3
Parameters: 0.999995 0.00287134 0.00139841 -0.00287266 0.999995 0.00118499 -0.00139459 -0.00118901 0.999999 -0.39212 -0.231817 -1.1372
FixedParameters: 0 0 0

#Transform 153
Transform: AffineTransform_float_3_3
Parameters: 0.999999 0.00117584 0.000880892 -0.00117716 0.999997 0.00245697 -0.000877109 -0.00245803 0.999996 -0.292087 -0.137796 -0.927346
FixedParameters: 0 0 0

#Transform 154
Transform: AffineTransform_float_3_3
Parameters: 1 0.000768934 0.000880685 -0.000772063 0.999993 0.00348532 -0.000877314 -0.00348667 0.999993 -0.288039 -0.213356 -0.899062
FixedParameters: 0 0 0

#Transform 155
Transform: AffineTransform_float_3_3
Parameters: 0.999999 -0.000523096 0.000875565 0.000518906 0.999989 0.00467246 -0.000877433 -0.00467154 0.999988 -0.146725 -0.443326 -1.10077
FixedParameters: 0 0 0

#Transform 156
Transform: AffineTransform_float_3_3
Parameters: 0.999999 -0.000224708 0.000693128 0.000222293 0.999993 0.00390416 -0.000693873 -0.00390385 0.999992 -0.167656 -0.276258 -0.936146
FixedParameters: 0 0 0

#Transform 157
Transform: AffineTransform_float_3_3
Parameters: 1 0.00079294 0.000879862 -0.000795059 0.999997 0.0023443 -0.000877139 -0.0023447 0.999997 -0.251657 -0.100344 -0.862946
FixedParameters: 0 0 0

#Transform 158
Transform: AffineTransform_float_3_3
Parameters: 0.999999 0.000445142 0.0011479 -0.000450859 0.999991 0.00423549 -0.0011461 -0.00423551 0.999991 -0.237435 -0.467838 -0.976892
FixedParameters: 0 0 0

#Transform 159
Transform: AffineTransform_float_3_3
Parameters: 1 0.000121559 0.000530565 -0.000124438 0.99999 0.00460294 -0.000529433 -0.00460307 0.99999 -0.182789 -0.417921 -0.980976
FixedParameters: 0 0 0

#Transform 160
Transform: AffineTransform_float_3_3
Parameters: 1 -3.42538e-05 5.18332e-05 3.47503e-05 0.999988 0.004888 -5.11705e-05 -0.004888 0.999988 -0.157745 -0.378279 -0.99325
FixedParameters: 0 0 0

#Transform 161
Transform: AffineTransform_float_3_3
Parameters: 1 0.000546082 -1.52971e-05 -0.000545914 0.999987 0.00495001 1.87025e-05 -0.00494999 0.999987 -0.171975 -0.348881 -1.00085
FixedParameters: 0 0 0

#Transform 162
Transform: AffineTransform_float_3_3
Parameters: 1 9.37561e-05 5.24384e-05 -9.42418e-05 0.999989 0.00467 -5.15605e-05 -0.00467001 0.999989 -0.129893 -0.363862 -0.96521
FixedParameters: 0 0 0

#Transform 163
Transform: AffineTransform_float_3_3
Parameters: 1 0.000609784 5.44694e-05 -0.000610213 0.999991 0.00404897 -5.15296e-05 -0.00404903 0.999992 -0.138251 -0.302197 -0.911
FixedParameters: 0 0 0

#Transform 164
Transform: AffineTransform_float_3_3
Parameters: 0.999999 0.000906867 5.427e-05 -0.000907132 0.999997 0.00250295 -5.17296e-05 -0.00250305 0.999997 -0.184157 -0.0041808 -0.716903
FixedParameters: 0 0 0

#Transform 165
Transform: AffineTransform_float_3_3
Parameters: 0.999999 0.0013433 0.000546197 -0.0013447 0.999994 0.00312227 -0.000541804 -0.00312273 0.999995 -0.233033 -0.247033 -0.636701
FixedParameters: 0 0 0

#Transform 166
Transform: AffineTransform_float_3_3
Parameters: 0.999999 0.00134218 0.000725239 -0.00134482 0.999991 0.00389903 -0.000719761 -0.00389997 0.999992 -0.236135 -0.364095 -0.720997
FixedParameters: 0 0 0

#Transform 167
Transform: AffineTransform_float_3_3
Parameters: 0.999999 0.000863612 0.000357371 -0.000864389 0.999992 0.00389969 -0.000354631 -0.00390031 0.999993 -0.198987 -0.318303 -0.736232
FixedParameters: 0 0 0

#Transform 168
Transform: AffineTransform_float_3_3
Parameters: 1 0.00104573 5.7223e-05 -0.00104627 0.999987 0.00499394 -5.17755e-05 -0.00499405 0.999987 -0.179076 -0.369538 -0.911939
FixedParameters: 0 0 0

#Transform 169
Transform: AffineTransform_float_3_3
Parameters: 0.999999 0.00136131 -5.03189e-05 -0.0013617 0.999983 0.00564308 5.76849e-05 -0.00564293 0.999984 -0.161772 -0.380308 -1.09997
FixedParameters: 0 0 0

#Transform 170
Transform: AffineTransform_float_3_3
Parameters: 0.999998 -0.00185942 0.000292111 0.00185758 0.999987 0.00478255 -0.000300886 -0.00478145 0.999989 0.0644373 -0.453879 -1.05981
FixedParameters: 0 0 0

#Transform 171
Transform: AffineTransform_float_3_3
Parameters: 0.999999 -0.00149021 0.000384352 0.00148979 0.999994 0.00312058 -0.000388651 -0.00312042 0.999995 0.0114197 -0.342585 -0.874183
FixedParameters: 0 0 0

#Transform 172
Transform: AffineTransform_float_3_3
Parameters: 1 0.000141261 0.00120232 -0.000143739 0.999998 0.00227883 -0.00120168 -0.00227817 0.999996 -0.180746 -0.103177 -0.78509
FixedParameters: 0 0 0

#Transform 173
Transform: AffineTransform_float_3_3
Parameters: 1 0.000431224 0.00111786 -0.000436777 0.999991 0.00427651 -0.00111614 -0.00427648 0.99999 -0.192181 -0.370426 -0.755234
FixedParameters: 0 0 0

#Transform 174
Transform: AffineTransform_float_3_3
Parameters: 1 -0.000306117 0.000214413 0.00030488 0.999987 0.00519207 -0.000216586 -0.00519193 0.999986 -0.07079 -0.466817 -0.797767
FixedParameters: 0 0 0

#Transform 175
Transform: AffineTransform_float_3_3
Parameters: 0.999999 -0.000188418 -0.000745173 0.000192587 0.999981 0.00615386 0.000744829 -0.00615414 0.999981 -0.0323508 -0.493774 -0.838685
FixedParameters: 0 0 0

#Transform 176
Transform: AffineTransform_float_3_3
Parameters: 1 0.000571353 -0.000334006 -0.000568647 0.999976 0.0070042 0.000337991 -0.00700381 0.999976 -0.116152 -0.513669 -0.95263
FixedParameters: 0 0 0

#Transform 177
Transform: AffineTransform_float_3_3
Parameters: 1 0.000436003 -0.000437025 -0.00043299 0.999977 0.0068482 0.000440976 -0.00684782 0.999977 -0.102369 -0.506497 -0.955042
FixedParameters: 0 0 0

#Transform 178
Transform: AffineTransform_float_3_3
Parameters: 1 0.000813567 -0.000517991 -0.000810434 0.999988 0.00493542 0.000522006 -0.00493458 0.999987 -0.149421 -0.232805 -0.880084
FixedParameters: 0 0 0

#Transform 179
Transform: AffineTransform_float_3_3
Parameters: 1 0.00117077 -0.000331819 -0.00116923 0.999986 0.00528339 0.000338182 -0.00528261 0.999986 -0.19924 -0.332953 -0.737464
FixedParameters: 0 0 0

#Transform 180
Transform: AffineTransform_float_3_3
Parameters: 1 0.00117355 -0.000332562 -0.00117244 0.999988 0.00463739 0.00033844 -0.00463661 0.999989 -0.200616 -0.350311 -0.818911
FixedParameters: 0 0 0

#Transform 181
Transform: AffineTransform_float_3_3
Parameters: 0.999999 0.00124222 0.000163039 -0.00124278 0.999988 0.0048598 -0.000156962 -0.0048602 0.999988 -0.23804 -0.256151 -0.737166
FixedParameters: 0 0 0

#Transform 182
Transform: AffineTransform_float_3_3
Parameters: 1 0.00108341 0.000410899 -0.00108659 0.999979 0.00635956 -0.000404097 -0.00636044 0.999979 -0.248922 -0.506798 -0.873504
FixedParameters: 0 0 0

#Transform 183
Transform: AffineTransform_float_3_3
Parameters: 0.999999 0.000926992 0.00016188 -0.000928008 0.99998 0.00633985 -0.000156119 -0.00634015 0.99998 -0.203987 -0.460473 -0.923381
FixedParameters: 0 0 0

#Transform 184
Transform: AffineTransform_float_3_3
Parameters: 1 0.00111577 0.000202859 -0.00111722 0.99998 0.00614377 -0.000195139 -0.00614422 0.999981 -0.170661 -0.430735 -0.949582
FixedParameters: 0 0 0

#Transform 185
Transform: AffineTransform_float_3_3
Parameters: 1 0.000612726 -0.000119332 -0.00061227 0.999982 0.00599007 0.00012367 -0.00598992 0.999982 -0.132977 -0.452754 -0.895743
FixedParameters: 0 0 0

#Transform 186
Transform: AffineTransform_float_3_3
Parameters: 1 0.00108758 8.64912e-05 -0.00108843 0.999986 0.00504791 -8.15067e-05 -0.00504809 0.999988 -0.222996 -0.294286 -0.803962
FixedParameters: 0 0 0

#Transform 187
Transform: AffineTransform_float_3_3
Parameters: 0.999999 0.00130547 0.000119955 -0.00130553 0.999988 0.00456084 -0.000114047 -0.00456115 0.999989 -0.264739 -0.257051 -0.647706
FixedParameters: 0 0 0

#Transform 188
Transform: AffineTransform_float_3_3
Parameters: 0.999999 0.00132524 0.000861261 -0.00132776 0.999994 0.00321086 -0.00085674 -0.00321214 0.999995 -0.289047 -0.254338 -0.690977
FixedParameters: 0 0 0

#Transform 189
