# transform file /out/sourcedata/freesurfer/sub-v1s13x0050003_ses-1/mri/transforms/cc_up.lta
# created by oesteban on Sun Mar  8 14:21:43 2026

type      = 0 # LINEAR_VOX_TO_VOX
nxforms   = 1
mean      = 130.0000 129.0000 122.0000
sigma     = 10000.0000
1 4 4
9.981512427330017e-01 -3.268154338002205e-02 -5.124309286475182e-02 9.474385261535645e+00 
3.263856098055840e-02 9.994657635688782e-01 -1.675598672591150e-03 1.910091400146484e+01 
5.127048119902611e-02 1.164153079491470e-10 9.986847639083862e-01 7.636848449707031e+00 
0.000000000000000e+00 0.000000000000000e+00 0.000000000000000e+00 1.000000000000000e+00 
src volume info
valid = 1  # volume info valid
filename = /out/sourcedata/freesurfer/sub-v1s13x0050003_ses-1/mri/norm.mgz
volume = 256 256 256
voxelsize = 1.000000000000000e+00 1.000000000000000e+00 1.000000000000000e+00
xras   = -9.999999403953552e-01 0.000000000000000e+00 0.000000000000000e+00
yras   = 0.000000000000000e+00 0.000000000000000e+00 -9.999999403953552e-01
zras   = 0.000000000000000e+00 9.999999403953552e-01 0.000000000000000e+00
cras   = 1.251388549804688e+00 -8.962234497070312e+00 -3.130981445312500e+00
dst volume info
valid = 1  # volume info valid
filename = /out/sourcedata/freesurfer/sub-v1s13x0050003_ses-1/mri/norm.mgz
volume = 256 256 256
voxelsize = 1.000000000000000e+00 1.000000000000000e+00 1.000000000000000e+00
xras   = -9.999999403953552e-01 0.000000000000000e+00 0.000000000000000e+00
yras   = 0.000000000000000e+00 0.000000000000000e+00 -9.999999403953552e-01
zras   = 0.000000000000000e+00 9.999999403953552e-01 0.000000000000000e+00
cras   = 1.251388549804688e+00 -8.962234497070312e+00 -3.130981445312500e+00
