#Insight Transform File V1.0
#Transform 0
Transform: AffineTransform_float_3_3
Parameters: 0.999999 0.000278289 0.000769535 -0.000276711 0.999998 -0.00167521 -0.000769465 0.00167479 0.999999 -0.0297878 0.0366783 0.253848
FixedParameters: 0 0 0

#Transform 1
Transform: AffineTransform_float_3_3
Parameters: 1 -0.000175542 0.000436185 0.000176459 1 -0.00105192 -0.000435815 0.00105108 1 0.00767182 0.0403073 0.134578
FixedParameters: 0 0 0

#Transform 2
Transform: AffineTransform_float_3_3
Parameters: 1 0.000122751 0.00054083 -0.000122248 0.999999 -0.00138907 -0.00054117 0.00138893 0.999999 -0.0131116 0.0146161 0.142608
FixedParameters: 0 0 0

#Transform 3
Transform: AffineTransform_float_3_3
Parameters: 1 5.65877e-07 0.000551 -4.34122e-07 1 -0.001027 -0.000551001 0.001027 1 -0.00288047 0.0432493 0.0625065
FixedParameters: 0 0 0

#Transform 4
Transform: AffineTransform_float_3_3
Parameters: 1 8.6194e-08 0.000142 8.6194e-08 1 -0.000607 -0.000142 0.000607 1 -0.0158712 -0.000532031 0.0841553
FixedParameters: 0 0 0

#Transform 5
Transform: AffineTransform_float_3_3
Parameters: 1 3.31151e-07 0.000551 3.31151e-07 1 -0.000601 -0.000551 0.000601 0.999999 -0.0100184 0.00185651 0.0807998
FixedParameters: 0 0 0

#Transform 6
Transform: AffineTransform_float_3_3
Parameters: 1 2.25918e-07 0.000163 2.25918e-07 0.999999 -0.001386 -0.000163 0.001386 0.999999 0.0136115 0.0482244 0.0618354
FixedParameters: 0 0 0

#Transform 7
Transform: AffineTransform_float_3_3
Parameters: 1 4.1595e-08 5.9e-05 4.1595e-08 1 -0.000705 -5.9e-05 0.000705 0.999999 0.0251863 0.00146173 0.0997289
FixedParameters: 0 0 0

#Transform 8
Transform: AffineTransform_float_3_3
Parameters: 1 1.71626e-07 0.000299 1.71626e-07 1 -0.000574 -0.000299 0.000574 1 -0.000650236 0.0238163 0.0319556
FixedParameters: 0 0 0

#Transform 9
Transform: AffineTransform_float_3_3
Parameters: 1 5.2864e-08 5.9e-05 5.2864e-08 0.999999 -0.000895999 -5.9e-05 0.000895999 0.999999 0.0082983 0.0444805 -0.0181257
FixedParameters: 0 0 0

#Transform 10
Transform: AffineTransform_float_3_3
Parameters: 1 3.25752e-07 0.000392 3.25752e-07 0.999999 -0.000830999 -0.000392 0.000830999 0.999999 -0.0192972 0.00592085 0.0454291
FixedParameters: 0 0 0

#Transform 11
Transform: AffineTransform_float_3_3
Parameters: 1 5.8608e-07 0.000555 -4.13919e-07 1 -0.001056 -0.000555001 0.001056 1 -0.0229594 0.00794913 0.0038697
FixedParameters: 0 0 0

#Transform 12
Transform: AffineTransform_float_3_3
Parameters: 1 -0.000178906 0.000116145 0.000179094 0.999999 -0.000807979 -0.000115855 0.00080802 0.999999 0.00867514 0.00498384 -0.0760343
FixedParameters: 0 0 0

#Transform 13
Transform: AffineTransform_float_3_3
Parameters: 1 9.3308e-05 0.000554948 -9.26919e-05 1 -0.000555051 -0.000555051 0.000554948 0.999999 -0.0277154 -0.0598819 0.0721684
FixedParameters: 0 0 0

#Transform 14
Transform: AffineTransform_float_3_3
Parameters: 1 4.65982e-07 0.000648999 4.65982e-07 0.999999 -0.000717999 -0.000648999 0.000717999 0.999999 0.0103987 -0.00942472 0.25054
FixedParameters: 0 0 0

#Transform 15
Transform: AffineTransform_float_3_3
Parameters: 1 3.1844e-07 0.00038 3.1844e-07 0.999999 -0.000837999 -0.00038 0.000837999 0.999999 -0.0174198 0.0432827 0.111014
FixedParameters: 0 0 0

#Transform 16
Transform: AffineTransform_float_3_3
Parameters: 1 1.73964e-07 0.000228 1.73964e-07 0.999999 -0.000763 -0.000228 0.000763 0.999999 -0.00290724 0.0503093 -0.00890931
FixedParameters: 0 0 0

#Transform 17
Transform: AffineTransform_float_3_3
Parameters: 1 7.60919e-05 0.000227969 -7.59081e-05 1 -0.000403017 -0.000228031 0.000402983 1 -0.00714537 0.0272738 0.0607621
FixedParameters: 0 0 0

#Transform 18
Transform: AffineTransform_float_3_3
Parameters: 1 1.539e-07 0.000228 1.539e-07 1 -0.000675 -0.000228 0.000675 0.999999 -0.00609196 0.0350433 -0.0120746
FixedParameters: 0 0 0

#Transform 19
Transform: AffineTransform_float_3_3
Parameters: 1 -4.62e-10 -2e-06 -4.62e-10 1 -0.000231 2e-06 0.000231 1 0.0024364 0.0206292 -0.0368579
FixedParameters: 0 0 0

#Transform 20
Transform: AffineTransform_float_3_3
Parameters: 1 3.135e-09 3.3e-05 3.135e-09 1 -9.5e-05 -3.3e-05 9.5e-05 1 0.00114241 -0.00597478 0.0239928
FixedParameters: 0 0 0

#Transform 21
Transform: AffineTransform_float_3_3
Parameters: 1 1.196e-09 5.2e-05 1.196e-09 1 -2.3e-05 -5.2e-05 2.3e-05 1 -0.00253167 0.0243682 -0.0612394
FixedParameters: 0 0 0

#Transform 22
Transform: AffineTransform_float_3_3
Parameters: 1 -0.000407986 5.21089e-05 0.000408014 1 -0.000266979 -5.18911e-05 0.000267021 1 0.00636847 0.0257372 -0.0526869
FixedParameters: 0 0 0

#Transform 23
Transform: AffineTransform_float_3_3
Parameters: 1 -7.99861e-05 5.20214e-05 8.00139e-05 1 -0.000266996 -5.19786e-05 0.000267004 1 0.00159432 0.00620363 -0.0446799
FixedParameters: 0 0 0

#Transform 24
Transform: AffineTransform_float_3_3
Parameters: 1 -0.00040803 -0.000110891 0.00040797 1 -0.000267045 0.000111109 0.000266955 1 0.00435479 0.0241892 -0.0932305
FixedParameters: 0 0 0

#Transform 25
Transform: AffineTransform_float_3_3
Parameters: 1 -0.000408001 5.19894e-05 0.000407999 1 2.60212e-05 -5.20106e-05 -2.59788e-05 1 -0.0126821 0.0118661 -0.0567062
FixedParameters: 0 0 0

#Transform 26
Transform: AffineTransform_float_3_3
Parameters: 1 -0.000157954 -0.00036202 0.000158046 1 0.000125943 0.00036198 -0.000126057 1 -0.000820219 -0.0160447 -0.0557605
FixedParameters: 0 0 0

#Transform 27
Transform: AffineTransform_float_3_3
Parameters: 1 -0.000408062 -0.000230891 0.000407938 1 -0.000267094 0.000231109 0.000266906 1 0.000528246 0.0175856 -0.11916
FixedParameters: 0 0 0

#Transform 28
Transform: AffineTransform_float_3_3
Parameters: 1 -0.00040794 -0.00012819 0.000408059 1 0.000465948 0.00012781 -0.000466052 1 -0.00327921 -0.0557065 -0.0388506
FixedParameters: 0 0 0

#Transform 29
Transform: AffineTransform_float_3_3
Parameters: 1 -0.000171892 -0.000178105 0.000171108 1 0.000608969 0.000177896 -0.00060903 1 -0.00481927 -0.0365496 -0.0367757
FixedParameters: 0 0 0

#Transform 30
Transform: AffineTransform_float_3_3
Parameters: 1 -0.000503813 -0.000400235 0.000503186 1 0.000465799 0.000399765 -0.000466201 1 0.00830752 -0.0518879 -0.165351
FixedParameters: 0 0 0

#Transform 31
Transform: AffineTransform_float_3_3
Parameters: 1 -0.000407719 -0.000400286 0.000408281 0.999999 0.000702836 0.000399713 -0.000702163 0.999999 0.0236072 -0.109337 -0.157787
FixedParameters: 0 0 0

#Transform 32
Transform: AffineTransform_float_3_3
Parameters: 1 -0.000408077 9.66743e-05 0.000407922 0.999999 0.000798039 -9.73255e-05 -0.00079796 0.999999 0.00509371 -0.112952 -0.17267
FixedParameters: 0 0 0

#Transform 33
Transform: AffineTransform_float_3_3
Parameters: 1 -0.00040808 9.66621e-05 0.000407919 0.999999 0.000828039 -9.73377e-05 -0.00082796 0.999999 -0.00321074 -0.108541 -0.169025
FixedParameters: 0 0 0

#Transform 34
Transform: AffineTransform_float_3_3
Parameters: 1 -0.000407755 -0.000323309 0.000408245 0.999999 0.000758868 0.00032269 -0.000758131 0.999999 0.00784147 -0.09792 -0.169085
FixedParameters: 0 0 0

#Transform 35
Transform: AffineTransform_float_3_3
Parameters: 1 -0.000408035 3.9643e-05 0.000407965 0.999999 0.000875016 -4.0357e-05 -0.000874983 0.999999 -0.000124188 -0.115769 -0.152368
FixedParameters: 0 0 0

#Transform 36
Transform: AffineTransform_float_3_3
Parameters: 1 -0.0004081 9.65773e-05 0.000407899 1 0.00103604 -9.74227e-05 -0.00103596 1 -0.0123395 -0.121885 -0.150006
FixedParameters: 0 0 0

#Transform 37
Transform: AffineTransform_float_3_3
Parameters: 0.999999 -0.00063675 -0.000314505 0.000636249 0.999999 0.000793799 0.000314495 -0.0007942 0.999999 0.023736 -0.0974562 -0.184853
FixedParameters: 0 0 0

#Transform 38
Transform: AffineTransform_float_3_3
Parameters: 1 -0.000407847 -0.000153408 0.000408153 1 0.000999937 0.000152592 -0.00100006 0.999999 -0.00827285 -0.120507 -0.12952
FixedParameters: 0 0 0

#Transform 39
Transform: AffineTransform_float_3_3
Parameters: 1 -0.000408019 2.06152e-05 0.000407981 0.999999 0.000943008 -2.03847e-05 -0.000942991 0.999999 0.00178991 -0.118308 -0.149369
FixedParameters: 0 0 0

#Transform 40
Transform: AffineTransform_float_3_3
Parameters: 1 -0.000537736 -0.000280507 0.000538265 1 0.00094285 0.000280493 -0.000943152 1 0.0210313 -0.11857 -0.208425
FixedParameters: 0 0 0

#Transform 41
Transform: AffineTransform_float_3_3
Parameters: 0.999999 -0.000716821 -0.000190676 0.00071718 1 0.000942863 0.000190324 -0.000943137 0.999999 0.0166446 -0.127928 -0.177123
FixedParameters: 0 0 0

#Transform 42
Transform: AffineTransform_float_3_3
Parameters: 0.999999 -0.000718035 2.91499e-05 0.000717965 0.999999 0.00118402 -2.98501e-05 -0.00118398 1 0.0122002 -0.15509 -0.188121
FixedParameters: 0 0 0

#Transform 43
Transform: AffineTransform_float_3_3
Parameters: 0.999999 -0.000770799 -0.000190815 0.000771201 0.999999 0.00105685 0.000190185 -0.00105715 1 0.0211113 -0.150534 -0.241313
FixedParameters: 0 0 0

#Transform 44
Transform: AffineTransform_float_3_3
Parameters: 0.999999 -0.00083657 -0.000361993 0.000837429 0.999999 0.0011867 0.000361006 -0.0011873 0.999999 0.0284319 -0.155391 -0.248587
FixedParameters: 0 0 0

#Transform 45
Transform: AffineTransform_float_3_3
Parameters: 0.999999 -0.000836718 -0.000191235 0.000837282 0.999998 0.00147584 0.000190765 -0.00147516 0.999999 0.0220948 -0.185182 -0.245289
FixedParameters: 0 0 0

#Transform 46
Transform: AffineTransform_float_3_3
Parameters: 1 -0.000835999 -0.000667257 0.000837002 0.999999 0.00150244 0.000665743 -0.00150256 0.999998 0.0195834 -0.200702 -0.29954
FixedParameters: 0 0 0

#Transform 47
Transform: AffineTransform_float_3_3
Parameters: 0.999998 -0.0013785 -0.000825516 0.0013805 0.999998 0.00182386 0.000822482 -0.00182514 0.999998 0.0296169 -0.238878 -0.377448
FixedParameters: 0 0 0

#Transform 48
Transform: AffineTransform_float_3_3
Parameters: 0.999999 -0.00111379 -0.000631144 0.00111421 0.999997 0.0019233 0.000628858 -0.0019237 0.999998 0.0149417 -0.21666 -0.34707
FixedParameters: 0 0 0

#Transform 49
Transform: AffineTransform_float_3_3
Parameters: 0.999999 -0.00137881 -0.000631606 0.00138019 0.999998 0.00188913 0.000628393 -0.00188987 0.999998 0.01427 -0.232851 -0.376337
FixedParameters: 0 0 0

#Transform 50
Transform: AffineTransform_float_3_3
Parameters: 0.999998 -0.00137819 -0.000904755 0.00138081 0.999997 0.00199775 0.000902241 -0.00199925 0.999997 0.0198398 -0.231247 -0.42815
FixedParameters: 0 0 0

#Transform 51
Transform: AffineTransform_float_3_3
Parameters: 0.999998 -0.00137775 -0.00105594 0.00138024 0.999997 0.00213055 0.00105206 -0.00213145 0.999997 0.0146594 -0.212868 -0.392693
FixedParameters: 0 0 0

#Transform 52
Transform: AffineTransform_float_3_3
Parameters: 0.999998 -0.00137786 -0.000924202 0.00138014 0.999997 0.00232173 0.000920796 -0.00232327 0.999997 0.0277138 -0.264683 -0.429806
FixedParameters: 0 0 0

#Transform 53
Transform: AffineTransform_float_3_3
Parameters: 0.999998 -0.00137794 -0.00105569 0.00138005 0.999997 0.00194855 0.00105231 -0.00194945 0.999997 0.030389 -0.250762 -0.448036
FixedParameters: 0 0 0

#Transform 54
Transform: AffineTransform_float_3_3
Parameters: 0.999999 -0.00137737 -0.00116711 0.00138063 0.999997 0.00225639 0.00116389 -0.00225861 0.999997 0.0356626 -0.275949 -0.535611
FixedParameters: 0 0 0

#Transform 55
Transform: AffineTransform_float_3_3
Parameters: 0.999998 -0.00137754 -0.00105622 0.00138046 0.999997 0.00233255 0.00105278 -0.00233445 0.999996 0.0147986 -0.265121 -0.454523
FixedParameters: 0 0 0

#Transform 56
Transform: AffineTransform_float_3_3
Parameters: 0.999998 -0.00137769 -0.000908517 0.00138031 0.999996 0.00254975 0.000904482 -0.00255125 0.999997 0.00935463 -0.311891 -0.441111
FixedParameters: 0 0 0

#Transform 57
Transform: AffineTransform_float_3_3
Parameters: 0.999999 -0.00137857 -0.000653019 0.00138043 0.999996 0.0021881 0.000649981 -0.0021889 0.999998 -0.000131395 -0.284536 -0.480852
FixedParameters: 0 0 0

#Transform 58
Transform: AffineTransform_float_3_3
Parameters: 0.999998 -0.00131262 -0.00106394 0.00131538 0.999996 0.0022376 0.00106106 -0.00223839 0.999997 -0.0020687 -0.268067 -0.480645
FixedParameters: 0 0 0

#Transform 59
Transform: AffineTransform_float_3_3
Parameters: 0.999999 -0.00128635 -0.000645292 0.00128765 0.999996 0.00255717 0.000641709 -0.00255783 0.999996 -0.0179818 -0.305112 -0.447625
FixedParameters: 0 0 0

#Transform 60
Transform: AffineTransform_float_3_3
Parameters: 0.999998 -0.00137759 -0.000860873 0.00138041 0.999995 0.00280881 0.000857124 -0.00281018 0.999995 -0.00871278 -0.305307 -0.44893
FixedParameters: 0 0 0

#Transform 61
Transform: AffineTransform_float_3_3
Parameters: 0.999998 -0.0013777 -0.00106399 0.0013803 0.999996 0.00216453 0.00106101 -0.00216546 0.999997 0.0115165 -0.274091 -0.490862
FixedParameters: 0 0 0

#Transform 62
Transform: AffineTransform_float_3_3
Parameters: 0.999998 -0.00137729 -0.00106451 0.0013807 0.999996 0.00254453 0.00106049 -0.00254646 0.999996 0.0101568 -0.30421 -0.455762
FixedParameters: 0 0 0

#Transform 63
Transform: AffineTransform_float_3_3
Parameters: 0.999998 -0.00137764 -0.00106406 0.00138036 0.999996 0.00222253 0.00106093 -0.00222446 0.999997 0.020231 -0.286953 -0.511294
FixedParameters: 0 0 0

#Transform 64
Transform: AffineTransform_float_3_3
Parameters: 0.999998 -0.00158665 -0.00106451 0.00158935 0.999997 0.00220931 0.00106049 -0.00221169 0.999997 0.0234199 -0.2862 -0.563454
FixedParameters: 0 0 0

#Transform 65
Transform: AffineTransform_float_3_3
Parameters: 0.999998 -0.00126846 -0.000999236 0.00127154 0.999996 0.00254773 0.000996762 -0.00254927 0.999997 0.00493299 -0.302306 -0.50038
FixedParameters: 0 0 0

#Transform 66
Transform: AffineTransform_float_3_3
Parameters: 0.999998 -0.00157815 -0.00106524 0.00158185 0.999995 0.00268032 0.00106076 -0.00268168 0.999996 0.0252029 -0.325749 -0.52746
FixedParameters: 0 0 0

#Transform 67
Transform: AffineTransform_float_3_3
Parameters: 0.999997 -0.00165204 -0.00134365 0.00165496 0.999996 0.00220478 0.00134035 -0.00220722 0.999996 0.0434747 -0.273151 -0.622388
FixedParameters: 0 0 0

#Transform 68
Transform: AffineTransform_float_3_3
Parameters: 0.999998 -0.00183642 -0.00133993 0.00183959 0.999994 0.00267954 0.00133507 -0.00268146 0.999995 0.0290515 -0.308915 -0.575082
FixedParameters: 0 0 0

#Transform 69
Transform: AffineTransform_float_3_3
Parameters: 0.999999 -0.00146324 -0.0010648 0.00146576 0.999995 0.00259644 0.0010612 -0.00259756 0.999996 0.0135643 -0.287336 -0.547773
FixedParameters: 0 0 0

#Transform 70
Transform: AffineTransform_float_3_3
Parameters: 0.999999 -0.00150156 -0.00106445 0.00150444 0.999996 0.0022924 0.00106055 -0.0022946 0.999997 0.0272453 -0.276364 -0.64059
FixedParameters: 0 0 0

#Transform 71
Transform: AffineTransform_float_3_3
Parameters: 0.999998 -0.00162723 -0.00106525 0.00162977 0.999996 0.00260827 0.00106075 -0.00260973 0.999996 0.0238424 -0.288229 -0.597458
FixedParameters: 0 0 0

#Transform 72
Transform: AffineTransform_float_3_3
Parameters: 0.999998 -0.00137781 -0.000904344 0.00138019 0.999996 0.00242475 0.000900654 -0.00242624 0.999996 0.0128568 -0.304589 -0.562842
FixedParameters: 0 0 0

#Transform 73
Transform: AffineTransform_float_3_3
Parameters: 0.999998 -0.00118733 -0.0015091 0.00118967 0.999997 0.00176721 0.0015069 -0.00176979 0.999998 0.0577995 -0.244311 -0.407221
FixedParameters: 0 0 0

#Transform 74
Transform: AffineTransform_float_3_3
Parameters: 0.999998 -0.00118123 -0.0015591 0.00118477 0.999997 0.00177816 0.0015569 -0.00177984 0.999997 0.046941 -0.270177 -0.496272
FixedParameters: 0 0 0

#Transform 75
Transform: AffineTransform_float_3_3
Parameters: 0.999999 -0.00106068 -0.00148066 0.00106332 0.999998 0.00156543 0.00147934 -0.00156657 0.999997 0.0424143 -0.262239 -0.542196
FixedParameters: 0 0 0

#Transform 76
Transform: AffineTransform_float_3_3
Parameters: 0.999998 -0.00106752 -0.00158667 0.00107048 0.999998 0.00156531 0.00158433 -0.0015667 0.999998 0.050278 -0.249996 -0.542334
FixedParameters: 0 0 0

#Transform 77
Transform: AffineTransform_float_3_3
Parameters: 0.999999 -0.00106747 -0.001356 0.00106953 0.999997 0.00186855 0.001354 -0.00187045 0.999998 0.0443651 -0.284233 -0.507988
FixedParameters: 0 0 0

#Transform 78
Transform: AffineTransform_float_3_3
Parameters: 0.999998 -0.00116813 -0.00158712 0.00117087 0.999997 0.00180814 0.00158488 -0.00180985 0.999997 0.0478878 -0.260787 -0.541409
FixedParameters: 0 0 0

#Transform 79
Transform: AffineTransform_float_3_3
Parameters: 0.999998 -0.00117286 -0.00158732 0.00117614 0.999998 0.00197814 0.00158468 -0.00197986 0.999997 0.0480239 -0.277912 -0.586183
FixedParameters: 0 0 0

#Transform 80
Transform: AffineTransform_float_3_3
Parameters: 0.999998 -0.00105652 -0.00158799 0.00106048 0.999996 0.00282232 0.00158501 -0.00282468 0.999995 0.0463946 -0.309193 -0.528016
FixedParameters: 0 0 0

#Transform 81
Transform: AffineTransform_float_3_3
Parameters: 0.999999 -0.00110712 -0.00111985 0.00110988 0.999996 0.00257276 0.00111715 -0.00257424 0.999996 0.0296301 -0.308514 -0.557631
FixedParameters: 0 0 0

#Transform 82
Transform: AffineTransform_float_3_3
Parameters: 0.999998 -0.00122771 -0.00166916 0.00123129 0.999996 0.00257195 0.00166584 -0.00257405 0.999996 0.0417147 -0.30024 -0.617738
FixedParameters: 0 0 0

#Transform 83
Transform: AffineTransform_float_3_3
Parameters: 0.999999 -0.00115234 -0.00142197 0.00115566 0.999996 0.00257236 0.00141903 -0.00257464 0.999995 0.00105768 -0.300047 -0.555109
FixedParameters: 0 0 0

#Transform 84
Transform: AffineTransform_float_3_3
Parameters: 0.999999 -0.000962218 -0.0011194 0.000964784 0.999997 0.00248792 0.0011176 -0.00248908 0.999997 -0.0125352 -0.296792 -0.578291
FixedParameters: 0 0 0

#Transform 85
Transform: AffineTransform_float_3_3
Parameters: 0.999998 -0.00110313 -0.00156474 0.00110687 0.999997 0.00247827 0.00156126 -0.00247973 0.999995 0.00821939 -0.296656 -0.597333
FixedParameters: 0 0 0

#Transform 86
Transform: AffineTransform_float_3_3
Parameters: 0.999998 -0.00110298 -0.00156484 0.00110702 0.999996 0.00257227 0.00156116 -0.00257473 0.999996 0.0117015 -0.306798 -0.533868
FixedParameters: 0 0 0

#Transform 87
Transform: AffineTransform_float_3_3
Parameters: 0.999999 -0.00110329 -0.00140891 0.00110771 0.999996 0.00263644 0.00140508 -0.00263855 0.999995 0.0104822 -0.302478 -0.603044
FixedParameters: 0 0 0

#Transform 88
Transform: AffineTransform_float_3_3
Parameters: 0.999998 -0.00108898 -0.00156481 0.00109302 0.999996 0.0025723 0.00156119 -0.00257471 0.999996 0.0155495 -0.289549 -0.594673
FixedParameters: 0 0 0

#Transform 89
Transform: AffineTransform_float_3_3
Parameters: 0.999999 -0.001323 -0.00119533 0.00132601 0.999996 0.00251542 0.00119267 -0.00251758 0.999996 0.0167276 -0.298096 -0.56431
FixedParameters: 0 0 0

#Transform 90
Transform: AffineTransform_float_3_3
Parameters: 0.999997 -0.00151597 -0.00156591 0.00152002 0.999995 0.00257163 0.00156209 -0.00257437 0.999996 0.0334077 -0.300496 -0.614027
FixedParameters: 0 0 0

#Transform 91
Transform: AffineTransform_float_3_3
Parameters: 0.999997 -0.00145653 -0.00192339 0.00146147 0.999996 0.0023242 0.00192061 -0.00232681 0.999996 0.0455303 -0.275946 -0.643017
FixedParameters: 0 0 0

#Transform 92
Transform: AffineTransform_float_3_3
Parameters: 0.999998 -0.00145011 -0.00147384 0.00145389 0.999996 0.00263987 0.00147017 -0.00264114 0.999996 0.0283191 -0.302992 -0.60439
FixedParameters: 0 0 0

#Transform 93
Transform: AffineTransform_float_3_3
Parameters: 0.999998 -0.00120312 -0.00147118 0.00120688 0.999996 0.00263623 0.00146882 -0.00263777 0.999995 0.0167729 -0.302661 -0.629213
FixedParameters: 0 0 0

#Transform 94
Transform: AffineTransform_float_3_3
Parameters: 0.999997 -0.00148041 -0.00196647 0.00148559 0.999996 0.00233709 0.00196253 -0.00233991 0.999996 0.0527911 -0.281332 -0.720599
FixedParameters: 0 0 0

#Transform 95
Transform: AffineTransform_float_3_3
Parameters: 0.999997 -0.00143187 -0.00156578 0.00143612 0.999995 0.00263576 0.00156122 -0.00263824 0.999996 0.040079 -0.302807 -0.640476
FixedParameters: 0 0 0

#Transform 96
Transform: AffineTransform_float_3_3
Parameters: 0.999997 -0.00146759 -0.0015652 0.0014714 0.999996 0.0021767 0.0015618 -0.0021793 0.999997 0.0540975 -0.308555 -0.673018
FixedParameters: 0 0 0

#Transform 97
Transform: AffineTransform_float_3_3
Parameters: 0.999997 -0.00157287 -0.00156615 0.00157712 0.999996 0.00263554 0.00156185 -0.00263846 0.999996 0.04356 -0.316283 -0.745056
FixedParameters: 0 0 0

#Transform 98
Transform: AffineTransform_float_3_3
Parameters: 0.999997 -0.00154303 -0.00156592 0.00154697 0.999995 0.00253658 0.00156208 -0.00253941 0.999995 0.0403758 -0.319402 -0.704389
FixedParameters: 0 0 0

#Transform 99
Transform: AffineTransform_float_3_3
Parameters: 0.999998 -0.00133108 -0.00156534 0.00133492 0.999996 0.00250391 0.00156166 -0.00250608 0.999995 0.0399292 -0.330848 -0.664045
FixedParameters: 0 0 0

#Transform 100
Transform: AffineTransform_float_3_3
Parameters: 0.999997 -0.0015956 -0.00187974 0.0016004 0.999996 0.00234 0.00187626 -0.002343 0.999995 0.0626139 -0.313572 -0.74643
FixedParameters: 0 0 0

#Transform 101
Transform: AffineTransform_float_3_3
Parameters: 0.999998 -0.00129371 -0.00189163 0.00129928 0.999995 0.00279555 0.00188737 -0.00279845 0.999995 0.0566029 -0.351959 -0.697505
FixedParameters: 0 0 0

#Transform 102
Transform: AffineTransform_float_3_3
Parameters: 0.999997 -0.00153471 -0.0015343 0.00153929 0.999995 0.00279564 0.0015307 -0.00279836 0.999995 0.055772 -0.359144 -0.757568
FixedParameters: 0 0 0

#Transform 103
Transform: AffineTransform_float_3_3
Parameters: 0.999997 -0.0012042 -0.00203185 0.0012088 0.999997 0.00236055 0.00202915 -0.00236345 0.999995 0.0558751 -0.347377 -0.760617
FixedParameters: 0 0 0

#Transform 104
Transform: AffineTransform_float_3_3
Parameters: 0.999998 -0.00123689 -0.00153532 0.0012411 0.999995 0.0026761 0.00153168 -0.0026779 0.999995 0.0478733 -0.390924 -0.68877
FixedParameters: 0 0 0

#Transform 105
Transform: AffineTransform_float_3_3
Parameters: 0.999997 -0.00151966 -0.00199009 0.00152534 0.999995 0.00268497 0.00198591 -0.00268803 0.999995 0.0588819 -0.370178 -0.803921
FixedParameters: 0 0 0

#Transform 106
Transform: AffineTransform_float_3_3
Parameters: 0.999998 -0.0012472 -0.00167658 0.0012518 0.999995 0.00286391 0.00167342 -0.0028661 0.999995 0.0471817 -0.398133 -0.726739
FixedParameters: 0 0 0

#Transform 107
Transform: AffineTransform_float_3_3
Parameters: 0.999997 -0.00130531 -0.00176648 0.00131069 0.999995 0.00265769 0.00176352 -0.00265931 0.999995 0.0402548 -0.372719 -0.719069
FixedParameters: 0 0 0

#Transform 108
Transform: AffineTransform_float_3_3
Parameters: 0.999996 -0.00125196 -0.00222541 0.00125804 0.999995 0.00271521 0.00222159 -0.00271779 0.999994 0.0440587 -0.331935 -0.676562
FixedParameters: 0 0 0

#Transform 109
Transform: AffineTransform_float_3_3
Parameters: 0.999997 -0.0011468 -0.00184324 0.0011522 0.999996 0.00282188 0.00183975 -0.00282412 0.999995 0.0297113 -0.376108 -0.705801
FixedParameters: 0 0 0

#Transform 110
Transform: AffineTransform_float_3_3
Parameters: 0.999996 -0.00116645 -0.00227637 0.00117255 0.999995 0.00287934 0.00227263 -0.00288166 0.999994 0.0517459 -0.37871 -0.842853
FixedParameters: 0 0 0

#Transform 111
Transform: AffineTransform_float_3_3
Parameters: 0.999998 -0.00122898 -0.00187995 0.00123503 0.999994 0.00320669 0.00187605 -0.00320831 0.999993 0.0448051 -0.390648 -0.759746
FixedParameters: 0 0 0

#Transform 112
Transform: AffineTransform_float_3_3
Parameters: 0.999998 -0.00122001 -0.00186992 0.00122599 0.999994 0.00320672 0.00186608 -0.00320829 0.999993 0.0556618 -0.403362 -0.770472
FixedParameters: 0 0 0

#Transform 113
Transform: AffineTransform_float_3_3
Parameters: 0.999998 -0.00122798 -0.00187995 0.00123403 0.999994 0.00320669 0.00187605 -0.00320831 0.999993 0.0441656 -0.368328 -0.814436
FixedParameters: 0 0 0

#Transform 114
Transform: AffineTransform_float_3_3
Parameters: 0.999997 -0.00113364 -0.00187985 0.00114036 0.999993 0.00338386 0.00187615 -0.00338614 0.999993 0.0480414 -0.418736 -0.748048
FixedParameters: 0 0 0

#Transform 115
Transform: AffineTransform_float_3_3
Parameters: 0.999998 -0.00138803 -0.00188043 0.00139398 0.999994 0.00318039 0.00187658 -0.00318261 0.999993 0.046481 -0.389952 -0.780885
FixedParameters: 0 0 0

#Transform 116
Transform: AffineTransform_float_3_3
Parameters: 0.999997 -0.00117086 -0.00244244 0.00117814 0.999995 0.00292513 0.00243856 -0.00292787 0.999992 0.0764859 -0.380056 -0.760292
FixedParameters: 0 0 0

#Transform 117
Transform: AffineTransform_float_3_3
Parameters: 0.999997 -0.00120486 -0.00182906 0.00121114 0.999993 0.00336079 0.00182494 -0.0033632 0.999992 0.0529297 -0.396319 -0.727663
FixedParameters: 0 0 0

#Transform 118
Transform: AffineTransform_float_3_3
Parameters: 0.999998 -0.00121878 -0.00198483 0.00122522 0.999995 0.00313458 0.00198117 -0.00313742 0.999993 0.0668461 -0.368815 -0.81429
FixedParameters: 0 0 0

#Transform 119
Transform: AffineTransform_float_3_3
Parameters: 0.999998 -0.0011768 -0.00187989 0.0011822 0.999994 0.00329878 0.00187611 -0.00330121 0.999993 0.0622421 -0.394062 -0.746514
FixedParameters: 0 0 0

#Transform 120
Transform: AffineTransform_float_3_3
Parameters: 0.999998 -0.00139909 -0.00188116 0.00140591 0.999992 0.00367837 0.00187584 -0.00368064 0.999992 0.0595623 -0.419427 -0.756652
FixedParameters: 0 0 0

#Transform 121
Transform: AffineTransform_float_3_3
Parameters: 0.999997 -0.0014964 -0.00225406 0.0015036 0.999993 0.00337362 0.00224894 -0.00337638 0.999992 0.0808675 -0.373332 -0.784729
FixedParameters: 0 0 0

#Transform 122
Transform: AffineTransform_float_3_3
Parameters: 0.999998 -0.00135787 -0.00184652 0.00136412 0.999993 0.00331949 0.00184148 -0.00332251 0.999993 0.0434514 -0.39491 -0.731167
FixedParameters: 0 0 0

#Transform 123
Transform: AffineTransform_float_3_3
Parameters: 0.999997 -0.00144595 -0.00184675 0.00145205 0.999993 0.00327733 0.00184225 -0.00327967 0.999993 0.0616059 -0.374896 -0.807197
FixedParameters: 0 0 0

#Transform 124
Transform: AffineTransform_float_3_3
Parameters: 0.999997 -0.00140427 -0.00199974 0.00141073 0.999994 0.00336619 0.00199526 -0.00336881 0.999993 0.0623725 -0.39675 -0.715026
FixedParameters: 0 0 0

#Transform 125
Transform: AffineTransform_float_3_3
Parameters: 0.999998 -0.0011423 -0.00178666 0.0011477 0.999995 0.00319096 0.00178335 -0.00319205 0.999994 0.0529738 -0.390035 -0.751229
FixedParameters: 0 0 0

#Transform 126
Transform: AffineTransform_float_3_3
Parameters: 0.999998 -0.00141133 -0.0017875 0.00141768 0.999994 0.00317648 0.0017835 -0.00317953 0.999994 0.0419988 -0.373556 -0.733127
FixedParameters: 0 0 0

#Transform 127
Transform: AffineTransform_float_3_3
Parameters: 0.999997 -0.00107807 -0.00191791 0.00108493 0.999993 0.00361693 0.00191409 -0.00361907 0.999992 0.0488291 -0.407691 -0.726828
FixedParameters: 0 0 0

#Transform 128
Transform: AffineTransform_float_3_3
Parameters: 0.999997 -0.00120784 -0.00237417 0.00121616 0.999994 0.00343713 0.00237083 -0.00343988 0.999992 0.0708907 -0.375979 -0.80757
FixedParameters: 0 0 0

#Transform 129
Transform: AffineTransform_float_3_3
Parameters: 0.999997 -0.00118496 -0.0018176 0.00119203 0.999992 0.00387384 0.00181239 -0.00387616 0.999991 0.0397785 -0.422412 -0.722939
FixedParameters: 0 0 0

#Transform 130
Transform: AffineTransform_float_3_3
Parameters: 0.999997 -0.00130311 -0.00213284 0.00131189 0.999993 0.00370321 0.00212815 -0.00370579 0.999991 0.0300771 -0.411552 -0.808293
FixedParameters: 0 0 0

#Transform 131
Transform: AffineTransform_float_3_3
Parameters: 0.999998 -0.00145696 -0.00181866 0.00146403 0.999992 0.00387335 0.00181234 -0.00387665 0.999991 0.0321083 -0.417992 -0.785927
FixedParameters: 0 0 0

#Transform 132
Transform: AffineTransform_float_3_3
Parameters: 0.999998 -0.00144708 -0.00181933 0.00145492 0.99999 0.00436137 0.00181267 -0.00436364 0.999989 0.0353463 -0.459588 -0.755876
FixedParameters: 0 0 0

#Transform 133
Transform: AffineTransform_float_3_3
Parameters: 0.999997 -0.0014383 -0.00224959 0.0014467 0.999992 0.00387276 0.00224341 -0.00387624 0.99999 0.0549352 -0.403972 -0.818624
FixedParameters: 0 0 0

#Transform 134
Transform: AffineTransform_float_3_3
Parameters: 0.999998 -0.00129224 -0.00194219 0.00129977 0.999991 0.00400249 0.00193681 -0.00400451 0.99999 0.0356273 -0.435209 -0.738578
FixedParameters: 0 0 0

#Transform 135
Transform: AffineTransform_float_3_3
Parameters: 0.999997 -0.00132336 -0.0020895 0.00133164 0.99999 0.00414123 0.0020835 -0.00414377 0.999989 0.0412713 -0.424992 -0.832095
FixedParameters: 0 0 0

#Transform 136
Transform: AffineTransform_float_3_3
Parameters: 0.999998 -0.00133829 -0.00191142 0.00134572 0.999991 0.00403944 0.00190658 -0.00404256 0.99999 0.0341123 -0.421003 -0.776353
FixedParameters: 0 0 0

#Transform 137
Transform: AffineTransform_float_3_3
Parameters: 0.999998 -0.00130295 -0.00188259 0.00131105 0.99999 0.00427854 0.00187741 -0.00428146 0.999989 0.0453632 -0.457101 -0.799349
FixedParameters: 0 0 0

#Transform 138
Transform: AffineTransform_float_3_3
Parameters: 0.999996 -0.00121683 -0.00224799 0.00122617 0.999991 0.00408326 0.00224301 -0.00408674 0.999989 0.0462451 -0.443469 -0.824524
FixedParameters: 0 0 0

#Transform 139
Transform: AffineTransform_float_3_3
Parameters: 0.999997 -0.00122098 -0.00210127 0.00123002 0.99999 0.00429643 0.00209573 -0.00429857 0.999988 0.0407471 -0.468445 -0.768795
FixedParameters: 0 0 0

#Transform 140
Transform: AffineTransform_float_3_3
Parameters: 0.999997 -0.0014409 -0.00224886 0.0014501 0.99999 0.00405075 0.00224314 -0.00405425 0.99999 0.0494863 -0.442516 -0.834536
FixedParameters: 0 0 0

#Transform 141
Transform: AffineTransform_float_3_3
Parameters: 0.999998 -0.00145235 -0.00181415 0.00146065 0.99999 0.00422136 0.00180885 -0.00422464 0.999989 0.0401184 -0.453645 -0.742778
FixedParameters: 0 0 0

#Transform 142
Transform: AffineTransform_float_3_3
Parameters: 0.999996 -0.00132291 -0.00224837 0.00133208 0.999991 0.00404402 0.00224263 -0.00404698 0.99999 0.0501993 -0.442108 -0.82448
FixedParameters: 0 0 0

#Transform 143
Transform: AffineTransform_float_3_3
Parameters: 0.999998 -0.00144585 -0.00179279 0.00145315 0.999991 0.00399341 0.00178721 -0.0039956 0.999991 0.0394015 -0.427765 -0.771823
FixedParameters: 0 0 0

#Transform 144
Transform: AffineTransform_float_3_3
Parameters: 0.999997 -0.00127869 -0.0018099 0.00128631 0.999988 0.00459668 0.0018041 -0.00459932 0.999988 0.0308516 -0.477199 -0.770551
FixedParameters: 0 0 0

#Transform 145
Transform: AffineTransform_float_3_3
Parameters: 0.999997 -0.00157323 -0.00217111 0.00158277 0.999988 0.00450458 0.00216389 -0.00450842 0.999988 0.0514818 -0.451447 -0.852388
FixedParameters: 0 0 0

#Transform 146
Transform: AffineTransform_float_3_3
Parameters: 0.999997 -0.00131147 -0.00216979 0.00132153 0.99999 0.00439615 0.00216421 -0.00439885 0.999988 0.0493906 -0.478332 -0.811897
FixedParameters: 0 0 0

#Transform 147
Transform: AffineTransform_float_3_3
Parameters: 0.999997 -0.0013387 -0.00206605 0.0013483 0.999989 0.00450523 0.00205994 -0.00450777 0.999987 0.0433719 -0.480079 -0.792442
FixedParameters: 0 0 0

#Transform 148
Transform: AffineTransform_float_3_3
Parameters: 0.999997 -0.00153987 -0.00225096 0.00155013 0.999988 0.00450453 0.00224404 -0.00450847 0.999988 0.0495856 -0.447087 -0.826802
FixedParameters: 0 0 0

#Transform 149
Transform: AffineTransform_float_3_3
Parameters: 0.999997 -0.00140448 -0.00189435 0.00141352 0.999989 0.00450533 0.00188765 -0.00450866 0.999988 0.0308974 -0.485508 -0.79051
FixedParameters: 0 0 0

#Transform 150
Transform: AffineTransform_float_3_3
Parameters: 0.999997 -0.00121307 -0.00214465 0.00122394 0.999989 0.00463639 0.00213935 -0.00463961 0.999987 0.0380237 -0.473517 -0.808313
FixedParameters: 0 0 0

#Transform 151
Transform: AffineTransform_float_3_3
Parameters: 0.999996 -0.00134128 -0.00252526 0.00135372 0.999989 0.0046446 0.00251874 -0.0046474 0.999986 0.0649524 -0.468214 -0.868935
FixedParameters: 0 0 0

#Transform 152
Transform: AffineTransform_float_3_3
Parameters: 0.999997 -0.00113506 -0.00220714 0.00114593 0.999989 0.00450549 0.00220186 -0.00450852 0.999988 0.050645 -0.480601 -0.809343
FixedParameters: 0 0 0

#Transform 153
Transform: AffineTransform_float_3_3
Parameters: 0.999997 -0.00155694 -0.00220912 0.00156706 0.999989 0.00455856 0.00220188 -0.00456245 0.999987 0.058361 -0.463803 -0.798134
FixedParameters: 0 0 0

#Transform 154
Transform: AffineTransform_float_3_3
Parameters: 0.999996 -0.00164818 -0.00220936 0.00165782 0.999988 0.00444835 0.00220264 -0.00445264 0.999987 0.0558584 -0.449161 -0.840988
FixedParameters: 0 0 0

#Transform 155
Transform: AffineTransform_float_3_3
Parameters: 0.999996 -0.00164697 -0.00220877 0.00165604 0.99999 0.00409536 0.00220223 -0.00409864 0.999989 0.0374075 -0.43245 -0.84826
FixedParameters: 0 0 0

#Transform 156
Transform: AffineTransform_float_3_3
Parameters: 0.999997 -0.00156715 -0.00178791 0.00157485 0.999989 0.0043952 0.00178109 -0.0043988 0.999988 0.0209018 -0.454916 -0.820541
FixedParameters: 0 0 0

#Transform 157
Transform: AffineTransform_float_3_3
Parameters: 0.999996 -0.00149967 -0.00211963 0.00150832 0.999989 0.00440482 0.00211237 -0.00440818 0.999988 0.0323155 -0.443762 -0.800043
FixedParameters: 0 0 0

#Transform 158
Transform: AffineTransform_float_3_3
Parameters: 0.999996 -0.00141457 -0.00241215 0.00142543 0.999989 0.00432758 0.00240585 -0.00433142 0.999987 0.0475507 -0.441032 -0.883658
FixedParameters: 0 0 0

#Transform 159
Transform: AffineTransform_float_3_3
Parameters: 0.999996 -0.00142734 -0.0021993 0.00143666 0.99999 0.00439786 0.0021927 -0.00440115 0.999988 0.036175 -0.460306 -0.819722
FixedParameters: 0 0 0

#Transform 160
Transform: AffineTransform_float_3_3
Parameters: 0.999997 -0.00135938 -0.00173599 0.00136762 0.99999 0.00439564 0.00173 -0.00439736 0.999989 0.0183485 -0.465215 -0.818299
FixedParameters: 0 0 0

#Transform 161
Transform: AffineTransform_float_3_3
Parameters: 0.999996 -0.00151173 -0.00222632 0.00152027 0.99999 0.00416863 0.00222068 -0.00417137 0.999989 0.0186111 -0.452089 -0.870294
FixedParameters: 0 0 0

#Transform 162
Transform: AffineTransform_float_3_3
Parameters: 0.999997 -0.00149815 -0.00206272 0.00150585 0.999991 0.0038099 0.00205627 -0.00381309 0.99999 0.0122049 -0.438427 -0.840487
FixedParameters: 0 0 0

#Transform 163
Transform: AffineTransform_float_3_3
Parameters: 0.999998 -0.00127078 -0.00153018 0.00127722 0.999991 0.00406905 0.00152581 -0.00407094 0.99999 -0.0109529 -0.468414 -0.820617
FixedParameters: 0 0 0

#Transform 164
Transform: AffineTransform_float_3_3
Parameters: 0.999997 -0.00156396 -0.00195246 0.00157204 0.999991 0.00412194 0.00194553 -0.00412506 0.999989 0.0156282 -0.44177 -0.883516
FixedParameters: 0 0 0

#Transform 165
Transform: AffineTransform_float_3_3
Parameters: 0.999997 -0.00164369 -0.00212546 0.00165231 0.999991 0.0039165 0.00211854 -0.0039195 0.99999 0.0318637 -0.433967 -0.848238
FixedParameters: 0 0 0

#Transform 166
Transform: AffineTransform_float_3_3
Parameters: 0.999997 -0.00156014 -0.00194433 0.00156886 0.99999 0.00404796 0.00193866 -0.00405104 0.99999 0.0258414 -0.438694 -0.832778
FixedParameters: 0 0 0

#Transform 167
Transform: AffineTransform_float_3_3
Parameters: 0.999997 -0.00138064 -0.00194396 0.00138936 0.99999 0.00430531 0.00193803 -0.00430769 0.999989 0.0191729 -0.472728 -0.875355
FixedParameters: 0 0 0

#Transform 168
Transform: AffineTransform_float_3_3
Parameters: 0.999997 -0.00149079 -0.00194355 0.00149821 0.999992 0.0037121 0.00193845 -0.0037149 0.999991 0.0234903 -0.420919 -0.84751
FixedParameters: 0 0 0

#Transform 169
Transform: AffineTransform_float_3_3
Parameters: 0.999997 -0.00141687 -0.00211447 0.00142513 0.999991 0.003849 0.00210853 -0.003852 0.999991 0.0216995 -0.413077 -0.800059
FixedParameters: 0 0 0

#Transform 170
Transform: AffineTransform_float_3_3
Parameters: 0.999996 -0.00163652 -0.00240679 0.00164548 0.999993 0.00352506 0.00240121 -0.00352895 0.999991 0.0458828 -0.40312 -0.876388
FixedParameters: 0 0 0

#Transform 171
Transform: AffineTransform_float_3_3
Parameters: 0.999995 -0.0017091 -0.00291982 0.0017199 0.999993 0.003391 0.00291418 -0.003396 0.99999 0.0716768 -0.386286 -0.879703
FixedParameters: 0 0 0

#Transform 172
Transform: AffineTransform_float_3_3
Parameters: 0.999996 -0.00171661 -0.00232447 0.00172439 0.999993 0.003179 0.00231953 -0.00318299 0.999992 0.0326375 -0.381625 -0.833562
FixedParameters: 0 0 0

#Transform 173
Transform: AffineTransform_float_3_3
Parameters: 0.999997 -0.00152969 -0.00223303 0.00153731 0.999993 0.00327558 0.00222798 -0.00327842 0.999992 0.0357054 -0.38522 -0.87944
FixedParameters: 0 0 0

#Transform 174
Transform: AffineTransform_float_3_3
Parameters: 0.999995 -0.00154602 -0.00281695 0.00155498 0.999993 0.00318864 0.00281205 -0.00319336 0.999991 0.066298 -0.368665 -0.921732
FixedParameters: 0 0 0

#Transform 175
Transform: AffineTransform_float_3_3
Parameters: 0.999996 -0.00153034 -0.00233903 0.00153766 0.999994 0.00327542 0.00233397 -0.00327859 0.999992 0.0434409 -0.385163 -0.83685
FixedParameters: 0 0 0

#Transform 176
Transform: AffineTransform_float_3_3
Parameters: 0.999995 -0.00204613 -0.00240472 0.00205387 0.999992 0.00327407 0.00239828 -0.00327892 0.999991 0.0718227 -0.385496 -0.841702
FixedParameters: 0 0 0

#Transform 177
Transform: AffineTransform_float_3_3
Parameters: 0.999994 -0.00207085 -0.00281875 0.00208015 0.999992 0.00324815 0.00281225 -0.00325384 0.999991 0.0733525 -0.384813 -0.911633
FixedParameters: 0 0 0

#Transform 178
Transform: AffineTransform_float_3_3
Parameters: 0.999995 -0.0018805 -0.00281837 0.0018895 0.999992 0.00337269 0.00281164 -0.00337831 0.999991 0.0567986 -0.391418 -0.864362
FixedParameters: 0 0 0

#Transform 179
Transform: AffineTransform_float_3_3
Parameters: 0.999996 -0.00143009 -0.00222545 0.00143691 0.999994 0.00310681 0.00222054 -0.00311019 0.999992 0.0226426 -0.378812 -0.856754
FixedParameters: 0 0 0

#Transform 180
Transform: AffineTransform_float_3_3
Parameters: 0.999994 -0.00179924 -0.00271083 0.00180776 0.999993 0.00323112 0.00270517 -0.00323589 0.999991 0.0544397 -0.401651 -0.943302
FixedParameters: 0 0 0

#Transform 181
Transform: AffineTransform_float_3_3
Parameters: 0.999996 -0.00154852 -0.00262502 0.00155648 0.999993 0.00323193 0.00261998 -0.00323607 0.999992 0.0603088 -0.40775 -0.865748
FixedParameters: 0 0 0

#Transform 182
Transform: AffineTransform_float_3_3
Parameters: 0.999996 -0.00164161 -0.00259632 0.00164939 0.999994 0.00323174 0.00259068 -0.00323627 0.999992 0.0619217 -0.411567 -0.839187
FixedParameters: 0 0 0

#Transform 183
Transform: AffineTransform_float_3_3
Parameters: 0.999993 -0.00188456 -0.00304685 0.00189443 0.999994 0.00309725 0.00304014 -0.00310275 0.99999 0.0727284 -0.416401 -0.900185
FixedParameters: 0 0 0

#Transform 184
Transform: AffineTransform_float_3_3
Parameters: 0.999995 -0.00160554 -0.00266911 0.00161447 0.999993 0.00317171 0.00266489 -0.00317529 0.999992 0.0627656 -0.443335 -0.854582
FixedParameters: 0 0 0

#Transform 185
Transform: AffineTransform_float_3_3
Parameters: 0.999995 -0.00160626 -0.00270521 0.00161474 0.999994 0.00323165 0.00269979 -0.00323635 0.999991 0.0635608 -0.444375 -0.909529
FixedParameters: 0 0 0

#Transform 186
Transform: AffineTransform_float_3_3
Parameters: 0.999994 -0.00172272 -0.00294545 0.00173229 0.999994 0.00315292 0.00293955 -0.00315808 0.99999 0.0842691 -0.433826 -0.875987
FixedParameters: 0 0 0

#Transform 187
Transform: AffineTransform_float_3_3
Parameters: 0.999994 -0.00175352 -0.00291333 0.00176448 0.999992 0.00359788 0.00290767 -0.00360312 0.99999 0.0769041 -0.475186 -0.870898
FixedParameters: 0 0 0

#Transform 188
Transform: AffineTransform_float_3_3
Parameters: 0.999994 -0.00156879 -0.00311117 0.00157921 0.999994 0.00328311 0.00310583 -0.00328789 0.99999 0.0795864 -0.432108 -0.945286
FixedParameters: 0 0 0

#Transform 189
Transform: AffineTransform_float_3_3
Parameters: 0.999994 -0.00176917 -0.00317163 0.00178183 0.999992 0.00373038 0.00316537 -0.00373563 0.999988 0.0878005 -0.495761 -0.847685
FixedParameters: 0 0 0

#Transform 190
Transform: AffineTransform_float_3_3
