# transform file /out/sourcedata/freesurfer/sub-v1s13x0050039_ses-1/mri/transforms/cc_up.lta
# created by oesteban on Sun Mar  8 18:01:58 2026

type      = 0 # LINEAR_VOX_TO_VOX
nxforms   = 1
mean      = 129.0000 130.0000 131.0000
sigma     = 10000.0000
1 4 4
9.979673027992249e-01 -5.730912089347839e-02 -2.787693217396736e-02 1.028622341156006e+01 
5.728677287697792e-02 9.983565211296082e-01 -1.600232324562967e-03 1.006009197235107e+01 
2.792282216250896e-02 0.000000000000000e+00 9.996101856231689e-01 6.482384681701660e+00 
0.000000000000000e+00 0.000000000000000e+00 0.000000000000000e+00 1.000000000000000e+00 
src volume info
valid = 1  # volume info valid
filename = /out/sourcedata/freesurfer/sub-v1s13x0050039_ses-1/mri/norm.mgz
volume = 256 256 256
voxelsize = 1.000000000000000e+00 1.000000000000000e+00 1.000000000000000e+00
xras   = -9.999999403953552e-01 0.000000000000000e+00 0.000000000000000e+00
yras   = 0.000000000000000e+00 0.000000000000000e+00 -9.999999403953552e-01
zras   = 0.000000000000000e+00 9.999999403953552e-01 0.000000000000000e+00
cras   = 3.430580139160156e+00 -3.734848022460938e+00 -1.357107543945312e+01
dst volume info
valid = 1  # volume info valid
filename = /out/sourcedata/freesurfer/sub-v1s13x0050039_ses-1/mri/norm.mgz
volume = 256 256 256
voxelsize = 1.000000000000000e+00 1.000000000000000e+00 1.000000000000000e+00
xras   = -9.999999403953552e-01 0.000000000000000e+00 0.000000000000000e+00
yras   = 0.000000000000000e+00 0.000000000000000e+00 -9.999999403953552e-01
zras   = 0.000000000000000e+00 9.999999403953552e-01 0.000000000000000e+00
cras   = 3.430580139160156e+00 -3.734848022460938e+00 -1.357107543945312e+01
