# transform file /out/sourcedata/freesurfer/sub-v1s13x0050025_ses-1/mri/transforms/cc_up.lta
# created by oesteban on Sun Mar  8 16:56:51 2026

type      = 0 # LINEAR_VOX_TO_VOX
nxforms   = 1
mean      = 127.0000 129.0000 116.0000
sigma     = 10000.0000
1 4 4
9.992964267730713e-01 -2.679346501827240e-02 -2.624486945569515e-02 8.691763877868652e+00 
2.678423002362251e-02 9.996410012245178e-01 -7.034435402601957e-04 9.760869979858398e+00 
2.625429630279541e-02 0.000000000000000e+00 9.996553063392639e-01 1.174552154541016e+01 
0.000000000000000e+00 0.000000000000000e+00 0.000000000000000e+00 1.000000000000000e+00 
src volume info
valid = 1  # volume info valid
filename = /out/sourcedata/freesurfer/sub-v1s13x0050025_ses-1/mri/norm.mgz
volume = 256 256 256
voxelsize = 1.000000000000000e+00 1.000000000000000e+00 1.000000000000000e+00
xras   = -9.999999403953552e-01 0.000000000000000e+00 0.000000000000000e+00
yras   = 0.000000000000000e+00 0.000000000000000e+00 -9.999999403953552e-01
zras   = 0.000000000000000e+00 9.999999403953552e-01 0.000000000000000e+00
cras   = 4.883361816406250e+00 -4.752944946289062e+00 -2.600154113769531e+01
dst volume info
valid = 1  # volume info valid
filename = /out/sourcedata/freesurfer/sub-v1s13x0050025_ses-1/mri/norm.mgz
volume = 256 256 256
voxelsize = 1.000000000000000e+00 1.000000000000000e+00 1.000000000000000e+00
xras   = -9.999999403953552e-01 0.000000000000000e+00 0.000000000000000e+00
yras   = 0.000000000000000e+00 0.000000000000000e+00 -9.999999403953552e-01
zras   = 0.000000000000000e+00 9.999999403953552e-01 0.000000000000000e+00
cras   = 4.883361816406250e+00 -4.752944946289062e+00 -2.600154113769531e+01
