#Insight Transform File V1.0
#Transform 0
Transform: AffineTransform_float_3_3
Parameters: 1 0 0 0 1 0.000523 0 -0.000523 1 0 -0.00367083 0.00576944
FixedParameters: 0 0 0

#Transform 1
Transform: AffineTransform_float_3_3
Parameters: 1 -5.6932e-08 0.000172 -5.6932e-08 1 0.000331 -0.000172 -0.000331 1 -0.00269247 -0.0322207 -0.0448449
FixedParameters: 0 0 0

#Transform 2
Transform: AffineTransform_float_3_3
Parameters: 1 0 0 0 1 -0.000518 0 0.000518 1 0.016043 0.0385257 -0.126345
FixedParameters: 0 0 0

#Transform 3
Transform: AffineTransform_float_3_3
Parameters: 1 -3.49479e-07 -0.000377 -3.49479e-07 0.999999 -0.000926999 0.000377 0.000926999 0.999999 0.0540778 0.0278985 -0.141868
FixedParameters: 0 0 0

#Transform 4
Transform: AffineTransform_float_3_3
Parameters: 1 -1.21184e-07 -0.000224 -1.21184e-07 1 -0.000541 0.000224 0.000541 1 0.032796 -0.0280791 -0.132785
FixedParameters: 0 0 0

#Transform 5
Transform: AffineTransform_float_3_3
Parameters: 1 -0.000272 6.4192e-08 0.000272 1 -0.000236 6.4192e-08 0.000236 1 0.0154674 -0.00674172 -0.121431
FixedParameters: 0 0 0

#Transform 6
Transform: AffineTransform_float_3_3
Parameters: 1 -0.000111 6.8598e-08 0.000111 1 -0.000618 6.8598e-08 0.000618 1 0.0418778 0.0290415 -0.131859
FixedParameters: 0 0 0

#Transform 7
Transform: AffineTransform_float_3_3
Parameters: 1 -0.00041818 0.000151505 0.000418821 0.999999 0.00118306 -0.000151496 -0.00118294 1 0.068171 0.00988078 0.0256589
FixedParameters: 0 0 0

#Transform 8
Transform: AffineTransform_float_3_3
Parameters: 0.999999 -0.000714475 -0.000546687 0.000714526 1 0.00096161 0.000546313 -0.000961391 1 0.0863097 0.0227785 0.0157901
FixedParameters: 0 0 0

#Transform 9
Transform: AffineTransform_float_3_3
Parameters: 1 -0.000426015 -0.000209969 0.000425985 1 -7.30894e-05 0.000210031 7.29105e-05 1 0.0978055 0.0755146 -0.0779611
FixedParameters: 0 0 0

#Transform 10
Transform: AffineTransform_float_3_3
Parameters: 1 -0.000518859 -0.000389187 0.00051914 1 0.000360798 0.000388812 -0.000361202 1 0.0832268 0.0193825 -0.0567662
FixedParameters: 0 0 0

#Transform 11
Transform: AffineTransform_float_3_3
Parameters: 1 -0.000580865 -0.000254309 0.000581135 0.999999 0.000531852 0.000254691 -0.000531148 1 0.0651039 -0.00901393 -0.0851757
FixedParameters: 0 0 0

#Transform 12
Transform: AffineTransform_float_3_3
Parameters: 1 -0.000517356 -0.000452593 0.000516644 0.999999 -0.000786233 0.000452406 0.000786765 0.999999 0.0885353 0.0419286 -0.153718
FixedParameters: 0 0 0

#Transform 13
Transform: AffineTransform_float_3_3
Parameters: 0.999999 -0.000562114 -0.000452858 0.000561886 1 -0.000252254 0.000453141 0.000251745 1 0.107496 0.033815 -0.0994473
FixedParameters: 0 0 0

#Transform 14
Transform: AffineTransform_float_3_3
Parameters: 0.999999 -0.000648967 -0.000453046 0.000649032 1 7.1706e-05 0.000452953 -7.2294e-05 1 0.0687454 0.00459898 -0.0958826
FixedParameters: 0 0 0

#Transform 15
Transform: AffineTransform_float_3_3
Parameters: 0.999999 -0.000693045 -0.00045293 0.000692954 1 -0.000101314 0.00045307 0.000100686 1 0.0859224 0.0261475 -0.133313
FixedParameters: 0 0 0

#Transform 16
Transform: AffineTransform_float_3_3
Parameters: 1 -0.000503359 -0.000452601 0.000502641 0.999999 -0.000793227 0.000452398 0.000792772 0.999999 0.0905906 0.0461125 -0.115139
FixedParameters: 0 0 0

#Transform 17
Transform: AffineTransform_float_3_3
Parameters: 0.999999 -0.000588059 -0.000452922 0.00058794 1 -0.000132266 0.000453077 0.000131734 1 0.0559216 0.00326804 -0.0818938
FixedParameters: 0 0 0

#Transform 18
Transform: AffineTransform_float_3_3
Parameters: 1 -0.000440119 -0.000452884 0.000439881 1 -0.000263199 0.000453116 0.000262801 1 0.0795103 0.0476141 -0.132908
FixedParameters: 0 0 0

#Transform 19
Transform: AffineTransform_float_3_3
Parameters: 0.999999 -0.000639507 -0.000793591 0.000638492 0.999999 -0.000639506 0.000794408 0.000639492 0.999999 0.0866795 0.0599867 -0.0848846
FixedParameters: 0 0 0

#Transform 20
Transform: AffineTransform_float_3_3
Parameters: 0.999999 -0.000445016 -0.00072999 0.000444984 1 -2.23248e-05 0.000730009 2.16751e-05 0.999999 0.0474067 0.0365755 -0.0545727
FixedParameters: 0 0 0

#Transform 21
Transform: AffineTransform_float_3_3
Parameters: 0.999999 -0.000502252 -0.000565776 0.000501747 1 -0.000446284 0.000566223 0.000445716 0.999999 0.0620067 0.0501823 -0.129162
FixedParameters: 0 0 0

#Transform 22
Transform: AffineTransform_float_3_3
Parameters: 0.999999 -0.00034767 -0.000780702 0.00034733 0.999999 -0.000857271 0.000781298 0.000857729 1 0.074464 0.0572032 -0.084009
FixedParameters: 0 0 0

#Transform 23
Transform: AffineTransform_float_3_3
Parameters: 1 -0.000447141 -0.000452861 0.000447859 1 -0.000311203 0.000453139 0.000310797 1 0.0408132 0.00878874 -0.0667888
FixedParameters: 0 0 0

#Transform 24
Transform: AffineTransform_float_3_3
Parameters: 1 -0.000407041 -0.000452963 0.000406959 1 -9.01843e-05 0.000453036 8.98156e-05 1 0.0410069 0.027293 -0.0929744
FixedParameters: 0 0 0

#Transform 25
Transform: AffineTransform_float_3_3
Parameters: 1 -0.0005164 -0.00101029 0.000514601 0.999999 -0.00138552 0.00101071 0.00138448 0.999998 0.0710876 0.0645609 -0.0888118
FixedParameters: 0 0 0

#Transform 26
Transform: AffineTransform_float_3_3
Parameters: 0.999999 -0.000505122 -0.000554889 0.000504878 1 -0.00022028 0.000555111 0.00021972 1 0.0513112 0.0150036 -0.0521332
FixedParameters: 0 0 0

#Transform 27
Transform: AffineTransform_float_3_3
Parameters: 1 -0.000597541 -0.00101068 0.000597458 0.999999 -0.000536604 0.00101032 0.000535397 1 0.0566106 0.0511381 -0.122729
FixedParameters: 0 0 0

#Transform 28
Transform: AffineTransform_float_3_3
Parameters: 0.999998 -0.00042409 -0.00155743 0.000421908 0.999999 -0.00134266 0.00155857 0.00134134 0.999998 0.0467713 0.107713 -0.0621395
FixedParameters: 0 0 0

#Transform 29
Transform: AffineTransform_float_3_3
Parameters: 0.999999 -0.000722207 -0.00114824 0.000720793 0.999999 -0.00105083 0.00114976 0.00105017 0.999999 0.0437916 0.0799734 -0.020507
FixedParameters: 0 0 0

#Transform 30
Transform: AffineTransform_float_3_3
Parameters: 0.999999 -0.000827858 -0.0010103 0.000827143 1 -0.000848837 0.0010107 0.000848164 0.999999 0.0634365 0.0765349 -0.0862963
FixedParameters: 0 0 0

#Transform 31
Transform: AffineTransform_float_3_3
Parameters: 1 -0.000734658 -0.000758364 0.000734343 1 -0.000867558 0.000758637 0.000866444 1 0.0935094 0.0772231 -0.0766484
FixedParameters: 0 0 0

#Transform 32
Transform: AffineTransform_float_3_3
Parameters: 1 -0.000767175 -0.000516742 0.000767826 0.999999 -0.000337397 0.00051626 0.000337604 1 0.0755397 0.0293833 -0.0633269
FixedParameters: 0 0 0

#Transform 33
Transform: AffineTransform_float_3_3
Parameters: 0.999999 -0.000827239 -0.00033441 0.000826762 1 -0.000713277 0.000334589 0.000712724 0.999999 0.0877823 0.0566149 -0.0883193
FixedParameters: 0 0 0

#Transform 34
Transform: AffineTransform_float_3_3
Parameters: 1 -0.000908567 -0.000628182 0.000908434 0.999999 -0.000901572 0.00062882 0.00090143 1 0.152503 0.0648823 -0.0992482
FixedParameters: 0 0 0

#Transform 35
Transform: AffineTransform_float_3_3
Parameters: 1 -0.000618336 -0.00101079 0.000618663 1 -0.000333626 0.00101021 0.000332376 1 0.165691 0.0245159 -0.0281811
FixedParameters: 0 0 0

#Transform 36
Transform: AffineTransform_float_3_3
Parameters: 0.999999 -0.000618623 -0.00112621 0.000619376 1 0.000333303 0.00112579 -0.000334697 1 0.137721 -0.0348476 -0.00721019
FixedParameters: 0 0 0

#Transform 37
Transform: AffineTransform_float_3_3
Parameters: 1 -0.000783826 -0.000564242 0.000784175 0.999999 0.000308558 0.000564759 -0.000308443 1 0.106471 -0.00424464 -0.0273472
FixedParameters: 0 0 0

#Transform 38
Transform: AffineTransform_float_3_3
Parameters: 1 -0.000768508 -0.000731467 0.000767493 1 -0.000694562 0.000731533 0.000693438 0.999999 0.119121 0.0483919 -0.0934459
FixedParameters: 0 0 0

#Transform 39
Transform: AffineTransform_float_3_3
Parameters: 0.999998 -0.000576805 -0.00150869 0.000576195 0.999999 -0.00053387 0.00150831 0.00053313 0.999998 0.116413 0.0246041 -0.0356584
FixedParameters: 0 0 0

#Transform 40
Transform: AffineTransform_float_3_3
Parameters: 0.999997 -0.00019546 -0.00249804 0.000196539 1 0.00021551 0.00249796 -0.000216489 0.999997 0.0344425 0.0349131 -0.0111893
FixedParameters: 0 0 0

#Transform 41
Transform: AffineTransform_float_3_3
Parameters: 0.999996 -0.000340715 -0.00275467 0.000338286 1 -0.000985936 0.00275433 0.000985066 0.999995 0.0326363 0.0853978 -0.0412082
FixedParameters: 0 0 0

#Transform 42
Transform: AffineTransform_float_3_3
Parameters: 0.999995 -0.000340178 -0.00297375 0.000337822 0.999999 -0.000733008 0.00297325 0.000731992 0.999996 0.0311158 0.0894509 -0.0106565
FixedParameters: 0 0 0

#Transform 43
Transform: AffineTransform_float_3_3
Parameters: 0.999996 -0.000340799 -0.00296668 0.0003382 0.999999 -0.000944007 0.00296732 0.000942993 0.999995 0.0501982 0.0886844 -0.0776072
FixedParameters: 0 0 0

#Transform 44
Transform: AffineTransform_float_3_3
Parameters: 0.999993 -0.000490071 -0.00369959 0.000486929 1 -0.000830808 0.0037004 0.000829193 0.999993 0.0260103 0.116556 -0.0179204
FixedParameters: 0 0 0

#Transform 45
Transform: AffineTransform_float_3_3
Parameters: 0.999992 -0.000440438 -0.00414164 0.000436562 0.999999 -0.000830815 0.00414237 0.000829182 0.999991 -0.00681998 0.116814 0.0100095
FixedParameters: 0 0 0

#Transform 46
Transform: AffineTransform_float_3_3
Parameters: 0.999991 -0.000341376 -0.00406572 0.000337626 0.999999 -0.00083038 0.00406628 0.000829619 0.999992 0.0289401 0.117211 -0.0196925
FixedParameters: 0 0 0

#Transform 47
Transform: AffineTransform_float_3_3
Parameters: 0.999991 -0.000345693 -0.00406535 0.000338304 0.999998 -0.00189339 0.00406665 0.00189161 0.99999 0.0331718 0.15191 -0.0365157
FixedParameters: 0 0 0

#Transform 48
Transform: AffineTransform_float_3_3
Parameters: 0.999991 -0.000253344 -0.00406579 0.000249655 0.999999 -0.000823022 0.00406621 0.000821977 0.999992 -0.0117504 0.0930873 0.0305121
FixedParameters: 0 0 0

#Transform 49
Transform: AffineTransform_float_3_3
Parameters: 0.999988 -0.000343444 -0.00490762 0.000337558 1 -0.00110967 0.00490838 0.00110833 0.999988 -0.00912547 0.121337 0.00129106
FixedParameters: 0 0 0

#Transform 50
Transform: AffineTransform_float_3_3
Parameters: 0.999979 -0.000117021 -0.00636782 0.000106974 0.999999 -0.00157471 0.00636818 0.00157329 0.999979 -0.0682588 0.169897 0.0301759
FixedParameters: 0 0 0

#Transform 51
Transform: AffineTransform_float_3_3
Parameters: 0.999979 0.000406989 -0.00647451 -0.000415006 0.999999 -0.00123534 0.00647349 0.00123866 0.999979 -0.139845 0.142886 0.0430635
FixedParameters: 0 0 0

#Transform 52
Transform: AffineTransform_float_3_3
Parameters: 0.999982 0.000447854 -0.00594977 -0.000458142 0.999999 -0.0017033 0.00594923 0.0017067 0.999981 -0.124081 0.150645 -0.0103543
FixedParameters: 0 0 0

#Transform 53
Transform: AffineTransform_float_3_3
Parameters: 0.999981 0.000244787 -0.00604434 -0.000253215 0.999999 -0.00135849 0.00604366 0.0013595 0.999981 -0.123519 0.146969 0.0427196
FixedParameters: 0 0 0

#Transform 54
Transform: AffineTransform_float_3_3
Parameters: 0.999986 -8.57231e-05 -0.00519286 7.72797e-05 0.999999 -0.00167943 0.00519314 0.00167958 0.999985 -0.049521 0.137963 -0.0480223
FixedParameters: 0 0 0

#Transform 55
Transform: AffineTransform_float_3_3
Parameters: 0.999993 -0.000158315 -0.00370478 0.000152686 0.999999 -0.00143458 0.00370522 0.00143442 0.999992 -0.00730786 0.106881 -0.0861154
FixedParameters: 0 0 0

#Transform 56
Transform: AffineTransform_float_3_3
Parameters: 0.999993 -0.000341726 -0.00373566 0.000338273 1 -0.000998271 0.00373634 0.00099673 0.999992 -0.0150016 0.0592367 -0.0196893
FixedParameters: 0 0 0

#Transform 57
Transform: AffineTransform_float_3_3
Parameters: 0.999994 -0.000340709 -0.00341373 0.000338294 0.999999 -0.000793159 0.00341427 0.000792841 0.999994 -0.0140606 0.0466765 0.00979555
FixedParameters: 0 0 0

#Transform 58
Transform: AffineTransform_float_3_3
Parameters: 0.999994 -0.000341961 -0.00364563 0.000338042 1 -0.00108624 0.00364637 0.00108576 0.999993 0.0215113 0.0868974 -0.0884399
FixedParameters: 0 0 0

#Transform 59
Transform: AffineTransform_float_3_3
Parameters: 0.999996 -0.000339999 -0.00276275 0.000338001 0.999999 -0.000723936 0.00276325 0.000723063 0.999996 0.0284439 0.0179672 -0.0478927
FixedParameters: 0 0 0

#Transform 60
Transform: AffineTransform_float_3_3
Parameters: 0.999997 -0.000337649 -0.00251505 0.000338351 1 0.000139149 0.00251495 -0.00013985 0.999997 0.032864 -0.000993299 0.000169676
FixedParameters: 0 0 0

#Transform 61
Transform: AffineTransform_float_3_3
Parameters: 0.999997 -0.00033968 -0.00242977 0.00033832 0.999999 -0.000691824 0.00243023 0.000691176 0.999997 0.0385545 0.041146 -0.077225
FixedParameters: 0 0 0

#Transform 62
Transform: AffineTransform_float_3_3
Parameters: 0.999997 -6.60505e-05 -0.00240694 6.3949e-05 0.999999 -0.000852156 0.00240705 0.000851843 0.999996 0.0274247 0.0216023 -0.0912838
FixedParameters: 0 0 0

#Transform 63
Transform: AffineTransform_float_3_3
Parameters: 0.999996 -0.000126588 -0.00282797 0.000125411 1 -0.000208355 0.00282803 0.000207643 0.999996 0.0310287 -0.0141875 -0.0164827
FixedParameters: 0 0 0

#Transform 64
Transform: AffineTransform_float_3_3
Parameters: 0.999996 -0.000560873 -0.00248762 0.000568126 0.999995 0.00286559 0.00248538 -0.0028664 0.999993 0.067119 -0.0696565 0.190847
FixedParameters: 0 0 0

#Transform 65
Transform: AffineTransform_float_3_3
Parameters: 0.999999 -0.000754097 -0.00133578 0.000759904 0.999993 0.00367399 0.00133322 -0.00367501 0.999993 0.120831 -0.00162429 0.143786
FixedParameters: 0 0 0

#Transform 66
Transform: AffineTransform_float_3_3
Parameters: 0.999999 -0.000571888 -0.00137272 0.000575113 0.999996 0.00299721 0.00137128 -0.00299779 0.999994 0.0877457 0.00109727 0.1196
FixedParameters: 0 0 0

#Transform 67
Transform: AffineTransform_float_3_3
Parameters: 0.999999 -0.000333228 -0.00148108 0.000337771 0.999994 0.0032225 0.00147992 -0.0032235 0.999993 0.0484205 -0.0485031 0.10803
FixedParameters: 0 0 0

#Transform 68
Transform: AffineTransform_float_3_3
Parameters: 0.999999 -0.00033373 -0.00151894 0.000338271 0.999996 0.00281249 0.00151805 -0.00281251 0.999995 0.0288673 -0.0169729 0.105919
FixedParameters: 0 0 0

#Transform 69
Transform: AffineTransform_float_3_3
Parameters: 0.999998 -0.000513529 -0.00155215 0.000517471 0.999998 0.0022372 0.00155085 -0.0022378 0.999997 0.0847657 0.0274374 0.0720792
FixedParameters: 0 0 0

#Transform 70
Transform: AffineTransform_float_3_3
Parameters: 0.999999 -0.000145085 -0.0017954 0.000149919 0.999996 0.00273873 0.0017956 -0.00273826 0.999994 0.0429885 -0.00315836 0.097161
FixedParameters: 0 0 0

#Transform 71
Transform: AffineTransform_float_3_3
Parameters: 0.999998 -0.000651458 -0.00158646 0.000655541 0.999998 0.00223296 0.00158454 -0.00223404 0.999996 0.0575317 0.00942796 0.052334
FixedParameters: 0 0 0

#Transform 72
Transform: AffineTransform_float_3_3
Parameters: 0.999998 -0.000400639 -0.00164358 0.000403358 0.999999 0.00143534 0.00164242 -0.00143666 0.999997 0.085581 0.0402115 0.0211303
FixedParameters: 0 0 0

#Transform 73
Transform: AffineTransform_float_3_3
Parameters: 0.999999 -0.000501099 -0.001457 0.000503901 0.999998 0.00199127 0.001456 -0.00199173 0.999997 0.0712746 -0.00941097 0.0777138
FixedParameters: 0 0 0

#Transform 74
Transform: AffineTransform_float_3_3
Parameters: 0.999998 -0.000644686 -0.00145703 0.000647313 0.999998 0.00158806 0.00145597 -0.00158894 0.999997 0.0823003 0.0249722 0.0392593
FixedParameters: 0 0 0

#Transform 75
Transform: AffineTransform_float_3_3
Parameters: 0.999998 -0.000400557 -0.00194651 0.000403444 0.999999 0.00125522 0.0019465 -0.00125578 0.999998 0.0698852 0.0527025 0.0802626
FixedParameters: 0 0 0

#Transform 76
Transform: AffineTransform_float_3_3
Parameters: 0.999998 -0.000616534 -0.00183417 0.000620466 0.999998 0.00188986 0.00183283 -0.00189113 0.999996 0.0614413 0.00514713 0.0762237
FixedParameters: 0 0 0

#Transform 77
Transform: AffineTransform_float_3_3
Parameters: 0.999998 -0.000476736 -0.00226148 0.000478264 1 0.00100092 0.00226052 -0.00100208 0.999997 0.0704403 0.0452283 0.0204468
FixedParameters: 0 0 0

#Transform 78
Transform: AffineTransform_float_3_3
Parameters: 0.999997 -0.000681716 -0.0020381 0.000685285 0.999999 0.00161161 0.0020369 -0.00161239 0.999996 0.0552559 0.0220115 0.106548
FixedParameters: 0 0 0

#Transform 79
Transform: AffineTransform_float_3_3
Parameters: 0.999998 -0.000629171 -0.0020182 0.000633828 0.999998 0.00189673 0.0020168 -0.00189827 0.999996 0.0544007 0.0171511 0.0865804
FixedParameters: 0 0 0

#Transform 80
Transform: AffineTransform_float_3_3
Parameters: 0.999998 -0.00063949 -0.00216674 0.00064251 0.999999 0.00115761 0.00216626 -0.00115939 0.999997 0.0736784 0.0547465 0.0571235
FixedParameters: 0 0 0

#Transform 81
Transform: AffineTransform_float_3_3
Parameters: 0.999998 -0.000809208 -0.00213644 0.000812793 0.999998 0.00177427 0.00213556 -0.00177673 0.999996 0.0677921 0.0357049 0.114442
FixedParameters: 0 0 0

#Transform 82
Transform: AffineTransform_float_3_3
Parameters: 0.999996 -0.000635979 -0.00268848 0.000638022 0.999999 0.000751287 0.00268852 -0.000752712 0.999996 0.0597725 0.0914155 0.0620081
FixedParameters: 0 0 0

#Transform 83
Transform: AffineTransform_float_3_3
Parameters: 0.999992 -0.000616295 -0.00377877 0.000620704 0.999999 0.00124366 0.00377823 -0.00124634 0.999992 0.030016 0.0860146 0.148696
FixedParameters: 0 0 0

#Transform 84
Transform: AffineTransform_float_3_3
Parameters: 0.999993 -0.000656582 -0.00349102 0.000661416 0.999998 0.0015507 0.00348998 -0.0015533 0.999992 0.0206653 0.0519274 0.134399
FixedParameters: 0 0 0

#Transform 85
Transform: AffineTransform_float_3_3
Parameters: 0.999994 -0.000603258 -0.00334168 0.000606743 0.999999 0.00111898 0.00334132 -0.00112102 0.999994 0.0467983 0.0766802 0.118157
FixedParameters: 0 0 0

#Transform 86
Transform: AffineTransform_float_3_3
Parameters: 0.999994 -0.000716761 -0.00332613 0.000722237 0.999998 0.00157361 0.00332487 -0.00157639 0.999993 0.0366989 0.0474557 0.176379
FixedParameters: 0 0 0

#Transform 87
Transform: AffineTransform_float_3_3
Parameters: 0.999994 -0.000622084 -0.00342071 0.000626916 0.999999 0.00114386 0.00342028 -0.00114613 0.999993 0.0367832 0.0775885 0.0992795
FixedParameters: 0 0 0

#Transform 88
Transform: AffineTransform_float_3_3
Parameters: 0.999993 -0.000489034 -0.00386676 0.000494966 0.999998 0.0015421 0.00386624 -0.0015439 0.999992 0.0259205 0.090365 0.188211
FixedParameters: 0 0 0

#Transform 89
Transform: AffineTransform_float_3_3
Parameters: 0.999993 -0.000614247 -0.00349101 0.000620752 0.999999 0.00164684 0.00348998 -0.00164915 0.999992 0.00888913 0.0823958 0.193228
FixedParameters: 0 0 0

#Transform 90
Transform: AffineTransform_float_3_3
Parameters: 0.999995 -0.000799257 -0.00306824 0.000803742 0.999999 0.00154454 0.00306676 -0.00154746 0.999994 0.0515875 0.0730808 0.106574
FixedParameters: 0 0 0

#Transform 91
Transform: AffineTransform_float_3_3
Parameters: 0.999994 -0.00102777 -0.00323563 0.00103623 0.999996 0.00254366 0.00323237 -0.00254734 0.999991 0.0838874 -0.0150288 0.243344
FixedParameters: 0 0 0

#Transform 92
Transform: AffineTransform_float_3_3
Parameters: 0.999996 -0.00115258 -0.00239361 0.00115742 0.999997 0.00226324 0.00239138 -0.00226576 0.999994 0.0904719 -0.0199197 0.30491
FixedParameters: 0 0 0

#Transform 93
Transform: AffineTransform_float_3_3
Parameters: 0.999997 -0.00101095 -0.00214425 0.00102205 0.999986 0.00515983 0.00213875 -0.00516218 0.999985 0.086102 -0.0168776 0.394434
FixedParameters: 0 0 0

#Transform 94
Transform: AffineTransform_float_3_3
Parameters: 0.999998 -0.00160171 -0.00160333 0.0016093 0.999986 0.00518544 0.00159567 -0.00518857 0.999986 0.158043 0.0924231 0.361975
FixedParameters: 0 0 0

#Transform 95
Transform: AffineTransform_float_3_3
Parameters: 0.999998 -0.00121766 -0.00120641 0.00122234 0.99999 0.00443154 0.00120159 -0.00443347 0.99999 0.140892 0.0643599 0.296996
FixedParameters: 0 0 0

#Transform 96
Transform: AffineTransform_float_3_3
Parameters: 0.999998 -0.00120803 -0.001207 0.00121397 0.999987 0.00495554 0.001201 -0.00495646 0.999987 0.110067 -0.0240828 0.342722
FixedParameters: 0 0 0

#Transform 97
Transform: AffineTransform_float_3_3
Parameters: 0.999998 -0.00131212 -0.00134574 0.00131888 0.999986 0.00512523 0.00133826 -0.00512676 0.999986 0.102556 -0.0413754 0.34098
FixedParameters: 0 0 0

#Transform 98
Transform: AffineTransform_float_3_3
Parameters: 0.999999 -0.00134367 -0.00120696 0.00134933 0.99999 0.00442838 0.00120104 -0.00443062 0.99999 0.131112 0.0056862 0.230308
FixedParameters: 0 0 0

#Transform 99
Transform: AffineTransform_float_3_3
Parameters: 0.999999 -0.00131653 -0.00117616 0.00132247 0.999988 0.00466545 0.00116984 -0.00466755 0.999989 0.146402 0.00225009 0.251139
FixedParameters: 0 0 0

#Transform 100
Transform: AffineTransform_float_3_3
Parameters: 0.999998 -0.00122017 -0.00106456 0.00122483 0.999989 0.0045457 0.00105944 -0.0045463 0.999989 0.125296 -0.0409243 0.300485
FixedParameters: 0 0 0

#Transform 101
Transform: AffineTransform_float_3_3
Parameters: 0.999998 -0.00142034 -0.00126936 0.00142666 0.999989 0.0044672 0.00126264 -0.0044698 0.999989 0.153762 -0.0352981 0.257788
FixedParameters: 0 0 0

#Transform 102
Transform: AffineTransform_float_3_3
Parameters: 0.999998 -0.00124737 -0.00165801 0.00125363 0.999991 0.00400593 0.00165299 -0.00400807 0.99999 0.157782 0.0262375 0.235894
FixedParameters: 0 0 0

#Transform 103
Transform: AffineTransform_float_3_3
Parameters: 0.999998 -0.00133746 -0.00108462 0.00134254 0.999991 0.00419555 0.00107937 -0.00419745 0.99999 0.126713 -0.0234944 0.278098
FixedParameters: 0 0 0

#Transform 104
Transform: AffineTransform_float_3_3
Parameters: 0.999999 -0.00121164 -0.0012811 0.00121737 0.999991 0.00419545 0.0012759 -0.00419756 0.999991 0.111613 -0.0391285 0.258174
FixedParameters: 0 0 0

#Transform 105
Transform: AffineTransform_float_3_3
Parameters: 0.999999 -0.00119213 -0.0014201 0.00119687 0.999994 0.00343131 0.0014159 -0.0034337 0.999993 0.119896 0.0151222 0.223318
FixedParameters: 0 0 0

#Transform 106
Transform: AffineTransform_float_3_3
Parameters: 0.999998 -0.000806631 -0.00142306 0.000811367 0.999992 0.00377585 0.00141995 -0.00377715 0.999992 0.0956057 -0.0132199 0.273267
FixedParameters: 0 0 0

#Transform 107
Transform: AffineTransform_float_3_3
Parameters: 0.999999 -0.000805914 -0.00159809 0.000812087 0.999993 0.00381171 0.00159492 -0.00381329 0.999992 0.0820581 -0.0140076 0.259979
FixedParameters: 0 0 0

#Transform 108
Transform: AffineTransform_float_3_3
Parameters: 0.999999 -0.00122154 -0.00141087 0.00122646 0.999995 0.00316128 0.00140713 -0.00316373 0.999994 0.119527 0.0316721 0.203927
FixedParameters: 0 0 0

#Transform 109
Transform: AffineTransform_float_3_3
Parameters: 0.999998 -0.000984099 -0.00139148 0.000989904 0.999994 0.00352663 0.00138852 -0.00352737 0.999993 0.0949827 0.0067068 0.24833
FixedParameters: 0 0 0

#Transform 110
Transform: AffineTransform_float_3_3
Parameters: 0.999999 -0.000805483 -0.00165619 0.000811516 0.999992 0.00393766 0.00165282 -0.00393934 0.999991 0.0845508 0.00101414 0.240985
FixedParameters: 0 0 0

#Transform 111
Transform: AffineTransform_float_3_3
Parameters: 0.999998 -0.000999344 -0.00143954 0.00100265 0.999997 0.00254056 0.00143646 -0.00254244 0.999995 0.103744 0.0215241 0.18077
FixedParameters: 0 0 0

#Transform 112
Transform: AffineTransform_float_3_3
Parameters: 0.999999 -0.00126527 -0.00133251 0.00126973 0.999993 0.00355531 0.00132849 -0.00355769 0.999993 0.105592 -0.0019155 0.215252
FixedParameters: 0 0 0

#Transform 113
Transform: AffineTransform_float_3_3
Parameters: 0.999998 -0.00128055 -0.00112992 0.00128445 0.999994 0.00305655 0.00112608 -0.00305744 0.999994 0.105336 -0.028134 0.179917
FixedParameters: 0 0 0

#Transform 114
Transform: AffineTransform_float_3_3
Parameters: 0.999999 -0.000807321 -0.00165529 0.000811679 0.999995 0.00282866 0.00165271 -0.00282934 0.999994 0.1082 0.0179519 0.175862
FixedParameters: 0 0 0

#Transform 115
Transform: AffineTransform_float_3_3
Parameters: 0.999999 -0.00124669 -0.00137193 0.00125132 0.999995 0.00314829 0.00136807 -0.00314971 0.999994 0.108686 -0.0318726 0.214449
FixedParameters: 0 0 0

#Transform 116
Transform: AffineTransform_float_3_3
Parameters: 0.999998 -0.0009273 -0.00133158 0.000930699 0.999995 0.00277976 0.00132942 -0.00278124 0.999995 0.117497 -0.0250287 0.173185
FixedParameters: 0 0 0

#Transform 117
Transform: AffineTransform_float_3_3
Parameters: 0.999999 -0.000945031 -0.000943981 0.000947968 0.999994 0.00314911 0.000941019 -0.00314989 0.999994 0.101692 0.00520011 0.209187
FixedParameters: 0 0 0

#Transform 118
Transform: AffineTransform_float_3_3
Parameters: 0.999999 -0.000807996 -0.00127255 0.000812005 0.999994 0.00314897 0.00127045 -0.00315003 0.999994 0.109078 -0.0455033 0.220539
FixedParameters: 0 0 0

#Transform 119
Transform: AffineTransform_float_3_3
Parameters: 0.999998 -0.00110413 -0.00114777 0.00110687 0.999997 0.00250373 0.00114423 -0.00250527 0.999996 0.123734 0.0197802 0.138045
FixedParameters: 0 0 0

#Transform 120
Transform: AffineTransform_float_3_3
Parameters: 0.999999 -0.00127726 -0.00120598 0.00128175 0.999995 0.00310946 0.00120202 -0.00311154 0.999995 0.126518 -0.0055844 0.231935
FixedParameters: 0 0 0

#Transform 121
Transform: AffineTransform_float_3_3
Parameters: 0.999997 -0.000801034 -0.00206471 0.000807965 0.999994 0.00337434 0.00206228 -0.00337666 0.999992 0.0845992 -0.018885 0.269896
FixedParameters: 0 0 0

#Transform 122
Transform: AffineTransform_float_3_3
Parameters: 0.999995 -0.000723248 -0.00314533 0.00072875 0.999998 0.00182772 0.00314367 -0.00183028 0.999994 0.100605 0.0213013 0.158121
FixedParameters: 0 0 0

#Transform 123
Transform: AffineTransform_float_3_3
Parameters: 0.999994 -0.00122685 -0.00303949 0.00123314 0.999997 0.00202026 0.00303651 -0.00202474 0.999994 0.104231 0.0165619 0.277826
FixedParameters: 0 0 0

#Transform 124
Transform: AffineTransform_float_3_3
Parameters: 0.999996 -0.000901547 -0.00275279 0.000906451 0.999997 0.00197951 0.00275121 -0.00198249 0.999995 0.0759382 0.0183789 0.209275
FixedParameters: 0 0 0

#Transform 125
Transform: AffineTransform_float_3_3
Parameters: 0.999995 -0.000725503 -0.00291887 0.000728496 0.999999 0.00119688 0.00291813 -0.00119912 0.999995 0.089554 0.0540987 0.170143
FixedParameters: 0 0 0

#Transform 126
Transform: AffineTransform_float_3_3
Parameters: 0.999997 -0.000723648 -0.00241161 0.000729353 0.999998 0.00221925 0.00241039 -0.00222075 0.999994 0.0748074 -0.0128957 0.26207
FixedParameters: 0 0 0

#Transform 127
Transform: AffineTransform_float_3_3
Parameters: 0.999997 -0.000724609 -0.00208853 0.000728389 0.999997 0.00210248 0.00208647 -0.00210352 0.999995 0.0772647 0.0170742 0.192906
FixedParameters: 0 0 0

#Transform 128
Transform: AffineTransform_float_3_3
Parameters: 0.999998 -0.000726419 -0.00180304 0.000728582 0.999998 0.00143169 0.00180196 -0.00143231 0.999998 0.113967 0.0365281 0.122837
FixedParameters: 0 0 0

#Transform 129
Transform: AffineTransform_float_3_3
Parameters: 0.999998 -0.000724585 -0.00151112 0.000728414 0.999995 0.0029229 0.00150888 -0.00292409 0.999994 0.117516 -0.00974757 0.163297
FixedParameters: 0 0 0

#Transform 130
Transform: AffineTransform_float_3_3
Parameters: 0.999998 -0.00102786 -0.00138708 0.00103214 0.999995 0.00298757 0.00138492 -0.00298843 0.999995 0.110817 -0.0508959 0.230934
FixedParameters: 0 0 0

#Transform 131
Transform: AffineTransform_float_3_3
Parameters: 0.999999 -0.000835146 -0.00122264 0.000838855 0.999994 0.00315498 0.00122036 -0.00315602 0.999995 0.103365 -0.052616 0.223688
FixedParameters: 0 0 0

#Transform 132
Transform: AffineTransform_float_3_3
Parameters: 0.999999 -0.000823158 -0.00161496 0.000826842 0.999997 0.00237967 0.00161304 -0.00238133 0.999996 0.112243 0.0103753 0.100944
FixedParameters: 0 0 0

#Transform 133
Transform: AffineTransform_float_3_3
Parameters: 0.999999 -0.000558138 -0.0014425 0.000561862 0.999997 0.00267719 0.0014415 -0.00267881 0.999996 0.0913888 -0.018853 0.188805
FixedParameters: 0 0 0

#Transform 134
Transform: AffineTransform_float_3_3
Parameters: 0.999999 -0.000390947 -0.00147635 0.000396056 0.999994 0.00342442 0.00147565 -0.00342458 0.999993 0.0567743 -0.0878001 0.21753
FixedParameters: 0 0 0

#Transform 135
Transform: AffineTransform_float_3_3
Parameters: 0.999999 -0.000861572 -0.00129529 0.000864429 0.999996 0.00264788 0.00129371 -0.00264912 0.999995 0.0893507 -0.0219537 0.110305
FixedParameters: 0 0 0

#Transform 136
Transform: AffineTransform_float_3_3
Parameters: 0.999998 -0.000391459 -0.00161411 0.000396541 0.999996 0.00281436 0.00161289 -0.00281463 0.999994 0.0756412 -0.0105224 0.167823
FixedParameters: 0 0 0

#Transform 137
Transform: AffineTransform_float_3_3
Parameters: 0.999998 -0.000571376 -0.001615 0.000576622 0.999994 0.00348307 0.001613 -0.00348492 0.999992 0.0608671 -0.0725376 0.220726
FixedParameters: 0 0 0

#Transform 138
Transform: AffineTransform_float_3_3
Parameters: 0.999998 -0.000390823 -0.00161426 0.000396175 0.999995 0.00320736 0.00161274 -0.00320863 0.999993 0.0443562 -0.0457574 0.181418
FixedParameters: 0 0 0

#Transform 139
Transform: AffineTransform_float_3_3
Parameters: 0.999999 -0.000744168 -0.00161477 0.000748833 0.999997 0.00237379 0.00161323 -0.0023752 0.999996 0.0678898 0.0217808 0.153925
FixedParameters: 0 0 0

#Transform 140
Transform: AffineTransform_float_3_3
Parameters: 0.999995 -0.000701512 -0.00283311 0.000709487 0.999996 0.002996 0.00283088 -0.002998 0.999991 0.0332622 -0.0001824 0.262736
FixedParameters: 0 0 0

#Transform 141
Transform: AffineTransform_float_3_3
Parameters: 0.999994 -0.000819505 -0.00339182 0.000827496 0.999997 0.00220921 0.00339018 -0.00221179 0.999992 0.0240671 0.0496265 0.234595
FixedParameters: 0 0 0

#Transform 142
Transform: AffineTransform_float_3_3
Parameters: 0.99999 -0.000874816 -0.00422828 0.000881181 0.999999 0.00146029 0.00422671 -0.00146471 0.99999 0.0491513 0.100793 0.16356
FixedParameters: 0 0 0

#Transform 143
Transform: AffineTransform_float_3_3
Parameters: 0.999989 -0.0009733 -0.00469781 0.000981698 0.999998 0.00184941 0.00469619 -0.00185459 0.999988 0.0380846 0.0769166 0.314131
FixedParameters: 0 0 0

#Transform 144
Transform: AffineTransform_float_3_3
Parameters: 0.999988 -0.00102606 -0.0047525 0.00103294 0.999999 0.00145811 0.0047515 -0.00146289 0.999987 0.0663251 0.0701036 0.219372
FixedParameters: 0 0 0

#Transform 145
Transform: AffineTransform_float_3_3
Parameters: 0.999988 -0.00104652 -0.00475221 0.00105148 0.999999 0.00115102 0.00475079 -0.00115599 0.999988 0.0623812 0.0973012 0.243233
FixedParameters: 0 0 0

#Transform 146
Transform: AffineTransform_float_3_3
Parameters: 0.999983 -0.00147261 -0.00562547 0.00148239 0.999998 0.00166569 0.00562253 -0.00167431 0.999983 0.0547427 0.0652385 0.276226
FixedParameters: 0 0 0

#Transform 147
Transform: AffineTransform_float_3_3
Parameters: 0.999985 -0.00140704 -0.00530858 0.00141296 0.999999 0.00111952 0.00530642 -0.00112748 0.999986 0.0661134 0.0843539 0.217248
FixedParameters: 0 0 0

#Transform 148
Transform: AffineTransform_float_3_3
Parameters: 0.999985 -0.00134941 -0.0052137 0.00135559 0.999999 0.00125995 0.00521129 -0.00126705 0.999985 0.0694207 0.0719426 0.263139
FixedParameters: 0 0 0

#Transform 149
Transform: AffineTransform_float_3_3
Parameters: 0.999981 -0.00135645 -0.00591973 0.00136355 0.999999 0.00127095 0.00591826 -0.00127905 0.999981 0.0475483 0.048636 0.303406
FixedParameters: 0 0 0

#Transform 150
Transform: AffineTransform_float_3_3
Parameters: 0.999985 -0.0010334 -0.00551387 0.0010386 0.999999 0.000831287 0.00551314 -0.000837711 0.999985 0.0522961 0.0798196 0.207934
FixedParameters: 0 0 0

#Transform 151
Transform: AffineTransform_float_3_3
Parameters: 0.999983 -0.00119553 -0.00558574 0.00119946 0.999999 0.00061631 0.00558526 -0.000623688 0.999984 0.0600577 -0.00356593 0.257885
FixedParameters: 0 0 0

#Transform 152
Transform: AffineTransform_float_3_3
Parameters: 0.999984 -0.00138606 -0.00559148 0.00138794 0.999999 0.000342245 0.00559052 -0.000350755 0.999985 0.047576 -0.00986761 0.238812
FixedParameters: 0 0 0

#Transform 153
Transform: AffineTransform_float_3_3
Parameters: 0.999983 -0.00142775 -0.00555255 0.00142525 0.999999 -0.000318919 0.00555244 0.000311077 0.999984 0.0746526 0.00316601 0.166091
FixedParameters: 0 0 0

#Transform 154
Transform: AffineTransform_float_3_3
Parameters: 0.999981 -0.00163381 -0.00598242 0.00163919 0.999999 0.00086221 0.00598158 -0.00087179 0.999981 0.0601159 -0.0445063 0.252954
FixedParameters: 0 0 0

#Transform 155
Transform: AffineTransform_float_3_3
Parameters: 0.999983 -0.00156125 -0.00551649 0.00156275 0.999998 0.000313384 0.0055165 -0.000321618 0.999984 0.0649023 -0.0442098 0.160716
FixedParameters: 0 0 0

#Transform 156
Transform: AffineTransform_float_3_3
Parameters: 0.999982 -0.00142414 -0.00591845 0.00142586 0.999999 0.000310567 0.00591856 -0.000319435 0.999983 0.0660426 -0.0393511 0.166821
FixedParameters: 0 0 0

#Transform 157
Transform: AffineTransform_float_3_3
Parameters: 0.999979 -0.00142035 -0.00643625 0.00142565 0.999998 0.000873843 0.00643475 -0.000883158 0.999979 0.00933185 -0.0347795 0.269959
FixedParameters: 0 0 0

#Transform 158
Transform: AffineTransform_float_3_3
Parameters: 0.999982 -0.00117319 -0.00591796 0.00117281 1 -3.59413e-05 0.00591804 2.90576e-05 0.999983 0.0184293 -0.0361149 0.129392
FixedParameters: 0 0 0

#Transform 159
Transform: AffineTransform_float_3_3
Parameters: 0.999981 -0.00142456 -0.00598634 0.00142544 0.999999 0.000235471 0.00598566 -0.000244532 0.999982 0.0449262 -0.0510822 0.167658
FixedParameters: 0 0 0

#Transform 160
Transform: AffineTransform_float_3_3
Parameters: 0.999981 -0.0015922 -0.00591983 0.0015988 0.999998 0.00114456 0.00591817 -0.00115344 0.999982 0.041912 -0.0966237 0.240605
FixedParameters: 0 0 0

#Transform 161
Transform: AffineTransform_float_3_3
Parameters: 0.999983 -0.0014243 -0.00561943 0.0014257 0.999999 0.000298993 0.00561957 -0.000307009 0.999984 0.0736903 -0.0713216 0.136066
FixedParameters: 0 0 0

#Transform 162
Transform: AffineTransform_float_3_3
Parameters: 0.999984 -0.00142364 -0.0055966 0.00142536 0.999999 0.00041703 0.0055964 -0.000424974 0.999985 0.0915259 -0.062242 0.155743
FixedParameters: 0 0 0

#Transform 163
Transform: AffineTransform_float_3_3
Parameters: 0.999984 -0.0015971 -0.00543333 0.0016049 0.999997 0.0014493 0.00543067 -0.0014577 0.999984 0.0577071 -0.138826 0.210836
FixedParameters: 0 0 0

#Transform 164
Transform: AffineTransform_float_3_3
Parameters: 0.999984 -0.00142405 -0.00536151 0.00142595 0.999999 0.00036036 0.00536048 -0.000367639 0.999985 0.107725 -0.0631355 0.120846
FixedParameters: 0 0 0

#Transform 165
Transform: AffineTransform_float_3_3
Parameters: 0.999983 -0.00165353 -0.00546965 0.00165947 0.999998 0.000995939 0.00546734 -0.00100506 0.999984 0.120198 -0.104462 0.186645
FixedParameters: 0 0 0

#Transform 166
Transform: AffineTransform_float_3_3
Parameters: 0.999985 -0.00182963 -0.00515669 0.00184038 0.999997 0.00200854 0.0051533 -0.00201746 0.999984 0.097354 -0.156271 0.243485
FixedParameters: 0 0 0

#Transform 167
Transform: AffineTransform_float_3_3
Parameters: 0.999988 -0.00177667 -0.00460983 0.00178333 0.999997 0.0015868 0.00460717 -0.00159521 0.999988 0.0999537 -0.132992 0.166288
FixedParameters: 0 0 0

#Transform 168
Transform: AffineTransform_float_3_3
Parameters: 0.999989 -0.00142002 -0.00432696 0.00142598 0.999998 0.00137984 0.00432503 -0.00138616 0.999989 0.130689 -0.104029 0.139573
FixedParameters: 0 0 0

#Transform 169
Transform: AffineTransform_float_3_3
Parameters: 0.999989 -0.00169904 -0.00434491 0.00170896 0.999996 0.0022886 0.00434109 -0.0022964 0.999988 0.118657 -0.181814 0.212709
FixedParameters: 0 0 0

#Transform 170
Transform: AffineTransform_float_3_3
Parameters: 0.999991 -0.00141739 -0.00413497 0.00142561 0.999997 0.00208113 0.00413204 -0.00208688 0.99999 0.0965385 -0.163403 0.149961
FixedParameters: 0 0 0

#Transform 171
Transform: AffineTransform_float_3_3
Parameters: 0.99999 -0.00135235 -0.00426412 0.00135865 0.999998 0.00155822 0.00426188 -0.00156378 0.999989 0.130028 -0.122259 0.135698
FixedParameters: 0 0 0

#Transform 172
Transform: AffineTransform_float_3_3
Parameters: 0.999991 -0.00132007 -0.00416952 0.00132793 0.999998 0.00190048 0.00416648 -0.00190552 0.999989 0.106022 -0.194891 0.201266
FixedParameters: 0 0 0

#Transform 173
Transform: AffineTransform_float_3_3
Parameters: 0.999989 -0.00128953 -0.00450001 0.00130046 0.999997 0.00232317 0.00449699 -0.00232983 0.999987 0.0899416 -0.205633 0.160517
FixedParameters: 0 0 0

#Transform 174
Transform: AffineTransform_float_3_3
Parameters: 0.999989 -0.00132528 -0.00449898 0.00133172 0.999998 0.00149102 0.00449701 -0.00149698 0.999989 0.116415 -0.133715 0.124624
FixedParameters: 0 0 0

#Transform 175
Transform: AffineTransform_float_3_3
Parameters: 0.999991 -0.00101954 -0.00407788 0.00103146 0.999995 0.00280882 0.00407512 -0.00281218 0.999987 0.0933706 -0.172546 0.210572
FixedParameters: 0 0 0

#Transform 176
Transform: AffineTransform_float_3_3
Parameters: 0.99999 -0.000987728 -0.00425134 0.00100227 0.999994 0.00335577 0.00424866 -0.00336023 0.999986 0.0554624 -0.20185 0.226141
FixedParameters: 0 0 0

#Transform 177
Transform: AffineTransform_float_3_3
Parameters: 0.999991 -0.000817811 -0.00402088 0.000827187 0.999997 0.00228369 0.00401912 -0.00228731 0.99999 0.0520448 -0.155566 0.144687
FixedParameters: 0 0 0

#Transform 178
Transform: AffineTransform_float_3_3
Parameters: 0.999986 -0.000907403 -0.00511025 0.000920596 0.999996 0.00246333 0.00510774 -0.00246767 0.999984 0.0327813 -0.152291 0.195425
FixedParameters: 0 0 0

#Transform 179
Transform: AffineTransform_float_3_3
Parameters: 0.999986 -0.00072182 -0.00510988 0.000735182 0.999997 0.00257828 0.00510812 -0.00258172 0.999983 -0.0102699 -0.157438 0.219605
FixedParameters: 0 0 0

#Transform 180
Transform: AffineTransform_float_3_3
Parameters: 0.999986 -0.000722749 -0.0053344 0.000733253 0.999998 0.00192012 0.0053336 -0.00192388 0.999984 0.0109722 -0.116556 0.146151
FixedParameters: 0 0 0

#Transform 181
Transform: AffineTransform_float_3_3
Parameters: 0.999985 -0.000476658 -0.00541992 0.000487344 0.999998 0.00190739 0.00541908 -0.00190961 0.999984 -0.00651592 -0.115384 0.191667
FixedParameters: 0 0 0

#Transform 182
Transform: AffineTransform_float_3_3
Parameters: 0.999983 -0.000907609 -0.00562901 0.00092039 0.999997 0.00219885 0.00562698 -0.00220414 0.999981 -0.020856 -0.165127 0.205689
FixedParameters: 0 0 0

#Transform 183
Transform: AffineTransform_float_3_3
Parameters: 0.999985 -0.000912122 -0.00537234 0.000920877 0.999998 0.00146407 0.00537065 -0.00146892 0.999984 -0.014171 -0.126515 0.140084
FixedParameters: 0 0 0

#Transform 184
Transform: AffineTransform_float_3_3
Parameters: 0.999982 -0.000907466 -0.00589195 0.000920536 0.999998 0.00212562 0.00588906 -0.00213038 0.999981 -0.0389676 -0.134825 0.225276
FixedParameters: 0 0 0

#Transform 185
Transform: AffineTransform_float_3_3
Parameters: 0.999982 -0.000796693 -0.00596125 0.000805302 0.999999 0.00155823 0.00595975 -0.00156378 0.999981 -0.0542545 -0.106954 0.213558
FixedParameters: 0 0 0

#Transform 186
Transform: AffineTransform_float_3_3
Parameters: 0.999983 -0.000664811 -0.00579383 0.00067219 0.999999 0.00123913 0.00579317 -0.00124287 0.999983 -0.0280707 -0.104141 0.129356
FixedParameters: 0 0 0

#Transform 187
Transform: AffineTransform_float_3_3
Parameters: 0.999982 -0.000907908 -0.00589787 0.000920092 0.999998 0.00204761 0.00589612 -0.00205339 0.99998 -0.0225268 -0.10608 0.252712
FixedParameters: 0 0 0

#Transform 188
Transform: AffineTransform_float_3_3
Parameters: 0.99998 -0.00116146 -0.00611739 0.00117453 0.999997 0.00204586 0.0061146 -0.00205314 0.999979 -0.000256488 -0.102296 0.211938
FixedParameters: 0 0 0

#Transform 189
Transform: AffineTransform_float_3_3
