#Insight Transform File V1.0
#Transform 0
Transform: AffineTransform_float_3_3
Parameters: 0.999998 0.00057866 0.00193612 -0.00058934 0.999985 0.00534487 -0.00193288 -0.00534513 0.999984 0.0456763 0.0747578 0.396948
FixedParameters: 0 0 0

#Transform 1
Transform: AffineTransform_float_3_3
Parameters: 0.999998 0.00051515 0.00156927 -0.000518852 0.999997 0.00245419 -0.00156873 -0.00245481 0.999996 0.087715 0.0446946 0.0380445
FixedParameters: 0 0 0

#Transform 2
Transform: AffineTransform_float_3_3
Parameters: 1 -2.76278e-06 0.001086 2.37204e-07 0.999997 0.002544 -0.001086 -0.002544 0.999996 0.0739848 -0.0038055 -0.103358
FixedParameters: 0 0 0

#Transform 3
Transform: AffineTransform_float_3_3
Parameters: 0.999999 0.000342646 0.001495 -0.000347353 0.999995 0.00291248 -0.00149399 -0.00291351 0.999994 0.0723757 -0.0926115 0.0764752
FixedParameters: 0 0 0

#Transform 4
Transform: AffineTransform_float_3_3
Parameters: 0.999998 0.000660354 0.00163448 -0.000664647 0.999998 0.00223092 -0.00163352 -0.00223208 0.999996 0.0596478 -0.0215617 0.0889051
FixedParameters: 0 0 0

#Transform 5
Transform: AffineTransform_float_3_3
Parameters: 1 0.000900849 0.000674541 -0.000902153 0.999998 0.00170839 -0.000673459 -0.00170961 0.999999 -0.00228745 -0.00872933 0.169528
FixedParameters: 0 0 0

#Transform 6
Transform: AffineTransform_float_3_3
Parameters: 1 0.000213951 4.32433e-05 -0.000214049 1 0.00113699 -4.27567e-05 -0.00113701 1 0.00703759 0.0837851 0.0319389
FixedParameters: 0 0 0

#Transform 7
Transform: AffineTransform_float_3_3
Parameters: 1 -3.29904e-05 -6.05272e-06 3.30111e-05 0.999998 0.001598 6.94726e-06 -0.001598 0.999998 0.0042822 0.0165093 0.0339103
FixedParameters: 0 0 0

#Transform 8
Transform: AffineTransform_float_3_3
Parameters: 0.999999 0.000167974 0.000947182 -0.000169025 1 0.00108284 -0.000946817 -0.00108316 0.999999 0.0132548 -0.0502695 0.098488
FixedParameters: 0 0 0

#Transform 9
Transform: AffineTransform_float_3_3
Parameters: 1 0.000167937 0.00107817 -0.000169063 0.999999 0.000985818 -0.00107783 -0.000986181 0.999999 0.0132152 -0.0371584 0.0652752
FixedParameters: 0 0 0

#Transform 10
Transform: AffineTransform_float_3_3
Parameters: 1 0.000168851 0.000429059 -0.000169149 1 0.000347927 -0.000428941 -0.000348072 1 -0.0063109 0.0435533 -0.0808598
FixedParameters: 0 0 0

#Transform 11
Transform: AffineTransform_float_3_3
Parameters: 1 0.000169199 0.000428921 -0.000168801 1 -0.000464072 -0.000429078 0.000463927 1 0.00512454 0.079134 -0.0868561
FixedParameters: 0 0 0

#Transform 12
Transform: AffineTransform_float_3_3
Parameters: 0.999999 0.000168757 0.000693059 -0.000169243 1 0.000350883 -0.00069294 -0.000351117 0.999999 -0.00430666 -0.0184181 -0.0739664
FixedParameters: 0 0 0

#Transform 13
Transform: AffineTransform_float_3_3
Parameters: 0.999999 0.000319572 0.000927148 -0.000320428 1 0.000461703 -0.000926852 -0.000461297 1 -0.0122369 -0.0452812 -0.0742721
FixedParameters: 0 0 0

#Transform 14
Transform: AffineTransform_float_3_3
Parameters: 0.999999 0.00031482 0.00130504 -0.00031518 1 0.000137589 -0.00130496 -0.000138411 0.999999 -0.0104825 -0.0249556 -0.0513154
FixedParameters: 0 0 0

#Transform 15
Transform: AffineTransform_float_3_3
Parameters: 1 0.000169234 0.000671941 -0.000168765 1 -0.000349113 -0.000672059 0.000348886 0.999999 -0.0114691 0.0295764 -0.0927478
FixedParameters: 0 0 0

#Transform 16
Transform: AffineTransform_float_3_3
Parameters: 1 0.000169399 0.000666898 -0.0001686 1 -0.000599112 -0.000667101 0.000598887 0.999999 -0.00692221 0.0698869 -0.0678286
FixedParameters: 0 0 0

#Transform 17
Transform: AffineTransform_float_3_3
Parameters: 0.999999 0.000168864 0.000769029 -0.000169136 1 0.00017687 -0.00076897 -0.00017713 0.999999 -0.003426 -0.0535971 0.0273934
FixedParameters: 0 0 0

#Transform 18
Transform: AffineTransform_float_3_3
Parameters: 0.999999 0.000169012 0.000926997 -0.000168988 1 -1.31567e-05 -0.000927001 1.28433e-05 0.999999 0.00438663 -0.0505138 0.0259435
FixedParameters: 0 0 0

#Transform 19
Transform: AffineTransform_float_3_3
Parameters: 1 0.000169142 0.000284916 -0.000168858 1 -0.000499048 -0.000285084 0.000498952 1 -0.00161438 0.0187641 -0.0462686
FixedParameters: 0 0 0

#Transform 20
Transform: AffineTransform_float_3_3
Parameters: 1 0.000168995 3.10296e-05 -0.000169005 1 0.000174995 -3.09704e-05 -0.000175005 1 -0.00336105 -0.00345057 -0.0251163
FixedParameters: 0 0 0

#Transform 21
Transform: AffineTransform_float_3_3
Parameters: 1 -7.38737e-05 -0.000153061 7.31262e-05 0.999999 0.000824988 0.00015294 -0.000825011 0.999999 -0.0455627 -0.107156 -0.0482215
FixedParameters: 0 0 0

#Transform 22
Transform: AffineTransform_float_3_3
Parameters: 1 0.000168922 0.000201065 -0.000169078 1 0.000386966 -0.000200935 -0.000387034 1 -0.0468695 -0.0870966 -0.0416248
FixedParameters: 0 0 0

#Transform 23
Transform: AffineTransform_float_3_3
Parameters: 1 0.00016894 0.000155065 -0.00016906 1 0.000386974 -0.000155935 -0.000387026 1 -0.0300244 -0.0252461 -0.0665085
FixedParameters: 0 0 0

#Transform 24
Transform: AffineTransform_float_3_3
Parameters: 1 -0.000224814 -0.000377111 0.000225186 1 0.000491915 0.000377889 -0.000492085 1 0.00093249 0.00964336 -0.056844
FixedParameters: 0 0 0

#Transform 25
Transform: AffineTransform_float_3_3
Parameters: 1 0.000169324 -0.000376854 -0.000168675 0.999999 0.000861063 0.000377145 -0.000860936 0.999999 -0.00984712 -0.0725369 0.00289174
FixedParameters: 0 0 0

#Transform 26
Transform: AffineTransform_float_3_3
Parameters: 1 0.000168876 0.000173121 -0.000169124 0.999999 0.00071597 -0.000172879 -0.000716029 0.999999 -0.0401202 -0.0607937 0.0180906
FixedParameters: 0 0 0

#Transform 27
Transform: AffineTransform_float_3_3
Parameters: 1 0.000168922 0.000151087 -0.000169078 1 0.000516974 -0.000150913 -0.000517025 1 -0.0452448 -0.0246228 0.0300234
FixedParameters: 0 0 0

#Transform 28
Transform: AffineTransform_float_3_3
Parameters: 1 -1.20318e-05 -0.000488999 1.19682e-05 1 -6.50059e-05 0.000489001 6.49941e-05 1 -0.0337248 0.0372339 -0.031461
FixedParameters: 0 0 0

#Transform 29
Transform: AffineTransform_float_3_3
Parameters: 1 0.000168712 0.000572085 -0.000169288 1 0.000503903 -0.000571914 -0.000504096 0.999999 -0.0500504 -0.0308336 0.0509882
FixedParameters: 0 0 0

#Transform 30
Transform: AffineTransform_float_3_3
Parameters: 1 0.000168804 0.000611054 -0.000169196 1 0.000320897 -0.000610945 -0.000321103 1 -0.0562225 -0.0470359 -0.0269166
FixedParameters: 0 0 0

#Transform 31
Transform: AffineTransform_float_3_3
Parameters: 1 0.000168931 0.00038803 -0.000169069 1 0.000176934 -0.00038797 -0.000177066 1 -0.0526761 -0.0306497 -0.0512389
FixedParameters: 0 0 0

#Transform 32
Transform: AffineTransform_float_3_3
Parameters: 1 0.000168996 -0.000239003 -0.000169004 1 -1.59596e-05 0.000238997 1.60404e-05 1 -0.0493499 -0.00624747 -0.0449921
FixedParameters: 0 0 0

#Transform 33
Transform: AffineTransform_float_3_3
Parameters: 1 0.000295991 0.000107024 -0.000296009 1 8.19683e-05 -0.000106976 -8.10317e-05 1 -0.065882 -0.062579 -0.0529878
FixedParameters: 0 0 0

#Transform 34
Transform: AffineTransform_float_3_3
Parameters: 1 0.000226167 0.000555932 -0.000226833 1 -0.000301126 -0.000556068 0.000300874 1 -0.0563845 -0.0351327 -0.0159705
FixedParameters: 0 0 0

#Transform 35
Transform: AffineTransform_float_3_3
Parameters: 1 0.000169034 9.59395e-05 -0.000168966 1 -0.000358016 -9.60605e-05 0.000357984 1 -0.0451636 0.0250175 -0.0508358
FixedParameters: 0 0 0

#Transform 36
Transform: AffineTransform_float_3_3
Parameters: 1 0.000168971 0.000303016 -0.000169029 1 9.59488e-05 -0.000302984 -9.60512e-05 1 -0.0590567 -0.0377066 -0.0188813
FixedParameters: 0 0 0

#Transform 37
Transform: AffineTransform_float_3_3
Parameters: 1 0.000117415 0.000577915 -0.000117585 0.999999 -0.000718068 -0.000578084 0.000718932 0.999999 -0.067965 -0.0554936 -0.0238452
FixedParameters: 0 0 0

#Transform 38
Transform: AffineTransform_float_3_3
Parameters: 0.999999 0.000169651 0.00073685 -0.000168348 0.999999 -0.000884124 -0.000737149 0.000883875 1 -0.0740233 -0.0215329 -0.0251671
FixedParameters: 0 0 0

#Transform 39
Transform: AffineTransform_float_3_3
Parameters: 0.999999 0.000169967 0.000934824 -0.000169033 1 -0.00103416 -0.000935175 0.00103384 0.999999 -0.0772795 -0.0175969 -0.0474851
FixedParameters: 0 0 0

#Transform 40
Transform: AffineTransform_float_3_3
Parameters: 0.999999 0.000271308 0.000671875 -0.000271691 1 -0.000459182 -0.000672124 0.000458818 0.999999 -0.0810881 -0.0151547 -0.0820974
FixedParameters: 0 0 0

#Transform 41
Transform: AffineTransform_float_3_3
Parameters: 1 0.0002252 0.000276838 -0.0002248 0.999999 -0.000721062 -0.000277162 0.000720937 0.999999 -0.0437357 0.0298811 -0.0995502
FixedParameters: 0 0 0

#Transform 42
Transform: AffineTransform_float_3_3
Parameters: 1 0.000169602 0.000581825 -0.000168398 1 -0.0010341 -0.000582174 0.0010339 1 -0.0436936 -0.0419524 -0.0516811
FixedParameters: 0 0 0

#Transform 43
Transform: AffineTransform_float_3_3
Parameters: 1 0.000525706 0.00105115 -0.000524294 0.999998 -0.00162255 -0.00105185 0.00162245 0.999998 -0.0455112 -0.0777947 -0.0325947
FixedParameters: 0 0 0

#Transform 44
Transform: AffineTransform_float_3_3
Parameters: 0.999999 0.000417585 0.0013362 -0.000415415 0.999998 -0.00193456 -0.00133681 0.00193344 0.999997 -0.058578 -0.0432753 -0.0588489
FixedParameters: 0 0 0

#Transform 45
Transform: AffineTransform_float_3_3
Parameters: 0.999999 0.000631145 0.00110878 -0.000628854 0.999998 -0.0019347 -0.00111022 0.0019333 0.999997 -0.0728251 -0.0392673 -0.0580572
FixedParameters: 0 0 0

#Transform 46
Transform: AffineTransform_float_3_3
Parameters: 1 0.000531754 0.000999068 -0.000529246 0.999999 -0.00175553 -0.000999931 0.00175447 0.999998 -0.0778683 -0.0254499 -0.0898564
FixedParameters: 0 0 0

#Transform 47
Transform: AffineTransform_float_3_3
Parameters: 1 0.000605262 0.000936542 -0.000602737 0.999997 -0.00241356 -0.000938457 0.00241243 0.999996 -0.0826637 -0.0426182 -0.0981896
FixedParameters: 0 0 0

#Transform 48
Transform: AffineTransform_float_3_3
Parameters: 1 0.000610762 0.000948227 -0.000608238 0.999995 -0.00291058 -0.000949774 0.00290942 0.999996 -0.0868259 -0.0423645 -0.113349
FixedParameters: 0 0 0

#Transform 49
Transform: AffineTransform_float_3_3
Parameters: 1 0.000697583 0.0010002 -0.000695416 0.999997 -0.0025797 -0.0010028 0.0025793 0.999996 -0.0807179 -0.038268 -0.107729
FixedParameters: 0 0 0

#Transform 50
Transform: AffineTransform_float_3_3
Parameters: 1 0.000574099 0.00100223 -0.000570902 0.999995 -0.00308957 -0.00100377 0.00308843 0.999994 -0.0476855 -0.0131207 -0.163165
FixedParameters: 0 0 0

#Transform 51
Transform: AffineTransform_float_3_3
Parameters: 1 0.000505643 0.0010237 -0.000503357 0.999996 -0.00257952 -0.0010253 0.00257948 0.999996 -0.0725982 -0.0652263 -0.111296
FixedParameters: 0 0 0

#Transform 52
Transform: AffineTransform_float_3_3
Parameters: 0.999999 0.00074242 0.00128403 -0.00073858 0.999996 -0.00266195 -0.00128597 0.00266105 0.999995 -0.0860057 -0.07095 -0.103495
FixedParameters: 0 0 0

#Transform 53
Transform: AffineTransform_float_3_3
Parameters: 1 0.000172708 0.00120748 -0.000168294 0.999996 -0.0030702 -0.00120752 0.00306979 0.999994 -0.0618723 -0.029823 -0.147961
FixedParameters: 0 0 0

#Transform 54
Transform: AffineTransform_float_3_3
Parameters: 0.999999 0.000726809 0.00138449 -0.000722192 0.999993 -0.003471 -0.00138651 0.00347 0.999993 -0.0816966 -0.0629047 -0.115696
FixedParameters: 0 0 0

#Transform 55
Transform: AffineTransform_float_3_3
Parameters: 0.999999 0.000768099 0.00108912 -0.0007639 0.999992 -0.00375984 -0.00109188 0.00375816 0.999993 -0.0726832 -0.0657031 -0.131692
FixedParameters: 0 0 0

#Transform 56
Transform: AffineTransform_float_3_3
Parameters: 0.999998 0.000710725 0.00143518 -0.000705275 0.999992 -0.00398602 -0.00143782 0.00398498 0.999991 -0.055449 -0.0277822 -0.15329
FixedParameters: 0 0 0

#Transform 57
Transform: AffineTransform_float_3_3
Parameters: 0.999998 0.000776412 0.00142051 -0.000770589 0.999989 -0.0045091 -0.00142349 0.0045079 0.999989 -0.0887787 -0.0904896 -0.16069
FixedParameters: 0 0 0

#Transform 58
Transform: AffineTransform_float_3_3
Parameters: 0.999999 0.000782158 0.00157698 -0.000773842 0.999987 -0.00516723 -0.00158102 0.00516578 0.999986 -0.0850013 -0.0673944 -0.171263
FixedParameters: 0 0 0

#Transform 59
Transform: AffineTransform_float_3_3
Parameters: 0.999998 0.000618803 0.00158259 -0.0006102 0.999985 -0.00555698 -0.00158541 0.00555603 0.999984 -0.0919512 -0.0523739 -0.171773
FixedParameters: 0 0 0

#Transform 60
Transform: AffineTransform_float_3_3
Parameters: 0.999999 0.000617561 0.00144279 -0.000610438 0.999986 -0.00523489 -0.00144622 0.00523412 0.999986 -0.0691335 -0.0392961 -0.169642
FixedParameters: 0 0 0

#Transform 61
Transform: AffineTransform_float_3_3
Parameters: 0.999998 0.000757417 0.00175396 -0.000747583 0.999986 -0.00536332 -0.00175803 0.00536168 0.999984 -0.0942546 -0.0767306 -0.195042
FixedParameters: 0 0 0

#Transform 62
Transform: AffineTransform_float_3_3
Parameters: 0.999998 0.000619744 0.00178465 -0.000610254 0.999985 -0.0054551 -0.00178836 0.0054539 0.999984 -0.100727 -0.0717816 -0.17206
FixedParameters: 0 0 0

#Transform 63
Transform: AffineTransform_float_3_3
Parameters: 0.999998 0.000620017 0.00184867 -0.000609981 0.999985 -0.00541414 -0.00185233 0.00541286 0.999983 -0.072609 -0.0394905 -0.172009
FixedParameters: 0 0 0

#Transform 64
Transform: AffineTransform_float_3_3
Parameters: 0.999998 0.000617221 0.00188465 -0.000609776 0.999992 -0.00383015 -0.00188735 0.00382884 0.999991 -0.0172977 -0.0173529 -0.0989163
FixedParameters: 0 0 0

#Transform 65
Transform: AffineTransform_float_3_3
Parameters: 0.999999 0.000667 0.0017297 -0.000660999 0.999994 -0.00346715 -0.0017323 0.00346585 0.999993 -0.0350924 -0.150231 -0.0885342
FixedParameters: 0 0 0

#Transform 66
Transform: AffineTransform_float_3_3
Parameters: 0.999997 0.00076194 0.00202904 -0.000753061 0.999992 -0.00391054 -0.00203196 0.00390946 0.999991 -0.0416346 -0.113632 -0.116677
FixedParameters: 0 0 0

#Transform 67
Transform: AffineTransform_float_3_3
Parameters: 0.999999 0.000788194 0.00164705 -0.000782807 0.999992 -0.00375729 -0.00164995 0.0037567 0.999991 -0.0244275 -0.0179772 -0.146796
FixedParameters: 0 0 0

#Transform 68
Transform: AffineTransform_float_3_3
Parameters: 0.999999 0.000613416 0.00126535 -0.000610586 0.999996 -0.00269777 -0.00126665 0.00269722 0.999995 -0.0347584 -0.131581 -0.150259
FixedParameters: 0 0 0

#Transform 69
Transform: AffineTransform_float_3_3
Parameters: 0.999999 0.000614841 0.0016482 -0.00061016 0.999995 -0.00293601 -0.0016498 0.00293499 0.999995 -0.0348259 -0.155443 -0.0978114
FixedParameters: 0 0 0

#Transform 70
Transform: AffineTransform_float_3_3
Parameters: 0.999999 0.000613948 0.00137124 -0.000610049 0.999995 -0.00287784 -0.00137376 0.00287716 0.999995 -0.018455 -0.0982114 -0.11686
FixedParameters: 0 0 0

#Transform 71
Transform: AffineTransform_float_3_3
Parameters: 0.999999 0.000613197 0.00124643 -0.000609804 0.999996 -0.00256376 -0.00124757 0.00256324 0.999996 -0.0058498 -0.0569052 -0.100966
FixedParameters: 0 0 0

#Transform 72
Transform: AffineTransform_float_3_3
Parameters: 0.999999 0.000612815 0.00121959 -0.000610187 0.999997 -0.00230675 -0.00122041 0.00230625 0.999996 -0.0149354 -0.115012 -0.0336166
FixedParameters: 0 0 0

#Transform 73
Transform: AffineTransform_float_3_3
Parameters: 0.999999 0.00075454 0.00120479 -0.00075146 0.999996 -0.00293591 -0.00120721 0.00293509 0.999995 -0.0112885 -0.0840896 0.0202584
FixedParameters: 0 0 0

#Transform 74
Transform: AffineTransform_float_3_3
Parameters: 1 0.00036841 0.000483929 -0.000367589 0.999995 -0.00291118 -0.000485072 0.00291082 0.999995 0.0395069 0.00278042 -0.0593708
FixedParameters: 0 0 0

#Transform 75
Transform: AffineTransform_float_3_3
Parameters: 1 0.000174631 0.000262581 -0.00017337 0.999997 -0.00240105 -0.000262417 0.00240095 0.999997 0.0332469 -0.0597657 -0.0591996
FixedParameters: 0 0 0

#Transform 76
Transform: AffineTransform_float_3_3
Parameters: 1 0.000512526 0.00027703 -0.000512474 0.999998 -0.00189414 -0.000277971 0.00189386 0.999998 0.0231591 -0.138966 -0.0906362
FixedParameters: 0 0 0

#Transform 77
Transform: AffineTransform_float_3_3
Parameters: 1 0.000554607 0.000276788 -0.000553393 0.999998 -0.00218716 -0.000278211 0.00218685 0.999998 0.0114176 -0.0960418 -0.0965744
FixedParameters: 0 0 0

#Transform 78
Transform: AffineTransform_float_3_3
Parameters: 0.999999 0.000578276 0.000572715 -0.000576724 0.999998 -0.00222533 -0.000574285 0.00222467 0.999998 -0.0028032 -0.0850609 -0.102814
FixedParameters: 0 0 0

#Transform 79
Transform: AffineTransform_float_3_3
Parameters: 1 0.000175074 0.000502627 -0.000173927 0.999997 -0.00213609 -0.000502372 0.00213591 0.999997 0.0119213 -0.0402183 -0.0785376
FixedParameters: 0 0 0

#Transform 80
Transform: AffineTransform_float_3_3
Parameters: 1 0.000488269 0.000986881 -0.000485732 0.999997 -0.00229748 -0.000988119 0.00229752 0.999997 -0.0171158 -0.0527566 -0.0244396
FixedParameters: 0 0 0

#Transform 81
Transform: AffineTransform_float_3_3
Parameters: 0.999999 0.000553757 0.000770741 -0.000552245 0.999998 -0.00227743 -0.00077126 0.00227757 0.999997 -0.0197568 -0.126596 -0.0236356
FixedParameters: 0 0 0

#Transform 82
Transform: AffineTransform_float_3_3
Parameters: 0.999999 0.000518648 0.000770894 -0.000517351 0.999997 -0.0021364 -0.000772107 0.0021366 0.999998 -0.0113121 -0.0648252 -0.022907
FixedParameters: 0 0 0

#Transform 83
Transform: AffineTransform_float_3_3
Parameters: 0.999999 0.000175924 0.000771563 -0.000174077 0.999997 -0.00249313 -0.000771436 0.00249286 0.999996 0.0296004 -0.0260978 -0.083081
FixedParameters: 0 0 0

#Transform 84
Transform: AffineTransform_float_3_3
Parameters: 0.999999 0.000175825 0.00178082 -0.000174176 1 -0.00102431 -0.00178118 0.00102469 0.999998 0.0809727 -0.153238 -0.113438
FixedParameters: 0 0 0

#Transform 85
Transform: AffineTransform_float_3_3
Parameters: 1 0.000175062 0.000620702 -0.000173938 0.999998 -0.00171011 -0.000621298 0.00170989 0.999999 0.0987988 -0.26622 0.00155425
FixedParameters: 0 0 0

#Transform 86
Transform: AffineTransform_float_3_3
Parameters: 0.999999 0.000520294 0.00127766 -0.000516708 0.999996 -0.00257666 -0.00127834 0.00257634 0.999996 0.0126448 -0.267033 -0.0580863
FixedParameters: 0 0 0

#Transform 87
Transform: AffineTransform_float_3_3
Parameters: 0.999998 0.000712551 0.00147229 -0.000708449 0.999997 -0.00241105 -0.00147371 0.00240995 0.999996 -0.00307841 -0.128458 0.0255519
FixedParameters: 0 0 0

#Transform 88
Transform: AffineTransform_float_3_3
Parameters: 0.999999 0.000476794 0.00122391 -0.000474205 0.999998 -0.00228258 -0.00122508 0.00228142 0.999996 -0.00998659 -0.0570454 0.0845723
FixedParameters: 0 0 0

#Transform 89
Transform: AffineTransform_float_3_3
Parameters: 1 0.000174496 0.000193554 -0.000173505 0.999996 -0.00256003 -0.000193445 0.00255996 0.999996 0.057397 -0.0190166 -0.0277609
FixedParameters: 0 0 0

#Transform 90
Transform: AffineTransform_float_3_3
Parameters: 1 0.00017407 3.76761e-05 -0.000173929 0.999999 -0.00186101 -3.83238e-05 0.00186099 0.999999 0.0457543 -0.0900201 -0.0220742
FixedParameters: 0 0 0

#Transform 91
Transform: AffineTransform_float_3_3
Parameters: 0.999999 0.000657764 0.000283232 -0.000657236 0.999996 -0.00269019 -0.000284769 0.00268981 0.999997 0.0298079 -0.104311 0.0197518
FixedParameters: 0 0 0

#Transform 92
Transform: AffineTransform_float_3_3
Parameters: 0.999999 0.000736066 0.000447251 -0.000734935 0.999997 -0.00237833 -0.000448749 0.00237867 0.999997 0.0351349 -0.0480014 -0.0213542
FixedParameters: 0 0 0

#Transform 93
Transform: AffineTransform_float_3_3
Parameters: 1 0.000317777 0.000326245 -0.000317224 0.999997 -0.0023781 -0.000326755 0.0023779 0.999997 0.0372755 -0.007144 -0.0967325
FixedParameters: 0 0 0

#Transform 94
Transform: AffineTransform_float_3_3
Parameters: 1 0.000504098 5.10363e-05 -0.000503902 0.999998 -0.00191203 -5.19636e-05 0.00191197 0.999998 0.0300736 -0.0382361 -0.0970067
FixedParameters: 0 0 0

#Transform 95
Transform: AffineTransform_float_3_3
Parameters: 1 0.000384991 -4.75151e-06 -0.000385009 0.999998 -0.001952 4.24847e-06 0.001952 0.999998 0.0293777 -0.136865 -0.134536
FixedParameters: 0 0 0

#Transform 96
Transform: AffineTransform_float_3_3
Parameters: 0.999999 0.000734992 -4.62801e-06 -0.000735009 0.999998 -0.002215 3.37196e-06 0.002215 0.999997 0.0221655 -0.106653 -0.120197
FixedParameters: 0 0 0

#Transform 97
Transform: AffineTransform_float_3_3
Parameters: 0.999999 0.000735053 2.97056e-05 -0.000734946 0.999998 -0.00176102 -3.12943e-05 0.00176098 0.999999 0.0082468 -0.058227 -0.101447
FixedParameters: 0 0 0

#Transform 98
Transform: AffineTransform_float_3_3
Parameters: 0.999999 0.000665872 0.000397542 -0.000665129 0.999998 -0.00219026 -0.000398457 0.00218974 0.999997 0.00239693 -0.0180461 -0.0893476
FixedParameters: 0 0 0

#Transform 99
Transform: AffineTransform_float_3_3
Parameters: 0.999999 0.000734544 -0.00026427 -0.000734457 0.999998 -0.00172881 0.00026373 0.0017292 0.999999 0.00220761 -0.140525 -0.0848553
FixedParameters: 0 0 0

#Transform 100
Transform: AffineTransform_float_3_3
Parameters: 0.999999 0.000735824 0.000363336 -0.000735177 0.999997 -0.00226227 -0.000364664 0.00226173 0.999998 0.00161096 -0.12341 -0.0850922
FixedParameters: 0 0 0

#Transform 101
Transform: AffineTransform_float_3_3
Parameters: 0.999999 0.000734296 -0.00026496 -0.000734704 0.999996 -0.00266781 0.000263041 0.0026682 0.999997 0.013169 -0.0635206 -0.0233943
FixedParameters: 0 0 0

#Transform 102
Transform: AffineTransform_float_3_3
Parameters: 0.999999 0.000735694 0.000242907 -0.000734305 0.999995 -0.00284618 -0.000245091 0.00284582 0.999996 0.017634 -0.00983863 0.0732644
FixedParameters: 0 0 0

#Transform 103
Transform: AffineTransform_float_3_3
Parameters: 0.999999 0.000735633 0.000287386 -0.000734366 0.999998 -0.00219521 -0.000289613 0.00219579 0.999997 -0.00205482 -0.120964 0.0921654
FixedParameters: 0 0 0

#Transform 104
Transform: AffineTransform_float_3_3
Parameters: 0.999999 0.000735023 8.14115e-06 -0.000734978 0.999997 -0.00252901 -9.85878e-06 0.00252899 0.999997 -0.0261539 -0.101885 0.075564
FixedParameters: 0 0 0

#Transform 105
Transform: AffineTransform_float_3_3
Parameters: 0.999999 0.000734809 -6.71165e-05 -0.000735189 0.999995 -0.00287995 6.48829e-05 0.00288005 0.999996 -0.0260975 -0.0615682 0.0742139
FixedParameters: 0 0 0

#Transform 106
Transform: AffineTransform_float_3_3
Parameters: 1 0.000564247 -0.000264612 -0.000564754 0.999996 -0.00285485 0.000263389 0.00285515 0.999996 -0.0251903 -0.0609318 0.0750658
FixedParameters: 0 0 0

#Transform 107
Transform: AffineTransform_float_3_3
Parameters: 0.999999 0.000734146 -0.000265375 -0.000734856 0.999995 -0.00323281 0.000263625 0.0032332 0.999994 -0.0259901 -0.0716174 0.0572467
FixedParameters: 0 0 0

#Transform 108
Transform: AffineTransform_float_3_3
Parameters: 0.999999 0.000734233 -0.000265134 -0.00073477 0.999996 -0.00290481 0.000263866 0.0029052 0.999995 -0.0259951 -0.0694432 0.0748699
FixedParameters: 0 0 0

#Transform 109
Transform: AffineTransform_float_3_3
Parameters: 0.999999 0.000735521 0.000129065 -0.000734479 0.999992 -0.0039921 -0.000131933 0.0039919 0.999992 -0.0495726 -0.0609529 0.0549642
FixedParameters: 0 0 0

#Transform 110
Transform: AffineTransform_float_3_3
Parameters: 0.999999 0.00079486 0.000256347 -0.000794137 0.999994 -0.00333921 -0.000259653 0.0033388 0.999995 -0.0486011 -0.0615776 0.0822924
FixedParameters: 0 0 0

#Transform 111
Transform: AffineTransform_float_3_3
Parameters: 0.999999 0.000734051 -0.000265638 -0.000734951 0.999994 -0.00359181 0.000263362 0.00359119 0.999993 -0.066252 -0.0613568 0.092994
FixedParameters: 0 0 0

#Transform 112
Transform: AffineTransform_float_3_3
Parameters: 0.999999 0.000735823 0.000226341 -0.000735174 0.999993 -0.00361517 -0.000229659 0.00361483 0.999994 -0.0603844 -0.0614254 0.118047
FixedParameters: 0 0 0

#Transform 113
Transform: AffineTransform_float_3_3
Parameters: 0.999999 0.000736152 0.000299181 -0.000734849 0.999993 -0.00383222 -0.000301818 0.00383178 0.999992 -0.0603774 -0.0613918 0.124119
FixedParameters: 0 0 0

#Transform 114
Transform: AffineTransform_float_3_3
Parameters: 0.999999 0.000736236 0.000298976 -0.000734765 0.999992 -0.00411122 -0.000302024 0.00411178 0.999992 -0.0603697 -0.0612997 0.149642
FixedParameters: 0 0 0

#Transform 115
Transform: AffineTransform_float_3_3
Parameters: 0.999999 0.000736592 0.000369846 -0.000734407 0.99999 -0.00428627 -0.000373152 0.00428672 0.99999 -0.0603915 -0.0500427 0.173827
FixedParameters: 0 0 0

#Transform 116
Transform: AffineTransform_float_3_3
Parameters: 0.999999 0.000736293 0.000298833 -0.000734706 0.999991 -0.00430422 -0.000302165 0.00430378 0.99999 -0.0459262 -0.0100723 0.155546
FixedParameters: 0 0 0

#Transform 117
Transform: AffineTransform_float_3_3
Parameters: 0.999999 0.000736182 0.000299108 -0.000734818 0.999992 -0.00393222 -0.000301892 0.00393178 0.999992 -0.0285364 0.0323562 0.270189
FixedParameters: 0 0 0

#Transform 118
Transform: AffineTransform_float_3_3
Parameters: 1 0.000737544 0.000764554 -0.000734458 0.999994 -0.00332256 -0.000766444 0.00332144 0.999994 -0.0403897 -0.121751 0.300716
FixedParameters: 0 0 0

#Transform 119
Transform: AffineTransform_float_3_3
Parameters: 1 0.000738016 0.000817287 -0.000734986 0.999993 -0.0036836 -0.000819713 0.0036834 0.999993 -0.0415394 -0.076383 0.290226
FixedParameters: 0 0 0

#Transform 120
Transform: AffineTransform_float_3_3
Parameters: 1 0.00073747 0.000606008 -0.000734532 0.999992 -0.00406445 -0.00060899 0.00406355 0.999991 -0.0326363 -0.0159739 0.319224
FixedParameters: 0 0 0

#Transform 121
Transform: AffineTransform_float_3_3
Parameters: 0.999999 0.00109706 0.000761608 -0.00109394 0.999992 -0.00400884 -0.000765391 0.00400816 0.999991 -0.0546078 -0.0873278 0.303347
FixedParameters: 0 0 0

#Transform 122
Transform: AffineTransform_float_3_3
Parameters: 0.999999 0.00109643 0.000579434 -0.00109357 0.99999 -0.00416964 -0.000584565 0.00416936 0.999991 -0.0407183 -0.0478985 0.303346
FixedParameters: 0 0 0

#Transform 123
Transform: AffineTransform_float_3_3
Parameters: 0.999999 0.00109695 0.000661121 -0.00109404 0.999989 -0.00445372 -0.000666878 0.00445227 0.99999 -0.0332112 -0.0479391 0.320393
FixedParameters: 0 0 0

#Transform 124
Transform: AffineTransform_float_3_3
Parameters: 0.999999 0.000965836 0.000917981 -0.000962164 0.999991 -0.00416989 -0.00092202 0.00416911 0.999991 -0.0530093 -0.0843789 0.317179
FixedParameters: 0 0 0

#Transform 125
Transform: AffineTransform_float_3_3
Parameters: 1 0.00109617 0.000500263 -0.00109383 0.99999 -0.00432555 -0.000504735 0.00432445 0.99999 -0.0611793 -0.0574373 0.3042
FixedParameters: 0 0 0

#Transform 126
Transform: AffineTransform_float_3_3
Parameters: 0.999999 0.00109646 0.000575344 -0.00109354 0.999991 -0.00425163 -0.000580655 0.00425137 0.999991 -0.0513623 -0.0533646 0.302606
FixedParameters: 0 0 0

#Transform 127
Transform: AffineTransform_float_3_3
Parameters: 0.999999 0.00109637 0.000573489 -0.00109363 0.999991 -0.00411963 -0.00057851 0.00411837 0.999992 -0.0520095 -0.0512288 0.301314
FixedParameters: 0 0 0

#Transform 128
Transform: AffineTransform_float_3_3
Parameters: 1 0.00109434 7.52185e-05 -0.00109366 0.99999 -0.00437009 -7.97801e-05 0.00436992 0.999991 -0.0236468 -0.0063143 0.29204
FixedParameters: 0 0 0

#Transform 129
Transform: AffineTransform_float_3_3
Parameters: 1 0.00109585 0.000507023 -0.00109415 0.999993 -0.00363256 -0.000510977 0.00363144 0.999994 -0.0333206 -0.0665108 0.334003
FixedParameters: 0 0 0

#Transform 130
Transform: AffineTransform_float_3_3
Parameters: 0.999999 0.00109755 0.000869534 -0.00109345 0.999991 -0.00407596 -0.000874464 0.00407505 0.999992 -0.0266608 -0.0268239 0.318988
FixedParameters: 0 0 0

#Transform 131
Transform: AffineTransform_float_3_3
Parameters: 1 0.00109607 0.000455042 -0.00109392 0.999989 -0.0045275 -0.000460958 0.0045275 0.999989 -0.0195465 -0.0116991 0.333067
FixedParameters: 0 0 0

#Transform 132
Transform: AffineTransform_float_3_3
Parameters: 0.999999 0.0010973 0.000807535 -0.0010937 0.999991 -0.00407589 -0.000812465 0.00407511 0.999992 -0.0386176 -0.0848863 0.293711
FixedParameters: 0 0 0

#Transform 133
Transform: AffineTransform_float_3_3
Parameters: 0.999999 0.00109755 0.000869534 -0.00109345 0.999991 -0.00407596 -0.000874464 0.00407505 0.999992 -0.016805 -0.0194357 0.326622
FixedParameters: 0 0 0

#Transform 134
Transform: AffineTransform_float_3_3
Parameters: 0.999999 0.00109636 0.000575537 -0.00109365 0.999991 -0.00407563 -0.000579462 0.00407537 0.999991 0.016217 -0.00439543 0.445057
FixedParameters: 0 0 0

#Transform 135
Transform: AffineTransform_float_3_3
Parameters: 0.999999 0.00109671 0.000776184 -0.00109429 0.999994 -0.00348385 -0.000779817 0.00348315 0.999993 -0.0059613 -0.105673 0.359667
FixedParameters: 0 0 0

#Transform 136
Transform: AffineTransform_float_3_3
Parameters: 0.999999 0.0010982 0.00093911 -0.0010938 0.99999 -0.00446103 -0.000943888 0.00445997 0.999989 -0.0133216 -0.0791396 0.357547
FixedParameters: 0 0 0

#Transform 137
Transform: AffineTransform_float_3_3
Parameters: 0.999999 0.00109766 0.000869399 -0.00109434 0.99999 -0.00419895 -0.000874602 0.00419804 0.999991 -0.0134371 -0.0147668 0.368772
FixedParameters: 0 0 0

#Transform 138
Transform: AffineTransform_float_3_3
Parameters: 0.999999 0.00109863 0.0010773 -0.00109437 0.99999 -0.00428619 -0.0010827 0.00428582 0.99999 -0.0302218 -0.0835461 0.334475
FixedParameters: 0 0 0

#Transform 139
Transform: AffineTransform_float_3_3
Parameters: 0.999999 0.00109837 0.000962038 -0.00109363 0.999989 -0.00452706 -0.00096696 0.00452594 0.99999 -0.01089 -0.0301452 0.321443
FixedParameters: 0 0 0

#Transform 140
Transform: AffineTransform_float_3_3
Parameters: 0.999999 0.00109845 0.00100215 -0.00109355 0.999989 -0.0044281 -0.00100685 0.0044279 0.999989 -0.012602 -0.056326 0.348194
FixedParameters: 0 0 0

#Transform 141
Transform: AffineTransform_float_3_3
Parameters: 0.999998 0.00109925 0.00113896 -0.00109375 0.999989 -0.00459925 -0.00114404 0.00459775 0.999989 -0.00199224 -0.0116428 0.295339
FixedParameters: 0 0 0

#Transform 142
Transform: AffineTransform_float_3_3
Parameters: 0.999999 0.000860994 -3.09136e-06 -0.000861004 0.999996 -0.002429 9.08621e-07 0.002429 0.999997 0.028429 0.056827 0.296057
FixedParameters: 0 0 0

#Transform 143
Transform: AffineTransform_float_3_3
Parameters: 0.999999 0.000880285 8.51042e-05 -0.000879712 0.999994 -0.00329008 -8.88946e-05 0.00328992 0.999994 0.0186738 -0.100125 0.330208
FixedParameters: 0 0 0

#Transform 144
Transform: AffineTransform_float_3_3
Parameters: 0.999999 0.000817871 -3.78955e-05 -0.000818126 0.999994 -0.00353997 3.4104e-05 0.00354003 0.999993 0.032833 -0.11864 0.315407
FixedParameters: 0 0 0

#Transform 145
Transform: AffineTransform_float_3_3
Parameters: 1 0.000680737 0.000776005 -0.000674264 0.999972 -0.00736852 -0.00078099 0.00736847 0.999972 0.0332781 -0.0971457 0.186768
FixedParameters: 0 0 0

#Transform 146
Transform: AffineTransform_float_3_3
Parameters: 0.999999 0.000678468 0.000561838 -0.00067453 0.999981 -0.00615038 -0.000566159 0.00615062 0.999981 0.0332907 -0.072684 0.199742
FixedParameters: 0 0 0

#Transform 147
Transform: AffineTransform_float_3_3
Parameters: 0.999999 0.000677454 0.000391787 -0.000674545 0.999981 -0.00623027 -0.00039621 0.00622973 0.99998 0.0333108 -0.0423079 0.0252224
FixedParameters: 0 0 0

#Transform 148
Transform: AffineTransform_float_3_3
Parameters: 0.999999 0.000678852 0.000561374 -0.000675143 0.999977 -0.00683439 -0.000566627 0.00683362 0.999977 0.0332074 -0.0832444 0.0581066
FixedParameters: 0 0 0

#Transform 149
Transform: AffineTransform_float_3_3
Parameters: 0.999999 0.00106913 0.000889964 -0.00105887 0.999936 -0.011311 -0.000902034 0.01131 0.999935 0.0311885 -0.0754597 0.0389402
FixedParameters: 0 0 0

#Transform 150
Transform: AffineTransform_float_3_3
Parameters: 0.999999 0.000799311 3.20056e-05 -0.000798689 0.999962 -0.00875203 -3.89916e-05 0.00875197 0.999961 0.00855329 -0.0559934 0.0845301
FixedParameters: 0 0 0

#Transform 151
Transform: AffineTransform_float_3_3
Parameters: 1 0.000675285 3.3696e-05 -0.000674712 0.999969 -0.00785602 -3.93017e-05 0.00785598 0.999969 0.0113994 -0.00212619 -0.0494148
FixedParameters: 0 0 0

#Transform 152
Transform: AffineTransform_float_3_3
Parameters: 0.999999 0.000672621 -0.000305297 -0.000674377 0.999969 -0.0078608 0.000299708 0.0078612 0.999969 0.0100535 -0.0821417 -0.0904743
FixedParameters: 0 0 0

#Transform 153
Transform: AffineTransform_float_3_3
Parameters: 1 0.000675396 4.65753e-05 -0.000674601 0.999968 -0.00803404 -5.24214e-05 0.00803397 0.999967 -0.0132267 -0.163339 -0.074735
FixedParameters: 0 0 0

#Transform 154
Transform: AffineTransform_float_3_3
Parameters: 0.999999 0.000678126 0.000377438 -0.000674869 0.999966 -0.00822126 -0.000383561 0.00822074 0.999966 -0.0338426 -0.10278 -0.0571905
FixedParameters: 0 0 0

#Transform 155
Transform: AffineTransform_float_3_3
Parameters: 0.999999 0.000738898 0.000108025 -0.000738102 0.999967 -0.00809108 -0.000113976 0.00809092 0.999968 -0.0134262 -0.084591 -0.0751206
FixedParameters: 0 0 0

#Transform 156
Transform: AffineTransform_float_3_3
Parameters: 1 0.000674333 -8.17037e-05 -0.000674669 0.999964 -0.00845395 7.62991e-05 0.00845406 0.999965 -0.0130442 -0.0065981 -0.0143045
FixedParameters: 0 0 0

#Transform 157
Transform: AffineTransform_float_3_3
Parameters: 1 0.000675033 1.83942e-06 -0.000674965 0.99997 -0.007645 -7.16031e-06 0.00764499 0.999971 -0.0131763 -0.0940129 0.0712159
FixedParameters: 0 0 0

#Transform 158
Transform: AffineTransform_float_3_3
Parameters: 1 0.00106825 2.87561e-05 -0.00106775 0.999969 -0.00771803 -3.6242e-05 0.00771796 0.99997 -0.0311469 -0.137259 0.0545443
FixedParameters: 0 0 0

#Transform 159
Transform: AffineTransform_float_3_3
Parameters: 1 0.00107247 0.000318803 -0.00107053 0.99997 -0.00765234 -0.000327201 0.00765165 0.99997 -0.0151509 -0.0823429 0.0461017
FixedParameters: 0 0 0

#Transform 160
Transform: AffineTransform_float_3_3
Parameters: 1 0.00114061 7.19891e-05 -0.0011404 0.999968 -0.00790209 -8.10139e-05 0.00790191 0.999969 -0.0248917 -0.088834 0.0558631
FixedParameters: 0 0 0

#Transform 161
Transform: AffineTransform_float_3_3
Parameters: 1 0.00113934 -9.16513e-05 -0.00113967 0.99997 -0.0075909 8.33512e-05 0.0075911 0.999971 -0.0223552 -0.0825032 0.0533202
FixedParameters: 0 0 0

#Transform 162
Transform: AffineTransform_float_3_3
Parameters: 0.999999 0.000990443 -7.65771e-05 -0.00099156 0.999971 -0.00764793 6.94185e-05 0.00764807 0.999971 -0.0145943 -0.0371075 0.0818826
FixedParameters: 0 0 0

#Transform 163
Transform: AffineTransform_float_3_3
Parameters: 1 0.00113912 -0.000118798 -0.00113988 0.999969 -0.00771987 0.000109203 0.00772013 0.99997 -0.0260474 -0.117647 0.0859491
FixedParameters: 0 0 0

#Transform 164
Transform: AffineTransform_float_3_3
Parameters: 1 0.0011409 0.00010901 -0.00114011 0.999969 -0.00788313 -0.000117991 0.00788287 0.999969 -0.0323502 -0.105131 0.0815644
FixedParameters: 0 0 0

#Transform 165
Transform: AffineTransform_float_3_3
Parameters: 1 0.00113886 -0.00014618 -0.00114015 0.999967 -0.00805683 0.000137818 0.00805716 0.999967 -0.0438617 -0.0778489 0.0810068
FixedParameters: 0 0 0

#Transform 166
Transform: AffineTransform_float_3_3
Parameters: 1 0.00113887 -0.000146096 -0.00114013 0.999968 -0.00798284 0.000136903 0.00798317 0.999968 -0.0237395 -0.0146499 0.15268
FixedParameters: 0 0 0

#Transform 167
Transform: AffineTransform_float_3_3
Parameters: 1 0.00113895 -0.000145517 -0.00114006 0.999972 -0.00747384 0.000137483 0.00747417 0.999972 -0.0335127 -0.0736447 0.145159
FixedParameters: 0 0 0

#Transform 168
Transform: AffineTransform_float_3_3
Parameters: 1 0.00114312 0.000396118 -0.00113988 0.999969 -0.00778046 -0.00040488 0.00777954 0.999969 -0.0528289 -0.0673514 0.19734
FixedParameters: 0 0 0

#Transform 169
Transform: AffineTransform_float_3_3
Parameters: 0.999999 0.00134428 0.000278202 -0.00134172 0.999967 -0.00803938 -0.000288796 0.00803961 0.999967 -0.06887 0.0214258 0.34638
FixedParameters: 0 0 0

#Transform 170
Transform: AffineTransform_float_3_3
Parameters: 1 0.0011421 0.000280603 -0.0011399 0.999973 -0.00735933 -0.000289397 0.00735968 0.999973 -0.0581388 -0.0664452 0.449866
FixedParameters: 0 0 0

#Transform 171
Transform: AffineTransform_float_3_3
Parameters: 1 0.00107655 0.000101281 -0.00107644 0.999986 -0.00531411 -0.000107722 0.00531389 0.999986 -0.081718 -0.195371 0.747989
FixedParameters: 0 0 0

#Transform 172
Transform: AffineTransform_float_3_3
Parameters: 0.999999 0.00113788 -0.000484026 -0.00114012 0.999989 -0.00441245 0.000478974 0.00441255 0.99999 -0.0892062 -0.226905 0.563367
FixedParameters: 0 0 0

#Transform 173
Transform: AffineTransform_float_3_3
Parameters: 1 0.0011412 0.000214744 -0.0011398 0.999985 -0.00548525 -0.000221255 0.00548475 0.999985 -0.0787458 -0.118775 0.448986
FixedParameters: 0 0 0

#Transform 174
Transform: AffineTransform_float_3_3
Parameters: 1 0.00114127 0.000214355 -0.00113973 0.999983 -0.00582625 -0.000221644 0.00582575 0.999983 -0.0693639 -0.0833407 0.279588
FixedParameters: 0 0 0

#Transform 175
Transform: AffineTransform_float_3_3
Parameters: 0.999999 0.000940169 0.000215973 -0.000938831 0.999985 -0.0053502 -0.000221026 0.00534979 0.999985 -0.0141978 -0.0383689 0.232
FixedParameters: 0 0 0

#Transform 176
Transform: AffineTransform_float_3_3
Parameters: 1 0.00113983 -3.7613e-05 -0.00114017 0.999987 -0.00492396 3.23862e-05 0.00492404 0.999988 -0.0337731 -0.0829705 0.224735
FixedParameters: 0 0 0

#Transform 177
Transform: AffineTransform_float_3_3
Parameters: 1 0.00113809 -0.000358138 -0.00113992 0.999985 -0.0053886 0.000352863 0.00538841 0.999986 -0.0306255 -0.11855 0.194316
FixedParameters: 0 0 0

#Transform 178
Transform: AffineTransform_float_3_3
Parameters: 0.999999 0.00133496 0.000169623 -0.00133404 0.999984 -0.00552823 -0.000177377 0.00552777 0.999984 -0.0294057 -0.0702495 0.194473
FixedParameters: 0 0 0

#Transform 179
Transform: AffineTransform_float_3_3
Parameters: 1 0.00114007 9.42421e-06 -0.00113992 0.999982 -0.00576801 -1.65754e-05 0.00576799 0.999984 -0.0329096 -0.0654235 0.17166
FixedParameters: 0 0 0

#Transform 180
Transform: AffineTransform_float_3_3
Parameters: 1 0.00114024 3.96005e-05 -0.00113976 0.999983 -0.00561305 -4.63982e-05 0.00561295 0.999984 -0.0150252 -0.0608678 0.130175
FixedParameters: 0 0 0

#Transform 181
Transform: AffineTransform_float_3_3
Parameters: 1 0.001138 -0.00035842 -0.00114001 0.999984 -0.0056366 0.000352579 0.00563741 0.999984 -0.0186277 -0.0266139 0.131794
FixedParameters: 0 0 0

#Transform 182
Transform: AffineTransform_float_3_3
Parameters: 0.999999 0.00144481 -3.64787e-05 -0.00144519 0.999981 -0.00586795 2.75201e-05 0.00586804 0.999983 -0.0323363 -0.125075 0.135214
FixedParameters: 0 0 0

#Transform 183
Transform: AffineTransform_float_3_3
Parameters: 0.999999 0.00143811 0.000159257 -0.00143788 0.999976 -0.00677724 -0.000169748 0.00677676 0.999977 -0.0330971 -0.0760267 0.150457
FixedParameters: 0 0 0

#Transform 184
Transform: AffineTransform_float_3_3
Parameters: 0.999999 0.00143918 0.000284173 -0.00143782 0.99997 -0.00752841 -0.000294832 0.00752758 0.999971 -0.0437279 -0.0636314 0.162012
FixedParameters: 0 0 0

#Transform 185
Transform: AffineTransform_float_3_3
Parameters: 0.999998 0.00174907 0.000857728 -0.00174192 0.999955 -0.00932551 -0.000874282 0.00932449 0.999956 -0.0524206 -0.0715617 0.106402
FixedParameters: 0 0 0

#Transform 186
Transform: AffineTransform_float_3_3
Parameters: 0.999996 0.00180988 0.00189521 -0.00178912 0.999944 -0.0104384 -0.00191377 0.0104346 0.999943 -0.0192042 -0.0810417 0.0412397
FixedParameters: 0 0 0

#Transform 187
Transform: AffineTransform_float_3_3
Parameters: 0.999996 0.00189708 0.00199019 -0.00187493 0.999938 -0.0110368 -0.00201081 0.0110332 0.999937 -0.0196293 -0.0743045 0.00845744
FixedParameters: 0 0 0

#Transform 188
Transform: AffineTransform_float_3_3
