#Insight Transform File V1.0
#Transform 0
Transform: AffineTransform_float_3_3
Parameters: 1 0 0 0 0.999999 0.000945999 0 -0.000945999 0.999999 0 -0.0233096 0.0134268
FixedParameters: 0 0 0

#Transform 1
Transform: AffineTransform_float_3_3
Parameters: 1 -0.000352654 0.000202603 0.000352347 0.999999 -0.00170993 -0.000202398 0.00171007 0.999998 0.00568003 0.0264445 -0.161791
FixedParameters: 0 0 0

#Transform 2
Transform: AffineTransform_float_3_3
Parameters: 1 0 0 0 0.999999 -0.001793 0 0.001793 0.999999 0.004994 0.034027 -0.11468
FixedParameters: 0 0 0

#Transform 3
Transform: AffineTransform_float_3_3
Parameters: 1 0 0 0 0.999999 -0.000975999 0 0.000975999 0.999999 -0.00913 0.0568261 -0.149369
FixedParameters: 0 0 0

#Transform 4
Transform: AffineTransform_float_3_3
Parameters: 1 0 0 0 1 -0.000296 0 0.000296 1 -0.00756 -0.032055 -0.10926
FixedParameters: 0 0 0

#Transform 5
Transform: AffineTransform_float_3_3
Parameters: 1 -0.000162 8.1162e-08 0.000162 1 -0.000501 8.1162e-08 0.000501 1 0.0158319 -0.0239115 -0.151003
FixedParameters: 0 0 0

#Transform 6
Transform: AffineTransform_float_3_3
Parameters: 1 0 0 0 1 -0.000526 0 0.000526 1 0.016968 0.0725894 -0.100207
FixedParameters: 0 0 0

#Transform 7
Transform: AffineTransform_float_3_3
Parameters: 1 1.8056e-08 6.1e-05 1.8056e-08 1 -0.000296 -6.1e-05 0.000296 1 0.011038 -0.0268672 -0.115217
FixedParameters: 0 0 0

#Transform 8
Transform: AffineTransform_float_3_3
Parameters: 1 -1.4528e-08 -1.6e-05 -1.4528e-08 0.999999 -0.000907999 1.6e-05 0.000907999 0.999999 0.0173961 0.0426786 -0.193727
FixedParameters: 0 0 0

#Transform 9
Transform: AffineTransform_float_3_3
Parameters: 1 -3.0743e-08 -7.1e-05 -3.0743e-08 1 -0.000433 7.1e-05 0.000433 1 0.018707 0.00106562 -0.122134
FixedParameters: 0 0 0

#Transform 10
Transform: AffineTransform_float_3_3
Parameters: 1 1.5904e-08 0.000224 1.5904e-08 1 -7.1e-05 -0.000224 7.1e-05 1 0.0113863 -0.0268568 -0.166742
FixedParameters: 0 0 0

#Transform 11
Transform: AffineTransform_float_3_3
Parameters: 1 -4.095e-08 -0.000195 -4.095e-08 1 -0.00021 0.000195 0.00021 1 -0.0106246 0.0203032 -0.118775
FixedParameters: 0 0 0

#Transform 12
Transform: AffineTransform_float_3_3
Parameters: 1 0.000338967 -0.000155071 -0.000339032 1 -0.000209947 0.000154929 0.000210053 1 -0.0285571 -0.0475714 -0.184035
FixedParameters: 0 0 0

#Transform 13
Transform: AffineTransform_float_3_3
Parameters: 1 0.000396998 2.20381e-05 -0.000397002 1 9.59912e-05 -2.19619e-05 -9.60087e-05 1 -0.0385892 0.013811 -0.141684
FixedParameters: 0 0 0

#Transform 14
Transform: AffineTransform_float_3_3
Parameters: 1 0.000334005 2.19299e-05 -0.000333995 1 -0.000210007 -2.20701e-05 0.000209993 1 -0.0328444 -0.0555064 -0.182771
FixedParameters: 0 0 0

#Transform 15
Transform: AffineTransform_float_3_3
Parameters: 1 0.000462005 2.1903e-05 -0.000461995 1 -0.00021001 -2.2097e-05 0.00020999 1 -0.0346625 0.0248499 -0.18386
FixedParameters: 0 0 0

#Transform 16
Transform: AffineTransform_float_3_3
Parameters: 1 0.000682004 2.18568e-05 -0.000681995 0.999999 -0.000210015 -2.21432e-05 0.000209985 1 -0.0624701 -0.0141057 -0.178039
FixedParameters: 0 0 0

#Transform 17
Transform: AffineTransform_float_3_3
Parameters: 1 0.000641029 7.27461e-05 -0.000640971 0.999999 -0.000396047 -7.22538e-05 0.000395954 1 -0.0678089 0.020807 -0.256045
FixedParameters: 0 0 0

#Transform 18
Transform: AffineTransform_float_3_3
Parameters: 0.999999 0.000783863 -0.000235453 -0.000784135 0.999999 -0.000577815 0.000234547 0.000578184 1 -0.08851 0.0447729 -0.225378
FixedParameters: 0 0 0

#Transform 19
Transform: AffineTransform_float_3_3
Parameters: 1 0.000601018 -6.58359e-05 -0.000600982 1 0.00027304 6.6164e-05 -0.00027296 1 -0.0775998 -0.0617272 -0.244225
FixedParameters: 0 0 0

#Transform 20
Transform: AffineTransform_float_3_3
Parameters: 1 0.000554072 0.000264849 -0.000554928 1 -0.000272147 -0.000265151 0.000271853 1 -0.0812806 0.0130612 -0.227337
FixedParameters: 0 0 0

#Transform 21
Transform: AffineTransform_float_3_3
Parameters: 1 0.000592002 -5.49722e-05 -0.000591997 1 4.70325e-05 5.50278e-05 -4.69674e-05 1 -0.0763173 -0.0721198 -0.256954
FixedParameters: 0 0 0

#Transform 22
Transform: AffineTransform_float_3_3
Parameters: 0.999999 0.000769983 0.000244051 -0.000770016 0.999999 6.68121e-05 -0.000243948 -6.71878e-05 1 -0.0931531 -0.0569266 -0.27839
FixedParameters: 0 0 0

#Transform 23
Transform: AffineTransform_float_3_3
Parameters: 1 0.00068609 0.000165626 -0.000685909 0.999999 -0.000545113 -0.000166374 0.000545886 1 -0.078329 0.00495709 -0.300772
FixedParameters: 0 0 0

#Transform 24
Transform: AffineTransform_float_3_3
Parameters: 0.999999 0.000797964 -0.000110254 -0.000798034 0.999999 -0.000318912 0.000109746 0.000318088 1 -0.12646 -0.0130574 -0.224051
FixedParameters: 0 0 0

#Transform 25
Transform: AffineTransform_float_3_3
Parameters: 0.999999 0.000851979 -0.000110154 -0.000852019 0.999999 -0.000180906 0.000109846 0.000181094 1 -0.134605 -0.0550877 -0.284188
FixedParameters: 0 0 0

#Transform 26
Transform: AffineTransform_float_3_3
Parameters: 0.999999 0.00131798 -2.58791e-05 -0.00131802 0.999999 -0.000666966 2.51209e-05 0.000667033 1 -0.151131 0.0368716 -0.257517
FixedParameters: 0 0 0

#Transform 27
Transform: AffineTransform_float_3_3
Parameters: 0.999999 0.00131783 -0.000290768 -0.00131817 0.999999 -0.000582617 0.000290233 0.000582383 1 -0.166943 -0.0601775 -0.232324
FixedParameters: 0 0 0

#Transform 28
Transform: AffineTransform_float_3_3
Parameters: 0.999999 0.00131799 -0.000412048 -0.00131802 0.999999 -3.6457e-05 0.000411952 3.6543e-05 1 -0.161851 -0.0988828 -0.301827
FixedParameters: 0 0 0

#Transform 29
Transform: AffineTransform_float_3_3
Parameters: 0.999999 0.001318 -1.0518e-05 -0.001318 0.999999 -0.000392986 9.48202e-06 0.000393013 1 -0.171708 -0.0299603 -0.340639
FixedParameters: 0 0 0

#Transform 30
Transform: AffineTransform_float_3_3
Parameters: 0.999999 0.00131797 -3.9144e-05 -0.00131803 0.999999 -0.000867949 3.78559e-05 0.00086805 0.999999 -0.177114 0.0162585 -0.300087
FixedParameters: 0 0 0

#Transform 31
Transform: AffineTransform_float_3_3
Parameters: 0.999999 0.00131797 -0.000226167 -0.00131803 0.999999 -0.000126702 0.000225834 0.000126298 1 -0.172347 -0.110922 -0.294201
FixedParameters: 0 0 0

#Transform 32
Transform: AffineTransform_float_3_3
Parameters: 0.999999 0.00123201 5.88503e-06 -0.00123199 0.999999 -0.000905007 -7.11495e-06 0.000904991 0.999999 -0.170952 -0.0713603 -0.372443
FixedParameters: 0 0 0

#Transform 33
Transform: AffineTransform_float_3_3
Parameters: 0.999999 0.00131794 -8.19054e-05 -0.00131806 0.999999 -0.000686892 8.10944e-05 0.000687107 1 -0.152116 -0.0289803 -0.266171
FixedParameters: 0 0 0

#Transform 34
Transform: AffineTransform_float_3_3
Parameters: 0.999999 0.001318 6.19097e-07 -0.001318 0.999999 -0.000289001 -1.3809e-06 0.000288998 1 -0.138594 -0.0912261 -0.328691
FixedParameters: 0 0 0

#Transform 35
Transform: AffineTransform_float_3_3
Parameters: 0.999999 0.00131812 0.000182155 -0.00131788 0.999999 -0.00064124 -0.000182845 0.000640759 1 -0.143018 -0.038508 -0.338829
FixedParameters: 0 0 0

#Transform 36
Transform: AffineTransform_float_3_3
Parameters: 0.999999 0.000923979 -7.12614e-05 -0.000924019 0.999999 -0.000282934 7.07384e-05 0.000283065 1 -0.131253 -0.0532681 -0.311285
FixedParameters: 0 0 0

#Transform 37
Transform: AffineTransform_float_3_3
Parameters: 1 0.000676148 0.000178439 -0.000675852 1 -0.000830121 -0.000178561 0.00082988 0.999999 -0.110938 -0.058262 -0.373552
FixedParameters: 0 0 0

#Transform 38
Transform: AffineTransform_float_3_3
Parameters: 1 0.00109001 1.65215e-05 -0.00108999 1 -0.000439018 -1.74785e-05 0.000438981 1 -0.135693 -0.0774695 -0.319298
FixedParameters: 0 0 0

#Transform 39
Transform: AffineTransform_float_3_3
Parameters: 1 0.000676066 0.000160722 -0.000675933 0.999999 -0.000411109 -0.000161278 0.000411891 1 -0.0986381 -0.0907262 -0.355143
FixedParameters: 0 0 0

#Transform 40
Transform: AffineTransform_float_3_3
Parameters: 1 0.00111288 -0.000317435 -0.00111312 1 -0.000390647 0.000317566 0.000390354 1 -0.127714 -0.0561893 -0.316881
FixedParameters: 0 0 0

#Transform 41
Transform: AffineTransform_float_3_3
Parameters: 0.999999 0.000676104 0.000258728 -0.000675895 0.999999 -0.000402175 -0.000259272 0.000402825 1 -0.107237 -0.0882147 -0.375654
FixedParameters: 0 0 0

#Transform 42
Transform: AffineTransform_float_3_3
Parameters: 1 0.00067611 0.000190607 -0.000675888 0.999999 -0.000581129 -0.000191393 0.00058087 1 -0.106652 -0.0929196 -0.346316
FixedParameters: 0 0 0

#Transform 43
Transform: AffineTransform_float_3_3
Parameters: 1 0.000613939 -0.000121308 -0.00061406 0.999999 -0.000500925 0.000120692 0.000501074 1 -0.11277 -0.0857543 -0.405584
FixedParameters: 0 0 0

#Transform 44
Transform: AffineTransform_float_3_3
Parameters: 1 0.000622991 -6.10897e-05 -0.000623009 1 -0.000143962 6.09103e-05 0.000144038 1 -0.113965 -0.128615 -0.37067
FixedParameters: 0 0 0

#Transform 45
Transform: AffineTransform_float_3_3
Parameters: 1 0.00043102 2.76879e-05 -0.000430979 0.999999 -0.000724012 -2.8312e-05 0.000723987 0.999999 -0.0919374 -0.10569 -0.386105
FixedParameters: 0 0 0

#Transform 46
Transform: AffineTransform_float_3_3
Parameters: 1 0.000650023 5.67367e-05 -0.000649977 0.999999 -0.000405037 -5.72632e-05 0.000404963 1 -0.100109 -0.103441 -0.277581
FixedParameters: 0 0 0

#Transform 47
Transform: AffineTransform_float_3_3
Parameters: 1 0.000628999 -5.12139e-06 -0.000629001 1 -0.000192997 4.8786e-06 0.000193003 1 -0.104266 -0.132095 -0.309504
FixedParameters: 0 0 0

#Transform 48
Transform: AffineTransform_float_3_3
Parameters: 0.999999 0.000650289 0.000365486 -0.000650711 1 -0.000790238 -0.000366514 0.000789762 0.999999 -0.107358 -0.0310065 -0.350697
FixedParameters: 0 0 0

#Transform 49
Transform: AffineTransform_float_3_3
Parameters: 0.999999 0.000797 0.000131995 -0.000796999 0.999999 -6.1052e-06 -0.000132005 5.89479e-06 1 -0.11786 -0.12387 -0.284115
FixedParameters: 0 0 0

#Transform 50
Transform: AffineTransform_float_3_3
Parameters: 1 0.000558109 0.00013154 -0.000557891 1 -0.000825074 -0.00013246 0.000824926 0.999999 -0.105046 -0.109464 -0.390411
FixedParameters: 0 0 0

#Transform 51
Transform: AffineTransform_float_3_3
Parameters: 0.999999 0.000604276 0.000388571 -0.000603724 0.999999 -0.000709234 -0.000388428 0.000709765 0.999999 -0.111405 -0.0913897 -0.254308
FixedParameters: 0 0 0

#Transform 52
Transform: AffineTransform_float_3_3
Parameters: 1 0.000248908 0.000186123 -0.000249092 1 0.000494954 -0.000185877 -0.000495046 1 -0.0874484 -0.212992 -0.204459
FixedParameters: 0 0 0

#Transform 53
Transform: AffineTransform_float_3_3
Parameters: 1 -0.000164119 0.000273929 0.000163881 1 0.000434045 -0.000274071 -0.000433955 1 -0.0674722 -0.195007 -0.250946
FixedParameters: 0 0 0

#Transform 54
Transform: AffineTransform_float_3_3
Parameters: 1 -5.12065e-06 0.000277998 4.87935e-06 1 0.000434001 -0.000278002 -0.000433998 1 -0.0586956 -0.212893 -0.30555
FixedParameters: 0 0 0

#Transform 55
Transform: AffineTransform_float_3_3
Parameters: 1 -0.000164057 0.000131929 0.000163943 1 0.000434022 -0.000132071 -0.000433978 1 -0.0682445 -0.21276 -0.27777
FixedParameters: 0 0 0

#Transform 56
Transform: AffineTransform_float_3_3
Parameters: 1 -0.000164034 0.000131957 0.000163966 1 0.000260022 -0.000132043 -0.000259978 1 -0.0563491 -0.208466 -0.299785
FixedParameters: 0 0 0

#Transform 57
Transform: AffineTransform_float_3_3
Parameters: 1 -0.000164124 0.000131845 0.000163876 0.999999 0.000942021 -0.000132154 -0.000941977 0.999999 -0.0424705 -0.225303 -0.278191
FixedParameters: 0 0 0

#Transform 58
Transform: AffineTransform_float_3_3
Parameters: 0.999999 -0.000634718 0.000445978 0.000634281 0.999998 0.00161028 -0.000447021 -0.00160972 0.999998 -0.0321934 -0.260736 -0.182283
FixedParameters: 0 0 0

#Transform 59
Transform: AffineTransform_float_3_3
Parameters: 0.999999 -0.000723395 0.000679458 0.000720605 0.999993 0.00351949 -0.000681539 -0.00351851 0.999993 -0.0366729 -0.323084 -0.110541
FixedParameters: 0 0 0

#Transform 60
Transform: AffineTransform_float_3_3
Parameters: 1 -0.00072537 0.000789005 0.000720629 0.999984 0.00552557 -0.000792994 -0.00552443 0.999985 -0.0359294 -0.392409 0.0200785
FixedParameters: 0 0 0

#Transform 61
Transform: AffineTransform_float_3_3
Parameters: 0.999999 -0.000724244 0.000772972 0.000720754 0.999991 0.00419056 -0.000776026 -0.00418944 0.999991 -0.0389914 -0.337998 -0.105385
FixedParameters: 0 0 0

#Transform 62
Transform: AffineTransform_float_3_3
Parameters: 0.999999 -0.000517957 0.000676747 0.000515042 0.999991 0.00436235 -0.000679253 -0.00436265 0.999991 -0.0604602 -0.339484 -0.104832
FixedParameters: 0 0 0

#Transform 63
Transform: AffineTransform_float_3_3
Parameters: 1 -0.000528595 0.000840374 0.000525404 0.999995 0.00308444 -0.000842625 -0.00308456 0.999995 -0.0627052 -0.278124 -0.208139
FixedParameters: 0 0 0

#Transform 64
Transform: AffineTransform_float_3_3
Parameters: 1 -0.000279916 0.000615131 0.000278081 0.999995 0.00311317 -0.000616868 -0.00311283 0.999995 -0.0947301 -0.251457 -0.114435
FixedParameters: 0 0 0

#Transform 65
Transform: AffineTransform_float_3_3
Parameters: 1 -0.000149529 0.0001314 0.000149469 0.999992 0.00401702 -0.000132601 -0.00401698 0.999992 -0.0735578 -0.343502 -0.143406
FixedParameters: 0 0 0

#Transform 66
Transform: AffineTransform_float_3_3
Parameters: 1 3.5505e-05 0.000132134 -3.54945e-05 0.999993 0.003748 -0.000131868 -0.003748 0.999993 -0.0805872 -0.311093 -0.136859
FixedParameters: 0 0 0

#Transform 67
Transform: AffineTransform_float_3_3
Parameters: 1 -0.000140038 0.000553488 0.000137963 0.999993 0.00368108 -0.000553512 -0.00368092 0.999993 -0.0884626 -0.327781 -0.213623
FixedParameters: 0 0 0

#Transform 68
Transform: AffineTransform_float_3_3
Parameters: 1 0.000204582 0.000132646 -0.000204419 0.999995 0.00315597 -0.000132356 -0.00315603 0.999995 -0.10249 -0.295555 -0.176722
FixedParameters: 0 0 0

#Transform 69
Transform: AffineTransform_float_3_3
Parameters: 1 0.000167718 0.000406531 -0.00016928 0.999995 0.00315593 -0.000405468 -0.00315607 0.999995 -0.111744 -0.345163 -0.260488
FixedParameters: 0 0 0

#Transform 70
Transform: AffineTransform_float_3_3
Parameters: 1 0.000241717 0.000406765 -0.000243283 0.999995 0.0031559 -0.000406234 -0.0031561 0.999995 -0.123745 -0.307392 -0.247072
FixedParameters: 0 0 0

#Transform 71
Transform: AffineTransform_float_3_3
Parameters: 1 0.000361621 0.000447119 -0.000363379 0.999995 0.00308884 -0.00044588 -0.00308916 0.999995 -0.11813 -0.345119 -0.279601
FixedParameters: 0 0 0

#Transform 72
Transform: AffineTransform_float_3_3
Parameters: 1 0.00036156 0.000493059 -0.000363439 0.999995 0.00292282 -0.000491939 -0.00292318 0.999995 -0.122609 -0.307815 -0.194949
FixedParameters: 0 0 0

#Transform 73
Transform: AffineTransform_float_3_3
Parameters: 1 -0.00020361 0.000131057 0.00020239 0.999989 0.00463803 -0.00013194 -0.00463798 0.999989 -0.0536302 -0.408678 -0.132114
FixedParameters: 0 0 0

#Transform 74
Transform: AffineTransform_float_3_3
Parameters: 0.999999 -0.000866513 0.000414788 0.000863484 0.999981 0.00602336 -0.000420208 -0.00602263 0.999982 -0.0108818 -0.462822 0.0273844
FixedParameters: 0 0 0

#Transform 75
Transform: AffineTransform_float_3_3
Parameters: 0.999999 -0.00086461 8.92678e-05 0.000863383 0.999977 0.00663208 -9.5728e-05 -0.00663192 0.999978 0.00754462 -0.49172 -0.0198209
FixedParameters: 0 0 0

#Transform 76
Transform: AffineTransform_float_3_3
Parameters: 1 3.79005e-05 0.000157269 -3.90976e-05 0.999975 0.00699699 -0.00015673 -0.006997 0.999975 -0.0405171 -0.49314 0.00590601
FixedParameters: 0 0 0

#Transform 77
Transform: AffineTransform_float_3_3
Parameters: 1 -0.000521788 0.000265514 0.000519215 0.999978 0.00669114 -0.00026848 -0.00669086 0.999977 -0.0275886 -0.461848 0.0100104
FixedParameters: 0 0 0

#Transform 78
Transform: AffineTransform_float_3_3
Parameters: 1 -0.00026101 0.000424163 0.000257992 0.999975 0.00707911 -0.000425837 -0.00707989 0.999975 -0.0428182 -0.454787 0.0088415
FixedParameters: 0 0 0

#Transform 79
Transform: AffineTransform_float_3_3
Parameters: 1 -0.000157893 0.000148053 0.000157107 0.999982 0.00601402 -0.000148948 -0.00601398 0.999982 -0.06511 -0.412792 -0.0501343
FixedParameters: 0 0 0

#Transform 80
Transform: AffineTransform_float_3_3
Parameters: 1 -0.000140642 0.000277173 0.000138359 0.999983 0.00591604 -0.000277824 -0.00591597 0.999983 -0.0641344 -0.425103 -0.0964691
FixedParameters: 0 0 0

#Transform 81
Transform: AffineTransform_float_3_3
Parameters: 1 -9.13387e-05 0.00040548 8.86583e-05 0.999984 0.00576404 -0.000406518 -0.00576397 0.999984 -0.084982 -0.388407 0.0192967
FixedParameters: 0 0 0

#Transform 82
Transform: AffineTransform_float_3_3
Parameters: 1 0.000177586 0.000232089 -0.000178414 0.999982 0.00610896 -0.000230914 -0.00610905 0.999982 -0.101685 -0.417666 -0.0468093
FixedParameters: 0 0 0

#Transform 83
Transform: AffineTransform_float_3_3
Parameters: 1 0.000177618 0.000282872 -0.000178383 0.999988 0.00489295 -0.000282131 -0.00489205 0.999988 -0.112438 -0.347502 -0.0771984
FixedParameters: 0 0 0

#Transform 84
Transform: AffineTransform_float_3_3
Parameters: 1 0.000178578 7.10704e-05 -0.000178422 0.999982 0.00598699 -6.9933e-05 -0.00598701 0.999982 -0.124605 -0.416838 0.012471
FixedParameters: 0 0 0

#Transform 85
Transform: AffineTransform_float_3_3
Parameters: 1 0.000177672 0.000244968 -0.000179328 0.999985 0.00542996 -0.00024403 -0.00543005 0.999985 -0.131153 -0.415535 -0.0868621
FixedParameters: 0 0 0

#Transform 86
Transform: AffineTransform_float_3_3
Parameters: 1 0.000176933 0.000403912 -0.000179067 0.999987 0.00512293 -0.000403088 -0.00512307 0.999987 -0.13285 -0.341337 -0.0318706
FixedParameters: 0 0 0

#Transform 87
Transform: AffineTransform_float_3_3
Parameters: 1 0.000581616 0.00023939 -0.000583381 0.999983 0.00582086 -0.000235608 -0.00582114 0.999983 -0.153144 -0.410518 -0.0736621
FixedParameters: 0 0 0

#Transform 88
Transform: AffineTransform_float_3_3
Parameters: 1 0.000555128 0.000366849 -0.000556873 0.999986 0.00512279 -0.000364152 -0.0051222 0.999987 -0.147317 -0.347943 -0.0440137
FixedParameters: 0 0 0

#Transform 89
Transform: AffineTransform_float_3_3
Parameters: 1 0.000179105 -1.69181e-05 -0.000178894 0.999981 0.006042 1.80812e-05 -0.00604199 0.999981 -0.122495 -0.415473 -0.00325642
FixedParameters: 0 0 0

#Transform 90
Transform: AffineTransform_float_3_3
Parameters: 1 0.000443881 2.16055e-05 -0.000444121 0.999982 0.00586899 -1.93938e-05 -0.00586901 0.999983 -0.137858 -0.350701 0.0482674
FixedParameters: 0 0 0

#Transform 91
Transform: AffineTransform_float_3_3
Parameters: 1 0.000177211 0.000288108 -0.000178788 0.99998 0.00622094 -0.000286893 -0.00622105 0.99998 -0.129961 -0.455437 0.0213546
FixedParameters: 0 0 0

#Transform 92
Transform: AffineTransform_float_3_3
Parameters: 1 0.000366957 8.22464e-06 -0.000367042 0.999981 0.00606199 -5.7751e-06 -0.006062 0.999981 -0.139816 -0.386409 0.0578824
FixedParameters: 0 0 0

#Transform 93
Transform: AffineTransform_float_3_3
Parameters: 1 -2.90969e-05 0.00030881 2.69018e-05 0.999977 0.00678801 -0.00030919 -0.00678799 0.999977 -0.127634 -0.446426 0.0241807
FixedParameters: 0 0 0

#Transform 94
Transform: AffineTransform_float_3_3
Parameters: 1 0.000147638 0.000209964 -0.000148362 0.999979 0.00649997 -0.00020904 -0.00650003 0.999979 -0.127625 -0.397909 0.0880998
FixedParameters: 0 0 0

#Transform 95
Transform: AffineTransform_float_3_3
Parameters: 1 6.95015e-06 0.000154051 -8.0495e-06 0.999977 0.006816 -0.000153949 -0.006816 0.999977 -0.115929 -0.442604 0.0491671
FixedParameters: 0 0 0

#Transform 96
Transform: AffineTransform_float_3_3
Parameters: 1 0.000248097 0.000155451 -0.000248906 0.999983 0.00583796 -0.000154549 -0.00583804 0.999983 -0.134684 -0.359228 0.100855
FixedParameters: 0 0 0

#Transform 97
Transform: AffineTransform_float_3_3
Parameters: 1 0.000209726 0.000191406 -0.000211271 0.999977 0.00668196 -0.000189592 -0.00668204 0.999977 -0.112451 -0.435564 0.0902811
FixedParameters: 0 0 0

#Transform 98
Transform: AffineTransform_float_3_3
Parameters: 1 0.000285082 0.000429949 -0.000288918 0.999977 0.00680187 -0.000428045 -0.00680212 0.999977 -0.131088 -0.415336 0.166849
FixedParameters: 0 0 0

#Transform 99
Transform: AffineTransform_float_3_3
Parameters: 0.999999 -0.000796004 0.000469273 0.000791997 0.999964 0.00847237 -0.000475727 -0.00847262 0.999964 -0.0774487 -0.499077 0.228259
FixedParameters: 0 0 0

#Transform 100
Transform: AffineTransform_float_3_3
Parameters: 0.999999 -0.000487254 0.000565515 0.00048175 0.999957 0.00925428 -0.000569482 -0.00925373 0.999957 -0.0691315 -0.448908 0.340607
FixedParameters: 0 0 0

#Transform 101
Transform: AffineTransform_float_3_3
Parameters: 1 -0.00048541 0.000299123 0.00048359 0.999968 0.00800714 -0.000302882 -0.00800685 0.999968 -0.0746236 -0.425599 0.232678
FixedParameters: 0 0 0

#Transform 102
Transform: AffineTransform_float_3_3
Parameters: 1 -0.0002734 0.000350138 0.0002706 0.999976 0.00683809 -0.000351858 -0.0068379 0.999976 -0.101928 -0.341158 0.181709
FixedParameters: 0 0 0

#Transform 103
Transform: AffineTransform_float_3_3
Parameters: 1 -0.000272781 0.000222837 0.000270226 0.999969 0.00795407 -0.000224157 -0.00795394 0.999969 -0.101433 -0.394704 0.299557
FixedParameters: 0 0 0

#Transform 104
Transform: AffineTransform_float_3_3
Parameters: 1 -0.000312582 0.000507813 0.000308417 0.999975 0.00703816 -0.000510183 -0.00703784 0.999975 -0.091568 -0.384608 0.157127
FixedParameters: 0 0 0

#Transform 105
Transform: AffineTransform_float_3_3
Parameters: 1 -1.58476e-05 0.000400897 1.21517e-05 0.999975 0.007102 -0.000401096 -0.00710199 0.999974 -0.105387 -0.349332 0.254375
FixedParameters: 0 0 0

#Transform 106
Transform: AffineTransform_float_3_3
Parameters: 1 0.000136083 0.000512057 -0.000139916 0.99997 0.00765692 -0.000510943 -0.00765706 0.99997 -0.10157 -0.4001 0.232836
FixedParameters: 0 0 0

#Transform 107
Transform: AffineTransform_float_3_3
Parameters: 1 -0.000274138 0.000540922 0.000269861 0.999971 0.00763514 -0.000543076 -0.00763585 0.99997 -0.0884944 -0.386768 0.283593
FixedParameters: 0 0 0

#Transform 108
Transform: AffineTransform_float_3_3
Parameters: 0.999999 -0.000321007 0.000634503 0.000313998 0.99994 0.0110132 -0.000637497 -0.0110128 0.999939 -0.0465487 -0.46785 0.545357
FixedParameters: 0 0 0

#Transform 109
Transform: AffineTransform_float_3_3
Parameters: 0.999999 -9.56833e-05 0.000939249 8.83103e-05 0.999966 0.00817708 -0.000940753 -0.00817691 0.999966 -0.094999 -0.349714 0.263429
FixedParameters: 0 0 0

#Transform 110
Transform: AffineTransform_float_3_3
Parameters: 0.999999 0.00033857 0.000678735 -0.000343432 0.999968 0.00801576 -0.000676268 -0.00801623 0.999967 -0.132597 -0.348466 0.3357
FixedParameters: 0 0 0

#Transform 111
Transform: AffineTransform_float_3_3
Parameters: 0.999999 -0.000488493 0.000670605 0.000481502 0.999938 0.0111293 -0.0006764 -0.0111287 0.999938 -0.0437861 -0.454528 0.586131
FixedParameters: 0 0 0

#Transform 112
Transform: AffineTransform_float_3_3
Parameters: 0.999999 -0.000718099 0.00119422 0.000704893 0.99994 0.0109328 -0.00120278 -0.0109321 0.999939 -0.0615711 -0.452928 0.466162
FixedParameters: 0 0 0

#Transform 113
Transform: AffineTransform_float_3_3
Parameters: 0.999999 -0.000537405 0.000926478 0.000525588 0.999924 0.0122665 -0.000933517 -0.0122665 0.999925 -0.0492392 -0.505155 0.701254
FixedParameters: 0 0 0

#Transform 114
Transform: AffineTransform_float_3_3
Parameters: 0.999999 -0.00075284 0.000405335 0.000747149 0.999898 0.0142213 -0.000416667 -0.0142207 0.999899 0.0200128 -0.537246 0.855626
FixedParameters: 0 0 0

#Transform 115
Transform: AffineTransform_float_3_3
Parameters: 1 -0.000477084 0.000950003 0.000466916 0.999944 0.0105875 -0.000954998 -0.0105866 0.999944 -0.0457582 -0.422672 0.52009
FixedParameters: 0 0 0

#Transform 116
Transform: AffineTransform_float_3_3
Parameters: 0.999999 -0.000317774 0.000647241 0.000310217 0.999928 0.0119762 -0.000651762 -0.0119758 0.999928 -0.0602465 -0.462484 0.712845
FixedParameters: 0 0 0

#Transform 117
Transform: AffineTransform_float_3_3
Parameters: 0.999999 -0.000316942 0.000635585 0.000310053 0.99994 0.0108932 -0.000639415 -0.0108928 0.99994 -0.060538 -0.485086 0.560828
FixedParameters: 0 0 0

#Transform 118
Transform: AffineTransform_float_3_3
Parameters: 1 -0.000317556 0.000583954 0.000309443 0.999917 0.0128942 -0.000588039 -0.0128948 0.999916 -0.0550691 -0.546587 0.676086
FixedParameters: 0 0 0

#Transform 119
Transform: AffineTransform_float_3_3
Parameters: 1 -0.000588691 0.00076691 0.000578307 0.999903 0.0138674 -0.000775094 -0.0138665 0.999903 -0.0180994 -0.586125 0.749195
FixedParameters: 0 0 0

#Transform 120
Transform: AffineTransform_float_3_3
Parameters: 1 -0.000929306 0.000638248 0.000918682 0.999872 0.0159626 -0.000653748 -0.0159614 0.999873 0.00657909 -0.688693 0.704351
FixedParameters: 0 0 0

#Transform 121
Transform: AffineTransform_float_3_3
Parameters: 1 -0.000314364 0.000334957 0.000309635 0.999916 0.0129511 -0.000339038 -0.0129509 0.999916 -0.0401534 -0.577859 0.627586
FixedParameters: 0 0 0

#Transform 122
Transform: AffineTransform_float_3_3
Parameters: 1 -0.000245716 0.000534966 0.000239283 0.999921 0.0125191 -0.000538038 -0.0125189 0.999922 -0.0655777 -0.568319 0.539271
FixedParameters: 0 0 0

#Transform 123
Transform: AffineTransform_float_3_3
Parameters: 1 -0.000313065 0.000227847 0.000309933 0.999911 0.0133301 -0.000232152 -0.0133299 0.999911 -0.0777158 -0.58686 0.648863
FixedParameters: 0 0 0

#Transform 124
Transform: AffineTransform_float_3_3
Parameters: 1 7.07655e-05 0.000350881 -7.52359e-05 0.999927 0.012083 -0.000350116 -0.012083 0.999927 -0.0861533 -0.573518 0.581341
FixedParameters: 0 0 0

#Transform 125
Transform: AffineTransform_float_3_3
Parameters: 0.999999 -0.000849383 0.000163041 0.000846603 0.9999 0.0140991 -0.000175954 -0.0140989 0.9999 -0.0259389 -0.621256 0.674029
FixedParameters: 0 0 0

#Transform 126
Transform: AffineTransform_float_3_3
Parameters: 0.999999 -0.00111958 0.00093974 0.00110443 0.999864 0.016423 -0.000957266 -0.0164219 0.999864 -0.00431999 -0.663032 0.860105
FixedParameters: 0 0 0

#Transform 127
Transform: AffineTransform_float_3_3
Parameters: 0.999999 -0.000778178 0.00124886 0.000759819 0.999894 0.014491 -0.00126014 -0.01449 0.999894 -0.0226417 -0.623388 0.705781
FixedParameters: 0 0 0

#Transform 128
Transform: AffineTransform_float_3_3
Parameters: 1 -0.000773081 0.000872584 0.000759913 0.999889 0.0148927 -0.000884415 -0.0148923 0.999888 -0.0322707 -0.619585 0.75077
FixedParameters: 0 0 0

#Transform 129
Transform: AffineTransform_float_3_3
Parameters: 0.999999 -0.00124256 0.000606796 0.00123243 0.999879 0.0155148 -0.000626195 -0.0155132 0.99988 0.0226849 -0.6247 0.925435
FixedParameters: 0 0 0

#Transform 130
Transform: AffineTransform_float_3_3
Parameters: 0.999998 -0.00192113 0.000413899 0.00191288 0.999821 0.0188298 -0.000449098 -0.0188292 0.999822 0.0787757 -0.746106 0.955585
FixedParameters: 0 0 0

#Transform 131
Transform: AffineTransform_float_3_3
Parameters: 0.999999 -0.00136868 0.00119675 0.00134833 0.999852 0.0171156 -0.00121925 -0.0171133 0.999853 -0.00341436 -0.690751 0.918041
FixedParameters: 0 0 0

#Transform 132
Transform: AffineTransform_float_3_3
Parameters: 0.999997 -0.00232768 0.000669138 0.00231433 0.999802 0.0197596 -0.000714866 -0.0197574 0.999804 0.0847283 -0.833846 0.868162
FixedParameters: 0 0 0

#Transform 133
Transform: AffineTransform_float_3_3
Parameters: 0.999995 -0.0031996 3.46397e-05 0.00319839 0.999739 0.0226182 -0.000107368 -0.0226178 0.999744 0.17237 -0.921752 1.13142
FixedParameters: 0 0 0

#Transform 134
Transform: AffineTransform_float_3_3
Parameters: 0.999998 -0.00199965 0.000655477 0.00198836 0.999848 0.0173143 -0.000689528 -0.0173127 0.99985 0.0481452 -0.77659 0.724382
FixedParameters: 0 0 0

#Transform 135
Transform: AffineTransform_float_3_3
Parameters: 0.999999 -0.00157661 0.000740737 0.00156439 0.999859 0.0167242 -0.000767271 -0.0167238 0.99986 -0.00424983 -0.797015 0.711012
FixedParameters: 0 0 0

#Transform 136
Transform: AffineTransform_float_3_3
Parameters: 0.999998 -0.00162328 0.000460037 0.00161572 0.99988 0.0154118 -0.000484958 -0.0154112 0.999881 0.00700472 -0.793572 0.516919
FixedParameters: 0 0 0

#Transform 137
Transform: AffineTransform_float_3_3
Parameters: 0.999998 -0.0015151 0.000600519 0.00150589 0.999888 0.0148819 -0.000623479 -0.0148811 0.999889 -0.0214782 -0.736143 0.582462
FixedParameters: 0 0 0

#Transform 138
Transform: AffineTransform_float_3_3
Parameters: 0.999999 -0.00137771 0.000636311 0.00136728 0.999863 0.0165319 -0.000659693 -0.0165311 0.999863 -0.0273967 -0.807936 0.663718
FixedParameters: 0 0 0

#Transform 139
Transform: AffineTransform_float_3_3
Parameters: 0.999998 -0.00189663 0.000747715 0.00188436 0.999862 0.0165494 -0.000779289 -0.0165476 0.999863 0.0124512 -0.805481 0.68015
FixedParameters: 0 0 0

#Transform 140
Transform: AffineTransform_float_3_3
Parameters: 0.999998 -0.00225697 0.000304091 0.00225003 0.999771 0.0212577 -0.00035191 -0.0212572 0.999774 0.0708542 -0.90178 1.00709
FixedParameters: 0 0 0

#Transform 141
Transform: AffineTransform_float_3_3
Parameters: 0.999998 -0.00198363 0.00110726 0.00196437 0.99986 0.0165812 -0.00113973 -0.0165798 0.999862 0.0181168 -0.801898 0.639563
FixedParameters: 0 0 0

#Transform 142
Transform: AffineTransform_float_3_3
Parameters: 0.999999 -0.00162685 0.000720836 0.00161415 0.999868 0.0161412 -0.000747153 -0.0161408 0.99987 -0.0423119 -0.757778 0.619136
FixedParameters: 0 0 0

#Transform 143
Transform: AffineTransform_float_3_3
Parameters: 0.999999 -0.00103532 0.00115598 0.00101568 0.999862 0.0165932 -0.00117301 -0.0165918 0.999861 -0.0772782 -0.836244 0.627782
FixedParameters: 0 0 0

#Transform 144
Transform: AffineTransform_float_3_3
Parameters: 0.999998 -0.00131459 0.000969196 0.00129841 0.999873 0.0159193 -0.000989793 -0.0159177 0.999873 -0.0499167 -0.77998 0.562562
FixedParameters: 0 0 0

#Transform 145
Transform: AffineTransform_float_3_3
Parameters: 0.999998 -0.00156678 0.0010624 0.00154723 0.99983 0.0183687 -0.0010906 -0.0183673 0.99983 -0.032681 -0.822606 0.802958
FixedParameters: 0 0 0

#Transform 146
Transform: AffineTransform_float_3_3
Parameters: 0.999996 -0.00231925 0.00149146 0.00228974 0.99981 0.0193255 -0.00153653 -0.0193215 0.999812 0.00318069 -0.862099 0.731017
FixedParameters: 0 0 0

#Transform 147
Transform: AffineTransform_float_3_3
Parameters: 0.999995 -0.00296913 0.000908608 0.00294686 0.99972 0.0234568 -0.000978387 -0.0234532 0.999725 0.119683 -0.972233 1.16245
FixedParameters: 0 0 0

#Transform 148
Transform: AffineTransform_float_3_3
Parameters: 0.999995 -0.002846 0.00145786 0.002816 0.999793 0.0201842 -0.00151514 -0.0201798 0.999795 0.0770856 -0.873894 0.821852
FixedParameters: 0 0 0

#Transform 149
Transform: AffineTransform_float_3_3
Parameters: 0.999994 -0.00335594 0.000939629 0.00333308 0.99972 0.0234313 -0.00101737 -0.0234277 0.999725 0.161546 -0.985043 1.09259
FixedParameters: 0 0 0

#Transform 150
Transform: AffineTransform_float_3_3
Parameters: 0.999995 -0.00304402 0.00148301 0.00301198 0.999772 0.0211336 -0.00154699 -0.0211284 0.999775 0.0998714 -0.955852 0.735995
FixedParameters: 0 0 0

#Transform 151
Transform: AffineTransform_float_3_3
Parameters: 0.999995 -0.00279395 0.00153967 0.00276104 0.999775 0.0210024 -0.00159833 -0.0209976 0.999778 0.0607591 -0.898041 0.881655
FixedParameters: 0 0 0

#Transform 152
Transform: AffineTransform_float_3_3
Parameters: 0.999995 -0.00279493 0.00154827 0.00276108 0.999765 0.0214994 -0.00160773 -0.0214956 0.999767 0.0778169 -0.959503 0.740176
FixedParameters: 0 0 0

#Transform 153
Transform: AffineTransform_float_3_3
Parameters: 0.999991 -0.00406305 2.75307e-05 0.00406094 0.999661 0.0257143 -0.000132467 -0.0257137 0.99967 0.193933 -1.1125 1.05172
FixedParameters: 0 0 0

#Transform 154
Transform: AffineTransform_float_3_3
Parameters: 0.999993 -0.00363058 0.00109339 0.00360442 0.999739 0.0225561 -0.00117459 -0.0225519 0.999745 0.145529 -1.05915 0.830065
FixedParameters: 0 0 0

#Transform 155
Transform: AffineTransform_float_3_3
Parameters: 0.999988 -0.00476057 -0.00132468 0.00479641 0.999567 0.02901 0.00118534 -0.029016 0.999578 0.334721 -1.19993 1.36198
FixedParameters: 0 0 0

#Transform 156
Transform: AffineTransform_float_3_3
Parameters: 0.999995 -0.0029761 -7.36443e-05 0.00297689 0.999745 0.0223869 6.35767e-06 -0.0223871 0.99975 0.127774 -0.945021 0.867984
FixedParameters: 0 0 0

#Transform 157
Transform: AffineTransform_float_3_3
Parameters: 0.999996 -0.00260418 -0.000475371 0.00261381 0.999755 0.0219858 0.000417632 -0.0219872 0.999758 0.0387234 -0.971816 0.933538
FixedParameters: 0 0 0

#Transform 158
Transform: AffineTransform_float_3_3
Parameters: 0.999998 -0.00232068 5.85007e-05 0.00231931 0.999787 0.0204732 -0.000106505 -0.0204728 0.999791 0.0275623 -0.939353 0.733404
FixedParameters: 0 0 0

#Transform 159
Transform: AffineTransform_float_3_3
Parameters: 0.999994 -0.00325323 0.000221173 0.00324678 0.999708 0.0239429 -0.000298822 -0.0239422 0.999714 0.116203 -0.950321 1.13068
FixedParameters: 0 0 0

#Transform 160
Transform: AffineTransform_float_3_3
Parameters: 0.999994 -0.00341617 -0.000488445 0.00342782 0.999637 0.0267165 0.000396558 -0.0267185 0.999643 0.167507 -1.03277 1.21001
FixedParameters: 0 0 0

#Transform 161
Transform: AffineTransform_float_3_3
Parameters: 0.999996 -0.00249056 0.000788553 0.00247245 0.999765 0.021534 -0.000841434 -0.021532 0.999768 0.0311245 -0.85082 0.898768
FixedParameters: 0 0 0

#Transform 162
Transform: AffineTransform_float_3_3
Parameters: 0.999996 -0.00262145 0.000802048 0.00260456 0.999776 0.0210312 -0.000856966 -0.0210298 0.999778 -0.0110361 -0.843636 0.891484
FixedParameters: 0 0 0

#Transform 163
Transform: AffineTransform_float_3_3
Parameters: 0.999996 -0.00260454 0.00108361 0.00258345 0.999808 0.0194259 -0.0011344 -0.0194231 0.99981 -0.00443081 -0.768656 0.790813
FixedParameters: 0 0 0

#Transform 164
Transform: AffineTransform_float_3_3
Parameters: 0.999996 -0.00265627 0.00148987 0.00262373 0.999771 0.021259 -0.00154612 -0.021255 0.999773 0.0164114 -0.792068 0.932996
FixedParameters: 0 0 0

#Transform 165
Transform: AffineTransform_float_3_3
Parameters: 0.999994 -0.00295388 0.00168492 0.00291712 0.999765 0.021488 -0.00174808 -0.021483 0.999767 0.0449549 -0.818066 1.01029
FixedParameters: 0 0 0

#Transform 166
Transform: AffineTransform_float_3_3
Parameters: 0.999991 -0.00404531 0.000528721 0.00402967 0.999645 0.0263183 -0.000635272 -0.0263166 0.999653 0.176843 -0.970417 1.29097
FixedParameters: 0 0 0

#Transform 167
Transform: AffineTransform_float_3_3
Parameters: 0.999993 -0.00362492 0.00144141 0.00358807 0.999685 0.0248394 -0.00153159 -0.0248336 0.999691 0.125948 -0.900274 1.21773
FixedParameters: 0 0 0

#Transform 168
Transform: AffineTransform_float_3_3
Parameters: 0.99999 -0.00435775 -0.000313352 0.00436523 0.999571 0.0289639 0.00018664 -0.0289651 0.99958 0.246651 -1.07082 1.45664
FixedParameters: 0 0 0

#Transform 169
Transform: AffineTransform_float_3_3
Parameters: 0.999992 -0.00390303 0.000956788 0.00387599 0.999633 0.0267899 -0.00106021 -0.0267861 0.99964 0.145427 -0.97391 1.2881
FixedParameters: 0 0 0

#Transform 170
Transform: AffineTransform_float_3_3
Parameters: 0.999993 -0.00351841 0.000738724 0.00349859 0.999656 0.0260148 -0.000830289 -0.0260113 0.999662 0.119644 -0.959922 1.20719
FixedParameters: 0 0 0

#Transform 171
Transform: AffineTransform_float_3_3
Parameters: 0.999992 -0.00391908 0.000685773 0.00389892 0.999623 0.0271709 -0.000792224 -0.0271681 0.99963 0.168336 -0.987573 1.30978
FixedParameters: 0 0 0

#Transform 172
Transform: AffineTransform_float_3_3
Parameters: 0.999988 -0.00476355 0.000245843 0.00475345 0.999537 0.0300765 -0.000389142 -0.0300755 0.999547 0.258666 -1.25257 1.18532
FixedParameters: 0 0 0

#Transform 173
Transform: AffineTransform_float_3_3
Parameters: 0.999992 -0.00393434 -0.000147888 0.00393767 0.999544 0.0299467 3.0095e-05 -0.0299464 0.999552 0.208577 -1.18154 1.32613
FixedParameters: 0 0 0

#Transform 174
Transform: AffineTransform_float_3_3
Parameters: 0.999993 -0.00352722 0.000258241 0.00351879 0.999632 0.0268921 -0.000352753 -0.0268909 0.999639 0.145609 -1.01 1.23234
FixedParameters: 0 0 0

#Transform 175
Transform: AffineTransform_float_3_3
Parameters: 0.999994 -0.00347245 0.000443528 0.00345956 0.999669 0.0255207 -0.000531459 -0.0255183 0.999674 0.107775 -0.979708 1.11488
FixedParameters: 0 0 0

#Transform 176
Transform: AffineTransform_float_3_3
Parameters: 0.999995 -0.00333044 0.000546296 0.00331657 0.999693 0.024583 -0.000627718 -0.024581 0.999697 0.0790448 -0.88482 1.1025
FixedParameters: 0 0 0

#Transform 177
Transform: AffineTransform_float_3_3
Parameters: 0.999995 -0.00310826 0.000730391 0.00308874 0.999681 0.0250434 -0.000807601 -0.0250406 0.999686 0.0444775 -0.946092 1.06884
FixedParameters: 0 0 0

#Transform 178
Transform: AffineTransform_float_3_3
Parameters: 0.999994 -0.00339273 0.000749722 0.00337326 0.999684 0.0249107 -0.000834286 -0.0249083 0.99969 0.0890453 -0.932632 1.151
FixedParameters: 0 0 0

#Transform 179
Transform: AffineTransform_float_3_3
Parameters: 0.999988 -0.00472377 -0.000699715 0.0047442 0.999461 0.032461 0.000545278 -0.0324639 0.999473 0.279833 -1.23825 1.55746
FixedParameters: 0 0 0

#Transform 180
Transform: AffineTransform_float_3_3
Parameters: 0.99999 -0.00451168 -0.000339277 0.00452034 0.999515 0.0308338 0.000200712 -0.0308352 0.999525 0.236496 -1.26949 1.28009
FixedParameters: 0 0 0

#Transform 181
Transform: AffineTransform_float_3_3
Parameters: 0.999992 -0.00398702 0.000361758 0.00397497 0.999581 0.0286917 -0.000476239 -0.0286894 0.999589 0.169596 -1.17673 1.13366
FixedParameters: 0 0 0

#Transform 182
Transform: AffineTransform_float_3_3
Parameters: 0.999989 -0.0046154 -0.0005722 0.00463059 0.999503 0.0311817 0.000427811 -0.0311843 0.999513 0.244983 -1.20755 1.49264
FixedParameters: 0 0 0

#Transform 183
Transform: AffineTransform_float_3_3
Parameters: 0.999991 -0.00423311 0.000285934 0.00422288 0.999567 0.0291014 -0.000409065 -0.0291005 0.999576 0.191546 -1.19357 1.18071
FixedParameters: 0 0 0

#Transform 184
Transform: AffineTransform_float_3_3
Parameters: 0.999993 -0.0037515 -0.000985444 0.00378152 0.999448 0.0330265 0.000861575 -0.0330295 0.999454 0.25633 -1.27327 1.55339
FixedParameters: 0 0 0

#Transform 185
Transform: AffineTransform_float_3_3
Parameters: 0.999994 -0.0034795 0.000445582 0.00346449 0.999568 0.0292027 -0.000547405 -0.0292013 0.999574 0.153236 -1.17187 1.20461
FixedParameters: 0 0 0

#Transform 186
Transform: AffineTransform_float_3_3
Parameters: 0.999992 -0.00400652 -0.0002353 0.00401247 0.99948 0.0319923 0.000106686 -0.0319927 0.999488 0.216185 -1.25397 1.53547
FixedParameters: 0 0 0

#Transform 187
Transform: AffineTransform_float_3_3
Parameters: 0.999991 -0.00435339 -0.00068267 0.0043726 0.999479 0.0320013 0.000542344 -0.0320037 0.999487 0.272033 -1.34668 1.37264
FixedParameters: 0 0 0

#Transform 188
Transform: AffineTransform_float_3_3
Parameters: 0.999992 -0.00373865 -0.000964069 0.00376634 0.999539 0.0301246 0.000850918 -0.0301284 0.999545 0.210569 -1.19288 1.34729
FixedParameters: 0 0 0

#Transform 189
Transform: AffineTransform_float_3_3
Parameters: 0.999997 -0.00268795 0.000149212 0.00268306 0.999639 0.0267275 -0.000220791 -0.0267275 0.999642 0.0830415 -1.05536 1.12276
FixedParameters: 0 0 0

#Transform 190
Transform: AffineTransform_float_3_3
Parameters: 0.999997 -0.00217972 0.00018215 0.00217428 0.999633 0.0270295 -0.000240858 -0.0270295 0.999634 0.0399022 -1.08858 1.14803
FixedParameters: 0 0 0

#Transform 191
Transform: AffineTransform_float_3_3
Parameters: 0.999998 -0.00187075 0.00062254 0.00185524 0.9997 0.0244002 -0.000668466 -0.0243988 0.999702 0.00344662 -1.0062 0.931629
FixedParameters: 0 0 0

#Transform 192
Transform: AffineTransform_float_3_3
Parameters: 0.999997 -0.00199644 0.00082597 0.00197556 0.99968 0.0251917 -0.000876043 -0.0251893 0.999683 -0.00927288 -1.02513 1.05548
FixedParameters: 0 0 0

