#Insight Transform File V1.0
#Transform 0
Transform: AffineTransform_float_3_3
Parameters: 0.999999 -0.000896879 0.00163407 0.000897121 0.999999 -7.35341e-05 -0.00163393 7.44655e-05 0.999998 0.0125691 0.0713259 -0.122347
FixedParameters: 0 0 0

#Transform 1
Transform: AffineTransform_float_3_3
Parameters: 0.999997 -0.000814197 0.00205592 0.000813802 0.999999 9.66733e-05 -0.00205608 -9.53261e-05 0.999998 -0.0209305 0.0657105 -0.0950849
FixedParameters: 0 0 0

#Transform 2
Transform: AffineTransform_float_3_3
Parameters: 0.999998 -0.000691447 0.00146779 0.000691553 0.999999 0.000305015 -0.00146821 -0.000303985 0.999999 -0.00499266 0.0322618 -0.146739
FixedParameters: 0 0 0

#Transform 3
Transform: AffineTransform_float_3_3
Parameters: 0.999998 -0.00066237 0.00180286 0.000662629 1 0.000206195 -0.00180314 -0.000204806 0.999999 -0.0168673 0.0549994 -0.132291
FixedParameters: 0 0 0

#Transform 4
Transform: AffineTransform_float_3_3
Parameters: 0.999998 -0.00067201 0.00187364 0.000670988 0.999999 0.000540258 -0.00187436 -0.000538741 0.999998 -0.0260953 0.0252354 -0.138495
FixedParameters: 0 0 0

#Transform 5
Transform: AffineTransform_float_3_3
Parameters: 0.999999 -0.000735622 0.00164872 0.000735377 0.999999 0.000378213 -0.00164928 -0.000376787 0.999998 -0.00940731 0.0281403 -0.101785
FixedParameters: 0 0 0

#Transform 6
Transform: AffineTransform_float_3_3
Parameters: 0.999998 -0.000686157 0.00151247 0.000684843 1 0.000765037 -0.00151352 -0.000763963 0.999998 -0.0172614 0.0173522 -0.0883667
FixedParameters: 0 0 0

#Transform 7
Transform: AffineTransform_float_3_3
Parameters: 0.999998 -0.000417385 0.0015759 0.000416613 1 0.000245657 -0.0015761 -0.000244342 0.999998 -0.0210279 0.0236539 -0.114352
FixedParameters: 0 0 0

#Transform 8
Transform: AffineTransform_float_3_3
Parameters: 0.999998 -0.000417509 0.00167787 0.000416489 1 0.000304699 -0.00167812 -0.0003033 0.999998 -0.0322414 0.0184671 -0.0898957
FixedParameters: 0 0 0

#Transform 9
Transform: AffineTransform_float_3_3
Parameters: 0.999999 -0.000417819 0.00130674 0.000417181 0.999999 0.000626546 -0.00130726 -0.000626454 0.999999 -0.0161495 0.0257108 -0.0884753
FixedParameters: 0 0 0

#Transform 10
Transform: AffineTransform_float_3_3
Parameters: 1 -0.000351941 0.00113902 0.000352059 1 -5.1599e-05 -0.00113898 5.24009e-05 1 -0.0282189 0.0361814 -0.117858
FixedParameters: 0 0 0

#Transform 11
Transform: AffineTransform_float_3_3
Parameters: 0.999999 -0.000416231 0.00120727 0.00041677 0.999999 -0.000637497 -0.00120673 0.000637503 0.999999 -0.0480452 0.0339694 0.197352
FixedParameters: 0 0 0

#Transform 12
Transform: AffineTransform_float_3_3
Parameters: 0.999999 -0.000900101 -0.000141361 0.000899899 1 -0.000710128 0.000142639 0.000709872 0.999999 0.0483779 0.0923329 0.107589
FixedParameters: 0 0 0

#Transform 13
Transform: AffineTransform_float_3_3
Parameters: 1 -0.000676938 -0.000142292 0.000677061 0.999999 0.000430904 0.000141708 -0.000431096 1 0.0430335 0.00362413 0.0527343
FixedParameters: 0 0 0

#Transform 14
Transform: AffineTransform_float_3_3
Parameters: 1 -0.000516796 0.000289365 0.000517204 0.999999 -0.00070585 -0.000289635 0.000706149 0.999999 0.0196151 0.0280611 0.0440306
FixedParameters: 0 0 0

#Transform 15
Transform: AffineTransform_float_3_3
Parameters: 1 -0.000191986 -0.00014202 0.000192014 1 0.000101973 0.00014198 -0.000102027 1 0.0217401 0.0162274 -0.0555581
FixedParameters: 0 0 0

#Transform 16
Transform: AffineTransform_float_3_3
Parameters: 1 -0.000292072 -0.000141852 0.000292928 1 -0.000505041 0.000142148 0.000504958 1 0.0230571 0.0468349 -0.0457058
FixedParameters: 0 0 0

#Transform 17
Transform: AffineTransform_float_3_3
Parameters: 1 -0.00027801 -0.000141981 0.00027799 1 -6.80395e-05 0.000142019 6.79605e-05 1 0.0228677 0.0232026 -0.0214458
FixedParameters: 0 0 0

#Transform 18
Transform: AffineTransform_float_3_3
Parameters: 1 -0.00027818 -0.000288827 0.00027882 1 -0.00062308 0.000289174 0.000622919 1 0.0288292 0.0457864 -0.0250871
FixedParameters: 0 0 0

#Transform 19
Transform: AffineTransform_float_3_3
Parameters: 1 -0.000278001 -8.98165e-06 0.000277999 1 -6.60025e-05 9.01835e-06 6.59975e-05 1 -0.00677705 0.0230791 -0.0516627
FixedParameters: 0 0 0

#Transform 20
Transform: AffineTransform_float_3_3
Parameters: 1 -9.07207e-05 0.000554046 9.12797e-05 1 -0.000504949 -0.000553954 0.00050405 0.999999 -0.0247277 0.00438182 0.00395786
FixedParameters: 0 0 0

#Transform 21
Transform: AffineTransform_float_3_3
Parameters: 1 -1.3966e-05 -0.000185003 1.4034e-05 1 0.000183997 0.000184997 -0.000184003 1 -0.00735396 0.012652 0.0397397
FixedParameters: 0 0 0

#Transform 22
Transform: AffineTransform_float_3_3
Parameters: 1 5.21374e-05 0.000181961 -5.18626e-05 0.999999 -0.000755009 -0.000182039 0.00075499 0.999999 -0.0104452 0.0360382 0.0108718
FixedParameters: 0 0 0

#Transform 23
Transform: AffineTransform_float_3_3
Parameters: 1 5.22499e-05 0.000494973 -5.175e-05 1 -0.000505025 -0.000495026 0.000504974 0.999999 -0.0298197 0.0285463 0.0481434
FixedParameters: 0 0 0

#Transform 24
Transform: AffineTransform_float_3_3
Parameters: 1 0.000278161 0.000319859 -0.000277838 1 -0.000505089 -0.00032014 0.000504911 1 -0.0240754 0.0255867 -0.0116871
FixedParameters: 0 0 0

#Transform 25
Transform: AffineTransform_float_3_3
Parameters: 1 0.000267459 0.000505758 -0.000266541 0.999999 -0.000907135 -0.000506242 0.000907865 1 -0.032975 0.0541443 0.0368417
FixedParameters: 0 0 0

#Transform 26
Transform: AffineTransform_float_3_3
Parameters: 1 0.000266763 -0.000503125 -0.000266237 1 -0.000470866 0.000502874 0.000471134 1 -0.000742626 0.0242864 -0.0139009
FixedParameters: 0 0 0

#Transform 27
Transform: AffineTransform_float_3_3
Parameters: 0.999999 -8.14304e-05 0.000887052 8.15694e-05 1 -0.000641928 -0.000886948 0.000642073 1 -0.0414339 0.0569989 0.0224074
FixedParameters: 0 0 0

#Transform 28
Transform: AffineTransform_float_3_3
Parameters: 1 0.000268718 -0.000502084 -0.000266283 0.999994 0.00341813 0.000502913 -0.00341787 0.999994 0.0066501 -0.12148 0.11802
FixedParameters: 0 0 0

#Transform 29
Transform: AffineTransform_float_3_3
Parameters: 0.999999 8.43257e-05 -0.000835867 -8.26739e-05 0.999998 0.00158607 0.000836132 -0.00158593 0.999999 0.0164075 -0.0222334 0.0800881
FixedParameters: 0 0 0

#Transform 30
Transform: AffineTransform_float_3_3
Parameters: 1 -6.09612e-05 -0.000619103 6.20385e-05 0.999998 0.00167796 0.000618897 -0.00167804 0.999999 -0.0161289 -0.0186355 -0.0860407
FixedParameters: 0 0 0

#Transform 31
Transform: AffineTransform_float_3_3
Parameters: 1 -6.62516e-06 -0.000548004 7.37483e-06 1 0.000683996 0.000547995 -0.000684003 0.999999 -0.0268351 0.0372355 -0.0724157
FixedParameters: 0 0 0

#Transform 32
Transform: AffineTransform_float_3_3
Parameters: 1 3.6837e-05 -0.000674955 -3.6163e-05 0.999999 0.00124002 0.000675045 -0.00123998 0.999999 -0.0222577 0.00430592 -0.107445
FixedParameters: 0 0 0

#Transform 33
Transform: AffineTransform_float_3_3
Parameters: 1 0.000267293 -0.000618873 -0.000266707 1 0.000473165 0.000619126 -0.000472834 0.999999 -0.0275598 0.0525008 -0.117621
FixedParameters: 0 0 0

#Transform 34
Transform: AffineTransform_float_3_3
Parameters: 1 0.000267636 -0.000618725 -0.000266364 1 0.00102717 0.000619274 -0.00102784 1 -0.027569 0.0125395 -0.110305
FixedParameters: 0 0 0

#Transform 35
Transform: AffineTransform_float_3_3
Parameters: 0.999999 0.000267679 -0.000683735 -0.000266321 1 0.000993183 0.000684265 -0.000992818 1 -0.0249237 0.0139596 -0.126811
FixedParameters: 0 0 0

#Transform 36
Transform: AffineTransform_float_3_3
Parameters: 1 0.000186487 -0.000561839 -0.000185513 0.999999 0.000867104 0.000562161 -0.000866895 1 -0.0287754 0.0401129 -0.128604
FixedParameters: 0 0 0

#Transform 37
Transform: AffineTransform_float_3_3
Parameters: 1 0.000267619 -0.000618733 -0.000266381 1 0.00100017 0.000619267 -0.000999835 1 -0.0275582 0.0185987 -0.126752
FixedParameters: 0 0 0

#Transform 38
Transform: AffineTransform_float_3_3
Parameters: 1 0.000318485 -0.00061875 -0.000317515 0.999999 0.000783196 0.000619249 -0.000783802 0.999999 -0.0282035 0.0224429 -0.129571
FixedParameters: 0 0 0

#Transform 39
Transform: AffineTransform_float_3_3
Parameters: 1 0.000267663 -0.000618714 -0.000266337 1 0.00107117 0.000619286 -0.00107084 0.999999 -0.0304991 0.010767 -0.143107
FixedParameters: 0 0 0

#Transform 40
Transform: AffineTransform_float_3_3
Parameters: 1 0.000267406 -0.000618824 -0.000266593 0.999999 0.000657165 0.000619175 -0.000656834 0.999999 -0.0275428 0.0503947 -0.136293
FixedParameters: 0 0 0

#Transform 41
Transform: AffineTransform_float_3_3
Parameters: 0.999999 0.000464705 -0.000618471 -0.000463296 0.999999 0.00113929 0.000618528 -0.00113871 0.999999 -0.0301278 0.00767328 -0.142272
FixedParameters: 0 0 0

#Transform 42
Transform: AffineTransform_float_3_3
Parameters: 1 0.000268353 -0.000934613 -0.000266647 0.999999 0.00144725 0.000935387 -0.00144675 0.999998 -0.0147227 -0.0217869 -0.0667457
FixedParameters: 0 0 0

#Transform 43
Transform: AffineTransform_float_3_3
Parameters: 1 -0.000189875 -0.000619038 0.000190124 1 0.000200882 0.000618962 -0.000201118 1 0.0230029 0.0300229 -0.126843
FixedParameters: 0 0 0

#Transform 44
Transform: AffineTransform_float_3_3
Parameters: 1 8.08279e-05 -0.000619022 -8.1172e-05 1 -0.00027795 0.000618977 0.00027805 1 -0.0138495 0.0817783 -0.214313
FixedParameters: 0 0 0

#Transform 45
Transform: AffineTransform_float_3_3
Parameters: 0.999999 -0.000427147 -0.00137427 0.000427853 0.999999 0.000620412 0.00137373 -0.000620587 0.999999 0.038446 0.0146437 -0.190298
FixedParameters: 0 0 0

#Transform 46
Transform: AffineTransform_float_3_3
Parameters: 0.999999 -7.1602e-05 -0.000737038 7.23979e-05 1 0.000539946 0.000736961 -0.000540053 0.999999 -0.025333 0.0173519 -0.151434
FixedParameters: 0 0 0

#Transform 47
Transform: AffineTransform_float_3_3
Parameters: 1 -0.000272537 -0.00103012 0.000273462 1 0.000448719 0.00102988 -0.000449281 1 -0.00355092 0.00167284 -0.141806
FixedParameters: 0 0 0

#Transform 48
Transform: AffineTransform_float_3_3
Parameters: 1 5.5573e-05 -0.00110902 -5.64281e-05 1 -0.000385938 0.00110898 0.000385062 1 0.00632759 0.0602426 -0.162442
FixedParameters: 0 0 0

#Transform 49
Transform: AffineTransform_float_3_3
Parameters: 0.999999 0.00130733 -0.000709553 -0.00130567 0.999998 0.00187293 0.000712446 -0.00187207 0.999998 -0.049384 -0.0306871 -0.239158
FixedParameters: 0 0 0

#Transform 50
Transform: AffineTransform_float_3_3
Parameters: 0.999994 0.00260353 -0.00251848 -0.00260447 0.999996 -0.000182442 0.00251852 0.000189558 0.999997 -0.0677138 -0.01235 -0.0169618
FixedParameters: 0 0 0

#Transform 51
Transform: AffineTransform_float_3_3
Parameters: 0.999999 2.97522e-05 0.000824939 -2.72476e-05 0.999997 -0.00212402 -0.00082506 0.00212398 0.999998 -0.158932 0.152555 -0.0490493
FixedParameters: 0 0 0

#Transform 52
Transform: AffineTransform_float_3_3
Parameters: 0.999998 -0.00157518 0.000214713 0.00157482 0.999999 0.000817339 -0.000216286 -0.00081666 0.999999 -0.0912996 0.00882296 -0.122149
FixedParameters: 0 0 0

#Transform 53
Transform: AffineTransform_float_3_3
Parameters: 0.999999 -0.000948972 -1.08024e-05 0.000949028 0.999995 0.00295299 8.19754e-06 -0.00295301 0.999995 -0.151963 -0.122981 0.0285136
FixedParameters: 0 0 0

#Transform 54
Transform: AffineTransform_float_3_3
Parameters: 0.999999 -0.000818882 -3.21554e-05 0.000818117 0.999992 0.00385297 2.8848e-05 -0.00385302 0.999992 -0.185604 -0.0352827 -0.299683
FixedParameters: 0 0 0

#Transform 55
Transform: AffineTransform_float_3_3
Parameters: 0.999995 -0.00244381 -0.00205876 0.00245119 0.999989 0.00398297 0.00204925 -0.00398803 0.99999 -0.0845313 -0.127577 -0.299442
FixedParameters: 0 0 0

#Transform 56
Transform: AffineTransform_float_3_3
Parameters: 0.999995 -0.00263759 -0.00206009 0.00264041 0.999996 0.00116757 0.00205691 -0.00117243 0.999997 -0.1735 0.0875245 -0.921482
FixedParameters: 0 0 0

#Transform 57
Transform: AffineTransform_float_3_3
Parameters: 0.999996 -0.00226914 -0.00122858 0.00226986 0.999997 0.000695214 0.00122742 -0.000697788 0.999999 -0.121579 -0.0823831 -0.297351
FixedParameters: 0 0 0

#Transform 58
Transform: AffineTransform_float_3_3
Parameters: 0.999996 -0.00204156 -0.001666 0.00204444 0.999997 0.0014666 0.001663 -0.0014694 0.999997 -0.105294 -0.0417554 -0.111797
FixedParameters: 0 0 0

#Transform 59
Transform: AffineTransform_float_3_3
Parameters: 0.999996 -0.00170132 -0.00192027 0.00170568 0.999996 0.00191573 0.00191673 -0.00191927 0.999997 -0.0993854 -0.0545577 -0.101067
FixedParameters: 0 0 0

#Transform 60
Transform: AffineTransform_float_3_3
Parameters: 0.999996 -0.00170423 -0.00215761 0.00170477 0.999998 0.000357323 0.00215739 -0.000360678 0.999997 -0.032605 -0.0669739 0.0282581
FixedParameters: 0 0 0

#Transform 61
Transform: AffineTransform_float_3_3
Parameters: 0.999997 -0.00114123 -0.00215635 0.00113977 0.999999 -0.00057146 0.00215765 0.00056954 0.999998 -0.0643684 -0.0162662 0.0130179
FixedParameters: 0 0 0

#Transform 62
Transform: AffineTransform_float_3_3
Parameters: 0.999996 -0.00174222 -0.00232809 0.00174078 0.999999 -0.000525055 0.00232891 0.000520945 0.999997 -0.117062 -0.0196726 0.183974
FixedParameters: 0 0 0

#Transform 63
Transform: AffineTransform_float_3_3
Parameters: 0.999996 -0.00174182 -0.00226137 0.00174118 0.999999 -0.000363939 0.00226163 0.000360062 0.999998 -0.25071 -0.0126714 0.313432
FixedParameters: 0 0 0

#Transform 64
Transform: AffineTransform_float_3_3
Parameters: 0.999997 -0.00163853 -0.00193886 0.00163547 0.999998 -0.00130718 0.00194114 0.00130382 0.999998 -0.205863 0.000241262 -0.00815361
FixedParameters: 0 0 0

#Transform 65
Transform: AffineTransform_float_3_3
Parameters: 0.999986 -0.00187064 -0.00498288 0.00191436 0.999959 0.00891259 0.00496612 -0.00892242 0.999948 -0.100739 -0.288939 0.431574
FixedParameters: 0 0 0

#Transform 66
Transform: AffineTransform_float_3_3
Parameters: 0.999987 0.00354144 -0.00362335 -0.00336658 0.998886 0.0470668 0.00378563 -0.0470542 0.998885 -0.303567 -1.54927 1.94576
FixedParameters: 0 0 0

#Transform 67
Transform: AffineTransform_float_3_3
Parameters: 0.999954 0.00536275 -0.00788705 -0.00485925 0.99803 0.0625592 0.00820696 -0.0625179 0.99801 -0.376608 -2.22269 3.12744
FixedParameters: 0 0 0

#Transform 68
Transform: AffineTransform_float_3_3
Parameters: 0.999919 0.0057945 -0.0113877 -0.00508149 0.998086 0.0616299 0.0117233 -0.0615671 0.998034 -0.362786 -2.16018 3.06896
FixedParameters: 0 0 0

#Transform 69
Transform: AffineTransform_float_3_3
Parameters: 0.999914 0.0054046 -0.0120012 -0.00483736 0.998891 0.0468311 0.0122418 -0.0467689 0.99883 -0.441332 -1.6085 2.46304
FixedParameters: 0 0 0

#Transform 70
Transform: AffineTransform_float_3_3
Parameters: 0.999955 0.00433511 -0.00850787 -0.00405889 0.999473 0.032206 0.00864313 -0.03217 0.999445 -0.388472 -1.19011 2.07223
FixedParameters: 0 0 0

#Transform 71
Transform: AffineTransform_float_3_3
Parameters: 0.999957 0.00502358 -0.00782517 -0.00475143 0.999398 0.0343457 0.00799282 -0.0343073 0.99938 -0.451063 -1.26318 2.18594
FixedParameters: 0 0 0

#Transform 72
Transform: AffineTransform_float_3_3
Parameters: 0.999967 0.00424747 -0.00681963 -0.00402151 0.999455 0.0327435 0.00695534 -0.0327145 0.99944 -0.400292 -1.19068 2.03563
FixedParameters: 0 0 0

#Transform 73
Transform: AffineTransform_float_3_3
Parameters: 0.999971 0.00417861 -0.00644854 -0.00397541 0.999503 0.0312706 0.00657548 -0.0312435 0.99949 -0.415338 -1.14144 1.85092
FixedParameters: 0 0 0

#Transform 74
Transform: AffineTransform_float_3_3
Parameters: 0.999975 0.00256292 -0.00661659 -0.00239006 0.999659 0.0260125 0.00668141 -0.0259955 0.999639 -0.227889 -0.976918 1.29659
FixedParameters: 0 0 0

#Transform 75
Transform: AffineTransform_float_3_3
Parameters: 0.999953 0.00393638 -0.00893551 -0.00369461 0.999632 0.0268713 0.00903848 -0.0268367 0.999599 -0.405772 -1.24234 2.00645
FixedParameters: 0 0 0

#Transform 76
Transform: AffineTransform_float_3_3
Parameters: 0.999981 0.00280539 -0.00547394 -0.00265761 0.999638 0.02675 0.00554706 -0.0267349 0.999627 -0.753348 -1.34123 1.32718
FixedParameters: 0 0 0

#Transform 77
Transform: AffineTransform_float_3_3
Parameters: 0.999979 0.00150138 -0.00618525 -0.00132662 0.999604 0.0281018 0.00622473 -0.0280922 0.999586 -0.648092 -1.57648 0.680242
FixedParameters: 0 0 0

#Transform 78
Transform: AffineTransform_float_3_3
Parameters: 0.999995 0.000733575 -0.00301942 -0.000642408 0.999553 0.0298901 0.00304056 -0.0298879 0.999548 -0.862103 -1.65156 1.49494
FixedParameters: 0 0 0

#Transform 79
Transform: AffineTransform_float_3_3
Parameters: 0.999992 0.00186789 -0.00347453 -0.00171609 0.999065 0.0432153 0.00355247 -0.0432087 0.999059 -0.869134 -1.82191 1.66831
FixedParameters: 0 0 0

#Transform 80
Transform: AffineTransform_float_3_3
Parameters: 0.999991 0.0018366 -0.00388609 -0.00165735 0.998952 0.0457269 0.00396693 -0.0457191 0.998947 -0.886922 -1.8868 1.30501
FixedParameters: 0 0 0

#Transform 81
Transform: AffineTransform_float_3_3
Parameters: 0.999995 0.00107914 -0.00304389 -0.000986857 0.999546 0.0301112 0.00307511 -0.0301078 0.999542 -0.797051 -1.52595 1.32306
FixedParameters: 0 0 0

#Transform 82
Transform: AffineTransform_float_3_3
Parameters: 0.999949 0.00963814 -0.00300187 -0.00955786 0.999625 0.025654 0.00324813 -0.025624 0.999667 -1.10967 -1.39439 1.59669
FixedParameters: 0 0 0

#Transform 83
Transform: AffineTransform_float_3_3
Parameters: 0.999992 0.000432553 -0.00413786 -0.000321444 0.999637 0.0269215 0.00414816 -0.0269204 0.999629 -0.367526 -1.58745 2.16297
FixedParameters: 0 0 0

#Transform 84
Transform: AffineTransform_float_3_3
Parameters: 0.999967 0.00567384 -0.00578269 -0.00543815 0.999185 0.0400138 0.00600533 -0.0399813 0.999183 -0.613861 -2.03757 2.5112
FixedParameters: 0 0 0

#Transform 85
Transform: AffineTransform_float_3_3
Parameters: 0.999955 0.00748062 -0.00586184 -0.00721338 0.998994 0.0442553 0.00618714 -0.0442117 0.999003 -0.666874 -2.10223 2.83297
FixedParameters: 0 0 0

#Transform 86
Transform: AffineTransform_float_3_3
Parameters: 0.999938 0.00729573 -0.00842047 -0.00691124 0.99897 0.044849 0.00873955 -0.044788 0.998959 -0.580352 -2.09822 2.9042
FixedParameters: 0 0 0

#Transform 87
Transform: AffineTransform_float_3_3
Parameters: 0.999903 0.0102291 -0.00939124 -0.00986293 0.99922 0.0382323 0.00977475 -0.0381357 0.999225 -0.793901 -1.8287 2.60017
FixedParameters: 0 0 0

#Transform 88
Transform: AffineTransform_float_3_3
Parameters: 0.999893 0.0101977 -0.0104848 -0.00975634 0.999098 0.0413447 0.0108972 -0.0412383 0.99909 -0.78118 -1.9344 2.69694
FixedParameters: 0 0 0

#Transform 89
Transform: AffineTransform_float_3_3
Parameters: 0.999895 0.0103003 -0.0101721 -0.00988271 0.999141 0.0402558 0.0105779 -0.0401513 0.999137 -0.802624 -1.86153 2.63778
FixedParameters: 0 0 0

#Transform 90
Transform: AffineTransform_float_3_3
Parameters: 0.999885 0.0105493 -0.0108278 -0.0100987 0.999115 0.040833 0.0112492 -0.040719 0.999108 -0.810733 -1.92391 2.58411
FixedParameters: 0 0 0

#Transform 91
Transform: AffineTransform_float_3_3
Parameters: 0.999873 0.011194 -0.0113384 -0.010736 0.999155 0.0396768 0.0117726 -0.0395492 0.999149 -0.861165 -1.86924 2.50515
FixedParameters: 0 0 0

#Transform 92
Transform: AffineTransform_float_3_3
Parameters: 0.99987 0.0108511 -0.011942 -0.0103759 0.999179 0.039149 0.012357 -0.03902 0.999162 -0.821433 -1.82712 2.49796
FixedParameters: 0 0 0

#Transform 93
Transform: AffineTransform_float_3_3
Parameters: 0.999882 0.00922789 -0.0122711 -0.00879512 0.999353 0.034875 0.0125849 -0.034763 0.999317 -0.731226 -1.61744 2.34425
FixedParameters: 0 0 0

#Transform 94
Transform: AffineTransform_float_3_3
Parameters: 0.999922 0.00588446 -0.0110721 -0.00566056 0.999782 0.0201052 0.0111879 -0.0200417 0.999736 -0.74034 -0.874091 1.48779
FixedParameters: 0 0 0

#Transform 95
Transform: AffineTransform_float_3_3
Parameters: 0.999945 0.00643994 -0.00829502 -0.00627705 0.999789 0.0195221 0.00841898 -0.0194689 0.999775 -0.832483 -0.92886 1.34809
FixedParameters: 0 0 0

#Transform 96
Transform: AffineTransform_float_3_3
Parameters: 0.999948 0.0091765 -0.00430564 -0.00912049 0.999878 0.0127379 0.00442235 -0.0126981 0.999909 -0.971871 -0.769783 1.06707
FixedParameters: 0 0 0

#Transform 97
Transform: AffineTransform_float_3_3
Parameters: 0.999958 0.00710485 -0.00567559 -0.00702115 0.999868 0.0146605 0.00577841 -0.0146196 0.999877 -0.826272 -0.79763 0.9325
FixedParameters: 0 0 0

#Transform 98
Transform: AffineTransform_float_3_3
Parameters: 0.999956 0.00714535 -0.00609408 -0.00705064 0.999857 0.0153657 0.00620392 -0.0153224 0.999864 -0.800002 -0.796807 0.919446
FixedParameters: 0 0 0

#Transform 99
Transform: AffineTransform_float_3_3
Parameters: 0.999953 0.00714842 -0.00653907 -0.00705158 0.999865 0.0148018 0.00664394 -0.0147552 0.999869 -0.793192 -0.74434 0.898648
FixedParameters: 0 0 0

#Transform 100
Transform: AffineTransform_float_3_3
Parameters: 0.999946 0.00716582 -0.00752734 -0.00705119 0.99986 0.0151709 0.00763466 -0.0151171 0.999856 -0.793013 -0.758182 1.03042
FixedParameters: 0 0 0

#Transform 101
Transform: AffineTransform_float_3_3
Parameters: 0.999932 0.0107574 -0.00466393 -0.0105726 0.999225 0.0378979 0.00506806 -0.0378461 0.99927 -1.11587 -1.65614 2.35826
FixedParameters: 0 0 0

#Transform 102
Transform: AffineTransform_float_3_3
Parameters: 0.999986 -0.00391468 0.00355433 0.00388131 0.99995 0.00915692 -0.00359066 -0.00914307 0.999952 -0.965376 -1.04663 1.95863
FixedParameters: 0 0 0

#Transform 103
Transform: AffineTransform_float_3_3
Parameters: 0.999976 0.00531805 0.0042823 -0.00544394 0.999537 0.0299574 -0.0041207 -0.0299806 0.999542 -1.38022 -1.66501 2.46189
FixedParameters: 0 0 0

#Transform 104
Transform: AffineTransform_float_3_3
Parameters: 0.999932 0.00273129 0.0113952 -0.00288973 0.999898 0.013935 -0.0113568 -0.013967 0.999838 -1.58091 -1.11343 1.72888
FixedParameters: 0 0 0

#Transform 105
Transform: AffineTransform_float_3_3
Parameters: 0.999873 -0.00295214 0.0156164 0.00239787 0.999371 0.0353849 -0.0157106 -0.0353431 0.999251 -1.66678 -1.73205 3.05479
FixedParameters: 0 0 0

#Transform 106
Transform: AffineTransform_float_3_3
Parameters: 0.999924 -0.00349902 0.0118292 0.00320199 0.999682 0.0250348 -0.0119128 -0.0249952 0.999617 -1.42123 -1.38882 2.74206
FixedParameters: 0 0 0

#Transform 107
Transform: AffineTransform_float_3_3
Parameters: 0.999929 -0.00319826 0.0115155 0.00283176 0.999494 0.0316829 -0.0116105 -0.0316481 0.999431 -1.38428 -1.60259 2.93951
FixedParameters: 0 0 0

#Transform 108
Transform: AffineTransform_float_3_3
Parameters: 0.999927 -0.00636749 0.0102645 0.00614153 0.999743 0.0218516 -0.0104005 -0.0217874 0.999708 -1.25569 -1.13672 2.37574
FixedParameters: 0 0 0

#Transform 109
Transform: AffineTransform_float_3_3
Parameters: 0.999946 -0.00418932 0.00950013 0.00401968 0.999834 0.0177711 -0.00957387 -0.0177328 0.999797 -1.26498 -1.02656 2.10218
FixedParameters: 0 0 0

#Transform 110
Transform: AffineTransform_float_3_3
Parameters: 0.999946 -0.00270183 0.00996044 0.00251218 0.999816 0.019022 -0.0100096 -0.018996 0.99977 -1.28217 -1.08288 2.25378
FixedParameters: 0 0 0

#Transform 111
Transform: AffineTransform_float_3_3
Parameters: 0.999948 -0.00266369 0.00984793 0.00250331 0.999864 0.0162935 -0.00989007 -0.0162685 0.999818 -1.26104 -0.808832 1.76531
FixedParameters: 0 0 0

#Transform 112
Transform: AffineTransform_float_3_3
Parameters: 0.999955 -0.00256217 0.00906089 0.00246782 0.999943 0.0103898 -0.0090871 -0.0103662 0.999905 -1.12228 -0.491753 1.25475
FixedParameters: 0 0 0

#Transform 113
Transform: AffineTransform_float_3_3
Parameters: 0.999966 -0.0019673 0.00791777 0.0018837 0.999943 0.0105143 -0.00793823 -0.0104997 0.999914 -1.07351 -0.462726 1.04472
FixedParameters: 0 0 0

#Transform 114
Transform: AffineTransform_float_3_3
Parameters: 0.99997 -0.00225622 0.00747798 0.00217578 0.999939 0.0108516 -0.00750204 -0.0108354 0.999913 -1.12082 -0.450503 1.0215
FixedParameters: 0 0 0

#Transform 115
Transform: AffineTransform_float_3_3
Parameters: 0.999981 -0.00136368 0.00592658 0.00130332 0.999948 0.0100629 -0.00593941 -0.0100551 0.999932 -1.15316 -0.444881 0.937345
FixedParameters: 0 0 0

#Transform 116
Transform: AffineTransform_float_3_3
Parameters: 0.999992 -0.00162941 0.00345066 0.0015906 0.999934 0.0113926 -0.00346834 -0.0113874 0.999929 -1.10263 -0.517926 1.08698
FixedParameters: 0 0 0

#Transform 117
Transform: AffineTransform_float_3_3
Parameters: 0.999991 -0.000985194 0.00428674 0.000943804 0.999954 0.00960114 -0.00429626 -0.00959686 0.999944 -1.13673 -0.456877 0.929692
FixedParameters: 0 0 0

#Transform 118
Transform: AffineTransform_float_3_3
Parameters: 0.999992 -0.000380761 0.00411285 0.000345237 0.999962 0.00869249 -0.00411616 -0.00869051 0.999954 -1.16465 -0.422164 0.842
FixedParameters: 0 0 0

#Transform 119
Transform: AffineTransform_float_3_3
Parameters: 0.99999 -0.000317266 0.00440835 0.000277736 0.999961 0.00890531 -0.00441065 -0.00890369 0.99995 -1.17854 -0.430783 0.85564
FixedParameters: 0 0 0

#Transform 120
Transform: AffineTransform_float_3_3
Parameters: 0.99999 6.7323e-05 0.00457371 -0.000104678 0.999966 0.0082376 -0.00457329 -0.00823839 0.999955 -1.19011 -0.394373 0.837935
FixedParameters: 0 0 0

#Transform 121
Transform: AffineTransform_float_3_3
Parameters: 0.999986 -0.000386802 0.00529111 0.000345199 0.999968 0.00789893 -0.00529389 -0.00789706 0.999955 -1.17309 -0.377911 0.778555
FixedParameters: 0 0 0

#Transform 122
Transform: AffineTransform_float_3_3
Parameters: 0.999989 -0.000573294 0.00478679 0.000536706 0.999971 0.00757966 -0.00479121 -0.00757734 0.99996 -1.16332 -0.373343 0.786005
FixedParameters: 0 0 0

#Transform 123
Transform: AffineTransform_float_3_3
Parameters: 0.999986 0.000195852 0.00519162 -0.00023515 0.999971 0.00754088 -0.00519037 -0.00754212 0.999958 -1.20022 -0.369732 0.766451
FixedParameters: 0 0 0

#Transform 124
Transform: AffineTransform_float_3_3
Parameters: 0.999993 0.000862343 0.00361819 -0.000896659 0.999956 0.00931182 -0.00360981 -0.00931418 0.99995 -1.20064 -0.44741 1.10633
FixedParameters: 0 0 0

#Transform 125
Transform: AffineTransform_float_3_3
Parameters: 0.999989 0.00253914 -0.00382372 -0.00242985 0.999597 0.0282826 0.00389427 -0.0282734 0.999592 -1.10189 -1.00437 1.63775
FixedParameters: 0 0 0

#Transform 126
Transform: AffineTransform_float_3_3
Parameters: 0.999987 0.00378975 -0.00340016 -0.00369223 0.999601 0.0280229 0.00350582 -0.0280101 0.999602 -1.15695 -0.883003 1.21024
FixedParameters: 0 0 0

#Transform 127
Transform: AffineTransform_float_3_3
Parameters: 0.999982 0.00442523 -0.00403546 -0.00431776 0.999648 0.0262039 0.00415053 -0.0261861 0.999648 -1.15918 -0.877775 1.24464
FixedParameters: 0 0 0

#Transform 128
Transform: AffineTransform_float_3_3
Parameters: 0.999988 0.00397103 -0.00306653 -0.00389298 0.999678 0.0250462 0.00316448 -0.0250347 0.999681 -1.15731 -0.847874 1.16927
FixedParameters: 0 0 0

#Transform 129
Transform: AffineTransform_float_3_3
Parameters: 0.999987 0.00398876 -0.00337134 -0.00390426 0.999693 0.0244945 0.00346765 -0.0244815 0.999695 -1.13052 -0.826088 1.18114
FixedParameters: 0 0 0

#Transform 130
Transform: AffineTransform_float_3_3
Parameters: 0.999982 0.00403396 -0.00446417 -0.00391502 0.999651 0.0261239 0.0045688 -0.026106 0.999648 -1.12667 -0.86747 1.25168
FixedParameters: 0 0 0

#Transform 131
Transform: AffineTransform_float_3_3
Parameters: 0.999983 0.0038563 -0.00442613 -0.0037407 0.999661 0.025769 0.00452386 -0.025752 0.999658 -1.136 -0.851054 1.24595
FixedParameters: 0 0 0

#Transform 132
Transform: AffineTransform_float_3_3
Parameters: 0.999981 0.00364499 -0.00483686 -0.003518 0.999655 0.0260095 0.00493014 -0.0259925 0.99965 -1.11959 -0.857167 1.26058
FixedParameters: 0 0 0

#Transform 133
Transform: AffineTransform_float_3_3
Parameters: 0.999977 0.00371025 -0.00567752 -0.00355576 0.999626 0.0271148 0.0057755 -0.0270932 0.999616 -1.1178 -0.902926 1.46495
FixedParameters: 0 0 0

#Transform 134
Transform: AffineTransform_float_3_3
Parameters: 0.999974 0.00414823 -0.00590779 -0.00396979 0.999546 0.0298672 0.00602821 -0.0298428 0.999537 -1.10429 -1.04648 1.64533
FixedParameters: 0 0 0

#Transform 135
Transform: AffineTransform_float_3_3
Parameters: 0.999938 0.00399396 -0.0103755 -0.00369706 0.999588 0.0284841 0.0104845 -0.0284439 0.999541 -1.00829 -0.907737 1.65662
FixedParameters: 0 0 0

#Transform 136
Transform: AffineTransform_float_3_3
Parameters: 0.999902 0.00252613 -0.0137797 -0.00203387 0.999361 0.0356835 0.0138614 -0.0356525 0.999268 -1.01994 -1.18567 1.89856
FixedParameters: 0 0 0

#Transform 137
Transform: AffineTransform_float_3_3
Parameters: 0.999922 0.0030541 -0.0121053 -0.00266891 0.999494 0.0317018 0.0121957 -0.0316672 0.999424 -0.807973 -1.02988 1.83343
FixedParameters: 0 0 0

#Transform 138
Transform: AffineTransform_float_3_3
Parameters: 0.99993 0.00411011 -0.0110989 -0.00371588 0.99937 0.0352997 0.0112371 -0.0352553 0.999315 -0.894213 -1.27485 2.61552
FixedParameters: 0 0 0

#Transform 139
Transform: AffineTransform_float_3_3
Parameters: 0.999943 0.00429782 -0.0098461 -0.00398719 0.9995 0.0313721 0.00997592 -0.0313319 0.99946 -0.908289 -1.0808 2.34066
FixedParameters: 0 0 0

#Transform 140
Transform: AffineTransform_float_3_3
Parameters: 0.999947 0.0044436 -0.00931038 -0.00418642 0.999613 0.0275064 0.00942864 -0.0274666 0.999579 -0.925874 -0.973063 2.15707
FixedParameters: 0 0 0

#Transform 141
Transform: AffineTransform_float_3_3
Parameters: 0.999941 0.00427084 -0.0099155 -0.00398713 0.999586 0.0284722 0.0100335 -0.0284308 0.999546 -0.903747 -1.01298 2.0968
FixedParameters: 0 0 0

#Transform 142
Transform: AffineTransform_float_3_3
Parameters: 0.999947 0.00377896 -0.00963707 -0.00351905 0.999634 0.0268504 0.00973494 -0.0268147 0.999593 -0.897466 -0.949631 1.97056
FixedParameters: 0 0 0

#Transform 143
Transform: AffineTransform_float_3_3
Parameters: 0.999957 0.00376935 -0.00849711 -0.00355463 0.999678 0.0251013 0.00858987 -0.0250707 0.999649 -0.912846 -0.893291 1.76903
FixedParameters: 0 0 0

#Transform 144
Transform: AffineTransform_float_3_3
Parameters: 0.999949 0.00302961 -0.0096109 -0.00280039 0.999715 0.0237111 0.00968008 -0.0236829 0.999672 -0.863429 -0.832606 1.60547
FixedParameters: 0 0 0

#Transform 145
Transform: AffineTransform_float_3_3
Parameters: 0.999937 0.00349799 -0.0106853 -0.00323101 0.999684 0.0249031 0.0107687 -0.0248669 0.999633 -0.888945 -0.900178 1.60577
FixedParameters: 0 0 0

#Transform 146
Transform: AffineTransform_float_3_3
Parameters: 0.999935 0.00406909 -0.0106663 -0.00378889 0.999651 0.0261491 0.0107697 -0.0261069 0.999601 -0.922797 -0.909687 1.62436
FixedParameters: 0 0 0

#Transform 147
Transform: AffineTransform_float_3_3
Parameters: 0.999937 0.0038874 -0.0105248 -0.0036256 0.999685 0.0248367 0.0106183 -0.0247973 0.999636 -0.906973 -0.871595 1.52976
FixedParameters: 0 0 0

#Transform 148
Transform: AffineTransform_float_3_3
Parameters: 0.999943 0.00361744 -0.0100621 -0.00337155 0.999699 0.0243023 0.0101479 -0.0242677 0.999654 -0.904597 -0.843307 1.44613
FixedParameters: 0 0 0

#Transform 149
Transform: AffineTransform_float_3_3
Parameters: 0.999946 0.00351891 -0.00975813 -0.0032921 0.999726 0.0231724 0.00983687 -0.0231396 0.999684 -0.884026 -0.797019 1.37735
FixedParameters: 0 0 0

#Transform 150
Transform: AffineTransform_float_3_3
Parameters: 0.999947 0.00351463 -0.00969214 -0.00329238 0.999732 0.0228901 0.00976987 -0.0228579 0.999691 -0.903396 -0.78633 1.21394
FixedParameters: 0 0 0

#Transform 151
Transform: AffineTransform_float_3_3
Parameters: 0.999955 0.00347459 -0.00888978 -0.00329141 0.999785 0.0204722 0.00895921 -0.0204418 0.999751 -0.92544 -0.685583 0.960559
FixedParameters: 0 0 0

#Transform 152
Transform: AffineTransform_float_3_3
Parameters: 0.999965 0.00288404 -0.00779088 -0.00274196 0.999831 0.018181 0.00784212 -0.018159 0.999805 -0.909346 -0.627841 0.913102
FixedParameters: 0 0 0

#Transform 153
Transform: AffineTransform_float_3_3
Parameters: 0.999958 0.00311141 -0.0086412 -0.00294259 0.999807 0.0194342 0.00869979 -0.0194077 0.999774 -0.902615 -0.663665 1.08931
FixedParameters: 0 0 0

#Transform 154
Transform: AffineTransform_float_3_3
Parameters: 0.99996 0.00416957 -0.00782493 -0.00399243 0.999737 0.0225731 0.00791707 -0.0225409 0.999714 -0.933694 -0.782399 1.17755
FixedParameters: 0 0 0

#Transform 155
Transform: AffineTransform_float_3_3
Parameters: 0.999957 0.00288381 -0.00880466 -0.00270919 0.999801 0.0198017 0.00886035 -0.0197773 0.999765 -0.857506 -0.596837 1.11501
FixedParameters: 0 0 0

#Transform 156
Transform: AffineTransform_float_3_3
Parameters: 0.999944 0.0029258 -0.0102224 -0.0027092 0.999773 0.0211589 0.0102816 -0.0211291 0.999724 -0.809445 -0.726037 1.2021
FixedParameters: 0 0 0

#Transform 157
Transform: AffineTransform_float_3_3
Parameters: 0.999938 0.00241078 -0.0108519 -0.00218322 0.999778 0.020953 0.0109001 -0.020928 0.999721 -0.826881 -0.70056 1.24037
FixedParameters: 0 0 0

#Transform 158
Transform: AffineTransform_float_3_3
Parameters: 0.999935 0.00294201 -0.0110779 -0.00272598 0.999807 0.0194645 0.0111331 -0.0194325 0.999749 -0.827866 -0.653165 1.15557
FixedParameters: 0 0 0

#Transform 159
Transform: AffineTransform_float_3_3
Parameters: 0.99994 0.00278007 -0.0105407 -0.00259092 0.999834 0.0180034 0.0105893 -0.0179746 0.999783 -0.825068 -0.579207 1.0752
FixedParameters: 0 0 0

#Transform 160
Transform: AffineTransform_float_3_3
Parameters: 0.999937 0.00311823 -0.0107213 -0.00290878 0.999806 0.0194754 0.0107796 -0.0194436 0.999753 -0.825906 -0.646233 1.16967
FixedParameters: 0 0 0

#Transform 161
Transform: AffineTransform_float_3_3
Parameters: 0.999938 0.00341956 -0.0106654 -0.00321044 0.999804 0.0195114 0.0107296 -0.0194755 0.999753 -0.831071 -0.639063 1.14999
FixedParameters: 0 0 0

#Transform 162
Transform: AffineTransform_float_3_3
Parameters: 0.999939 0.00292643 -0.0106632 -0.00271857 0.999808 0.0194162 0.0107178 -0.0193858 0.999754 -0.808359 -0.636628 1.13222
FixedParameters: 0 0 0

#Transform 163
Transform: AffineTransform_float_3_3
Parameters: 0.999944 0.00313619 -0.0101071 -0.0029428 0.999814 0.0190738 0.0101649 -0.0190422 0.999767 -0.80498 -0.610748 1.0969
FixedParameters: 0 0 0

#Transform 164
Transform: AffineTransform_float_3_3
Parameters: 0.999955 0.0022724 -0.00915405 -0.0021056 0.999831 0.0182551 0.00919394 -0.0182349 0.999791 -0.792465 -0.584603 1.10788
FixedParameters: 0 0 0

#Transform 165
Transform: AffineTransform_float_3_3
Parameters: 0.999952 0.00264932 -0.00936168 -0.00247567 0.999826 0.0184771 0.00940932 -0.018453 0.999786 -0.779134 -0.617498 1.06576
FixedParameters: 0 0 0

#Transform 166
Transform: AffineTransform_float_3_3
Parameters: 0.999954 0.00301142 -0.00913117 -0.00284356 0.999826 0.0184018 0.00918584 -0.0183752 0.999789 -0.806146 -0.606969 1.03479
FixedParameters: 0 0 0

#Transform 167
Transform: AffineTransform_float_3_3
Parameters: 0.999951 0.00308468 -0.00942059 -0.00290932 0.999824 0.0184993 0.00947641 -0.0184717 0.999785 -0.788455 -0.59235 1.00119
FixedParameters: 0 0 0

#Transform 168
Transform: AffineTransform_float_3_3
Parameters: 0.999953 0.00120829 -0.00956012 -0.00103872 0.999843 0.0176927 0.00957987 -0.0176822 0.999798 -0.698496 -0.596897 0.757304
FixedParameters: 0 0 0

#Transform 169
Transform: AffineTransform_float_3_3
Parameters: 0.99992 0.00430917 -0.0118384 -0.00403383 0.999724 0.0231706 0.0119346 -0.0231204 0.999662 -0.792213 -0.802269 1.07175
FixedParameters: 0 0 0

#Transform 170
Transform: AffineTransform_float_3_3
Parameters: 0.999942 0.00617734 -0.00873837 -0.00596665 0.999694 0.0240075 0.00888464 -0.0239545 0.999673 -0.911671 -0.715995 1.1687
FixedParameters: 0 0 0

#Transform 171
Transform: AffineTransform_float_3_3
Parameters: 0.999921 0.00435328 -0.0117813 -0.00408771 0.999739 0.0224479 0.0118766 -0.022398 0.999678 -0.745373 -0.744747 1.77078
FixedParameters: 0 0 0

#Transform 172
Transform: AffineTransform_float_3_3
Parameters: 0.99992 0.00349915 -0.0121698 -0.00324484 0.999777 0.0208411 0.0122402 -0.0207998 0.999708 -0.677307 -0.743387 1.71539
FixedParameters: 0 0 0

#Transform 173
Transform: AffineTransform_float_3_3
Parameters: 0.999921 0.00448542 -0.0116805 -0.00426958 0.999822 0.0184023 0.0117615 -0.0183517 0.999763 -0.718771 -0.643462 1.52744
FixedParameters: 0 0 0

#Transform 174
Transform: AffineTransform_float_3_3
Parameters: 0.999946 0.00364307 -0.00965965 -0.00352593 0.999921 0.0121087 0.00970334 -0.0120743 0.99988 -0.700006 -0.432709 1.36881
FixedParameters: 0 0 0

#Transform 175
Transform: AffineTransform_float_3_3
Parameters: 0.999934 0.00489362 -0.0104659 -0.00464438 0.999708 0.0237432 0.0105791 -0.0236928 0.999664 -0.736445 -1.01535 2.45167
FixedParameters: 0 0 0

#Transform 176
Transform: AffineTransform_float_3_3
Parameters: 0.999925 0.00363978 -0.0116969 -0.00345124 0.999864 0.0161186 0.0117531 -0.0160774 0.999801 -0.681458 -0.624483 1.95425
FixedParameters: 0 0 0

#Transform 177
Transform: AffineTransform_float_3_3
Parameters: 0.999917 0.00376733 -0.0123616 -0.00356968 0.999867 0.0159465 0.0124194 -0.0159006 0.999797 -0.658376 -0.61786 1.76899
FixedParameters: 0 0 0

#Transform 178
Transform: AffineTransform_float_3_3
Parameters: 0.999911 0.00399875 -0.0126836 -0.00378526 0.999851 0.0168315 0.0127484 -0.0167825 0.999778 -0.649424 -0.65554 1.70753
FixedParameters: 0 0 0

#Transform 179
Transform: AffineTransform_float_3_3
Parameters: 0.999909 0.00495228 -0.0124993 -0.00464773 0.999693 0.0243353 0.0126157 -0.0242757 0.999625 -0.747045 -0.873602 1.90897
FixedParameters: 0 0 0

#Transform 180
Transform: AffineTransform_float_3_3
Parameters: 0.999906 0.00474679 -0.0128057 -0.00446722 0.999752 0.0217902 0.0129053 -0.0217307 0.99968 -0.724742 -0.791346 1.77083
FixedParameters: 0 0 0

#Transform 181
Transform: AffineTransform_float_3_3
Parameters: 0.999897 0.0049957 -0.0134641 -0.00470829 0.999764 0.0212426 0.0135669 -0.0211764 0.999683 -0.719115 -0.792008 1.67722
FixedParameters: 0 0 0

#Transform 182
Transform: AffineTransform_float_3_3
Parameters: 0.999882 0.00349893 -0.0149146 -0.00324907 0.999855 0.0167494 0.0149704 -0.0166986 0.999749 -0.567217 -0.707944 1.53642
FixedParameters: 0 0 0

#Transform 183
Transform: AffineTransform_float_3_3
Parameters: 0.999958 0.00185483 -0.00896424 -0.00178217 0.999966 0.00812632 0.00897876 -0.00810969 0.999927 -0.602582 -0.549533 1.19442
FixedParameters: 0 0 0

#Transform 184
Transform: AffineTransform_float_3_3
Parameters: 0.999923 -0.0122691 -0.00217979 0.0122039 0.999541 -0.0277288 0.00251921 0.0277002 0.999613 -0.0182546 0.191969 1.29699
FixedParameters: 0 0 0

#Transform 185
Transform: AffineTransform_float_3_3
Parameters: 0.99995 -0.00792567 -0.00621894 0.00781732 0.999819 -0.0173085 0.00635506 0.0172585 0.999831 -0.140008 0.346891 1.98567
FixedParameters: 0 0 0

#Transform 186
Transform: AffineTransform_float_3_3
Parameters: 0.999947 -0.00379934 -0.00951916 0.00399165 0.999786 0.0203021 0.00943983 -0.0203389 0.999748 -0.585928 -0.789758 2.03823
FixedParameters: 0 0 0

#Transform 187
Transform: AffineTransform_float_3_3
Parameters: 0.999908 0.000888336 -0.0135866 -0.000510673 0.999614 0.0277515 0.0136054 -0.0277415 0.999522 -0.741213 -1.1154 2.15464
FixedParameters: 0 0 0

#Transform 188
Transform: AffineTransform_float_3_3
Parameters: 0.999901 0.00170237 -0.0139164 -0.00134961 0.999679 0.0252913 0.0139556 -0.0252697 0.999584 -0.785226 -0.982142 1.83933
FixedParameters: 0 0 0

#Transform 189
Transform: AffineTransform_float_3_3
Parameters: 0.99989 0.0017631 -0.0147749 -0.0013969 0.999692 0.0247524 0.0148141 -0.0247286 0.999585 -0.813287 -0.95108 1.74823
FixedParameters: 0 0 0

#Transform 190
Transform: AffineTransform_float_3_3
Parameters: 0.999892 0.00302091 -0.0143899 -0.00267609 0.99971 0.0239281 0.0144581 -0.0238869 0.99961 -0.84483 -0.9531 1.72032
FixedParameters: 0 0 0

#Transform 191
Transform: AffineTransform_float_3_3
Parameters: 0.999897 0.00265966 -0.0141528 -0.00234134 0.999745 0.0224845 0.0142092 -0.0224495 0.999647 -0.848739 -0.861938 1.64672
FixedParameters: 0 0 0

#Transform 192
