# transform file /out/sourcedata/freesurfer/sub-v1s13x0050060_ses-1/mri/transforms/cc_up.lta
# created by oesteban on Sun Mar  8 18:46:43 2026

type      = 0 # LINEAR_VOX_TO_VOX
nxforms   = 1
mean      = 128.0000 115.0000 115.0000
sigma     = 10000.0000
1 4 4
9.972229599952698e-01 -7.404963672161102e-02 -7.931873202323914e-03 9.188238143920898e+00 
7.404729723930359e-02 9.972544312477112e-01 -5.889693857170641e-04 2.506753158569336e+01 
7.953709922730923e-03 5.820766091346741e-11 9.999682903289795e-01 1.600929450988770e+01 
0.000000000000000e+00 0.000000000000000e+00 0.000000000000000e+00 1.000000000000000e+00 
src volume info
valid = 1  # volume info valid
filename = /out/sourcedata/freesurfer/sub-v1s13x0050060_ses-1/mri/norm.mgz
volume = 256 256 256
voxelsize = 1.000000000000000e+00 1.000000000000000e+00 1.000000000000000e+00
xras   = -9.999999403953552e-01 0.000000000000000e+00 0.000000000000000e+00
yras   = 0.000000000000000e+00 0.000000000000000e+00 -9.999999403953552e-01
zras   = 0.000000000000000e+00 9.999999403953552e-01 0.000000000000000e+00
cras   = 1.251388549804688e+00 -1.015396118164062e+00 -1.134629821777344e+01
dst volume info
valid = 1  # volume info valid
filename = /out/sourcedata/freesurfer/sub-v1s13x0050060_ses-1/mri/norm.mgz
volume = 256 256 256
voxelsize = 1.000000000000000e+00 1.000000000000000e+00 1.000000000000000e+00
xras   = -9.999999403953552e-01 0.000000000000000e+00 0.000000000000000e+00
yras   = 0.000000000000000e+00 0.000000000000000e+00 -9.999999403953552e-01
zras   = 0.000000000000000e+00 9.999999403953552e-01 0.000000000000000e+00
cras   = 1.251388549804688e+00 -1.015396118164062e+00 -1.134629821777344e+01
