# transform file /out/sourcedata/freesurfer/sub-v1s13x0050033_ses-1/mri/transforms/cc_up.lta
# created by oesteban on Sun Mar  8 17:35:46 2026

type      = 0 # LINEAR_VOX_TO_VOX
nxforms   = 1
mean      = 129.0000 120.0000 112.0000
sigma     = 10000.0000
1 4 4
9.968293309211731e-01 -7.954493165016174e-02 -1.931362785398960e-03 9.479284286499023e+00 
7.954478263854980e-02 9.968312382698059e-01 -1.541184901725501e-04 2.316052436828613e+01 
1.937502180226147e-03 0.000000000000000e+00 9.999980926513672e-01 2.175280570983887e+01 
0.000000000000000e+00 0.000000000000000e+00 0.000000000000000e+00 1.000000000000000e+00 
src volume info
valid = 1  # volume info valid
filename = /out/sourcedata/freesurfer/sub-v1s13x0050033_ses-1/mri/norm.mgz
volume = 256 256 256
voxelsize = 1.000000000000000e+00 1.000000000000000e+00 1.000000000000000e+00
xras   = -9.999999403953552e-01 0.000000000000000e+00 0.000000000000000e+00
yras   = 0.000000000000000e+00 0.000000000000000e+00 -9.999999403953552e-01
zras   = 0.000000000000000e+00 9.999999403953552e-01 0.000000000000000e+00
cras   = -2.013778686523438e-01 -1.232879638671875e+00 -1.721861267089844e+01
dst volume info
valid = 1  # volume info valid
filename = /out/sourcedata/freesurfer/sub-v1s13x0050033_ses-1/mri/norm.mgz
volume = 256 256 256
voxelsize = 1.000000000000000e+00 1.000000000000000e+00 1.000000000000000e+00
xras   = -9.999999403953552e-01 0.000000000000000e+00 0.000000000000000e+00
yras   = 0.000000000000000e+00 0.000000000000000e+00 -9.999999403953552e-01
zras   = 0.000000000000000e+00 9.999999403953552e-01 0.000000000000000e+00
cras   = -2.013778686523438e-01 -1.232879638671875e+00 -1.721861267089844e+01
