#Insight Transform File V1.0
#Transform 0
Transform: AffineTransform_float_3_3
Parameters: 0.999999 0.00167416 -0.000636226 -0.00167484 0.999997 -0.00132894 0.000633774 0.00133006 0.999999 -0.109704 -0.0407995 -0.0330334
FixedParameters: 0 0 0

#Transform 1
Transform: AffineTransform_float_3_3
Parameters: 0.999999 0.00130698 0.000135234 -0.00130702 0.999999 0.000178823 -0.000135766 -0.000179178 1 -0.0920739 -0.0382335 0.0605667
FixedParameters: 0 0 0

#Transform 2
Transform: AffineTransform_float_3_3
Parameters: 0.999999 0.00167527 -0.000533167 -0.00167474 0.999999 0.000497894 0.000533833 -0.000497107 0.999999 -0.0942951 -0.012927 0.0244643
FixedParameters: 0 0 0

#Transform 3
Transform: AffineTransform_float_3_3
Parameters: 0.999998 0.00167498 0.000355065 -0.00167501 0.999998 3.84053e-05 -0.000354936 -3.85946e-05 1 -0.108159 -0.0147348 -0.0483818
FixedParameters: 0 0 0

#Transform 4
Transform: AffineTransform_float_3_3
Parameters: 0.999999 0.00135094 5.464e-05 -0.00135107 0.999999 0.00121393 -5.33598e-05 -0.00121407 1 -0.0851949 -0.0106022 0.0862213
FixedParameters: 0 0 0

#Transform 5
Transform: AffineTransform_float_3_3
Parameters: 1 0.000260049 -4.47148e-05 -0.000259951 1 0.00109701 4.52852e-05 -0.00109699 1 -0.0442379 0.00781646 0.0455847
FixedParameters: 0 0 0

#Transform 6
Transform: AffineTransform_float_3_3
Parameters: 0.999999 -0.000841559 -0.00097771 0.000846443 0.999984 0.00557818 0.000973293 -0.00557882 0.999984 -0.00420549 -0.0203117 0.159171
FixedParameters: 0 0 0

#Transform 7
Transform: AffineTransform_float_3_3
Parameters: 0.999999 -0.00104818 -0.000939402 0.00105281 0.999986 0.00514102 0.0009336 -0.00514199 0.999987 0.000987827 -0.00159795 0.135371
FixedParameters: 0 0 0

#Transform 8
Transform: AffineTransform_float_3_3
Parameters: 1 -0.000762608 -0.000936772 0.00076639 0.999993 0.00362629 0.000933227 -0.00362671 0.999993 -0.00632388 -0.0223731 0.0763549
FixedParameters: 0 0 0

#Transform 9
Transform: AffineTransform_float_3_3
Parameters: 0.999999 -0.000765047 -0.000247959 0.000765953 0.999992 0.00386581 0.000245041 -0.00386519 0.999993 0.0111672 0.0237712 0.164095
FixedParameters: 0 0 0

#Transform 10
Transform: AffineTransform_float_3_3
Parameters: 0.999999 -0.000765219 -0.000186235 0.000766779 0.999991 0.00422586 0.000182761 -0.00422614 0.999991 0.0302411 0.0369126 0.139416
FixedParameters: 0 0 0

#Transform 11
Transform: AffineTransform_float_3_3
Parameters: 1 -0.000593647 -9.42464e-05 0.000594351 0.999992 0.00378294 9.17522e-05 -0.00378305 0.999993 0.0343499 0.0202667 0.133183
FixedParameters: 0 0 0

#Transform 12
Transform: AffineTransform_float_3_3
Parameters: 1 -0.000465781 -7.73273e-05 0.000466217 0.999996 0.00284896 7.5672e-05 -0.00284903 0.999996 0.0225817 0.0241343 0.131632
FixedParameters: 0 0 0

#Transform 13
Transform: AffineTransform_float_3_3
Parameters: 1 -0.000552267 -0.000252607 0.000552733 0.999995 0.00290886 0.000251393 -0.00290914 0.999995 0.0309597 0.0202476 0.0962609
FixedParameters: 0 0 0

#Transform 14
Transform: AffineTransform_float_3_3
Parameters: 1 -9.48496e-05 -4.92906e-05 9.51496e-05 0.999996 0.003061 4.8709e-05 -0.00306101 0.999996 -0.0013667 -0.0101286 0.115134
FixedParameters: 0 0 0

#Transform 15
Transform: AffineTransform_float_3_3
Parameters: 1 -0.000131079 2.55989e-05 0.000130923 0.999996 0.00306101 -2.54009e-05 -0.003061 0.999996 0.0140344 0.0336255 0.130164
FixedParameters: 0 0 0

#Transform 16
Transform: AffineTransform_float_3_3
Parameters: 1 -0.000269109 4.33282e-05 0.000269892 0.999997 0.00249701 -4.3674e-05 -0.00249699 0.999997 -0.00917748 -0.0133612 0.0871517
FixedParameters: 0 0 0

#Transform 17
Transform: AffineTransform_float_3_3
Parameters: 1 -0.000207981 0.000222018 0.000208019 1 -8.49538e-05 -0.000221983 8.40462e-05 1 0.0159535 -0.0550229 -0.0428385
FixedParameters: 0 0 0

#Transform 18
Transform: AffineTransform_float_3_3
Parameters: 1 0.000166026 3.08627e-05 -0.000165974 0.999999 -0.000827005 -3.11373e-05 0.000826994 0.999999 -0.0209605 -0.0178048 -0.0252801
FixedParameters: 0 0 0

#Transform 19
Transform: AffineTransform_float_3_3
Parameters: 1 -2.00391e-05 0.000131994 1.99609e-05 1 0.000296003 -0.000132006 -0.000295997 1 -0.0200217 -0.0405231 0.0289034
FixedParameters: 0 0 0

#Transform 20
Transform: AffineTransform_float_3_3
Parameters: 1 -0.000104893 0.000239047 0.000104107 1 -0.000446975 -0.000238953 0.000447025 1 0.00686739 -0.00480683 -0.0207848
FixedParameters: 0 0 0

#Transform 21
Transform: AffineTransform_float_3_3
Parameters: 1 -0.000208092 0.000553965 0.000207908 1 0.000166115 -0.000554034 -0.000165885 1 -0.0011886 -0.0287031 -0.0518642
FixedParameters: 0 0 0

#Transform 22
Transform: AffineTransform_float_3_3
Parameters: 1 -0.000208092 0.000553965 0.000207908 1 0.000166115 -0.000554034 -0.000165885 1 -0.0064953 -0.014886 0.0152474
FixedParameters: 0 0 0

#Transform 23
Transform: AffineTransform_float_3_3
Parameters: 1 -0.000208033 0.000313978 0.000207967 1 0.000105065 -0.000314022 -0.000104935 1 0.002355 0.0103863 0.0381333
FixedParameters: 0 0 0

#Transform 24
Transform: AffineTransform_float_3_3
Parameters: 1 -0.000208321 0.000406836 0.000207679 0.999999 0.000789084 -0.000407164 -0.000789915 0.999999 -0.0155294 -0.00454341 0.0138664
FixedParameters: 0 0 0

#Transform 25
Transform: AffineTransform_float_3_3
Parameters: 1 -0.000208146 0.000225865 0.000207854 1 0.000647047 -0.000226134 -0.000646953 1 0.00689886 0.0257962 0.0383309
FixedParameters: 0 0 0

#Transform 26
Transform: AffineTransform_float_3_3
Parameters: 1 -0.00020876 0.000552714 0.00020824 0.999999 0.00137412 -0.000553286 -0.00137388 0.999999 0.00278671 0.00941242 0.068278
FixedParameters: 0 0 0

#Transform 27
Transform: AffineTransform_float_3_3
Parameters: 1 -0.00020814 0.000225871 0.00020786 1 0.000621047 -0.000226129 -0.000620953 1 0.0069081 0.0356238 0.0882696
FixedParameters: 0 0 0

#Transform 28
Transform: AffineTransform_float_3_3
Parameters: 1 -0.000208289 0.000225734 0.000207711 0.999999 0.00127905 -0.000226266 -0.00127995 0.999999 0.00690584 0.00926554 0.0362986
FixedParameters: 0 0 0

#Transform 29
Transform: AffineTransform_float_3_3
Parameters: 1 0.000125733 0.000226149 -0.000126267 1 0.00118197 -0.000225851 -0.00118203 1 -0.00167124 -0.015191 0.0667685
FixedParameters: 0 0 0

#Transform 30
Transform: AffineTransform_float_3_3
Parameters: 1 -0.000208279 0.000225743 0.000207721 0.999999 0.00123405 -0.000226257 -0.00123395 0.999999 0.00689248 0.0220214 0.0464512
FixedParameters: 0 0 0

#Transform 31
Transform: AffineTransform_float_3_3
Parameters: 1 -0.000208461 0.000405764 0.000207539 1 0.00113609 -0.000406236 -0.00113592 1 -0.00521449 -0.0135483 0.0539376
FixedParameters: 0 0 0

#Transform 32
Transform: AffineTransform_float_3_3
Parameters: 0.999999 -0.000404649 0.000620577 0.00040335 1 0.00104625 -0.000621422 -0.00104575 1 0.0118802 0.00153203 0.0619631
FixedParameters: 0 0 0

#Transform 33
Transform: AffineTransform_float_3_3
Parameters: 1 -0.00030698 -2.42511e-05 0.000307019 0.999999 0.000817992 2.37489e-05 -0.000818007 0.999999 0.00719291 -0.0117598 0.0537804
FixedParameters: 0 0 0

#Transform 34
Transform: AffineTransform_float_3_3
Parameters: 1 -0.000317118 0.000225834 0.000316882 1 0.000522071 -0.000226166 -0.000522928 1 0.00643512 0.001554 0.0817781
FixedParameters: 0 0 0

#Transform 35
Transform: AffineTransform_float_3_3
Parameters: 1 -0.000431092 0.000225823 0.000430907 1 0.000410097 -0.000226177 -0.000409902 1 0.00739853 0.0177029 0.0195035
FixedParameters: 0 0 0

#Transform 36
Transform: AffineTransform_float_3_3
Parameters: 1 -0.000373338 0.000413694 0.000372661 0.999999 0.000818154 -0.000414305 -0.000817845 0.999999 0.00897527 0.00163144 0.0612335
FixedParameters: 0 0 0

#Transform 37
Transform: AffineTransform_float_3_3
Parameters: 1 -0.000240225 0.00022576 0.000239774 0.999999 0.000998053 -0.000226239 -0.000997945 0.999999 0.0232482 0.00604707 0.0423462
FixedParameters: 0 0 0

#Transform 38
Transform: AffineTransform_float_3_3
Parameters: 1 -9.71046e-05 0.000163938 9.78953e-05 1 0.000638016 -0.000164062 -0.000637984 1 0.0191173 0.00675682 0.0331962
FixedParameters: 0 0 0

#Transform 39
Transform: AffineTransform_float_3_3
Parameters: 1 2.16912e-05 0.000484014 -2.13088e-05 1 0.000637989 -0.000483986 -0.00063801 0.999999 -0.00548231 -0.00763704 0.101989
FixedParameters: 0 0 0

#Transform 40
Transform: AffineTransform_float_3_3
Parameters: 1 -0.000312988 0.000484007 0.000313012 1 -2.38485e-05 -0.000483992 2.41515e-05 1 0.0255261 0.0183991 0.0408534
FixedParameters: 0 0 0

#Transform 41
Transform: AffineTransform_float_3_3
Parameters: 1 2.19969e-05 6.01126e-06 -2.20031e-05 1 0.000512 -5.98873e-06 -0.000512 1 -0.00337255 0.000965449 0.0655542
FixedParameters: 0 0 0

#Transform 42
Transform: AffineTransform_float_3_3
Parameters: 1 -0.000384027 0.000483978 0.000383972 1 5.71858e-05 -0.000484022 -5.68141e-05 1 0.0029991 0.00906806 0.0684698
FixedParameters: 0 0 0

#Transform 43
Transform: AffineTransform_float_3_3
Parameters: 1 -0.000332169 0.00035184 0.000331831 1 0.000481117 -0.00035216 -0.000480883 1 0.0173427 0.0255111 0.0481534
FixedParameters: 0 0 0

#Transform 44
Transform: AffineTransform_float_3_3
Parameters: 1 -0.000384413 0.000483672 0.000384586 0.999999 0.000854185 -0.000484328 -0.000853813 0.999999 0.018646 0.00175555 0.052139
FixedParameters: 0 0 0

#Transform 45
Transform: AffineTransform_float_3_3
Parameters: 1 -0.000384142 0.000354846 0.000384858 1 0.000400137 -0.000355154 -0.000399864 1 0.0208663 0.0104175 0.0805647
FixedParameters: 0 0 0

#Transform 46
Transform: AffineTransform_float_3_3
Parameters: 0.999999 -0.000384552 0.000699697 0.000384448 0.999999 0.000788269 -0.000700304 -0.000788731 1 0.0354653 0.0197337 0.0576908
FixedParameters: 0 0 0

#Transform 47
Transform: AffineTransform_float_3_3
Parameters: 0.999999 -0.000226553 0.000699821 0.000225446 0.999999 0.000791158 -0.000700179 -0.000790842 1 0.0119174 0.00142414 0.0810119
FixedParameters: 0 0 0

#Transform 48
Transform: AffineTransform_float_3_3
Parameters: 1 -0.000463094 0.000449903 0.000462906 1 0.000209208 -0.000449097 -0.000208792 1 0.0258062 0.00191752 0.0728227
FixedParameters: 0 0 0

#Transform 49
Transform: AffineTransform_float_3_3
Parameters: 0.999999 -0.000384222 0.00078089 0.000384777 1 0.0002853 -0.000781109 -0.0002847 0.999999 0.0354016 0.00181518 0.00882389
FixedParameters: 0 0 0

#Transform 50
Transform: AffineTransform_float_3_3
Parameters: 0.999999 -0.000384787 0.000699568 0.000384213 1 0.00112427 -0.000700432 -0.00112473 0.999999 0.0148572 0.00158038 0.0632332
FixedParameters: 0 0 0

#Transform 51
Transform: AffineTransform_float_3_3
Parameters: 0.999999 -0.000384084 0.000699953 0.000384915 1 0.000121269 -0.000700046 -0.000120731 0.999999 0.00391842 0.00864296 0.0803131
FixedParameters: 0 0 0

#Transform 52
Transform: AffineTransform_float_3_3
Parameters: 0.999999 -0.000384663 0.000699636 0.000384337 1 0.00094727 -0.000700364 -0.000946732 1 0.0245772 0.00164147 0.0590509
FixedParameters: 0 0 0

#Transform 53
Transform: AffineTransform_float_3_3
Parameters: 0.999999 -0.000384508 0.000626689 0.000384492 0.999999 0.000810241 -0.000627312 -0.000810759 1 0.0123585 -0.00909674 0.0437872
FixedParameters: 0 0 0

#Transform 54
Transform: AffineTransform_float_3_3
Parameters: 0.999999 -0.000326567 0.000699736 0.000326433 0.999999 0.000810229 -0.000700265 -0.000810772 1 0.00157079 0.00165197 0.101758
FixedParameters: 0 0 0

#Transform 55
Transform: AffineTransform_float_3_3
Parameters: 0.999999 -0.000384391 0.000699785 0.000384608 1 0.000559269 -0.000700215 -0.000558731 0.999999 0.0100527 0.00178848 0.0398034
FixedParameters: 0 0 0

#Transform 56
Transform: AffineTransform_float_3_3
Parameters: 0.999999 -0.000222355 0.000699887 0.000222644 1 0.000508156 -0.000700113 -0.000507844 0.999999 -0.00622629 -0.00926432 0.0772393
FixedParameters: 0 0 0

#Transform 57
Transform: AffineTransform_float_3_3
Parameters: 1 -0.000233231 0.000364852 0.000232769 1 0.000633085 -0.000365147 -0.000632915 0.999999 -0.0151817 -0.00453315 0.099278
FixedParameters: 0 0 0

#Transform 58
Transform: AffineTransform_float_3_3
Parameters: 1 -0.000384116 0.000452901 0.000384883 1 0.000257174 -0.000453099 -0.000256826 1 0.012179 0.00846624 0.0560343
FixedParameters: 0 0 0

#Transform 59
Transform: AffineTransform_float_3_3
Parameters: 1 -0.00038457 0.00094977 0.00038443 0.999999 0.000600366 -0.000950232 -0.000599635 1 0.0121868 0.00177973 0.0626811
FixedParameters: 0 0 0

#Transform 60
Transform: AffineTransform_float_3_3
Parameters: 0.999999 -0.000239592 0.000699798 0.000238407 0.999999 0.000846167 -0.000700202 -0.000845832 1 -0.00568413 0.00147735 0.0860827
FixedParameters: 0 0 0

#Transform 61
Transform: AffineTransform_float_3_3
Parameters: 1 -0.000261149 0.000545929 0.000260851 1 0.000273142 -0.000546071 -0.000272857 1 0.00466801 0.0156631 0.0650779
FixedParameters: 0 0 0

#Transform 62
Transform: AffineTransform_float_3_3
Parameters: 0.999999 -0.000384546 0.0006997 0.000384454 0.999999 0.000780269 -0.0007003 -0.000779731 1 0.0121403 0.00177691 0.0635548
FixedParameters: 0 0 0

#Transform 63
Transform: AffineTransform_float_3_3
Parameters: 1 -0.000299446 0.000506736 0.000298554 0.999999 0.000880151 -0.000507263 -0.000879847 0.999999 0.0100624 0.00162516 0.0783139
FixedParameters: 0 0 0

#Transform 64
Transform: AffineTransform_float_3_3
Parameters: 0.999999 -0.000384502 0.000699723 0.000384497 0.999999 0.000718269 -0.000700276 -0.00071773 0.999999 0.0142165 0.00179164 0.0609133
FixedParameters: 0 0 0

#Transform 65
Transform: AffineTransform_float_3_3
Parameters: 0.999999 -0.000384713 0.000608549 0.000384286 0.999999 0.00117223 -0.000609451 -0.00117177 0.999999 0.0234464 0.00163004 0.0440569
FixedParameters: 0 0 0

#Transform 66
Transform: AffineTransform_float_3_3
Parameters: 0.999999 -0.000384697 0.000594549 0.000384302 0.999999 0.00117223 -0.000595451 -0.00117177 0.999999 0.0179791 0.00166313 0.0621414
FixedParameters: 0 0 0

#Transform 67
Transform: AffineTransform_float_3_3
Parameters: 1 -0.000384122 0.000304846 0.000384878 1 0.000401117 -0.000305154 -0.000400883 1 0.0238684 0.00394742 0.106473
FixedParameters: 0 0 0

#Transform 68
Transform: AffineTransform_float_3_3
Parameters: 0.999999 -0.000384131 0.000699928 0.000384869 1 0.000187269 -0.000700072 -0.000186731 0.999999 0.0186794 0.00189332 0.0651418
FixedParameters: 0 0 0

#Transform 69
Transform: AffineTransform_float_3_3
Parameters: 0.999999 -0.00038429 0.000639825 0.00038471 1 0.000454246 -0.000639174 -0.000453754 0.999999 0.0219691 -0.00949967 0.0932115
FixedParameters: 0 0 0

#Transform 70
Transform: AffineTransform_float_3_3
Parameters: 0.999999 -0.000384257 0.000699859 0.000384743 1 0.000367269 -0.000700141 -0.000366731 0.999999 0.0154728 0.00188739 0.104224
FixedParameters: 0 0 0

#Transform 71
Transform: AffineTransform_float_3_3
Parameters: 0.999999 -0.000384097 0.000699946 0.000384902 1 0.000139269 -0.000700053 -0.000138731 0.999999 0.0176637 0.00191427 0.0669863
FixedParameters: 0 0 0

#Transform 72
Transform: AffineTransform_float_3_3
Parameters: 0.999999 -0.000289192 0.00069992 0.000288808 1 0.000274202 -0.000700079 -0.000273798 0.999999 0.0268857 0.00174451 0.07815
FixedParameters: 0 0 0

#Transform 73
Transform: AffineTransform_float_3_3
Parameters: 0.999999 -0.000384455 0.00069975 0.000384545 0.999999 0.000649269 -0.00070025 -0.000649731 0.999999 0.0158143 0.00183554 0.0877927
FixedParameters: 0 0 0

#Transform 74
Transform: AffineTransform_float_3_3
Parameters: 1 -0.000384055 0.000468955 0.000383945 1 0.00011718 -0.000469045 -0.00011682 1 0.0205605 0.00184348 0.0926426
FixedParameters: 0 0 0

#Transform 75
Transform: AffineTransform_float_3_3
Parameters: 0.999999 -0.0008192 0.000522685 0.000818799 0.999999 0.000384428 -0.000522315 -0.000384572 1 0.0335863 0.010956 0.0967014
FixedParameters: 0 0 0

#Transform 76
Transform: AffineTransform_float_3_3
Parameters: 0.999999 -0.000448589 0.000708627 0.000448411 0.999999 0.000831318 -0.000708373 -0.000830682 1 0.0131312 0.00195259 0.100481
FixedParameters: 0 0 0

#Transform 77
Transform: AffineTransform_float_3_3
Parameters: 0.999999 -0.000376309 0.000644819 0.000376691 1 0.000479243 -0.00064518 -0.000479757 0.999999 0.0101158 0.00618265 0.125543
FixedParameters: 0 0 0

#Transform 78
Transform: AffineTransform_float_3_3
Parameters: 0.999999 -0.000460987 0.00125801 0.000461013 1 -1.04201e-05 -0.001258 1.05799e-05 0.999999 0.0128819 0.00239944 0.072599
FixedParameters: 0 0 0

#Transform 79
Transform: AffineTransform_float_3_3
Parameters: 0.999999 -0.000450828 0.00115968 0.000449172 0.999999 0.000714521 -0.00115932 -0.000713478 0.999999 0.0134751 -0.0221902 0.0872926
FixedParameters: 0 0 0

#Transform 80
Transform: AffineTransform_float_3_3
Parameters: 1 -0.000513281 0.000907841 0.000512719 1 0.000309465 -0.000908159 -0.000309534 0.999999 0.0204107 -0.00563853 0.0973315
FixedParameters: 0 0 0

#Transform 81
Transform: AffineTransform_float_3_3
Parameters: 0.999999 -0.000819163 0.000913853 0.000818836 0.999999 0.000179748 -0.000914146 -0.000178251 0.999999 -0.00400349 -0.0181756 0.0600212
FixedParameters: 0 0 0

#Transform 82
Transform: AffineTransform_float_3_3
Parameters: 0.999999 -0.000623943 0.000686052 0.000624057 1 -8.35719e-05 -0.000685948 8.3428e-05 1 0.0162418 -0.00369885 0.0755499
FixedParameters: 0 0 0

#Transform 83
Transform: AffineTransform_float_3_3
Parameters: 0.999999 -0.000726281 0.000685702 0.000726718 0.999999 0.000410498 -0.000686298 -0.000410501 0.999999 0.0137546 -0.00508201 0.100585
FixedParameters: 0 0 0

#Transform 84
Transform: AffineTransform_float_3_3
Parameters: 1 -0.000308949 0.00111057 0.00031105 0.999998 -0.00184666 -0.00110943 0.00184734 0.999997 0.0146571 -0.0587638 0.0136157
FixedParameters: 0 0 0

#Transform 85
Transform: AffineTransform_float_3_3
Parameters: 1 -9.20317e-05 0.00104036 9.59718e-05 0.999992 -0.0038159 -0.00104064 0.0038151 0.999992 -0.00253543 -0.0143941 -0.0922999
FixedParameters: 0 0 0

#Transform 86
Transform: AffineTransform_float_3_3
Parameters: 0.999999 -7.01691e-05 0.000932217 7.28301e-05 0.999996 -0.00303693 -0.000931783 0.00303707 0.999995 -0.00597174 -0.0611019 -0.0319767
FixedParameters: 0 0 0

#Transform 87
Transform: AffineTransform_float_3_3
Parameters: 1 -0.000374325 0.00108693 0.000377676 0.999997 -0.00246259 -0.00108607 0.00246241 0.999997 0.00477458 -0.0435885 0.023981
FixedParameters: 0 0 0

#Transform 88
Transform: AffineTransform_float_3_3
Parameters: 0.999999 -0.000184212 0.0010375 0.000186787 0.999997 -0.00268781 -0.0010365 0.00268819 0.999996 -0.000184625 -0.0439091 -0.0249336
FixedParameters: 0 0 0

#Transform 89
Transform: AffineTransform_float_3_3
Parameters: 1 -0.000554354 0.00102244 0.000557646 0.999997 -0.00259043 -0.00102056 0.00259057 0.999996 0.00937056 -0.0281477 -0.0217233
FixedParameters: 0 0 0

#Transform 90
Transform: AffineTransform_float_3_3
Parameters: 1 -0.000340458 0.00110179 0.00034254 0.999998 -0.00230762 -0.00110021 0.00230838 0.999996 0.0134583 -0.0324018 -0.0180645
FixedParameters: 0 0 0

#Transform 91
Transform: AffineTransform_float_3_3
Parameters: 0.999999 -0.000536827 0.00139523 0.000540175 0.999998 -0.00227525 -0.00139477 0.00227575 0.999997 0.00882381 -0.021224 0.00288101
FixedParameters: 0 0 0

#Transform 92
Transform: AffineTransform_float_3_3
Parameters: 0.999999 -0.000496189 0.00123613 0.000498812 0.999998 -0.00227539 -0.00123487 0.00227561 0.999996 0.00785669 -0.0336624 -0.035085
FixedParameters: 0 0 0

#Transform 93
Transform: AffineTransform_float_3_3
Parameters: 0.999999 -0.000315697 0.000936778 0.000318303 0.999997 -0.0024587 -0.000936219 0.0024593 0.999996 0.00313831 -0.0197223 -0.0332996
FixedParameters: 0 0 0

#Transform 94
Transform: AffineTransform_float_3_3
Parameters: 0.999999 -0.000419383 0.00123989 0.000421618 0.999997 -0.00211148 -0.00123911 0.00211152 0.999997 0.00591536 -0.0233528 0.0180199
FixedParameters: 0 0 0

#Transform 95
Transform: AffineTransform_float_3_3
Parameters: 0.999999 -0.000573308 0.000687414 0.00057469 0.999997 -0.0024626 -0.000685586 0.00246339 0.999996 0.0279921 -0.0192457 -0.0155841
FixedParameters: 0 0 0

#Transform 96
Transform: AffineTransform_float_3_3
Parameters: 1 -0.000443918 0.00105188 0.000446083 0.999998 -0.00198053 -0.00105112 0.00198047 0.999998 0.0216484 -0.0356833 0.0150831
FixedParameters: 0 0 0

#Transform 97
Transform: AffineTransform_float_3_3
Parameters: 0.999999 -0.000543293 0.00119423 0.000545706 0.999998 -0.00226735 -0.00119277 0.00226865 0.999996 0.0331576 -0.0355022 0.0198056
FixedParameters: 0 0 0

#Transform 98
Transform: AffineTransform_float_3_3
Parameters: 0.999999 -0.000816116 0.00127285 0.000818884 0.999997 -0.00226696 -0.00127115 0.00226804 0.999996 0.0400729 -0.00961421 -0.0098106
FixedParameters: 0 0 0

#Transform 99
Transform: AffineTransform_float_3_3
Parameters: 0.999999 -0.000353374 0.00121876 0.000355627 0.999997 -0.00215557 -0.00121824 0.00215543 0.999997 0.0251276 -0.0358816 0.0345288
FixedParameters: 0 0 0

#Transform 100
Transform: AffineTransform_float_3_3
Parameters: 0.999999 -0.000609223 0.00124736 0.000612775 0.999998 -0.00222624 -0.00124564 0.00222776 0.999996 0.0348236 -0.0208517 0.0263919
FixedParameters: 0 0 0

#Transform 101
Transform: AffineTransform_float_3_3
Parameters: 0.999999 -0.000747251 0.00123067 0.00074975 0.999997 -0.00223508 -0.00122933 0.00223592 0.999996 0.0383518 -0.0018297 0.00271749
FixedParameters: 0 0 0

#Transform 102
Transform: AffineTransform_float_3_3
Parameters: 0.999999 -0.000643219 0.00106147 0.000643781 0.999999 -0.000735317 -0.00106153 0.000735683 0.999999 0.0397546 0.0166106 0.0897774
FixedParameters: 0 0 0

#Transform 103
Transform: AffineTransform_float_3_3
Parameters: 0.999999 -0.00081773 0.000965077 0.00081927 0.999999 -0.00131621 -0.000963922 0.00131679 0.999998 0.0531136 0.00712552 0.00965067
FixedParameters: 0 0 0

#Transform 104
Transform: AffineTransform_float_3_3
Parameters: 0.999999 -0.000415907 0.00143061 0.000418094 0.999999 -0.0014634 -0.00143039 0.0014636 0.999998 0.029817 -0.0443538 0.0319815
FixedParameters: 0 0 0

#Transform 105
Transform: AffineTransform_float_3_3
Parameters: 0.999999 -0.000816439 0.00129262 0.000818561 0.999997 -0.00198194 -0.00129138 0.00198306 0.999997 0.0582331 -0.0202349 0.0170759
FixedParameters: 0 0 0

#Transform 106
Transform: AffineTransform_float_3_3
Parameters: 0.999999 -0.000747469 0.00139282 0.000749531 0.999999 -0.00109896 -0.00139218 0.00110004 0.999998 0.0564878 -0.0228446 0.0999694
FixedParameters: 0 0 0

#Transform 107
Transform: AffineTransform_float_3_3
Parameters: 0.999998 -0.000817375 0.00136098 0.000818625 0.999999 -0.00119389 -0.00136002 0.00119511 0.999999 0.0560752 -0.0227443 0.068518
FixedParameters: 0 0 0

#Transform 108
Transform: AffineTransform_float_3_3
Parameters: 0.999999 -0.000817501 0.00125498 0.000818498 0.999999 -0.00119397 -0.00125402 0.00119503 0.999998 0.0583337 -0.0119645 0.0626426
FixedParameters: 0 0 0

#Transform 109
Transform: AffineTransform_float_3_3
Parameters: 0.999999 -0.000818111 0.000922789 0.000818889 0.999999 -0.000963245 -0.000922211 0.000964756 0.999999 0.0548836 -0.0227688 0.071754
FixedParameters: 0 0 0

#Transform 110
Transform: AffineTransform_float_3_3
Parameters: 0.999999 -0.000817676 0.00127385 0.000819324 0.999999 -0.00103996 -0.00127215 0.00104004 0.999998 0.0583858 -0.0227684 0.0967148
FixedParameters: 0 0 0

#Transform 111
Transform: AffineTransform_float_3_3
Parameters: 0.999999 -0.000817898 0.000922978 0.000819102 0.999999 -0.00119424 -0.000922022 0.00119475 0.999999 0.0584086 -0.0226587 0.0328321
FixedParameters: 0 0 0

#Transform 112
Transform: AffineTransform_float_3_3
Parameters: 0.999999 -0.00073012 0.001373 0.000731879 0.999999 -0.001369 -0.001372 0.00137 0.999998 0.0560476 -0.0228709 0.0536923
FixedParameters: 0 0 0

#Transform 113
Transform: AffineTransform_float_3_3
Parameters: 0.999999 -0.000816901 0.00123939 0.000819098 0.999998 -0.00169399 -0.00123761 0.00169501 0.999998 0.0642686 -0.0133004 0.0567499
FixedParameters: 0 0 0

#Transform 114
Transform: AffineTransform_float_3_3
Parameters: 0.999999 -0.000724744 0.0012633 0.000726257 0.999998 -0.00178608 -0.0012627 0.00178692 0.999997 0.0667374 -0.0184547 0.00934545
FixedParameters: 0 0 0

#Transform 115
Transform: AffineTransform_float_3_3
Parameters: 0.999998 -0.000658493 0.0019665 0.000659507 1 -0.000765705 -0.00196649 0.000767297 0.999998 0.04372 -0.0231202 0.0597771
FixedParameters: 0 0 0

#Transform 116
Transform: AffineTransform_float_3_3
Parameters: 0.999998 -0.000816687 0.00150226 0.000819313 0.999999 -0.00153977 -0.00150074 0.00154123 0.999997 0.0479444 -0.00142879 0.0480729
FixedParameters: 0 0 0

#Transform 117
Transform: AffineTransform_float_3_3
Parameters: 0.999998 -0.000816889 0.0021548 0.00081911 0.999999 -0.000978238 -0.0021542 0.000980763 0.999997 0.0581501 -0.00408501 0.0307126
FixedParameters: 0 0 0

#Transform 118
Transform: AffineTransform_float_3_3
Parameters: 0.999998 -0.000817458 0.00152183 0.000818543 0.999999 -0.00101376 -0.00152117 0.00101425 0.999999 0.0584658 -0.0207033 0.08274
FixedParameters: 0 0 0

#Transform 119
Transform: AffineTransform_float_3_3
Parameters: 0.999998 -0.000817286 0.00152692 0.000818713 0.999999 -0.00112175 -0.00152608 0.00112325 0.999998 0.063685 0.0110299 0.0477255
FixedParameters: 0 0 0

#Transform 120
Transform: AffineTransform_float_3_3
Parameters: 0.999998 -0.000817157 0.00181483 0.000818843 0.999999 -0.00101552 -0.00181317 0.00101648 0.999998 0.0599877 -0.00181344 0.0530381
FixedParameters: 0 0 0

#Transform 121
Transform: AffineTransform_float_3_3
Parameters: 0.999999 -0.000817728 0.00133478 0.000819272 0.999999 -0.000952907 -0.00133422 0.000954092 0.999998 0.0311654 -0.00181903 0.111627
FixedParameters: 0 0 0

#Transform 122
Transform: AffineTransform_float_3_3
Parameters: 0.999999 -0.000816762 0.00149822 0.000819238 0.999998 -0.00149377 -0.00149678 0.00149522 0.999998 0.0525298 0.0024254 0.0532111
FixedParameters: 0 0 0

#Transform 123
Transform: AffineTransform_float_3_3
Parameters: 0.999998 -0.000817183 0.0021417 0.000818817 1 -0.000847249 -0.00214131 0.000849753 0.999998 0.0473507 -0.0242099 0.0581181
FixedParameters: 0 0 0

#Transform 124
Transform: AffineTransform_float_3_3
Parameters: 0.999998 -0.000816625 0.00180408 0.000818374 0.999999 -0.00131553 -0.00180292 0.00131748 0.999998 0.0592096 0.0100219 0.0745896
FixedParameters: 0 0 0

#Transform 125
Transform: AffineTransform_float_3_3
Parameters: 0.999997 -0.000816905 0.00202285 0.000819092 0.999999 -0.00103435 -0.00202115 0.00103665 0.999998 0.0733866 -0.00170686 0.0459826
FixedParameters: 0 0 0

#Transform 126
Transform: AffineTransform_float_3_3
Parameters: 0.999997 -0.000816877 0.00202286 0.000819123 0.999999 -0.00104935 -0.00202114 0.00105065 0.999998 0.0471415 -0.00178678 0.0736681
FixedParameters: 0 0 0

#Transform 127
Transform: AffineTransform_float_3_3
Parameters: 0.999998 -0.000711418 0.00144178 0.000712582 0.999999 -0.00109697 -0.00144122 0.00109803 0.999999 0.0439164 0.000327215 0.106188
FixedParameters: 0 0 0

#Transform 128
Transform: AffineTransform_float_3_3
Parameters: 0.999999 -0.000817295 0.00121415 0.000818704 0.999998 -0.00140401 -0.00121285 0.00140499 0.999999 0.0590001 -0.00173766 0.0868382
FixedParameters: 0 0 0

#Transform 129
Transform: AffineTransform_float_3_3
Parameters: 0.999998 -0.000818214 0.00150343 0.000818785 0.999999 -0.000521769 -0.00150357 0.000523231 0.999998 0.0551418 -0.0111495 0.122513
FixedParameters: 0 0 0

#Transform 130
Transform: AffineTransform_float_3_3
Parameters: 0.999998 -0.000729518 0.00153071 0.000730482 1 -0.000967884 -0.00153029 0.000969118 0.999999 0.0541232 -0.00654742 0.113675
FixedParameters: 0 0 0

#Transform 131
Transform: AffineTransform_float_3_3
Parameters: 1 -0.000818192 0.000834793 0.000818809 0.999999 -0.000968317 -0.000834208 0.000968684 0.999999 0.0626566 -0.00184019 0.0946581
FixedParameters: 0 0 0

#Transform 132
Transform: AffineTransform_float_3_3
Parameters: 0.999999 -0.000624731 0.00131061 0.00062527 1 -0.000968182 -0.00131039 0.00096882 0.999998 0.0480759 -0.00225119 0.10781
FixedParameters: 0 0 0

#Transform 133
Transform: AffineTransform_float_3_3
Parameters: 0.999998 -0.000817667 0.00137679 0.000819333 0.999999 -0.000967873 -0.00137621 0.000969126 0.999998 0.0573841 0.0234437 0.114062
FixedParameters: 0 0 0

#Transform 134
Transform: AffineTransform_float_3_3
Parameters: 0.999998 -0.000816403 0.00140551 0.000818595 0.999998 -0.00184785 -0.00140349 0.00184915 0.999998 0.0609358 0.0159055 0.036044
FixedParameters: 0 0 0

#Transform 135
Transform: AffineTransform_float_3_3
Parameters: 1 -0.000818245 0.000883701 0.000818757 1 -0.000855278 -0.0008833 0.000855724 0.999999 0.0338441 -0.0140929 0.101158
FixedParameters: 0 0 0

#Transform 136
Transform: AffineTransform_float_3_3
Parameters: 0.999999 -0.00081687 0.00128436 0.00081913 0.999999 -0.00165895 -0.00128264 0.00166005 0.999998 0.0288613 0.0143992 0.0815233
FixedParameters: 0 0 0

#Transform 137
Transform: AffineTransform_float_3_3
Parameters: 0.999999 -0.000738709 0.00130073 0.00074029 0.999999 -0.000992038 -0.00129927 0.000992961 0.999998 0.0394039 0.0170344 0.100852
FixedParameters: 0 0 0

#Transform 138
Transform: AffineTransform_float_3_3
Parameters: 0.999998 -0.000817903 0.00139564 0.000819098 1 -0.000786858 -0.00139436 0.000787142 0.999998 0.0302596 -0.00191514 0.117575
FixedParameters: 0 0 0

#Transform 139
Transform: AffineTransform_float_3_3
Parameters: 0.999999 -0.000579457 0.00143362 0.000580544 1 -0.00107617 -0.00143338 0.00107683 0.999999 0.0243352 0.0165115 0.11085
FixedParameters: 0 0 0

#Transform 140
Transform: AffineTransform_float_3_3
Parameters: 0.999998 -0.000817463 0.00151183 0.000818536 0.999999 -0.00101576 -0.00151117 0.00101724 0.999999 0.0530374 0.00266454 0.125157
FixedParameters: 0 0 0

#Transform 141
Transform: AffineTransform_float_3_3
Parameters: 0.999999 -0.000817918 0.00166653 0.000819082 1 -0.000648637 -0.00166547 0.000650364 0.999999 0.030136 0.0222778 0.102448
FixedParameters: 0 0 0

#Transform 142
Transform: AffineTransform_float_3_3
Parameters: 0.999999 -0.00069999 0.00121558 0.00070101 1 -0.000830149 -0.00121542 0.000831852 0.999999 0.0184916 0.0024173 0.0984814
FixedParameters: 0 0 0

#Transform 143
Transform: AffineTransform_float_3_3
Parameters: 0.999999 -0.000652401 0.00113334 0.000652598 0.999999 -0.000527261 -0.00113266 0.000528739 0.999999 0.0173332 0.0160941 0.123971
FixedParameters: 0 0 0

#Transform 144
Transform: AffineTransform_float_3_3
Parameters: 0.999999 -0.000818266 0.0010056 0.000818735 1 -0.000730178 -0.0010054 0.000730824 0.999999 0.027959 0.0144122 0.121003
FixedParameters: 0 0 0

#Transform 145
Transform: AffineTransform_float_3_3
Parameters: 0.999999 -0.000818296 0.00130844 0.000818702 0.999999 -0.000536929 -0.00130756 0.00053807 0.999999 0.0287466 0.00282132 0.113371
FixedParameters: 0 0 0

#Transform 146
Transform: AffineTransform_float_3_3
Parameters: 1 -0.000602622 0.00100523 0.000603379 0.999999 -0.000376394 -0.00100477 0.000376606 1 0.0126938 -0.00986134 0.122965
FixedParameters: 0 0 0

#Transform 147
Transform: AffineTransform_float_3_3
Parameters: 1 -0.000386957 0.0010054 0.000388044 1 -0.00103861 -0.0010046 0.00103839 0.999999 0.0105687 0.0160236 0.136295
FixedParameters: 0 0 0

#Transform 148
Transform: AffineTransform_float_3_3
Parameters: 0.999999 -0.000639914 0.00114961 0.000641085 1 -0.000944264 -0.00114839 0.000945736 0.999999 0.0171264 -0.0139536 0.156314
FixedParameters: 0 0 0

#Transform 149
Transform: AffineTransform_float_3_3
Parameters: 0.999998 -0.000815758 0.00182445 0.000819242 0.999998 -0.00177651 -0.00182355 0.00177849 0.999997 0.00890212 0.00642298 0.0900889
FixedParameters: 0 0 0

#Transform 150
Transform: AffineTransform_float_3_3
Parameters: 0.999999 -0.000816294 0.00133666 0.000818704 0.999997 -0.00202491 -0.00133434 0.00202609 0.999997 -0.00503298 0.00640373 0.086928
FixedParameters: 0 0 0

#Transform 151
Transform: AffineTransform_float_3_3
Parameters: 0.999998 -0.000816587 0.00146635 0.000818412 0.999999 -0.0016458 -0.00146465 0.0016472 0.999997 0.00577867 0.00626655 0.0802973
FixedParameters: 0 0 0

#Transform 152
Transform: AffineTransform_float_3_3
Parameters: 0.999998 -0.000519801 0.00191315 0.000524199 0.999998 -0.002195 -0.00191185 0.002196 0.999996 -0.00793442 0.00581308 0.0689317
FixedParameters: 0 0 0

#Transform 153
Transform: AffineTransform_float_3_3
Parameters: 0.999999 -0.000638201 0.00175002 0.000640798 0.999998 -0.00159888 -0.00174898 0.00160012 0.999997 -0.0124388 0.00596087 0.123393
FixedParameters: 0 0 0

#Transform 154
Transform: AffineTransform_float_3_3
Parameters: 0.999998 -0.000691812 0.00178124 0.00069519 0.999998 -0.00178976 -0.00178076 0.00179124 0.999997 -0.00699125 0.00609244 0.115257
FixedParameters: 0 0 0

#Transform 155
Transform: AffineTransform_float_3_3
Parameters: 0.999999 -0.00081735 0.00119213 0.000818649 0.999998 -0.00138403 -0.00119087 0.00138497 0.999999 -0.000704702 0.0282099 0.118864
FixedParameters: 0 0 0

#Transform 156
Transform: AffineTransform_float_3_3
Parameters: 0.999999 -0.000603999 0.00119151 0.000605001 1 -0.00084028 -0.00119049 0.00084072 0.999999 -0.0173798 0.00566574 0.145663
FixedParameters: 0 0 0

#Transform 157
Transform: AffineTransform_float_3_3
Parameters: 0.999999 -0.000762726 0.00136671 0.000764274 1 -0.000931957 -0.00136629 0.000933043 0.999998 -0.00801962 0.019139 0.158683
FixedParameters: 0 0 0

#Transform 158
Transform: AffineTransform_float_3_3
Parameters: 0.999999 -0.000817346 0.00130903 0.000818653 0.999999 -0.00126293 -0.00130797 0.00126407 0.999999 -0.00658485 0.0329413 0.122746
FixedParameters: 0 0 0

#Transform 159
Transform: AffineTransform_float_3_3
Parameters: 0.999999 -0.000817721 0.00119188 0.000819278 0.999999 -0.00107302 -0.00119012 0.00107397 0.999998 -0.00653741 0.00585661 0.111297
FixedParameters: 0 0 0

#Transform 160
Transform: AffineTransform_float_3_3
Parameters: 0.999999 -0.000817646 0.00119193 0.000819353 0.999999 -0.00113602 -0.00119007 0.00113697 0.999998 -0.0065015 0.00586213 0.128018
FixedParameters: 0 0 0

#Transform 161
Transform: AffineTransform_float_3_3
Parameters: 0.999999 -0.000815997 0.00119306 0.000819004 0.999997 -0.00251903 -0.00119094 0.00251998 0.999996 -0.00655133 0.0059837 0.0929818
FixedParameters: 0 0 0

#Transform 162
Transform: AffineTransform_float_3_3
Parameters: 0.999999 -0.000816447 0.00119275 0.000818552 0.999998 -0.00214203 -0.00119025 0.00214297 0.999997 -0.00656123 0.0059113 0.0821003
FixedParameters: 0 0 0

#Transform 163
Transform: AffineTransform_float_3_3
Parameters: 0.999999 -0.000817018 0.00119236 0.000818982 0.999999 -0.00166303 -0.00119064 0.00166397 0.999998 -0.00654197 0.00588506 0.0982566
FixedParameters: 0 0 0

#Transform 164
Transform: AffineTransform_float_3_3
Parameters: 0.999999 -0.000815899 0.00151467 0.000819102 0.999997 -0.00204776 -0.00151333 0.00204924 0.999997 -0.00947241 0.00599588 0.114053
FixedParameters: 0 0 0

#Transform 165
Transform: AffineTransform_float_3_3
Parameters: 0.999999 -0.000815962 0.00119308 0.000819038 0.999997 -0.00254803 -0.00119092 0.00254898 0.999996 -0.00652201 0.011465 0.118853
FixedParameters: 0 0 0

#Transform 166
Transform: AffineTransform_float_3_3
Parameters: 0.999999 -0.000816798 0.00119251 0.000819201 0.999998 -0.00184702 -0.00119049 0.00184797 0.999997 -0.00652132 0.00595866 0.115641
FixedParameters: 0 0 0

#Transform 167
Transform: AffineTransform_float_3_3
Parameters: 0.999999 -0.000816261 0.00156543 0.000818739 0.999998 -0.00174972 -0.00156357 0.00175128 0.999997 -0.00653707 -0.00739687 0.121095
FixedParameters: 0 0 0

#Transform 168
Transform: AffineTransform_float_3_3
Parameters: 0.999998 -0.000816186 0.00135869 0.000818813 0.999998 -0.00207189 -0.00135631 0.00207311 0.999997 -0.00658586 0.00589234 0.108582
FixedParameters: 0 0 0

#Transform 169
Transform: AffineTransform_float_3_3
Parameters: 0.999999 -0.000816709 0.00119257 0.00081929 0.999998 -0.00192203 -0.00119043 0.00192297 0.999998 0.00655993 0.0060256 0.091536
FixedParameters: 0 0 0

#Transform 170
Transform: AffineTransform_float_3_3
Parameters: 0.999999 -0.000727083 0.00119217 0.000728918 0.999999 -0.00160913 -0.00119083 0.00160987 0.999998 -0.00883674 0.00570762 0.10878
FixedParameters: 0 0 0

#Transform 171
Transform: AffineTransform_float_3_3
Parameters: 0.999998 -0.000815446 0.00152291 0.000818553 0.999997 -0.00233376 -0.00152109 0.00233524 0.999996 -0.00663816 0.00597937 0.110337
FixedParameters: 0 0 0

#Transform 172
Transform: AffineTransform_float_3_3
Parameters: 0.999998 -0.000816409 0.00146245 0.000818591 0.999998 -0.00177281 -0.00146055 0.0017732 0.999998 -0.00663334 0.00897289 0.0950294
FixedParameters: 0 0 0

#Transform 173
Transform: AffineTransform_float_3_3
Parameters: 0.999998 -0.000816822 0.00143524 0.000819178 0.999999 -0.00151783 -0.00143376 0.00151917 0.999998 -0.00661167 0.00585044 0.118954
FixedParameters: 0 0 0

#Transform 174
Transform: AffineTransform_float_3_3
Parameters: 0.999998 -0.000760423 0.00142238 0.000763576 0.999998 -0.00181192 -0.00142062 0.00181308 0.999998 0.0103154 0.00587909 0.105379
FixedParameters: 0 0 0

#Transform 175
Transform: AffineTransform_float_3_3
Parameters: 0.999999 -0.000815545 0.00167769 0.000818458 0.999998 -0.00206063 -0.00167632 0.00206137 0.999997 0.0066028 0.000733015 0.0944977
FixedParameters: 0 0 0

#Transform 176
Transform: AffineTransform_float_3_3
Parameters: 0.999999 -0.000817013 0.00157803 0.000818988 0.999999 -0.00125871 -0.00157797 0.00126029 0.999998 0.0184185 0.00585541 0.155096
FixedParameters: 0 0 0

#Transform 177
Transform: AffineTransform_float_3_3
Parameters: 0.999998 -0.000816188 0.00150453 0.000818811 0.999998 -0.00186977 -0.00150247 0.00187023 0.999997 0.00405784 0.00592219 0.105913
FixedParameters: 0 0 0

#Transform 178
Transform: AffineTransform_float_3_3
Parameters: 0.999998 -0.000816131 0.00141466 0.000818868 0.999997 -0.00202784 -0.00141334 0.00202916 0.999997 0.000532557 0.00597867 0.111867
FixedParameters: 0 0 0

#Transform 179
Transform: AffineTransform_float_3_3
Parameters: 0.999998 -0.000816842 0.00152316 0.000819156 0.999998 -0.00141575 -0.00152184 0.00141724 0.999998 -0.00459071 0.00594784 0.127463
FixedParameters: 0 0 0

#Transform 180
Transform: AffineTransform_float_3_3
Parameters: 0.999998 -0.00081628 0.00140458 0.000818722 0.999998 -0.00193785 -0.00140342 0.00193815 0.999997 0.00981765 0.00589731 0.131531
FixedParameters: 0 0 0

#Transform 181
Transform: AffineTransform_float_3_3
Parameters: 0.999998 -0.000707484 0.00150166 0.000711514 0.999997 -0.00234194 -0.00149934 0.00234306 0.999996 0.0154928 0.00589123 0.0794685
FixedParameters: 0 0 0

#Transform 182
Transform: AffineTransform_float_3_3
Parameters: 0.999999 -0.00081577 0.00162263 0.00081923 0.999997 -0.00199067 -0.00162137 0.00199232 0.999996 -0.000373264 0.00604594 0.10746
FixedParameters: 0 0 0

#Transform 183
Transform: AffineTransform_float_3_3
Parameters: 0.999999 -0.000816994 0.00159303 0.000819007 0.999999 -0.0012597 -0.00159197 0.0012603 0.999998 0.00932933 0.00582157 0.157482
FixedParameters: 0 0 0

#Transform 184
Transform: AffineTransform_float_3_3
Parameters: 0.999999 -0.000815321 0.00134823 0.000818679 0.999996 -0.0027309 -0.00134577 0.0027311 0.999996 0.0183566 0.00603311 0.0992382
FixedParameters: 0 0 0

#Transform 185
Transform: AffineTransform_float_3_3
Parameters: 0.999999 -0.000815224 0.00168383 0.000818774 0.999997 -0.00224263 -0.00168117 0.00224437 0.999996 0.00276063 -0.0236882 0.105674
FixedParameters: 0 0 0

#Transform 186
Transform: AffineTransform_float_3_3
Parameters: 0.999999 -0.000710651 0.00137074 0.000714347 0.999997 -0.00244402 -0.00136826 0.00244497 0.999996 0.0096739 0.0163404 0.141059
FixedParameters: 0 0 0

#Transform 187
Transform: AffineTransform_float_3_3
Parameters: 0.999999 -0.000814728 0.00133761 0.00081927 0.999994 -0.00319691 -0.00133439 0.00319709 0.999994 0.0104885 0.0101845 0.0776056
FixedParameters: 0 0 0

#Transform 188
Transform: AffineTransform_float_3_3
