# transform file /out/sourcedata/freesurfer/sub-v1s13x0050041_ses-1/mri/transforms/cc_up.lta
# created by oesteban on Sun Mar  8 18:05:32 2026

type      = 0 # LINEAR_VOX_TO_VOX
nxforms   = 1
mean      = 131.0000 148.0000 124.0000
sigma     = 10000.0000
1 4 4
9.976454377174377e-01 -3.701352328062057e-02 5.773566290736198e-02 -2.321830987930298e+00 
3.695169836282730e-02 9.993147253990173e-01 2.138465875759721e-03 -5.952471256256104e+00 
-5.777525156736374e-02 2.328306158982940e-10 9.983295202255249e-01 1.568079853057861e+01 
0.000000000000000e+00 0.000000000000000e+00 0.000000000000000e+00 1.000000000000000e+00 
src volume info
valid = 1  # volume info valid
filename = /out/sourcedata/freesurfer/sub-v1s13x0050041_ses-1/mri/norm.mgz
volume = 256 256 256
voxelsize = 1.000000000000000e+00 1.000000000000000e+00 1.000000000000000e+00
xras   = -9.999999403953552e-01 0.000000000000000e+00 0.000000000000000e+00
yras   = 0.000000000000000e+00 0.000000000000000e+00 -9.999999403953552e-01
zras   = 0.000000000000000e+00 9.999999403953552e-01 0.000000000000000e+00
cras   = 5.250091552734375e-01 -5.444056701660156e+01 2.967424774169922e+01
dst volume info
valid = 1  # volume info valid
filename = /out/sourcedata/freesurfer/sub-v1s13x0050041_ses-1/mri/norm.mgz
volume = 256 256 256
voxelsize = 1.000000000000000e+00 1.000000000000000e+00 1.000000000000000e+00
xras   = -9.999999403953552e-01 0.000000000000000e+00 0.000000000000000e+00
yras   = 0.000000000000000e+00 0.000000000000000e+00 -9.999999403953552e-01
zras   = 0.000000000000000e+00 9.999999403953552e-01 0.000000000000000e+00
cras   = 5.250091552734375e-01 -5.444056701660156e+01 2.967424774169922e+01
