# transform file /out/sourcedata/freesurfer/sub-v1s13x0050008_ses-1/mri/transforms/cc_up.lta
# created by oesteban on Sun Mar  8 14:12:54 2026

type      = 0 # LINEAR_VOX_TO_VOX
nxforms   = 1
mean      = 125.0000 138.0000 113.0000
sigma     = 10000.0000
1 4 4
9.990552067756653e-01 5.291604902595282e-03 -4.313737526535988e-02 4.840940475463867e+00 
-5.286679603159428e-03 9.999860525131226e-01 2.282691420987248e-04 8.644749641418457e+00 
4.313797876238823e-02 1.455191696309033e-11 9.990691542625427e-01 2.165863227844238e+01 
0.000000000000000e+00 0.000000000000000e+00 0.000000000000000e+00 1.000000000000000e+00 
src volume info
valid = 1  # volume info valid
filename = /out/sourcedata/freesurfer/sub-v1s13x0050008_ses-1/mri/norm.mgz
volume = 256 256 256
voxelsize = 1.000000000000000e+00 1.000000000000000e+00 1.000000000000000e+00
xras   = -9.999999403953552e-01 0.000000000000000e+00 0.000000000000000e+00
yras   = 0.000000000000000e+00 0.000000000000000e+00 -9.999999403953552e-01
zras   = 0.000000000000000e+00 9.999999403953552e-01 0.000000000000000e+00
cras   = -1.463829040527344e+00 1.050796508789062e+00 -3.921295166015625e+00
dst volume info
valid = 1  # volume info valid
filename = /out/sourcedata/freesurfer/sub-v1s13x0050008_ses-1/mri/norm.mgz
volume = 256 256 256
voxelsize = 1.000000000000000e+00 1.000000000000000e+00 1.000000000000000e+00
xras   = -9.999999403953552e-01 0.000000000000000e+00 0.000000000000000e+00
yras   = 0.000000000000000e+00 0.000000000000000e+00 -9.999999403953552e-01
zras   = 0.000000000000000e+00 9.999999403953552e-01 0.000000000000000e+00
cras   = -1.463829040527344e+00 1.050796508789062e+00 -3.921295166015625e+00
