# transform file /out/sourcedata/freesurfer/sub-v1s13x0050028_ses-1/mri/transforms/cc_up.lta
# created by oesteban on Sun Mar  8 17:27:23 2026

type      = 0 # LINEAR_VOX_TO_VOX
nxforms   = 1
mean      = 128.0000 125.0000 113.0000
sigma     = 10000.0000
1 4 4
9.990226626396179e-01 -4.041724279522896e-02 1.789780892431736e-02 1.990336418151855e+00 
4.041076079010963e-02 9.991829991340637e-01 7.239716360345483e-04 2.085990715026855e+01 
-1.791244372725487e-02 0.000000000000000e+00 9.998396039009094e-01 2.029768753051758e+01 
0.000000000000000e+00 0.000000000000000e+00 0.000000000000000e+00 1.000000000000000e+00 
src volume info
valid = 1  # volume info valid
filename = /out/sourcedata/freesurfer/sub-v1s13x0050028_ses-1/mri/norm.mgz
volume = 256 256 256
voxelsize = 1.000000000000000e+00 1.000000000000000e+00 1.000000000000000e+00
xras   = -9.999999403953552e-01 0.000000000000000e+00 0.000000000000000e+00
yras   = 0.000000000000000e+00 0.000000000000000e+00 -9.999999403953552e-01
zras   = 0.000000000000000e+00 9.999999403953552e-01 0.000000000000000e+00
cras   = 5.250015258789062e-01 2.109985351562500e-01 -1.138691711425781e+01
dst volume info
valid = 1  # volume info valid
filename = /out/sourcedata/freesurfer/sub-v1s13x0050028_ses-1/mri/norm.mgz
volume = 256 256 256
voxelsize = 1.000000000000000e+00 1.000000000000000e+00 1.000000000000000e+00
xras   = -9.999999403953552e-01 0.000000000000000e+00 0.000000000000000e+00
yras   = 0.000000000000000e+00 0.000000000000000e+00 -9.999999403953552e-01
zras   = 0.000000000000000e+00 9.999999403953552e-01 0.000000000000000e+00
cras   = 5.250015258789062e-01 2.109985351562500e-01 -1.138691711425781e+01
