#Insight Transform File V1.0
#Transform 0
Transform: AffineTransform_float_3_3
Parameters: 1 -0.000415125 6.21699e-05 0.000414875 0.999998 0.00200003 -6.28299e-05 -0.00199997 0.999998 -0.0292551 -0.0388716 -0.0319037
FixedParameters: 0 0 0

#Transform 1
Transform: AffineTransform_float_3_3
Parameters: 1 -0.000414999 -9.95585e-07 0.000415001 0.999997 0.002399 4.412e-09 -0.002399 0.999997 -0.0437338 -0.0468593 0.0118405
FixedParameters: 0 0 0

#Transform 2
Transform: AffineTransform_float_3_3
Parameters: 1 -8.73878e-05 -0.000306175 8.86118e-05 0.999998 0.00199997 0.000305823 -0.00200003 0.999998 -0.069805 -0.0139115 0.0261093
FixedParameters: 0 0 0

#Transform 3
Transform: AffineTransform_float_3_3
Parameters: 1 -0.000214926 -0.000172092 0.000215074 1 0.000427963 0.000171908 -0.000428037 1 -0.041756 0.0353415 -0.151159
FixedParameters: 0 0 0

#Transform 4
Transform: AffineTransform_float_3_3
Parameters: 1 -0.000414971 -3.93046e-05 0.000415028 0.999999 0.000733983 3.86954e-05 -0.000734016 0.999999 -0.0318966 -0.013388 -0.152334
FixedParameters: 0 0 0

#Transform 5
Transform: AffineTransform_float_3_3
Parameters: 1 -0.000310826 -0.000142381 0.000311174 0.999999 0.00122496 0.000141619 -0.00122504 0.999999 -0.040079 -0.0751224 -0.0961461
FixedParameters: 0 0 0

#Transform 6
Transform: AffineTransform_float_3_3
Parameters: 1 -0.000285067 0.000156878 0.000284933 1 0.000428045 -0.000157122 -0.000427955 1 -0.036283 -0.0122964 -0.157043
FixedParameters: 0 0 0

#Transform 7
Transform: AffineTransform_float_3_3
Parameters: 1 -9.99187e-06 -1.90043e-05 1.00081e-05 1 0.000428 1.89957e-05 -0.000428 1 -0.0394745 -0.0371413 -0.0960744
FixedParameters: 0 0 0

#Transform 8
Transform: AffineTransform_float_3_3
Parameters: 1 0.000421009 0.000114966 -0.000420991 1 -8.00484e-05 -0.000115034 7.99516e-05 1 -0.0669461 -0.0375122 -0.128749
FixedParameters: 0 0 0

#Transform 9
Transform: AffineTransform_float_3_3
Parameters: 1 0.000369347 0.000517467 -0.000369653 0.999999 0.00126281 -0.000516533 -0.00126319 0.999999 -0.0471413 -0.131186 -0.0979618
FixedParameters: 0 0 0

#Transform 10
Transform: AffineTransform_float_3_3
Parameters: 0.999999 0.000747717 0.000454824 -0.000747285 0.999999 -0.00157334 -0.000455176 0.00157366 0.999998 -0.0686714 -0.001855 -0.093397
FixedParameters: 0 0 0

#Transform 11
Transform: AffineTransform_float_3_3
Parameters: 1 0.000200879 0.000455613 -0.00019912 0.999998 -0.00192909 -0.000456385 0.00192891 0.999998 -0.0299967 0.0428622 -0.193992
FixedParameters: 0 0 0

#Transform 12
Transform: AffineTransform_float_3_3
Parameters: 1 0.000370511 0.000455585 -0.000369488 1 -0.00112217 -0.000456415 0.00112183 1 -0.0181155 0.00812554 -0.0993338
FixedParameters: 0 0 0

#Transform 13
Transform: AffineTransform_float_3_3
Parameters: 1 0.00037001 2.28424e-05 -0.00036999 1 -0.000426008 -2.31576e-05 0.000425991 1 -0.0249948 -0.0138583 -0.0700312
FixedParameters: 0 0 0

#Transform 14
Transform: AffineTransform_float_3_3
Parameters: 1 0.000370304 0.000334664 -0.000369696 0.999999 -0.000908123 -0.000334336 0.000907875 0.999999 -0.0117786 0.0400152 -0.145429
FixedParameters: 0 0 0

#Transform 15
Transform: AffineTransform_float_3_3
Parameters: 1 0.00037008 0.000214863 -0.00036992 1 -0.000371079 -0.000215137 0.00037092 1 -0.0289975 0.00299166 -0.0717532
FixedParameters: 0 0 0

#Transform 16
Transform: AffineTransform_float_3_3
Parameters: 1 0.000370122 0.000142684 -0.000369878 0.999999 -0.000853052 -0.000143315 0.000852946 0.999999 0.00572084 0.0497116 -0.175064
FixedParameters: 0 0 0

#Transform 17
Transform: AffineTransform_float_3_3
Parameters: 1 0.000240068 0.000195917 -0.000239932 1 -0.000345047 -0.000196083 0.000344953 1 -0.0100773 0.0127655 -0.0660309
FixedParameters: 0 0 0

#Transform 18
Transform: AffineTransform_float_3_3
Parameters: 1 -2.39459e-05 0.000111012 2.40541e-05 1 -0.000486997 -0.000110988 0.000487003 1 0.0107033 0.0167005 -0.0918769
FixedParameters: 0 0 0

#Transform 19
Transform: AffineTransform_float_3_3
Parameters: 1 -9.10586e-05 -7.69306e-05 9.09413e-05 0.999999 -0.000762007 7.70693e-05 0.000761993 0.999999 0.0281585 0.0461123 -0.0676903
FixedParameters: 0 0 0

#Transform 20
Transform: AffineTransform_float_3_3
Parameters: 1 -9.09913e-05 0.000298003 9.10086e-05 1 -2.89729e-05 -0.000297997 2.90271e-05 1 -0.00362667 0.000989197 -0.00814198
FixedParameters: 0 0 0

#Transform 21
Transform: AffineTransform_float_3_3
Parameters: 1 -9.10306e-05 -7.69639e-05 9.09694e-05 1 -0.000397007 7.70361e-05 0.000396993 1 0.0255375 0.0411207 -0.11334
FixedParameters: 0 0 0

#Transform 22
Transform: AffineTransform_float_3_3
Parameters: 1 4.21366e-05 0.000139959 -4.18634e-05 1 -0.000976006 -0.000140041 0.000975994 0.999999 0.00359255 0.0334492 -0.00769314
FixedParameters: 0 0 0

#Transform 23
Transform: AffineTransform_float_3_3
Parameters: 1 -9.09559e-05 0.00019702 9.10441e-05 1 -0.000223982 -0.00019698 0.000224018 1 0.000988388 0.0115631 -0.0730071
FixedParameters: 0 0 0

#Transform 24
Transform: AffineTransform_float_3_3
Parameters: 1 -9.09821e-05 2.20739e-05 9.10178e-05 0.999999 -0.000811997 -2.19261e-05 0.000812001 0.999999 0.0317305 0.0542374 -0.0989962
FixedParameters: 0 0 0

#Transform 25
Transform: AffineTransform_float_3_3
Parameters: 1 -9.10418e-05 -7.69506e-05 9.09582e-05 1 -0.000543007 7.70494e-05 0.000542993 1 0.00379497 -0.00804341 0.00306244
FixedParameters: 0 0 0

#Transform 26
Transform: AffineTransform_float_3_3
Parameters: 1 -9.10117e-05 -1.79407e-05 9.09882e-05 1 -0.000652001 1.80593e-05 0.000651998 1 0.0154729 0.0503452 -0.0924838
FixedParameters: 0 0 0

#Transform 27
Transform: AffineTransform_float_3_3
Parameters: 1 -9.10032e-05 -7.69962e-05 9.09968e-05 1 -4.2007e-05 7.70038e-05 4.1993e-05 1 0.0166945 -0.016929 0.0196689
FixedParameters: 0 0 0

#Transform 28
Transform: AffineTransform_float_3_3
Parameters: 1 -9.09878e-05 -7.70144e-05 9.10122e-05 1 0.000157993 7.69856e-05 -0.000158007 1 0.0166991 0.018824 -0.0824606
FixedParameters: 0 0 0

#Transform 29
Transform: AffineTransform_float_3_3
Parameters: 1 -0.000290005 -7.698e-05 0.000289995 1 -6.90223e-05 7.702e-05 6.89777e-05 1 0.0188629 0.00230569 0.0178414
FixedParameters: 0 0 0

#Transform 30
Transform: AffineTransform_float_3_3
Parameters: 1 -9.09767e-05 -7.70276e-05 9.10233e-05 1 0.000302993 7.69724e-05 -0.000303007 1 0.00420265 0.0167955 0.0297918
FixedParameters: 0 0 0

#Transform 31
Transform: AffineTransform_float_3_3
Parameters: 1 -9.09973e-05 -7.70032e-05 9.10027e-05 1 3.4993e-05 7.69968e-05 -3.5007e-05 1 0.0166935 0.0434554 -0.0390835
FixedParameters: 0 0 0

#Transform 32
Transform: AffineTransform_float_3_3
Parameters: 1 -9.09535e-05 -7.70549e-05 9.10471e-05 1 0.000603993 7.7945e-05 -0.000604007 1 0.0166928 -0.013715 0.0383741
FixedParameters: 0 0 0

#Transform 33
Transform: AffineTransform_float_3_3
Parameters: 1 -9.0977e-05 -7.70271e-05 9.10229e-05 1 0.000297993 7.69729e-05 -0.000298007 1 0.0336003 0.0424547 -0.0999989
FixedParameters: 0 0 0

#Transform 34
Transform: AffineTransform_float_3_3
Parameters: 1 -9.09543e-05 -7.70539e-05 9.10462e-05 1 0.000592993 7.7946e-05 -0.000593007 1 0.0166944 -0.0135691 0.0172928
FixedParameters: 0 0 0

#Transform 35
Transform: AffineTransform_float_3_3
Parameters: 1 -9.09976e-05 -7.70028e-05 9.10024e-05 1 3.0993e-05 7.69972e-05 -3.1007e-05 1 0.0302926 0.0181674 -0.0622936
FixedParameters: 0 0 0

#Transform 36
Transform: AffineTransform_float_3_3
Parameters: 1 -0.000202953 -7.71238e-05 0.000203047 1 0.000609984 7.78761e-05 -0.000610016 1 0.0426157 0.00704519 0.00776921
FixedParameters: 0 0 0

#Transform 37
Transform: AffineTransform_float_3_3
Parameters: 1 -0.000491924 -7.7486e-05 0.000492077 1 0.000987962 7.75138e-05 -0.000988038 0.999999 0.0332884 -0.0200978 0.0112851
FixedParameters: 0 0 0

#Transform 38
Transform: AffineTransform_float_3_3
Parameters: 1 -0.000491732 -0.000318413 0.000492267 0.999999 0.000839843 0.000317586 -0.000840156 0.999999 0.0591617 0.025699 -0.0878334
FixedParameters: 0 0 0

#Transform 39
Transform: AffineTransform_float_3_3
Parameters: 1 -0.00049184 -0.000143549 0.000492161 1 0.00111693 0.00014345 -0.00111707 1 0.0218869 -0.0227555 0.0477042
FixedParameters: 0 0 0

#Transform 40
Transform: AffineTransform_float_3_3
Parameters: 0.999999 -0.000692799 -0.000160869 0.000693201 0.999999 0.00125389 0.000160131 -0.00125311 0.999999 0.0605304 0.0185241 -0.057793
FixedParameters: 0 0 0

#Transform 41
Transform: AffineTransform_float_3_3
Parameters: 0.999999 -0.000491269 -0.000639562 0.00049273 0.999999 0.00114269 0.000638437 -0.00114331 0.999999 0.0679455 -0.0232076 0.0433418
FixedParameters: 0 0 0

#Transform 42
Transform: AffineTransform_float_3_3
Parameters: 1 -0.000491487 -0.000303831 0.000492511 0.999999 0.00168985 0.000302168 -0.00169015 0.999998 0.0467704 -0.0243957 0.0357528
FixedParameters: 0 0 0

#Transform 43
Transform: AffineTransform_float_3_3
Parameters: 1 -0.000895278 -0.000640011 0.000896722 0.999999 0.00112843 0.000638988 -0.00112957 0.999999 0.0836326 5.51946e-05 -0.00642765
FixedParameters: 0 0 0

#Transform 44
Transform: AffineTransform_float_3_3
Parameters: 0.999999 -0.00130677 -0.000117561 0.00130723 0.999997 0.00195985 0.000115438 -0.00196015 0.999998 0.0826916 -0.0446691 0.0656511
FixedParameters: 0 0 0

#Transform 45
Transform: AffineTransform_float_3_3
Parameters: 0.999999 -0.00132777 -0.000150047 0.00132823 0.999998 0.0015418 0.000147952 -0.0015422 0.999999 0.108846 -0.00915426 -0.0540835
FixedParameters: 0 0 0

#Transform 46
Transform: AffineTransform_float_3_3
Parameters: 0.999999 -0.00150569 -0.000187499 0.00150631 0.999998 0.00165972 0.000185501 -0.00165928 0.999998 0.11051 -0.0296846 0.0831479
FixedParameters: 0 0 0

#Transform 47
Transform: AffineTransform_float_3_3
Parameters: 0.999998 -0.00161168 -0.000167114 0.00161232 0.999997 0.00193173 0.000163885 -0.00193227 0.999998 0.0996519 -0.0348412 0.0428149
FixedParameters: 0 0 0

#Transform 48
Transform: AffineTransform_float_3_3
Parameters: 0.999999 -0.00147664 -0.000321657 0.00147636 0.999999 0.00112153 0.000320343 -0.00112247 1 0.118902 -0.00617894 0.0113892
FixedParameters: 0 0 0

#Transform 49
Transform: AffineTransform_float_3_3
Parameters: 1 -0.00115975 -0.000164801 0.00116026 0.999998 0.00155281 0.000163199 -0.00155219 0.999999 0.0799389 -0.055557 0.0435644
FixedParameters: 0 0 0

#Transform 50
Transform: AffineTransform_float_3_3
Parameters: 1 -0.00104151 -0.000639792 0.00104149 0.999999 0.000759335 0.00063821 -0.000759666 1 0.0937526 -0.011939 -0.0200964
FixedParameters: 0 0 0

#Transform 51
Transform: AffineTransform_float_3_3
Parameters: 0.999999 -0.000775 2.09977e-05 0.000774999 0.999999 3.01627e-06 -2.10023e-05 -2.98372e-06 1 0.0414182 -0.0696763 -0.0621078
FixedParameters: 0 0 0

#Transform 52
Transform: AffineTransform_float_3_3
Parameters: 1 2.7782e-05 0.000179034 -2.7218e-05 1 0.001218 -0.000178967 -0.00121801 0.999999 -0.00400469 -0.129223 -0.0620872
FixedParameters: 0 0 0

#Transform 53
Transform: AffineTransform_float_3_3
Parameters: 1 -0.000369174 0.00017864 0.000368825 1 0.000975066 -0.00017936 -0.000974934 0.999999 0.00870491 -0.0571481 0.0615692
FixedParameters: 0 0 0

#Transform 54
Transform: AffineTransform_float_3_3
Parameters: 1 -0.00103522 0.000177732 0.00103478 0.999998 0.00122518 -0.000179268 -0.00122482 0.999999 0.0394397 -0.0559522 0.0229522
FixedParameters: 0 0 0

#Transform 55
Transform: AffineTransform_float_3_3
Parameters: 0.999999 -0.00145426 0.000176858 0.00145374 0.999998 0.00147326 -0.000179141 -0.00147274 0.999999 0.0732204 -0.0329047 0.0555404
FixedParameters: 0 0 0

#Transform 56
Transform: AffineTransform_float_3_3
Parameters: 0.999999 -0.00145431 0.000176491 0.00145369 0.999998 0.00172526 -0.000178509 -0.00172574 0.999998 0.0896269 -0.0683778 0.0493907
FixedParameters: 0 0 0

#Transform 57
Transform: AffineTransform_float_3_3
Parameters: 0.999999 -0.00148964 -0.000215489 0.00149036 0.999998 0.00167068 0.00021251 -0.00167132 0.999998 0.10941 -0.0390843 0.00218694
FixedParameters: 0 0 0

#Transform 58
Transform: AffineTransform_float_3_3
Parameters: 0.999999 -0.00128877 0.000295677 0.00128823 0.999996 0.00257938 -0.000299323 -0.00257862 0.999996 0.0490115 -0.0558378 0.076428
FixedParameters: 0 0 0

#Transform 59
Transform: AffineTransform_float_3_3
Parameters: 0.999999 -0.00156764 -0.000179134 0.00156835 0.999997 0.00199872 0.000175865 -0.00199928 0.999998 0.0937995 -0.0106645 -0.00186536
FixedParameters: 0 0 0

#Transform 60
Transform: AffineTransform_float_3_3
Parameters: 0.999999 -0.00180359 -0.000200734 0.00180441 0.999996 0.00206964 0.000197265 -0.00207036 0.999998 0.103763 -0.0720795 0.106881
FixedParameters: 0 0 0

#Transform 61
Transform: AffineTransform_float_3_3
Parameters: 0.999998 -0.00169313 -0.000362086 0.00169487 0.999995 0.00241239 0.000357912 -0.00241261 0.999997 0.0966921 -0.043623 0.0162279
FixedParameters: 0 0 0

#Transform 62
Transform: AffineTransform_float_3_3
Parameters: 0.999998 -0.00152701 -0.000455343 0.00152799 0.999997 0.00218831 0.000452657 -0.0021887 0.999998 0.098975 -0.033632 0.0630721
FixedParameters: 0 0 0

#Transform 63
Transform: AffineTransform_float_3_3
Parameters: 0.999999 -0.00155257 -0.000183706 0.00155343 0.999996 0.00238672 0.000180292 -0.00238728 0.999997 0.0800747 -0.0530492 0.0793313
FixedParameters: 0 0 0

#Transform 64
Transform: AffineTransform_float_3_3
Parameters: 0.999999 -0.00162025 -0.000454689 0.00162075 0.999998 0.00165827 0.000452312 -0.00165974 0.999999 0.108076 -0.00340671 -0.0294536
FixedParameters: 0 0 0

#Transform 65
Transform: AffineTransform_float_3_3
Parameters: 0.999999 -0.00141806 -0.000454939 0.00141894 0.999997 0.00207136 0.000452062 -0.00207164 0.999998 0.0978033 -0.0504168 0.0816887
FixedParameters: 0 0 0

#Transform 66
Transform: AffineTransform_float_3_3
Parameters: 0.999999 -0.00121405 -0.00045454 0.00121495 0.999997 0.00209145 0.000452459 -0.00209255 0.999997 0.0558783 -0.0316466 0.0816603
FixedParameters: 0 0 0

#Transform 67
Transform: AffineTransform_float_3_3
Parameters: 1 -0.000972164 -0.000511594 0.000972837 0.999998 0.0016385 0.000509407 -0.0016385 0.999998 0.0701128 0.0119054 0.0184612
FixedParameters: 0 0 0

#Transform 68
Transform: AffineTransform_float_3_3
Parameters: 1 -0.00109448 -0.000280033 0.00109452 0.999997 0.00185669 0.000277969 -0.00185631 0.999998 0.0566028 -0.0329022 0.110531
FixedParameters: 0 0 0

#Transform 69
Transform: AffineTransform_float_3_3
Parameters: 1 -0.00109438 -0.000350945 0.00109462 0.999998 0.00177662 0.000349055 -0.00177738 0.999999 0.0796992 0.0250277 0.0187831
FixedParameters: 0 0 0

#Transform 70
Transform: AffineTransform_float_3_3
Parameters: 1 -0.00109412 -0.000519853 0.00109488 0.999998 0.00169243 0.000518148 -0.00169257 0.999999 0.0598692 -0.0355258 0.0969163
FixedParameters: 0 0 0

#Transform 71
Transform: AffineTransform_float_3_3
Parameters: 0.999999 -0.00109332 -0.000937964 0.00109468 0.999998 0.00179497 0.000936036 -0.00179602 0.999998 0.0547027 -0.0257332 0.0192432
FixedParameters: 0 0 0

#Transform 72
Transform: AffineTransform_float_3_3
Parameters: 0.999999 -0.0010935 -0.000879871 0.0010945 0.999998 0.00170904 0.00087813 -0.00170996 0.999998 0.0534702 -0.0238973 0.0853367
FixedParameters: 0 0 0

#Transform 73
Transform: AffineTransform_float_3_3
Parameters: 1 -0.00100092 -0.000491206 0.00100208 0.999997 0.00220251 0.000488795 -0.00220249 0.999998 0.0544096 -0.0223646 0.0430802
FixedParameters: 0 0 0

#Transform 74
Transform: AffineTransform_float_3_3
Parameters: 0.999999 -0.00118238 -0.000938045 0.00118362 0.999998 0.00172789 0.000935955 -0.00172911 0.999998 0.0795703 0.018813 0.00408706
FixedParameters: 0 0 0

#Transform 75
Transform: AffineTransform_float_3_3
Parameters: 1 -0.000980597 -0.000659093 0.000982404 0.999997 0.00213235 0.000656906 -0.00213365 0.999997 0.059858 -0.0383672 0.109035
FixedParameters: 0 0 0

#Transform 76
Transform: AffineTransform_float_3_3
Parameters: 0.999999 -0.000905172 -0.000388931 0.000905825 0.999998 0.00213265 0.000386068 -0.00213335 0.999997 0.0573234 -0.0125949 0.0499761
FixedParameters: 0 0 0

#Transform 77
Transform: AffineTransform_float_3_3
Parameters: 0.999999 -0.00109327 -0.000938016 0.00109473 0.999997 0.00184197 0.000935984 -0.00184302 0.999998 0.0870071 0.0234714 0.0327952
FixedParameters: 0 0 0

#Transform 78
Transform: AffineTransform_float_3_3
Parameters: 1 -0.00109412 -0.000416333 0.00109489 0.999997 0.00213155 0.000414667 -0.00213145 0.999997 0.0708055 -0.0419013 0.136792
FixedParameters: 0 0 0

#Transform 79
Transform: AffineTransform_float_3_3
Parameters: 0.999999 -0.00109287 -0.00079892 0.00109513 0.999996 0.00266913 0.00079608 -0.00266987 0.999996 0.0917809 -0.0178137 0.0352373
FixedParameters: 0 0 0

#Transform 80
Transform: AffineTransform_float_3_3
Parameters: 0.999999 -0.00126375 -0.000554862 0.00126425 0.999996 0.0022633 0.000552139 -0.0022647 0.999998 0.0857568 -0.0440051 0.0986889
FixedParameters: 0 0 0

#Transform 81
Transform: AffineTransform_float_3_3
Parameters: 1 -0.00109413 -0.000348749 0.00109487 0.999996 0.00251162 0.000346251 -0.00251238 0.999997 0.0589527 -0.0391159 0.133111
FixedParameters: 0 0 0

#Transform 82
Transform: AffineTransform_float_3_3
Parameters: 0.999999 -0.00109318 -0.000788536 0.00109483 0.999996 0.00231714 0.000786465 -0.00231786 0.999997 0.0887326 0.00164687 0.0219424
FixedParameters: 0 0 0

#Transform 83
Transform: AffineTransform_float_3_3
Parameters: 0.999998 -0.00130677 -0.000939117 0.00130923 0.999997 0.00238277 0.000935881 -0.00238423 0.999996 0.109146 -0.0318768 0.0734703
FixedParameters: 0 0 0

#Transform 84
Transform: AffineTransform_float_3_3
Parameters: 0.999999 -0.00131111 -0.000580286 0.00131289 0.999994 0.00326624 0.000575715 -0.00326676 0.999995 0.0917905 -0.0639524 0.179495
FixedParameters: 0 0 0

#Transform 85
Transform: AffineTransform_float_3_3
Parameters: 0.999998 -0.00149286 -0.000687669 0.00149514 0.999994 0.00312498 0.00068333 -0.00312602 0.999995 0.108013 -0.0232358 0.0920348
FixedParameters: 0 0 0

#Transform 86
Transform: AffineTransform_float_3_3
Parameters: 0.999998 -0.00173376 -0.000825719 0.00173624 0.999995 0.00271957 0.000821281 -0.00272043 0.999996 0.138351 -0.0350507 0.0958892
FixedParameters: 0 0 0

#Transform 87
Transform: AffineTransform_float_3_3
Parameters: 0.999999 -0.00163631 -0.00070824 0.00163869 0.999992 0.00380985 0.000702761 -0.00381116 0.999992 0.127171 -0.0866296 0.201728
FixedParameters: 0 0 0

#Transform 88
Transform: AffineTransform_float_3_3
Parameters: 0.999997 -0.00205704 -0.000792732 0.00205996 0.999991 0.00375537 0.000785268 -0.00375662 0.999992 0.146255 -0.0710573 0.137033
FixedParameters: 0 0 0

#Transform 89
Transform: AffineTransform_float_3_3
Parameters: 0.999997 -0.0021141 -0.00114027 0.0021179 0.999992 0.0034346 0.00113273 -0.00343641 0.999994 0.171889 -0.0513332 0.126453
FixedParameters: 0 0 0

#Transform 90
Transform: AffineTransform_float_3_3
Parameters: 0.999997 -0.00211258 -0.00135946 0.00211842 0.99999 0.00399913 0.00135053 -0.00400287 0.999991 0.163889 -0.109422 0.218492
FixedParameters: 0 0 0

#Transform 91
Transform: AffineTransform_float_3_3
Parameters: 0.999997 -0.00225611 -0.000980016 0.0022599 0.99999 0.0039918 0.000970983 -0.0039942 0.999991 0.173261 -0.0718634 0.12021
FixedParameters: 0 0 0

#Transform 92
Transform: AffineTransform_float_3_3
Parameters: 0.999998 -0.00185559 -0.00135842 0.00186041 0.999991 0.00399148 0.00135058 -0.00399452 0.999991 0.151641 -0.0829738 0.177036
FixedParameters: 0 0 0

#Transform 93
Transform: AffineTransform_float_3_3
Parameters: 0.999997 -0.00198075 -0.00136014 0.00198725 0.999988 0.00460831 0.00135085 -0.00461069 0.999988 0.142183 -0.0738215 0.148714
FixedParameters: 0 0 0

#Transform 94
Transform: AffineTransform_float_3_3
Parameters: 0.999998 -0.00193755 -0.00127432 0.00194245 0.999989 0.00428754 0.00126668 -0.00428947 0.99999 0.15913 -0.0719564 0.13711
FixedParameters: 0 0 0

#Transform 95
Transform: AffineTransform_float_3_3
Parameters: 0.999997 -0.00193445 -0.00135893 0.00193955 0.999989 0.00409237 0.00135107 -0.00409562 0.99999 0.136468 -0.085179 0.202268
FixedParameters: 0 0 0

#Transform 96
Transform: AffineTransform_float_3_3
Parameters: 0.999997 -0.0019369 -0.00135687 0.00194009 0.999993 0.00302437 0.00135014 -0.00302662 0.999994 0.14917 -0.0343649 0.129946
FixedParameters: 0 0 0

#Transform 97
Transform: AffineTransform_float_3_3
Parameters: 0.999998 -0.00161581 -0.00127831 0.00162019 0.999994 0.00328094 0.00127269 -0.00328306 0.999994 0.13332 -0.049352 0.147189
FixedParameters: 0 0 0

#Transform 98
Transform: AffineTransform_float_3_3
Parameters: 0.999998 -0.00171024 -0.00102828 0.00171476 0.999992 0.00366624 0.00102172 -0.00366875 0.999992 0.123687 -0.0724016 0.203502
FixedParameters: 0 0 0

#Transform 99
Transform: AffineTransform_float_3_3
Parameters: 0.999997 -0.00181015 -0.00113616 0.00181385 0.999992 0.00339794 0.00112984 -0.00340005 0.999993 0.132852 -0.0339787 0.112265
FixedParameters: 0 0 0

#Transform 100
Transform: AffineTransform_float_3_3
Parameters: 0.999998 -0.00181004 -0.0013563 0.00181396 0.999994 0.00292455 0.0013507 -0.00292645 0.999995 0.120961 -0.0440118 0.12622
FixedParameters: 0 0 0

#Transform 101
Transform: AffineTransform_float_3_3
Parameters: 0.999998 -0.00145801 -0.000920744 0.00146098 0.999993 0.00324966 0.000916255 -0.00325134 0.999995 0.108266 -0.098884 0.204954
FixedParameters: 0 0 0

#Transform 102
Transform: AffineTransform_float_3_3
Parameters: 0.999999 -0.00161375 -0.000903836 0.00161626 0.999992 0.00361155 0.000898167 -0.00361346 0.999993 0.137614 -0.0675686 0.109234
FixedParameters: 0 0 0

#Transform 103
Transform: AffineTransform_float_3_3
Parameters: 0.999999 -0.0015852 -0.000820432 0.0015878 0.999993 0.0034227 0.000814569 -0.0034243 0.999994 0.136931 -0.0433737 0.107496
FixedParameters: 0 0 0

#Transform 104
Transform: AffineTransform_float_3_3
Parameters: 0.999998 -0.00180833 -0.00135858 0.00181367 0.999989 0.00418255 0.00135042 -0.00418545 0.999991 0.143588 -0.108452 0.187495
FixedParameters: 0 0 0

#Transform 105
Transform: AffineTransform_float_3_3
Parameters: 0.999998 -0.00165053 -0.000965964 0.00165448 0.999992 0.00360841 0.000960036 -0.00360959 0.999993 0.121921 -0.0780035 0.157986
FixedParameters: 0 0 0

#Transform 106
Transform: AffineTransform_float_3_3
Parameters: 0.999998 -0.00180911 -0.00135754 0.00181389 0.999992 0.00360954 0.00135046 -0.00361245 0.999992 0.131597 -0.0374444 0.106436
FixedParameters: 0 0 0

#Transform 107
Transform: AffineTransform_float_3_3
Parameters: 0.999998 -0.00181013 -0.000963309 0.00181387 0.99999 0.00403226 0.000956693 -0.00403374 0.999992 0.123632 -0.0877388 0.155392
FixedParameters: 0 0 0

#Transform 108
Transform: AffineTransform_float_3_3
Parameters: 0.999997 -0.00180822 -0.00135873 0.00181378 0.99999 0.00426555 0.00135027 -0.00426745 0.99999 0.131582 -0.101001 0.136093
FixedParameters: 0 0 0

#Transform 109
Transform: AffineTransform_float_3_3
Parameters: 0.999997 -0.00180966 -0.0011757 0.00181433 0.999991 0.00369588 0.0011693 -0.00369812 0.999993 0.136619 -0.0454831 0.087457
FixedParameters: 0 0 0

#Transform 110
Transform: AffineTransform_float_3_3
Parameters: 0.999999 -0.0015652 -0.00092744 0.0015688 0.999991 0.00410855 0.000920562 -0.00410945 0.999991 0.120258 -0.0902157 0.173357
FixedParameters: 0 0 0

#Transform 111
Transform: AffineTransform_float_3_3
Parameters: 0.999998 -0.00169538 -0.00103164 0.00169962 0.999988 0.00449625 0.00102437 -0.00449774 0.99999 0.123781 -0.0955706 0.15297
FixedParameters: 0 0 0

#Transform 112
Transform: AffineTransform_float_3_3
Parameters: 0.999997 -0.00180851 -0.00135835 0.00181349 0.99999 0.00405455 0.00135066 -0.00405645 0.999991 0.147913 -0.0531411 0.0779863
FixedParameters: 0 0 0

#Transform 113
Transform: AffineTransform_float_3_3
Parameters: 0.999998 -0.0017353 -0.00108357 0.0017407 0.999989 0.00435512 0.00107543 -0.00435688 0.99999 0.128992 -0.0945898 0.15483
FixedParameters: 0 0 0

#Transform 114
Transform: AffineTransform_float_3_3
Parameters: 0.999998 -0.00180884 -0.00107076 0.00181416 0.999986 0.00483507 0.00106224 -0.00483693 0.999987 0.125811 -0.104061 0.14343
FixedParameters: 0 0 0

#Transform 115
Transform: AffineTransform_float_3_3
Parameters: 0.999998 -0.0018098 -0.00101353 0.00181419 0.999989 0.00415517 0.00100547 -0.00415683 0.999991 0.124617 -0.0745045 0.126764
FixedParameters: 0 0 0

#Transform 116
Transform: AffineTransform_float_3_3
Parameters: 0.999998 -0.00172079 -0.000741499 0.00172421 0.999989 0.00435273 0.000733501 -0.00435427 0.999991 0.118055 -0.103363 0.223241
FixedParameters: 0 0 0

#Transform 117
Transform: AffineTransform_float_3_3
Parameters: 0.999998 -0.00181116 -0.000637145 0.00181384 0.999989 0.00449285 0.000628856 -0.00449415 0.999989 0.117 -0.0625238 0.142081
FixedParameters: 0 0 0

#Transform 118
Transform: AffineTransform_float_3_3
Parameters: 0.999998 -0.00175742 -0.00102689 0.00176259 0.999989 0.0044802 0.00101911 -0.0044818 0.99999 0.12422 -0.0969071 0.214235
FixedParameters: 0 0 0

#Transform 119
Transform: AffineTransform_float_3_3
Parameters: 0.999998 -0.00195859 -0.000737122 0.00196241 0.999988 0.00465256 0.000727877 -0.00465344 0.999989 0.120542 -0.0994387 0.241676
FixedParameters: 0 0 0

#Transform 120
Transform: AffineTransform_float_3_3
Parameters: 0.999997 -0.00193707 -0.00100759 0.00194093 0.99999 0.00391505 0.00100041 -0.00391694 0.999992 0.141856 -0.0659028 0.148329
FixedParameters: 0 0 0

#Transform 121
Transform: AffineTransform_float_3_3
Parameters: 0.999998 -0.00189515 -0.000874383 0.00189884 0.999989 0.00441835 0.000865616 -0.00442065 0.99999 0.122738 -0.100517 0.21618
FixedParameters: 0 0 0

#Transform 122
Transform: AffineTransform_float_3_3
Parameters: 0.999997 -0.00231982 -0.000988875 0.00232419 0.999989 0.00425172 0.000979124 -0.00425429 0.999991 0.153976 -0.0707409 0.15966
FixedParameters: 0 0 0

#Transform 123
Transform: AffineTransform_float_3_3
Parameters: 0.999998 -0.00168222 -0.000985488 0.00168578 0.999991 0.00385135 0.000978514 -0.00385265 0.999992 0.133046 -0.110191 0.189547
FixedParameters: 0 0 0

#Transform 124
Transform: AffineTransform_float_3_3
Parameters: 1 -0.00100855 -0.000372945 0.00100945 0.999992 0.00390863 0.000369057 -0.00390938 0.999993 0.09052 -0.198637 0.0802858
FixedParameters: 0 0 0

#Transform 125
Transform: AffineTransform_float_3_3
Parameters: 1 -0.000541747 -9.34793e-05 0.000542252 0.999996 0.00272995 9.152e-05 -0.00273005 0.999997 0.0736811 -0.132645 0.111737
FixedParameters: 0 0 0

#Transform 126
Transform: AffineTransform_float_3_3
Parameters: 0.999999 -0.00125653 -0.000230585 0.00125747 0.999997 0.00205671 0.000228414 -0.00205729 0.999998 0.0881169 -0.0988487 0.132321
FixedParameters: 0 0 0

#Transform 127
Transform: AffineTransform_float_3_3
Parameters: 0.999999 -0.00143108 2.57841e-05 0.00143192 0.999994 0.00294604 -3.02185e-05 -0.00294596 0.999995 0.0958977 -0.107013 0.153894
FixedParameters: 0 0 0

#Transform 128
Transform: AffineTransform_float_3_3
Parameters: 0.999999 -0.00125159 0.000193183 0.0012504 0.999994 0.00305024 -0.000197815 -0.00304975 0.999996 0.0775521 -0.110853 0.171971
FixedParameters: 0 0 0

#Transform 129
Transform: AffineTransform_float_3_3
Parameters: 0.999999 -0.00143024 -0.000232704 0.00143176 0.999993 0.00328767 0.000228295 -0.00328733 0.999994 0.101085 -0.10721 0.146537
FixedParameters: 0 0 0

#Transform 130
Transform: AffineTransform_float_3_3
Parameters: 0.999999 -0.00143017 -0.000233125 0.00143182 0.999992 0.00358267 0.000227872 -0.00358233 0.999993 0.101113 -0.136746 0.204675
FixedParameters: 0 0 0

#Transform 131
Transform: AffineTransform_float_3_3
Parameters: 0.999999 -0.00143017 -0.000233145 0.00143183 0.999993 0.00359667 0.000227851 -0.00359733 0.999993 0.10104 -0.0720665 0.136748
FixedParameters: 0 0 0

#Transform 132
Transform: AffineTransform_float_3_3
Parameters: 0.999999 -0.00143011 -0.000233522 0.00143189 0.999991 0.00385967 0.000227476 -0.00385933 0.999992 0.101096 -0.126083 0.218932
FixedParameters: 0 0 0

#Transform 133
Transform: AffineTransform_float_3_3
Parameters: 0.999999 -0.00183713 -0.000234891 0.00183787 0.999992 0.00374958 0.000228111 -0.00374943 0.999993 0.105588 -0.0874078 0.116762
FixedParameters: 0 0 0

#Transform 134
Transform: AffineTransform_float_3_3
Parameters: 0.999998 -0.00165239 -0.000165197 0.00165261 0.999991 0.00374973 0.000159804 -0.00375027 0.999993 0.118381 -0.116856 0.1838
FixedParameters: 0 0 0

#Transform 135
Transform: AffineTransform_float_3_3
Parameters: 0.999999 -0.00183707 -0.00023535 0.00183793 0.999991 0.00399958 0.000227652 -0.00399943 0.999992 0.121821 -0.107388 0.136254
FixedParameters: 0 0 0

#Transform 136
Transform: AffineTransform_float_3_3
Parameters: 0.999999 -0.00183716 -0.000234652 0.00183784 0.999992 0.00361958 0.000228348 -0.00362043 0.999994 0.121273 -0.0894328 0.169727
FixedParameters: 0 0 0

#Transform 137
Transform: AffineTransform_float_3_3
Parameters: 0.999999 -0.00157205 9.42731e-06 0.00157194 0.99999 0.00418102 -1.65724e-05 -0.00418098 0.999992 0.0952977 -0.103872 0.187482
FixedParameters: 0 0 0

#Transform 138
Transform: AffineTransform_float_3_3
Parameters: 0.999999 -0.0018372 -0.000234369 0.0018378 0.999993 0.00346558 0.000227631 -0.00346643 0.999994 0.118129 -0.0585163 0.11951
FixedParameters: 0 0 0

#Transform 139
Transform: AffineTransform_float_3_3
Parameters: 0.999999 -0.00183712 -0.000234959 0.00183788 0.999991 0.00378657 0.000228041 -0.00378743 0.999993 0.105622 -0.111949 0.186622
FixedParameters: 0 0 0

#Transform 140
Transform: AffineTransform_float_3_3
Parameters: 0.999998 -0.00177465 -0.000106912 0.00177535 0.999993 0.00333082 0.000101087 -0.00333119 0.999995 0.126029 -0.0685995 0.118395
FixedParameters: 0 0 0

#Transform 141
Transform: AffineTransform_float_3_3
Parameters: 0.999999 -0.00183712 -0.000234959 0.00183788 0.999991 0.00378657 0.000228043 -0.00378643 0.999993 0.105639 -0.111838 0.226826
FixedParameters: 0 0 0

#Transform 142
Transform: AffineTransform_float_3_3
Parameters: 0.999999 -0.00183721 -0.000234262 0.00183779 0.999992 0.00340757 0.00022774 -0.00340742 0.999994 0.117027 -0.0499872 0.1436
FixedParameters: 0 0 0

#Transform 143
Transform: AffineTransform_float_3_3
Parameters: 0.999999 -0.00183786 -4.02157e-05 0.00183814 0.99999 0.00392593 3.27837e-05 -0.00392607 0.999993 0.108142 -0.0956444 0.230608
FixedParameters: 0 0 0

#Transform 144
Transform: AffineTransform_float_3_3
Parameters: 0.999998 -0.00174003 6.79331e-06 0.00173996 0.999992 0.00356702 -1.32065e-05 -0.00356698 0.999993 0.111327 -0.0495041 0.144839
FixedParameters: 0 0 0

#Transform 145
Transform: AffineTransform_float_3_3
Parameters: 0.999999 -0.00183724 -0.00023406 0.00183776 0.999993 0.00329757 0.00022794 -0.00329842 0.999994 0.111134 -0.0672631 0.187018
FixedParameters: 0 0 0

#Transform 146
Transform: AffineTransform_float_3_3
Parameters: 0.999998 -0.00172715 -0.000234364 0.00172785 0.999991 0.0036836 0.000227636 -0.0036844 0.999993 0.11132 -0.0796871 0.1861
FixedParameters: 0 0 0

#Transform 147
Transform: AffineTransform_float_3_3
Parameters: 0.999999 -0.00183727 -0.000233819 0.00183773 0.999994 0.00316658 0.000228181 -0.00316743 0.999995 0.129846 -0.0535993 0.133166
FixedParameters: 0 0 0

#Transform 148
Transform: AffineTransform_float_3_3
Parameters: 0.999999 -0.00183709 -0.000235242 0.00183791 0.99999 0.00394057 0.000227758 -0.00394142 0.999992 0.105012 -0.0844216 0.22738
FixedParameters: 0 0 0

#Transform 149
Transform: AffineTransform_float_3_3
Parameters: 0.999999 -0.0018373 -0.000233555 0.0018377 0.999993 0.00302258 0.000227445 -0.00302342 0.999996 0.126049 -0.0662163 0.145258
FixedParameters: 0 0 0

#Transform 150
Transform: AffineTransform_float_3_3
Parameters: 0.999999 -0.0018379 -3.04733e-05 0.0018381 0.999992 0.00352195 2.45263e-05 -0.00352205 0.999994 0.112096 -0.0942093 0.225434
FixedParameters: 0 0 0

#Transform 151
Transform: AffineTransform_float_3_3
Parameters: 0.999999 -0.00183722 -0.00023422 0.00183778 0.999992 0.00338457 0.00022778 -0.00338542 0.999994 0.116118 -0.0538937 0.148249
FixedParameters: 0 0 0

#Transform 152
Transform: AffineTransform_float_3_3
Parameters: 0.999998 -0.00210123 -0.000235017 0.00210177 0.999992 0.00333852 0.000227985 -0.00333849 0.999995 0.139604 -0.0604922 0.175519
FixedParameters: 0 0 0

#Transform 153
Transform: AffineTransform_float_3_3
Parameters: 0.999998 -0.00198513 -0.000235471 0.00198587 0.999991 0.00376254 0.00022753 -0.00376246 0.999993 0.133831 -0.0959653 0.231922
FixedParameters: 0 0 0

#Transform 154
Transform: AffineTransform_float_3_3
Parameters: 0.999998 -0.0022569 -0.000607843 0.0022581 0.999992 0.00347264 0.000600162 -0.00347336 0.999994 0.184546 -0.0645015 0.150464
FixedParameters: 0 0 0

#Transform 155
Transform: AffineTransform_float_3_3
Parameters: 0.999998 -0.00225963 0.000151956 0.00225838 0.99999 0.00400336 -0.000161041 -0.00400265 0.999992 0.14771 -0.0982281 0.245723
FixedParameters: 0 0 0

#Transform 156
Transform: AffineTransform_float_3_3
Parameters: 0.999998 -0.00225821 -0.000213496 0.00225879 0.999991 0.00376153 0.000204503 -0.00376247 0.999993 0.176543 -0.0795355 0.152767
FixedParameters: 0 0 0

#Transform 157
Transform: AffineTransform_float_3_3
Parameters: 0.999997 -0.0021762 -0.00021336 0.0021778 0.999991 0.00384054 0.000204636 -0.00384145 0.999992 0.152824 -0.0972127 0.242619
FixedParameters: 0 0 0

#Transform 158
Transform: AffineTransform_float_3_3
Parameters: 0.999998 -0.00225821 -0.000213496 0.00225879 0.999991 0.00376153 0.000204503 -0.00376247 0.999993 0.176557 -0.0880361 0.179473
FixedParameters: 0 0 0

#Transform 159
Transform: AffineTransform_float_3_3
Parameters: 0.999997 -0.00253818 -0.000214897 0.00253881 0.999989 0.00389847 0.000204102 -0.00389953 0.999993 0.164352 -0.0918491 0.242606
FixedParameters: 0 0 0

#Transform 160
Transform: AffineTransform_float_3_3
Parameters: 0.999997 -0.00234514 -0.000214595 0.00234586 0.999989 0.00409051 0.000204407 -0.00409049 0.999991 0.156371 -0.0856896 0.212162
FixedParameters: 0 0 0

#Transform 161
Transform: AffineTransform_float_3_3
Parameters: 0.999996 -0.00272374 -0.000518977 0.00272525 0.999986 0.0043946 0.000507028 -0.0043954 0.99999 0.187755 -0.0845524 0.202311
FixedParameters: 0 0 0

#Transform 162
Transform: AffineTransform_float_3_3
Parameters: 0.999996 -0.00259106 -0.000216532 0.00259193 0.999986 0.00444945 0.000204467 -0.00445054 0.99999 0.150801 -0.0952821 0.289574
FixedParameters: 0 0 0

#Transform 163
Transform: AffineTransform_float_3_3
Parameters: 0.999994 -0.00315195 -0.000757774 0.00315504 0.999987 0.00404963 0.000744225 -0.00405237 0.999992 0.213236 -0.063551 0.183002
FixedParameters: 0 0 0

#Transform 164
Transform: AffineTransform_float_3_3
Parameters: 0.999996 -0.00255746 -0.0005921 0.00255954 0.999988 0.0043375 0.000580903 -0.0043385 0.999991 0.171058 -0.0946422 0.248016
FixedParameters: 0 0 0

#Transform 165
Transform: AffineTransform_float_3_3
Parameters: 0.999996 -0.00250068 -0.000609615 0.00250232 0.99999 0.00384249 0.000599386 -0.00384452 0.999993 0.167526 -0.0590269 0.198407
FixedParameters: 0 0 0

#Transform 166
Transform: AffineTransform_float_3_3
Parameters: 0.999998 -0.00222305 -0.000268015 0.00222395 0.999991 0.00360441 0.000259986 -0.00360459 0.999994 0.155273 -0.0778144 0.238403
FixedParameters: 0 0 0

#Transform 167
Transform: AffineTransform_float_3_3
Parameters: 0.999998 -0.00208228 -0.00019488 0.00208272 0.99999 0.0037836 0.00018712 -0.0037844 0.999993 0.1468 -0.0853518 0.246506
FixedParameters: 0 0 0

#Transform 168
Transform: AffineTransform_float_3_3
Parameters: 0.999998 -0.00227139 -0.000434517 0.00227261 0.999991 0.00374802 0.000425484 -0.00374898 0.999993 0.17842 -0.0755779 0.250369
FixedParameters: 0 0 0

#Transform 169
Transform: AffineTransform_float_3_3
Parameters: 0.999997 -0.00242564 0.00031564 0.00242436 0.999984 0.00509778 -0.000327363 -0.00509722 0.999987 0.154941 -0.129747 0.300507
FixedParameters: 0 0 0

#Transform 170
Transform: AffineTransform_float_3_3
Parameters: 0.999997 -0.0026756 -0.000302661 0.00267741 0.999985 0.00473021 0.000290338 -0.00473079 0.999989 0.188219 -0.0849173 0.205729
FixedParameters: 0 0 0

#Transform 171
Transform: AffineTransform_float_3_3
Parameters: 0.999997 -0.00270262 -8.33733e-05 0.00270238 0.999984 0.00494779 7.06319e-05 -0.00494721 0.999988 0.176179 -0.137859 0.317513
FixedParameters: 0 0 0

#Transform 172
Transform: AffineTransform_float_3_3
Parameters: 0.999995 -0.0029741 -0.000416805 0.0029759 0.999985 0.00463978 0.000403194 -0.00464122 0.999989 0.221817 -0.101236 0.22028
FixedParameters: 0 0 0

#Transform 173
Transform: AffineTransform_float_3_3
Parameters: 0.999995 -0.00316491 -0.000419091 0.00316709 0.999982 0.0050817 0.000402908 -0.0050833 0.999987 0.226383 -0.132784 0.315289
FixedParameters: 0 0 0

#Transform 174
Transform: AffineTransform_float_3_3
Parameters: 0.999995 -0.00309006 -0.000417609 0.00309294 0.999984 0.00472573 0.000403388 -0.00472627 0.999988 0.241165 -0.104992 0.213685
FixedParameters: 0 0 0

#Transform 175
Transform: AffineTransform_float_3_3
Parameters: 0.999995 -0.002895 -0.000417116 0.002897 0.999984 0.00487381 0.000402883 -0.00487519 0.999988 0.203155 -0.123315 0.326451
FixedParameters: 0 0 0

#Transform 176
Transform: AffineTransform_float_3_3
Parameters: 0.999995 -0.00335781 -0.000420861 0.00336019 0.99998 0.00531662 0.000403137 -0.00531838 0.999986 0.222549 -0.130669 0.268043
FixedParameters: 0 0 0

#Transform 177
Transform: AffineTransform_float_3_3
Parameters: 0.999994 -0.00322128 -0.000591034 0.00322472 0.999984 0.00466412 0.000575963 -0.00466588 0.999989 0.230725 -0.106736 0.274983
FixedParameters: 0 0 0

#Transform 178
Transform: AffineTransform_float_3_3
Parameters: 0.999995 -0.00315165 -0.000262687 0.00315335 0.999981 0.0052932 0.000246311 -0.0052938 0.999986 0.229174 -0.130836 0.2908
FixedParameters: 0 0 0

#Transform 179
Transform: AffineTransform_float_3_3
Parameters: 0.999994 -0.00341687 -0.000855655 0.00342113 0.999983 0.0048701 0.000839344 -0.0048729 0.999988 0.25947 -0.12132 0.276595
FixedParameters: 0 0 0

#Transform 180
Transform: AffineTransform_float_3_3
Parameters: 0.999995 -0.00305326 -0.000694638 0.00305674 0.99998 0.0054449 0.000678363 -0.00544709 0.999985 0.232723 -0.131499 0.309425
FixedParameters: 0 0 0

#Transform 181
Transform: AffineTransform_float_3_3
Parameters: 0.999995 -0.00289144 -0.000727298 0.00289556 0.999983 0.00494091 0.000712698 -0.00494308 0.999987 0.231994 -0.105328 0.255387
FixedParameters: 0 0 0

#Transform 182
Transform: AffineTransform_float_3_3
Parameters: 0.999996 -0.00282509 -0.000353621 0.00282691 0.99998 0.00552702 0.000338379 -0.00552798 0.999984 0.211825 -0.136838 0.325985
FixedParameters: 0 0 0

#Transform 183
Transform: AffineTransform_float_3_3
Parameters: 0.999995 -0.00327603 -0.000858225 0.00328098 0.999978 0.00586222 0.000839777 -0.00586479 0.999983 0.259961 -0.117652 0.256875
FixedParameters: 0 0 0

#Transform 184
Transform: AffineTransform_float_3_3
Parameters: 0.999994 -0.00339572 -0.000860123 0.00340128 0.999975 0.00621411 0.000838876 -0.00621689 0.999981 0.247852 -0.155302 0.338853
FixedParameters: 0 0 0

#Transform 185
Transform: AffineTransform_float_3_3
Parameters: 0.999995 -0.00310536 -0.000614668 0.00310963 0.999977 0.00600712 0.000595328 -0.00600888 0.999982 0.246097 -0.119704 0.282773
FixedParameters: 0 0 0

#Transform 186
Transform: AffineTransform_float_3_3
Parameters: 0.999993 -0.00345756 -0.000857103 0.00346144 0.999981 0.00523107 0.000838899 -0.00523394 0.999986 0.25492 -0.108912 0.280197
FixedParameters: 0 0 0

#Transform 187
Transform: AffineTransform_float_3_3
Parameters: 0.999995 -0.00326457 -0.000856088 0.00326943 0.999981 0.00522923 0.000838908 -0.00523277 0.999986 0.236734 -0.129339 0.276317
FixedParameters: 0 0 0

#Transform 188
Transform: AffineTransform_float_3_3
Parameters: 0.999995 -0.00298173 -0.000854062 0.00298627 0.999983 0.00504647 0.000838938 -0.00504852 0.999987 0.249679 -0.11524 0.301162
FixedParameters: 0 0 0

#Transform 189
Transform: AffineTransform_float_3_3
