# transform file /out/sourcedata/freesurfer/sub-v1s13x0050006_ses-1/mri/transforms/cc_up.lta
# created by oesteban on Sun Mar  8 14:22:52 2026

type      = 0 # LINEAR_VOX_TO_VOX
nxforms   = 1
mean      = 130.0000 125.0000 120.0000
sigma     = 10000.0000
1 4 4
9.941645860671997e-01 -1.036562547087669e-01 2.986886166036129e-02 1.105382919311523e+01 
1.036095023155212e-01 9.946131706237793e-01 3.112862817943096e-03 1.013924789428711e+01 
-3.003063052892685e-02 -2.328306436538696e-10 9.995489120483398e-01 1.683965873718262e+01 
0.000000000000000e+00 0.000000000000000e+00 0.000000000000000e+00 1.000000000000000e+00 
src volume info
valid = 1  # volume info valid
filename = /out/sourcedata/freesurfer/sub-v1s13x0050006_ses-1/mri/norm.mgz
volume = 256 256 256
voxelsize = 1.000000000000000e+00 1.000000000000000e+00 1.000000000000000e+00
xras   = -9.999999403953552e-01 0.000000000000000e+00 0.000000000000000e+00
yras   = 0.000000000000000e+00 0.000000000000000e+00 -9.999999403953552e-01
zras   = 0.000000000000000e+00 9.999999403953552e-01 0.000000000000000e+00
cras   = -2.013778686523438e-01 1.050796508789062e+00 -2.766166687011719e+01
dst volume info
valid = 1  # volume info valid
filename = /out/sourcedata/freesurfer/sub-v1s13x0050006_ses-1/mri/norm.mgz
volume = 256 256 256
voxelsize = 1.000000000000000e+00 1.000000000000000e+00 1.000000000000000e+00
xras   = -9.999999403953552e-01 0.000000000000000e+00 0.000000000000000e+00
yras   = 0.000000000000000e+00 0.000000000000000e+00 -9.999999403953552e-01
zras   = 0.000000000000000e+00 9.999999403953552e-01 0.000000000000000e+00
cras   = -2.013778686523438e-01 1.050796508789062e+00 -2.766166687011719e+01
