#Insight Transform File V1.0
#Transform 0
Transform: AffineTransform_float_3_3
Parameters: 1 0.000427832 -0.000431189 -0.000426168 0.999991 0.00424118 0.000432811 -0.00424081 0.999991 -0.0256282 -0.173867 0.182048
FixedParameters: 0 0 0

#Transform 1
Transform: AffineTransform_float_3_3
Parameters: 0.999999 0.000543716 -0.000870689 -0.000540281 0.999991 0.00426347 0.00087331 -0.00426252 0.99999 -0.0185625 -0.125579 0.0908093
FixedParameters: 0 0 0

#Transform 2
Transform: AffineTransform_float_3_3
Parameters: 0.999999 0.00134426 -0.000615938 -0.00134174 0.999986 0.00525983 0.000623066 -0.00525917 0.999986 -0.0312414 -0.293062 0.195468
FixedParameters: 0 0 0

#Transform 3
Transform: AffineTransform_float_3_3
Parameters: 0.999999 0.00117147 -0.000402756 -0.00116953 0.999992 0.00362547 0.000407242 -0.00362453 0.999994 -0.051845 -0.180908 0.0866436
FixedParameters: 0 0 0

#Transform 4
Transform: AffineTransform_float_3_3
Parameters: 0.999999 0.00105604 -0.000810051 -0.00105296 0.999993 0.00374486 0.000813948 -0.00374414 0.999992 -0.0210859 -0.247891 0.172824
FixedParameters: 0 0 0

#Transform 5
Transform: AffineTransform_float_3_3
Parameters: 0.999999 0.000894858 -0.000844984 -0.000891143 0.999994 0.00337576 0.000848013 -0.00337524 0.999994 -0.0588958 -0.149073 0.0548844
FixedParameters: 0 0 0

#Transform 6
Transform: AffineTransform_float_3_3
Parameters: 1 0.000784061 -0.000635467 -0.000781939 0.999995 0.0032355 0.000638534 -0.0032355 0.999994 -0.0429763 -0.182137 0.0943159
FixedParameters: 0 0 0

#Transform 7
Transform: AffineTransform_float_3_3
Parameters: 1 0.00120737 -0.000152077 -0.00120763 0.999997 0.00242119 0.000154925 -0.00242182 0.999997 -0.082086 -0.181522 0.0052467
FixedParameters: 0 0 0

#Transform 8
Transform: AffineTransform_float_3_3
Parameters: 0.999999 0.00132326 -0.000320941 -0.00132274 0.999999 0.000800425 0.000322059 -0.000800574 0.999999 -0.0932727 -0.0937203 -0.116914
FixedParameters: 0 0 0

#Transform 9
Transform: AffineTransform_float_3_3
Parameters: 1 0.000661686 -0.000908049 -0.000659314 0.999996 0.0029556 0.000909953 -0.0029544 0.999995 -0.0367989 -0.173336 0.0884629
FixedParameters: 0 0 0

#Transform 10
Transform: AffineTransform_float_3_3
Parameters: 1 0.000658929 7.95904e-05 -0.000659072 1 0.000895948 -7.94094e-05 -0.000896053 0.999999 -0.0701337 -0.063415 -0.0405332
FixedParameters: 0 0 0

#Transform 11
Transform: AffineTransform_float_3_3
Parameters: 1 0.000659878 -0.000841312 -0.000659123 0.999999 0.00104356 0.000841688 -0.00104245 0.999999 -0.0312626 -0.153711 0.0859417
FixedParameters: 0 0 0

#Transform 12
Transform: AffineTransform_float_3_3
Parameters: 1 0.000496957 -0.000248086 -0.000496043 1 -0.000172877 0.000247914 0.000173123 1 -0.0422159 -0.0389312 -0.0571331
FixedParameters: 0 0 0

#Transform 13
Transform: AffineTransform_float_3_3
Parameters: 0.999999 0.000659165 -0.000258579 -0.000658835 0.999999 0.00063917 0.000258421 -0.000638829 1 -0.0473227 -0.123037 0.101494
FixedParameters: 0 0 0

#Transform 14
Transform: AffineTransform_float_3_3
Parameters: 1 0.000339794 -0.00021233 -0.000340207 1 -0.000969928 0.00021267 0.000970072 0.999999 -0.0270969 -0.0181394 -0.00820004
FixedParameters: 0 0 0

#Transform 15
Transform: AffineTransform_float_3_3
Parameters: 1 0.000260277 -0.000380811 -0.000259724 0.999999 0.000726099 0.000380189 -0.000726901 0.999999 -0.0099129 -0.10907 0.0984612
FixedParameters: 0 0 0

#Transform 16
Transform: AffineTransform_float_3_3
Parameters: 1 0.000208833 -0.000651053 -0.000209167 1 -0.000256864 0.000650946 0.000257136 1 0.00341668 0.0205431 -0.108582
FixedParameters: 0 0 0

#Transform 17
Transform: AffineTransform_float_3_3
Parameters: 0.999999 9.83582e-05 -0.000852958 -9.76417e-05 1 0.000420083 0.00085304 -0.000419916 0.999999 0.00892843 -0.0442434 0.0646694
FixedParameters: 0 0 0

#Transform 18
Transform: AffineTransform_float_3_3
Parameters: 1 9.79463e-05 -0.000101052 -9.80536e-05 1 -0.00053099 0.000100948 0.00053101 1 0.00828365 0.0103586 -0.0672283
FixedParameters: 0 0 0

#Transform 19
Transform: AffineTransform_float_3_3
Parameters: 1 1.23162e-05 -0.000497992 -1.16838e-05 1 0.000635006 0.000498007 -0.000634994 0.999999 0.0164229 -0.0428941 0.0569745
FixedParameters: 0 0 0

#Transform 20
Transform: AffineTransform_float_3_3
Parameters: 1 9.83325e-05 -0.000334903 -9.76682e-05 0.999999 0.000993033 0.000334097 -0.000992967 1 0.0118225 -0.020901 0.00100071
FixedParameters: 0 0 0

#Transform 21
Transform: AffineTransform_float_3_3
Parameters: 1 -3.01654e-05 -0.000237979 2.98346e-05 1 -0.000695007 0.000238021 0.000694992 0.999999 0.00934229 0.0140834 -0.0514944
FixedParameters: 0 0 0

#Transform 22
Transform: AffineTransform_float_3_3
Parameters: 1 -0.000239973 0.000117056 0.000240027 1 -0.000233972 -0.000116944 0.000234028 1 -0.0148721 -0.0292529 0.0569571
FixedParameters: 0 0 0

#Transform 23
Transform: AffineTransform_float_3_3
Parameters: 1 -0.00030583 0.000135386 0.00030617 0.999999 -0.00126096 -0.000134614 0.00126104 0.999999 -0.0170798 0.0528514 -0.154134
FixedParameters: 0 0 0

#Transform 24
Transform: AffineTransform_float_3_3
Parameters: 1 -0.000305856 0.000230191 0.000306144 1 -0.000625929 -0.000229808 0.00062607 1 -0.0229992 -0.0249747 0.0867717
FixedParameters: 0 0 0

#Transform 25
Transform: AffineTransform_float_3_3
Parameters: 1 6.58644e-05 0.000649913 -6.51354e-05 0.999999 -0.00133004 -0.000650087 0.00132996 0.999999 -0.0352935 0.0802486 -0.135585
FixedParameters: 0 0 0

#Transform 26
Transform: AffineTransform_float_3_3
Parameters: 1 -0.000248989 -4.70573e-05 0.000249011 1 0.000229988 4.69427e-05 -0.000230012 1 -0.00277244 -0.0532945 0.0778666
FixedParameters: 0 0 0

#Transform 27
Transform: AffineTransform_float_3_3
Parameters: 1 8.08938e-06 0.000100993 -8.91061e-06 0.999999 -0.000885 -0.000101008 0.000884998 0.999999 2.19819e-05 0.038236 -0.167022
FixedParameters: 0 0 0

#Transform 28
Transform: AffineTransform_float_3_3
Parameters: 1 -0.000257514 0.000342366 0.000258485 0.999999 -0.00141891 -0.000341633 0.00141909 0.999999 -0.0125191 -0.0219823 0.00981685
FixedParameters: 0 0 0

#Transform 29
Transform: AffineTransform_float_3_3
Parameters: 1 -0.000423804 0.000229362 0.000424195 0.999999 -0.000854902 -0.000228637 0.000855096 0.999999 -0.00289518 0.032337 -0.104835
FixedParameters: 0 0 0

#Transform 30
Transform: AffineTransform_float_3_3
Parameters: 1 -0.000497967 0.000462036 0.000498033 1 -7.27699e-05 -0.000461964 7.223e-05 1 -0.00918927 -0.0537899 0.0850412
FixedParameters: 0 0 0

#Transform 31
Transform: AffineTransform_float_3_3
Parameters: 0.999999 -0.000438039 0.000556757 0.000438961 0.999999 -0.00172676 -0.000556243 0.00172725 0.999999 -0.0120069 0.0432845 -0.0640919
FixedParameters: 0 0 0

#Transform 32
Transform: AffineTransform_float_3_3
Parameters: 1 -0.000496752 0.000977636 0.000498248 0.999999 -0.00127751 -0.000976365 0.00127749 0.999998 -0.0232806 -0.037266 0.0755052
FixedParameters: 0 0 0

#Transform 33
Transform: AffineTransform_float_3_3
Parameters: 1 -0.00080804 0.00072607 0.00080896 0.999999 -0.00132341 -0.00072493 0.00132359 0.999999 -0.0159266 0.0117787 0.0100838
FixedParameters: 0 0 0

#Transform 34
Transform: AffineTransform_float_3_3
Parameters: 0.999999 -0.000497075 0.000759606 0.000497926 0.999999 -0.00121862 -0.000759394 0.00121838 0.999999 -0.0175356 0.0354936 -0.0275188
FixedParameters: 0 0 0

#Transform 35
Transform: AffineTransform_float_3_3
Parameters: 0.999999 -0.000497753 0.000804152 0.000498247 1 -0.000306599 -0.000804846 0.000307401 0.999999 -0.0186703 -0.0471287 0.124676
FixedParameters: 0 0 0

#Transform 36
Transform: AffineTransform_float_3_3
Parameters: 1 -0.000930664 0.000743675 0.000931336 0.999998 -0.00179731 -0.000742327 0.00179869 0.999998 -0.0220567 0.0946108 -0.00212728
FixedParameters: 0 0 0

#Transform 37
Transform: AffineTransform_float_3_3
Parameters: 1 -0.000931813 0.000613284 0.000931187 0.999999 -0.000304429 -0.000612717 0.000304571 1 -0.0125516 -0.0101128 0.102885
FixedParameters: 0 0 0

#Transform 38
Transform: AffineTransform_float_3_3
Parameters: 1 -0.000602284 0.000853214 0.000603716 0.999998 -0.00201248 -0.000851787 0.00201251 0.999997 -0.0198806 0.0867519 -0.00397767
FixedParameters: 0 0 0

#Transform 39
Transform: AffineTransform_float_3_3
Parameters: 0.999999 -0.000931567 0.000998405 0.000931434 1 -0.000434071 -0.000997596 0.00043493 1 -0.0231561 -0.00162614 0.12867
FixedParameters: 0 0 0

#Transform 40
Transform: AffineTransform_float_3_3
Parameters: 0.999999 -0.000930203 0.00117343 0.000931797 0.999999 -0.00153191 -0.00117157 0.00153309 0.999998 -0.0362772 0.0753901 0.0340254
FixedParameters: 0 0 0

#Transform 41
Transform: AffineTransform_float_3_3
Parameters: 0.999999 -0.000818067 0.00100176 0.000818934 0.999999 -0.000932181 -0.00100124 0.00093282 0.999999 -0.0310185 -0.00919165 0.157893
FixedParameters: 0 0 0

#Transform 42
Transform: AffineTransform_float_3_3
Parameters: 0.999999 -0.000691122 0.0011737 0.000693875 0.999997 -0.00245219 -0.0011713 0.00245381 0.999997 -0.0348512 0.0816141 0.0233482
FixedParameters: 0 0 0

#Transform 43
Transform: AffineTransform_float_3_3
Parameters: 0.999999 -0.000798882 0.00108982 0.000800118 0.999999 -0.00102613 -0.00108818 0.00102687 0.999999 -0.0329999 0.00228128 0.122233
FixedParameters: 0 0 0

#Transform 44
Transform: AffineTransform_float_3_3
Parameters: 0.999999 -0.000440032 0.000778116 0.000441967 0.999996 -0.00253066 -0.000776884 0.00253134 0.999997 -0.0333287 0.0879503 -0.0219081
FixedParameters: 0 0 0

#Transform 45
Transform: AffineTransform_float_3_3
Parameters: 0.999999 -0.000511013 0.00112391 0.000512989 0.999999 -0.00176942 -0.00112309 0.00176958 0.999998 -0.0274787 0.0458878 0.0240419
FixedParameters: 0 0 0

#Transform 46
Transform: AffineTransform_float_3_3
Parameters: 1 -0.000930689 0.00077857 0.000931312 0.999998 -0.00168528 -0.000777431 0.00168673 0.999999 -0.0283244 0.0733825 -0.00551497
FixedParameters: 0 0 0

#Transform 47
Transform: AffineTransform_float_3_3
Parameters: 0.999999 -0.000930042 0.00105872 0.000931958 0.999998 -0.00185001 -0.00105728 0.00185098 0.999997 -0.04261 0.0546887 -0.00241523
FixedParameters: 0 0 0

#Transform 48
Transform: AffineTransform_float_3_3
Parameters: 0.999999 -0.000802014 0.00101657 0.000803986 0.999998 -0.00195418 -0.00101543 0.00195581 0.999997 -0.049667 0.0596147 -0.0334136
FixedParameters: 0 0 0

#Transform 49
Transform: AffineTransform_float_3_3
Parameters: 0.999999 -0.000599603 0.00145099 0.000602397 0.999999 -0.00165213 -0.00145001 0.00165287 0.999998 -0.0511792 0.0428685 -0.0743003
FixedParameters: 0 0 0

#Transform 50
Transform: AffineTransform_float_3_3
Parameters: 0.999998 -0.00092903 0.00128615 0.00093197 0.999997 -0.00231081 -0.00128385 0.0023112 0.999997 -0.0408805 0.037551 -0.027833
FixedParameters: 0 0 0

#Transform 51
Transform: AffineTransform_float_3_3
Parameters: 0.999999 -0.000715739 0.00128526 0.000718261 0.999998 -0.00176008 -0.00128374 0.00176092 0.999997 -0.040957 0.0616474 -0.0799001
FixedParameters: 0 0 0

#Transform 52
Transform: AffineTransform_float_3_3
Parameters: 0.999999 -0.000930147 0.00115949 0.000931853 0.999999 -0.00159892 -0.00115751 0.00160008 0.999998 -0.0385087 0.013549 0.00627531
FixedParameters: 0 0 0

#Transform 53
Transform: AffineTransform_float_3_3
Parameters: 0.999999 -0.000857418 0.00128506 0.000858583 0.999999 -0.0012319 -0.00128394 0.0012321 0.999999 -0.0412573 0.0307188 -0.0883639
FixedParameters: 0 0 0

#Transform 54
Transform: AffineTransform_float_3_3
Parameters: 0.999998 -0.000929841 0.00128556 0.000931158 0.999998 -0.0016798 -0.00128344 0.0016812 0.999998 -0.0467613 0.0320377 -0.0153554
FixedParameters: 0 0 0

#Transform 55
Transform: AffineTransform_float_3_3
Parameters: 0.999998 -0.000928865 0.00186356 0.000931132 0.999998 -0.00168127 -0.00186144 0.00168373 0.999997 -0.064334 0.047377 0.0334294
FixedParameters: 0 0 0

#Transform 56
Transform: AffineTransform_float_3_3
Parameters: 0.999999 -0.000794248 0.00128508 0.000796751 0.999999 -0.00136298 -0.00128391 0.00136402 0.999998 -0.0513593 0.0372401 0.0622148
FixedParameters: 0 0 0

#Transform 57
Transform: AffineTransform_float_3_3
Parameters: 0.999999 -0.000930454 0.00107933 0.000931544 0.999998 -0.001432 -0.00107767 0.001433 0.999999 -0.0560686 0.0479591 -0.0103773
FixedParameters: 0 0 0

#Transform 58
Transform: AffineTransform_float_3_3
Parameters: 0.999998 -0.000930823 0.00128485 0.000931176 0.999999 -0.000915805 -0.00128315 0.000917195 0.999999 -0.0561198 0.00346134 0.0865747
FixedParameters: 0 0 0

#Transform 59
Transform: AffineTransform_float_3_3
Parameters: 0.999999 -0.000928215 0.00157424 0.000931787 0.999996 -0.00240554 -0.00157276 0.00240646 0.999996 -0.0594365 0.101661 -0.0181895
FixedParameters: 0 0 0

#Transform 60
Transform: AffineTransform_float_3_3
Parameters: 0.999998 -0.000931794 0.00128415 0.000931205 0.999999 -0.000159804 -0.00128385 0.000160196 0.999999 -0.039344 -0.0119436 0.180392
FixedParameters: 0 0 0

#Transform 61
Transform: AffineTransform_float_3_3
Parameters: 0.999998 -0.000928568 0.00170987 0.00093143 0.999997 -0.00200741 -0.00170713 0.00200859 0.999996 -0.0538517 0.0803435 0.0538073
FixedParameters: 0 0 0

#Transform 62
Transform: AffineTransform_float_3_3
Parameters: 0.999999 -0.000930678 0.001234 0.000931321 0.999999 -0.00107085 -0.001233 0.00107215 0.999998 -0.0446565 0.0313335 0.189479
FixedParameters: 0 0 0

#Transform 63
Transform: AffineTransform_float_3_3
Parameters: 0.999998 -0.00092885 0.00128628 0.000931148 0.999996 -0.0024498 -0.00128372 0.00245119 0.999996 -0.0452538 0.104196 0.0545284
FixedParameters: 0 0 0

#Transform 64
Transform: AffineTransform_float_3_3
Parameters: 0.999999 -0.00104238 0.000824789 0.00104362 0.999999 -0.00075614 -0.000824211 0.00075686 1 -0.0378426 0.0187922 0.146628
FixedParameters: 0 0 0

#Transform 65
Transform: AffineTransform_float_3_3
Parameters: 0.999999 -0.000929162 0.00102159 0.000931836 0.999995 -0.00278105 -0.00101841 0.00278195 0.999995 -0.0401332 0.134675 -0.0357552
FixedParameters: 0 0 0

#Transform 66
Transform: AffineTransform_float_3_3
Parameters: 0.999999 -0.000930712 0.00115804 0.000931288 0.999999 -0.00111192 -0.00115696 0.00111308 0.999998 -0.0332362 0.0297837 0.155601
FixedParameters: 0 0 0

#Transform 67
Transform: AffineTransform_float_3_3
Parameters: 0.999998 -0.000928593 0.00139228 0.000931405 0.999996 -0.00244771 -0.00138972 0.00244929 0.999996 -0.0465688 0.113099 0.0167966
FixedParameters: 0 0 0

#Transform 68
Transform: AffineTransform_float_3_3
Parameters: 0.999999 -0.00093159 0.000974392 0.000931409 0.999999 -0.000420093 -0.000973609 0.000420907 1 -0.031236 0.0335518 0.139208
FixedParameters: 0 0 0

#Transform 69
Transform: AffineTransform_float_3_3
Parameters: 0.999999 -0.000929494 0.000915551 0.000931507 0.999996 -0.00274015 -0.000913451 0.00274085 0.999996 -0.0397269 0.138513 0.00711885
FixedParameters: 0 0 0

#Transform 70
Transform: AffineTransform_float_3_3
Parameters: 0.999999 -0.000928864 0.00124335 0.000931136 0.999997 -0.00252485 -0.00124065 0.00252516 0.999996 -0.0422136 0.0952015 0.0230543
FixedParameters: 0 0 0

#Transform 71
Transform: AffineTransform_float_3_3
Parameters: 0.999998 -0.00092861 0.0013134 0.000931389 0.999996 -0.00258278 -0.0013106 0.00258422 0.999996 -0.0480062 0.110447 0.0638053
FixedParameters: 0 0 0

#Transform 72
Transform: AffineTransform_float_3_3
Parameters: 0.999998 -0.00083631 0.00182324 0.000838688 0.999998 -0.00147447 -0.00182176 0.00147653 0.999998 -0.091214 0.075206 0.0930956
FixedParameters: 0 0 0

#Transform 73
Transform: AffineTransform_float_3_3
Parameters: 0.999998 -0.000928236 0.00141647 0.000931763 0.999996 -0.00265969 -0.00141353 0.00266032 0.999996 -0.088945 0.0896769 0.113207
FixedParameters: 0 0 0

#Transform 74
Transform: AffineTransform_float_3_3
Parameters: 0.999999 -0.000804135 0.0016369 0.000808865 0.999997 -0.00236168 -0.00163509 0.00236332 0.999996 -0.0781506 0.10874 0.037958
FixedParameters: 0 0 0

#Transform 75
Transform: AffineTransform_float_3_3
Parameters: 0.999999 -0.000906989 0.000934932 0.000910013 0.999995 -0.00322615 -0.000932069 0.00322685 0.999995 -0.0618294 0.110186 0.069058
FixedParameters: 0 0 0

#Transform 76
Transform: AffineTransform_float_3_3
Parameters: 0.999999 -0.000726289 0.00121822 0.00073071 0.999995 -0.00304811 -0.00121578 0.00304989 0.999994 -0.0689869 0.155829 -0.0836139
FixedParameters: 0 0 0

#Transform 77
Transform: AffineTransform_float_3_3
Parameters: 0.999999 -0.000972346 0.00121812 0.000974653 0.999997 -0.00217982 -0.00121588 0.00218118 0.999997 -0.0664448 0.061008 0.0658201
FixedParameters: 0 0 0

#Transform 78
Transform: AffineTransform_float_3_3
Parameters: 0.999999 -0.00084252 0.00117051 0.000845479 0.999995 -0.00297601 -0.00116749 0.00297699 0.999995 -0.0611932 0.154852 -0.0782738
FixedParameters: 0 0 0

#Transform 79
Transform: AffineTransform_float_3_3
Parameters: 0.999998 -0.00104003 0.00121056 0.00104297 0.999997 -0.00245974 -0.00120744 0.00246026 0.999996 -0.0445161 0.080566 0.0131046
FixedParameters: 0 0 0

#Transform 80
Transform: AffineTransform_float_3_3
Parameters: 0.999999 -0.000726055 0.00116447 0.000729947 0.999994 -0.00339115 -0.00116253 0.00339185 0.999993 -0.0366652 0.140121 -0.122031
FixedParameters: 0 0 0

#Transform 81
Transform: AffineTransform_float_3_3
Parameters: 0.999999 -0.00120286 0.00136877 0.00120614 0.999996 -0.00229735 -0.00136623 0.00229865 0.999997 -0.0619061 0.0756236 0.00694471
FixedParameters: 0 0 0

#Transform 82
Transform: AffineTransform_float_3_3
Parameters: 0.999999 -0.0012037 0.00134497 0.00120731 0.999996 -0.00245938 -0.00134203 0.00246062 0.999996 -0.0724947 0.117377 -0.0416254
FixedParameters: 0 0 0

#Transform 83
Transform: AffineTransform_float_3_3
Parameters: 0.999999 -0.000725982 0.00165677 0.000730019 0.999997 -0.00242579 -0.00165523 0.0024272 0.999995 -0.0647151 0.0794941 0.000436543
FixedParameters: 0 0 0

#Transform 84
Transform: AffineTransform_float_3_3
Parameters: 0.999999 -0.00103528 0.00149827 0.00103972 0.999994 -0.00315045 -0.00149473 0.00315155 0.999994 -0.0607378 0.105418 -0.0581975
FixedParameters: 0 0 0

#Transform 85
Transform: AffineTransform_float_3_3
Parameters: 0.999999 -0.000727016 0.00128569 0.000729985 0.999997 -0.00232207 -0.00128431 0.00232294 0.999997 -0.0400074 0.0954164 -0.0252782
FixedParameters: 0 0 0

#Transform 86
Transform: AffineTransform_float_3_3
Parameters: 0.999998 -0.000950918 0.00132294 0.000955082 0.999995 -0.00308874 -0.00132006 0.00308926 0.999995 -0.0482508 0.129245 -0.103211
FixedParameters: 0 0 0

#Transform 87
Transform: AffineTransform_float_3_3
Parameters: 0.999997 -0.00116058 0.00179786 0.00116442 0.999997 -0.00245991 -0.00179514 0.00246209 0.999996 -0.0739564 0.0971828 -0.0268819
FixedParameters: 0 0 0

#Transform 88
Transform: AffineTransform_float_3_3
Parameters: 0.999999 -0.000725964 0.00136316 0.000730036 0.999996 -0.00296301 -0.00136084 0.00296399 0.999994 -0.0420509 0.1058 0.0740727
FixedParameters: 0 0 0

#Transform 89
Transform: AffineTransform_float_3_3
Parameters: 0.999998 -0.00112918 0.00150587 0.00113382 0.999996 -0.0025373 -0.00150313 0.0025387 0.999995 -0.0879385 0.128272 -0.0515754
FixedParameters: 0 0 0

#Transform 90
Transform: AffineTransform_float_3_3
Parameters: 0.999999 -0.000226913 0.00182451 0.000231087 0.999998 -0.00224058 -0.00182349 0.00224042 0.999996 -0.17148 0.0426403 0.000960115
FixedParameters: 0 0 0

#Transform 91
Transform: AffineTransform_float_3_3
Parameters: 0.999999 -0.000409645 0.00131305 0.000412356 0.999996 -0.00255646 -0.00131195 0.00255654 0.999996 -0.115088 0.151673 -0.184345
FixedParameters: 0 0 0

#Transform 92
Transform: AffineTransform_float_3_3
Parameters: 0.999998 -0.000357993 0.00162367 0.000361006 0.999998 -0.00185242 -0.00162233 0.00185258 0.999997 -0.111792 0.0275389 0.0720972
FixedParameters: 0 0 0

#Transform 93
Transform: AffineTransform_float_3_3
Parameters: 0.999999 -0.000463305 0.00142521 0.000466693 0.999996 -0.00259234 -0.00142379 0.00259366 0.999995 -0.106285 0.148105 -0.0933939
FixedParameters: 0 0 0

#Transform 94
Transform: AffineTransform_float_3_3
Parameters: 0.999998 -0.000366001 0.00161868 0.000369 0.999998 -0.00185341 -0.00161832 0.0018536 0.999997 -0.111672 0.0663162 0.0190657
FixedParameters: 0 0 0

#Transform 95
Transform: AffineTransform_float_3_3
Parameters: 0.999998 -0.000278846 0.00164871 0.000283152 0.999997 -0.00251953 -0.00164729 0.00252046 0.999995 -0.112746 0.111962 -0.0339785
FixedParameters: 0 0 0

#Transform 96
Transform: AffineTransform_float_3_3
Parameters: 0.999998 -7.36542e-05 0.00199513 7.73471e-05 0.999999 -0.00167685 -0.00199587 0.00167715 0.999996 -0.122563 0.0546731 0.0148529
FixedParameters: 0 0 0

#Transform 97
Transform: AffineTransform_float_3_3
Parameters: 0.999999 -0.000276347 0.00133976 0.000279653 0.999996 -0.00272663 -0.00133924 0.00272737 0.999996 -0.104334 0.138666 -0.110134
FixedParameters: 0 0 0

#Transform 98
Transform: AffineTransform_float_3_3
Parameters: 0.999999 -0.000404443 0.00145371 0.000406558 0.999999 -0.00175941 -0.00145329 0.00175959 0.999998 -0.107112 0.0704275 -0.0196387
FixedParameters: 0 0 0

#Transform 99
Transform: AffineTransform_float_3_3
Parameters: 0.999999 -0.000654194 0.00134037 0.000656807 0.999997 -0.00209412 -0.00133963 0.00209488 0.999997 -0.103726 0.136326 -0.150522
FixedParameters: 0 0 0

#Transform 100
Transform: AffineTransform_float_3_3
Parameters: 0.999999 -0.000587896 0.00133837 0.000591103 0.999997 -0.00232021 -0.00133663 0.00232079 0.999997 -0.103537 0.0741159 0.00834758
FixedParameters: 0 0 0

#Transform 101
Transform: AffineTransform_float_3_3
Parameters: 0.999999 -0.000654509 0.00106254 0.000656491 0.999997 -0.0023463 -0.00106046 0.0023467 0.999996 -0.0784261 0.13077 -0.157491
FixedParameters: 0 0 0

#Transform 102
Transform: AffineTransform_float_3_3
Parameters: 0.999999 -0.000597286 0.00134721 0.000599714 0.999998 -0.00201519 -0.00134579 0.00201581 0.999997 -0.0843841 0.0564312 0.0425388
FixedParameters: 0 0 0

#Transform 103
Transform: AffineTransform_float_3_3
Parameters: 0.999999 -0.000813028 0.00112143 0.000814971 0.999998 -0.00175909 -0.00111957 0.00175991 0.999998 -0.0974667 0.133753 -0.11392
FixedParameters: 0 0 0

#Transform 104
Transform: AffineTransform_float_3_3
Parameters: 0.999999 -0.000654485 0.00131825 0.000656516 0.999998 -0.00190814 -0.00131775 0.00190887 0.999998 -0.102966 0.0453062 0.0497189
FixedParameters: 0 0 0

#Transform 105
Transform: AffineTransform_float_3_3
Parameters: 0.999999 -0.000654536 0.00105353 0.000656464 0.999997 -0.00233931 -0.00105247 0.00234069 0.999996 -0.0935325 0.14773 -0.15659
FixedParameters: 0 0 0

#Transform 106
Transform: AffineTransform_float_3_3
Parameters: 1 -0.000153752 0.00102934 0.000156247 0.999997 -0.00218384 -0.00102866 0.00218416 0.999997 -0.0959343 0.0816458 0.0327818
FixedParameters: 0 0 0

#Transform 107
Transform: AffineTransform_float_3_3
Parameters: 0.999999 -0.000579095 0.00116145 0.000581904 0.999996 -0.00250233 -0.00115955 0.00250267 0.999996 -0.0961401 0.151842 -0.131548
FixedParameters: 0 0 0

#Transform 108
Transform: AffineTransform_float_3_3
Parameters: 0.999999 -0.000411551 0.00124381 0.000413448 0.999998 -0.00196849 -0.00124319 0.00196951 0.999998 -0.0973269 0.0436663 0.0342388
FixedParameters: 0 0 0

#Transform 109
Transform: AffineTransform_float_3_3
Parameters: 0.999999 -0.00070855 0.00102769 0.000711449 0.999997 -0.00238627 -0.0010253 0.00238673 0.999996 -0.0893023 0.131854 -0.0955728
FixedParameters: 0 0 0

#Transform 110
Transform: AffineTransform_float_3_3
Parameters: 0.999999 -0.000637103 0.00161615 0.000639898 0.999998 -0.00179297 -0.00161486 0.00179403 0.999997 -0.107259 0.0620115 -0.00933426
FixedParameters: 0 0 0

#Transform 111
Transform: AffineTransform_float_3_3
Parameters: 0.999999 -0.000839991 0.00114422 0.000843009 0.999996 -0.00263204 -0.00114178 0.00263296 0.999996 -0.0981666 0.114266 -0.0613495
FixedParameters: 0 0 0

#Transform 112
Transform: AffineTransform_float_3_3
Parameters: 0.999999 -0.000610792 0.00124808 0.000613209 0.999998 -0.00177024 -0.00124692 0.00177076 0.999997 -0.0972471 0.0880622 -0.00580456
FixedParameters: 0 0 0

#Transform 113
Transform: AffineTransform_float_3_3
Parameters: 0.999998 -0.000717823 0.00159289 0.000722178 0.999997 -0.00262386 -0.00159111 0.00262415 0.999996 -0.110775 0.111737 -0.0242236
FixedParameters: 0 0 0

#Transform 114
Transform: AffineTransform_float_3_3
Parameters: 0.999999 -0.000355017 0.00150071 0.000357983 0.999998 -0.00198746 -0.00150029 0.00198853 0.999997 -0.108919 0.115332 -0.0847847
FixedParameters: 0 0 0

#Transform 115
Transform: AffineTransform_float_3_3
Parameters: 0.999999 -0.000410788 0.00129203 0.000413213 0.999997 -0.00248747 -0.00129098 0.00248753 0.999996 -0.115827 0.0498572 0.0363474
FixedParameters: 0 0 0

#Transform 116
Transform: AffineTransform_float_3_3
Parameters: 0.999998 -0.000409618 0.00188096 0.000413383 0.999997 -0.00233023 -0.00188004 0.00233078 0.999996 -0.139848 0.113503 -0.110649
FixedParameters: 0 0 0

#Transform 117
Transform: AffineTransform_float_3_3
Parameters: 0.999998 -0.00055051 0.00159755 0.00055449 0.999996 -0.00281112 -0.00159645 0.00281188 0.999995 -0.130911 0.107618 0.00570722
FixedParameters: 0 0 0

#Transform 118
Transform: AffineTransform_float_3_3
Parameters: 0.999999 -0.000793665 0.00133499 0.000796334 0.999996 -0.00249894 -0.00133301 0.00250006 0.999996 -0.121758 0.13464 -0.0848916
FixedParameters: 0 0 0

#Transform 119
Transform: AffineTransform_float_3_3
Parameters: 0.999999 -0.000793557 0.00128513 0.000796443 0.999996 -0.00268098 -0.00128287 0.00268202 0.999995 -0.123647 0.0891314 -0.00692254
FixedParameters: 0 0 0

#Transform 120
Transform: AffineTransform_float_3_3
Parameters: 0.999998 -0.00079341 0.00176962 0.000796592 0.999997 -0.00202959 -0.00176839 0.00203041 0.999997 -0.139944 0.0988738 -0.0699855
FixedParameters: 0 0 0

#Transform 121
Transform: AffineTransform_float_3_3
Parameters: 0.999998 -0.000709188 0.00153377 0.000713811 0.999996 -0.00248591 -0.00153223 0.00248709 0.999995 -0.132733 0.0714958 -0.0710568
FixedParameters: 0 0 0

#Transform 122
Transform: AffineTransform_float_3_3
Parameters: 0.999999 -6.77436e-05 0.00102615 7.02581e-05 0.999997 -0.00219893 -0.00102685 0.00219907 0.999997 -0.136791 0.089646 -0.125853
FixedParameters: 0 0 0

#Transform 123
Transform: AffineTransform_float_3_3
Parameters: 0.999999 -1.4311e-05 0.000910028 1.66889e-05 0.999999 -0.00185599 -0.00090997 0.00185601 0.999998 -0.144476 -0.0110054 0.0932463
FixedParameters: 0 0 0

#Transform 124
Transform: AffineTransform_float_3_3
Parameters: 0.999999 -0.000129015 0.00149126 0.000131987 0.999998 -0.00200181 -0.00149174 0.00200219 0.999997 -0.16598 0.0890645 -0.0864186
FixedParameters: 0 0 0

#Transform 125
Transform: AffineTransform_float_3_3
Parameters: 0.999999 -0.000119978 0.00143417 0.000122022 0.999999 -0.00140983 -0.00143383 0.00141017 0.999998 -0.160964 0.0096623 0.0630236
FixedParameters: 0 0 0

#Transform 126
Transform: AffineTransform_float_3_3
Parameters: 1 5.71264e-05 0.0011879 -5.48734e-05 0.999999 -0.00179007 -0.0011881 0.00178993 0.999997 -0.175437 0.108997 -0.166227
FixedParameters: 0 0 0

#Transform 127
Transform: AffineTransform_float_3_3
Parameters: 0.999999 0.000195364 0.00134866 -0.000193637 0.999999 -0.00175326 -0.00134834 0.00175274 0.999997 -0.164224 0.0283292 -0.00948604
FixedParameters: 0 0 0

#Transform 128
Transform: AffineTransform_float_3_3
Parameters: 1 -3.08034e-05 0.00119906 3.31965e-05 0.999999 -0.00183196 -0.00119894 0.00183204 0.999997 -0.150016 0.0751587 -0.104245
FixedParameters: 0 0 0

#Transform 129
Transform: AffineTransform_float_3_3
Parameters: 0.999999 0.000143214 0.00124175 -0.000140787 0.999999 -0.00178218 -0.00124225 0.00178282 0.999997 -0.146936 0.0463936 0.02112
FixedParameters: 0 0 0

#Transform 130
Transform: AffineTransform_float_3_3
Parameters: 0.999999 -0.000101963 0.000751141 0.000103037 0.999999 -0.00138092 -0.000750858 0.00138108 0.999999 -0.134687 0.101038 -0.206097
FixedParameters: 0 0 0

#Transform 131
Transform: AffineTransform_float_3_3
Parameters: 1 -0.000134465 0.0010532 0.000136535 0.999999 -0.00145786 -0.0010528 0.00145814 0.999999 -0.141522 0.00234304 0.0587892
FixedParameters: 0 0 0

#Transform 132
Transform: AffineTransform_float_3_3
Parameters: 1 -0.000143954 0.00107927 0.000146046 0.999998 -0.00189584 -0.00107873 0.00189616 0.999997 -0.13733 0.0610578 0.0270382
FixedParameters: 0 0 0

#Transform 133
Transform: AffineTransform_float_3_3
Parameters: 0.999999 -0.000393669 0.000898583 0.000394331 0.999999 -0.00148065 -0.000898416 0.00148135 0.999998 -0.118684 0.0557223 0.0950946
FixedParameters: 0 0 0

#Transform 134
Transform: AffineTransform_float_3_3
Parameters: 1 -0.000393695 0.00112346 0.000394305 0.999999 -0.00116156 -0.00112254 0.00116244 0.999998 -0.14376 0.019093 0.126027
FixedParameters: 0 0 0

#Transform 135
Transform: AffineTransform_float_3_3
Parameters: 0.999999 -3.43782e-05 0.00151004 3.56232e-05 1 -0.00107495 -0.00150996 0.00107405 0.999999 -0.160795 0.0524916 0.0126094
FixedParameters: 0 0 0

#Transform 136
Transform: AffineTransform_float_3_3
Parameters: 0.999999 1.6128e-05 0.00143699 -1.48719e-05 0.999999 -0.000785022 -0.00143701 0.000784977 0.999998 -0.157648 0.00782793 0.0952391
FixedParameters: 0 0 0

#Transform 137
Transform: AffineTransform_float_3_3
Parameters: 0.999999 -0.000465325 0.0013006 0.000466675 0.999999 -0.00128739 -0.0013004 0.00128861 0.999999 -0.160044 0.0556062 -0.0459924
FixedParameters: 0 0 0

#Transform 138
Transform: AffineTransform_float_3_3
Parameters: 0.999999 -0.000143329 0.00155906 0.000143672 1 -0.000430776 -0.00155894 0.000430224 0.999998 -0.1814 -0.0480982 0.0857245
FixedParameters: 0 0 0

#Transform 139
Transform: AffineTransform_float_3_3
Parameters: 0.999999 -1.68524e-05 0.00130003 1.91476e-05 0.999998 -0.00165198 -0.00129997 0.00165202 0.999998 -0.174756 0.0522456 -0.10559
FixedParameters: 0 0 0

#Transform 140
Transform: AffineTransform_float_3_3
Parameters: 0.999999 -1.84748e-05 0.00130001 1.85252e-05 1 -0.000403976 -0.00129999 0.000404024 0.999999 -0.171293 -0.0375018 0.0524867
FixedParameters: 0 0 0

#Transform 141
Transform: AffineTransform_float_3_3
Parameters: 0.999999 -1.76754e-05 0.000898026 1.93245e-05 0.999999 -0.00147498 -0.000897972 0.00147502 0.999998 -0.163803 0.0698508 -0.177542
FixedParameters: 0 0 0

#Transform 142
Transform: AffineTransform_float_3_3
Parameters: 1 0.000295929 0.00116151 -0.00029407 0.999998 -0.00166034 -0.00116249 0.00166066 0.999998 -0.171318 -0.0126035 0.0450808
FixedParameters: 0 0 0

#Transform 143
Transform: AffineTransform_float_3_3
Parameters: 0.999999 5.63703e-05 0.0013429 -5.46295e-05 0.999999 -0.00176507 -0.0013431 0.00176493 0.999997 -0.173311 0.0618388 -0.0603911
FixedParameters: 0 0 0

#Transform 144
Transform: AffineTransform_float_3_3
Parameters: 0.999999 -8.36437e-05 0.00073004 8.43562e-05 1 -0.000487938 -0.000729958 0.000488061 0.999999 -0.158556 -0.0111478 0.122853
FixedParameters: 0 0 0

#Transform 145
Transform: AffineTransform_float_3_3
Parameters: 0.999999 -0.000128896 0.00123122 0.000131103 0.999998 -0.00170884 -0.00123078 0.00170916 0.999998 -0.17243 0.0706036 -0.0450111
FixedParameters: 0 0 0

#Transform 146
Transform: AffineTransform_float_3_3
Parameters: 0.999999 -0.000430908 0.000594067 0.000430092 1 -0.000155744 -0.000593933 0.000155256 1 -0.138293 -0.0379156 0.13555
FixedParameters: 0 0 0

#Transform 147
Transform: AffineTransform_float_3_3
Parameters: 1 -0.000225799 0.00108446 0.000228202 0.999998 -0.00202975 -0.00108454 0.00203025 0.999998 -0.168255 0.0625628 -0.0374808
FixedParameters: 0 0 0

#Transform 148
Transform: AffineTransform_float_3_3
Parameters: 0.999999 0.00024835 0.00151178 -0.000247649 0.999999 -0.000893375 -0.00151222 0.000892626 0.999999 -0.165726 -0.0293455 0.0701042
FixedParameters: 0 0 0

#Transform 149
Transform: AffineTransform_float_3_3
Parameters: 0.999999 0.000215369 0.00124842 -0.000211632 0.999997 -0.00269827 -0.00124858 0.00269773 0.999995 -0.162123 0.0222896 -0.0329617
FixedParameters: 0 0 0

#Transform 150
Transform: AffineTransform_float_3_3
Parameters: 1 0.000117974 0.001037 -0.000118026 1 2.48776e-05 -0.001037 -2.51224e-05 1 -0.155187 -0.0519712 0.118647
FixedParameters: 0 0 0

#Transform 151
Transform: AffineTransform_float_3_3
Parameters: 1 0.00028601 7.62877e-06 -0.000285989 0.999999 -0.001298 -8.37122e-06 0.001298 0.999999 -0.111271 0.032771 0.0149924
FixedParameters: 0 0 0

#Transform 152
Transform: AffineTransform_float_3_3
Parameters: 0.999999 0.000285135 0.000666371 -0.000285866 0.999999 0.00129881 -0.000666629 -0.00129919 0.999999 -0.145312 -0.0513002 0.163139
FixedParameters: 0 0 0

#Transform 153
Transform: AffineTransform_float_3_3
Parameters: 0.999998 5.04406e-05 0.00168896 -4.95592e-05 0.999999 -0.000853085 -0.00168904 0.000852916 0.999998 -0.186694 0.00682579 0.0653009
FixedParameters: 0 0 0

#Transform 154
Transform: AffineTransform_float_3_3
Parameters: 0.999999 0.000285825 0.000865057 -0.000286174 1 0.000201752 -0.000864941 -0.000202247 0.999999 -0.158714 -0.0595035 0.15284
FixedParameters: 0 0 0

#Transform 155
Transform: AffineTransform_float_3_3
Parameters: 0.999999 0.000285918 0.000733031 -0.000286081 1 0.00011079 -0.000732968 -0.00011121 0.999999 -0.155083 -0.00565496 0.106031
FixedParameters: 0 0 0

#Transform 156
Transform: AffineTransform_float_3_3
Parameters: 0.999999 0.000406872 0.00122804 -0.000406129 1 0.000104501 -0.00122796 -0.0001045 0.999999 -0.178558 -0.0256186 0.0674887
FixedParameters: 0 0 0

#Transform 157
Transform: AffineTransform_float_3_3
Parameters: 0.999998 0.000287264 0.00157677 -0.000285735 0.999999 -0.000802452 -0.00157723 0.000801548 0.999999 -0.177029 -0.0382243 0.118719
FixedParameters: 0 0 0

#Transform 158
Transform: AffineTransform_float_3_3
Parameters: 0.999999 0.000286364 0.00150093 -0.000285635 1 -0.000243429 -0.00150107 0.00024257 0.999999 -0.186402 -0.00258591 0.0560594
FixedParameters: 0 0 0

#Transform 159
Transform: AffineTransform_float_3_3
Parameters: 1 0.000286699 0.00103081 -0.000286301 0.999999 -0.000678295 -0.00103019 0.000677705 0.999999 -0.166546 -0.0325562 0.143552
FixedParameters: 0 0 0

#Transform 160
Transform: AffineTransform_float_3_3
Parameters: 0.999998 0.000554042 0.00159264 -0.000552957 0.999999 -0.000654881 -0.00159336 0.000654118 0.999998 -0.194188 0.0088995 0.0546629
FixedParameters: 0 0 0

#Transform 161
Transform: AffineTransform_float_3_3
Parameters: 1 0.0004351 0.000921953 -0.0004349 1 -0.000108401 -0.000922047 0.000107599 0.999999 -0.166758 -0.00609017 0.160514
FixedParameters: 0 0 0

#Transform 162
Transform: AffineTransform_float_3_3
Parameters: 0.999999 0.000848981 0.00154546 -0.000848021 1 -0.000634312 -0.00154654 0.000633688 0.999998 -0.225094 0.0484637 0.114229
FixedParameters: 0 0 0

#Transform 163
Transform: AffineTransform_float_3_3
Parameters: 0.999999 0.0004356 0.000881704 -0.0004354 0.999999 -0.000680384 -0.000882297 0.000680616 1 -0.179841 -0.00878334 0.165824
FixedParameters: 0 0 0

#Transform 164
Transform: AffineTransform_float_3_3
Parameters: 0.999998 0.000515845 0.0015814 -0.000514154 0.999999 -0.00116781 -0.0015816 0.00116619 0.999998 -0.177455 0.0661136 0.0154858
FixedParameters: 0 0 0

#Transform 165
Transform: AffineTransform_float_3_3
Parameters: 1 0.000435198 0.000411791 -0.000434802 1 -0.000480179 -0.000412209 0.00047982 1 -0.136635 -0.014967 0.14237
FixedParameters: 0 0 0

#Transform 166
Transform: AffineTransform_float_3_3
Parameters: 0.999999 0.000744152 5.49783e-05 -0.000743848 0.999996 -0.00271704 -5.70212e-05 0.00271696 0.999997 -0.122034 0.0925801 0.0247684
FixedParameters: 0 0 0

#Transform 167
Transform: AffineTransform_float_3_3
Parameters: 0.999998 0.00212646 -0.000756523 -0.00212654 0.999997 -0.000715392 0.000755478 0.000716608 0.999999 -0.215267 0.0165787 0.16063
FixedParameters: 0 0 0

#Transform 168
Transform: AffineTransform_float_3_3
Parameters: 0.999997 0.00240333 -0.00113367 -0.00240567 0.999995 -0.00235728 0.00112833 0.00236072 0.999996 -0.246976 0.0964603 0.0342866
FixedParameters: 0 0 0

#Transform 169
Transform: AffineTransform_float_3_3
Parameters: 0.999995 0.00280093 -0.00129233 -0.00280207 0.999995 -0.000829382 0.00129067 0.000832619 0.999999 -0.245594 -0.00777371 0.137885
FixedParameters: 0 0 0

#Transform 170
Transform: AffineTransform_float_3_3
Parameters: 0.999995 0.00240137 -0.00174439 -0.00240563 0.999993 -0.00265481 0.00173861 0.00265919 0.999995 -0.217296 0.0885013 0.0355477
FixedParameters: 0 0 0

#Transform 171
Transform: AffineTransform_float_3_3
Parameters: 0.999995 0.00311576 -0.00074399 -0.00311624 0.999995 -0.000316683 0.000743008 0.000319317 0.999999 -0.264315 0.00662654 0.106599
FixedParameters: 0 0 0

#Transform 172
Transform: AffineTransform_float_3_3
Parameters: 0.999996 0.00277224 -0.00119842 -0.00277477 0.999994 -0.00231269 0.00119258 0.00231632 0.999996 -0.241703 0.0587222 0.0655141
FixedParameters: 0 0 0

#Transform 173
Transform: AffineTransform_float_3_3
Parameters: 0.999995 0.00298042 -0.000890685 -0.00298258 0.999992 -0.00291136 0.000881318 0.00291364 0.999996 -0.250444 0.0990474 -0.0271494
FixedParameters: 0 0 0

#Transform 174
Transform: AffineTransform_float_3_3
Parameters: 0.999994 0.00286644 -0.00182003 -0.00286856 0.999995 -0.00140379 0.00181597 0.00140921 0.999998 -0.208124 0.000909089 0.148871
FixedParameters: 0 0 0

#Transform 175
Transform: AffineTransform_float_3_3
Parameters: 0.999994 0.00319545 -0.00132858 -0.00319855 0.999992 -0.00268277 0.00131942 0.00268723 0.999996 -0.22783 0.145164 -0.0537207
FixedParameters: 0 0 0

#Transform 176
Transform: AffineTransform_float_3_3
Parameters: 0.999993 0.00330012 -0.00132967 -0.00330188 0.999994 -0.00141262 0.00132533 0.00141738 0.999998 -0.228654 -0.00669521 0.167609
FixedParameters: 0 0 0

#Transform 177
Transform: AffineTransform_float_3_3
Parameters: 0.999993 0.00342789 -0.00182376 -0.00343211 0.999991 -0.00225776 0.00181524 0.00226424 0.999996 -0.203243 0.10571 -0.103991
FixedParameters: 0 0 0

#Transform 178
Transform: AffineTransform_float_3_3
Parameters: 0.999993 0.00339201 -0.0014726 -0.003394 0.999994 -0.00135401 0.0014674 0.00135899 0.999998 -0.206552 -0.0306465 0.145792
FixedParameters: 0 0 0

#Transform 179
Transform: AffineTransform_float_3_3
Parameters: 0.999994 0.00332309 -0.00117526 -0.00332591 0.999992 -0.00248211 0.00116674 0.00248589 0.999996 -0.209026 0.0899455 -0.0761192
FixedParameters: 0 0 0

#Transform 180
Transform: AffineTransform_float_3_3
Parameters: 0.999993 0.00328457 -0.00142195 -0.00328843 0.999991 -0.00241734 0.00141404 0.00242266 0.999996 -0.207586 0.0502713 -0.0148757
FixedParameters: 0 0 0

#Transform 181
Transform: AffineTransform_float_3_3
Parameters: 0.999994 0.00286656 -0.00162631 -0.00286844 0.999995 -0.00149934 0.00162169 0.00150366 0.999997 -0.185621 -0.000500963 0.206293
FixedParameters: 0 0 0

#Transform 182
Transform: AffineTransform_float_3_3
Parameters: 0.999993 0.00296865 -0.00193423 -0.00297435 0.999991 -0.00276726 0.00192677 0.00277274 0.999995 -0.173499 0.119246 0.118363
FixedParameters: 0 0 0

#Transform 183
Transform: AffineTransform_float_3_3
Parameters: 0.999994 0.00286663 -0.00201338 -0.00286937 0.999995 -0.00117723 0.00201062 0.00118277 0.999998 -0.175008 0.000563745 0.226466
FixedParameters: 0 0 0

#Transform 184
Transform: AffineTransform_float_3_3
Parameters: 0.999992 0.00298663 -0.00239696 -0.00299337 0.999992 -0.00265784 0.00238904 0.00266515 0.999993 -0.147085 0.0818183 0.19286
FixedParameters: 0 0 0

#Transform 185
Transform: AffineTransform_float_3_3
Parameters: 0.999993 0.00286418 -0.00239877 -0.00286882 0.999994 -0.00201013 0.00239223 0.00201687 0.999995 -0.13284 0.0834092 0.186631
FixedParameters: 0 0 0

#Transform 186
Transform: AffineTransform_float_3_3
Parameters: 0.999993 0.00269591 -0.00239986 -0.00270209 0.999993 -0.00253753 0.00239314 0.00254447 0.999994 -0.119996 0.103028 0.155511
FixedParameters: 0 0 0

#Transform 187
Transform: AffineTransform_float_3_3
