#Insight Transform File V1.0
#Transform 0
Transform: AffineTransform_float_3_3
Parameters: 0.999998 -0.00152656 -0.00124599 0.00152843 0.999997 0.0019551 0.00124301 -0.0019579 0.999998 0.136356 -0.104097 0.137517
FixedParameters: 0 0 0

#Transform 1
Transform: AffineTransform_float_3_3
Parameters: 0.999999 -0.00112029 -0.000587348 0.0011207 0.999998 0.00120234 0.000585653 -0.00120266 0.999999 0.0985745 -0.0384675 0.136145
FixedParameters: 0 0 0

#Transform 2
Transform: AffineTransform_float_3_3
Parameters: 0.999999 -0.000796301 0.000308222 0.000795699 0.999999 0.000977245 -0.000308777 -0.000976754 0.999999 0.0363658 -0.0713976 0.108786
FixedParameters: 0 0 0

#Transform 3
Transform: AffineTransform_float_3_3
Parameters: 1 -0.000460783 -0.00035628 0.000461217 0.999999 0.000607835 0.000356719 -0.000608164 1 0.0499844 0.0203736 0.124321
FixedParameters: 0 0 0

#Transform 4
Transform: AffineTransform_float_3_3
Parameters: 1 -0.000460996 -3.56749e-06 0.000461003 0.999999 0.001231 2.43251e-06 -0.001231 0.999999 0.0217878 -0.0594069 0.0922399
FixedParameters: 0 0 0

#Transform 5
Transform: AffineTransform_float_3_3
Parameters: 1 -0.000460972 -5.32452e-05 0.000461028 1 0.000531975 5.27547e-05 -0.000532024 1 0.0395508 -0.0125216 0.0943201
FixedParameters: 0 0 0

#Transform 6
Transform: AffineTransform_float_3_3
Parameters: 1 -0.000461309 0.000174186 0.000460692 0.999999 0.00176608 -0.000174814 -0.00176692 0.999999 0.0163515 -0.0798523 0.0837153
FixedParameters: 0 0 0

#Transform 7
Transform: AffineTransform_float_3_3
Parameters: 0.999997 -0.00111189 -0.00183489 0.00111511 0.999998 0.00169696 0.00183311 -0.00169904 0.999997 0.150444 -0.031002 0.100336
FixedParameters: 0 0 0

#Transform 8
Transform: AffineTransform_float_3_3
Parameters: 0.999996 -0.000853263 -0.00247664 0.000857736 0.999998 0.00191188 0.00247536 -0.00191412 0.999995 0.128198 -0.0880947 0.0776015
FixedParameters: 0 0 0

#Transform 9
Transform: AffineTransform_float_3_3
Parameters: 0.999997 -0.000467752 -0.00214049 0.000470249 1 0.00105 0.00214051 -0.001051 0.999997 0.105675 -0.0210052 -0.055106
FixedParameters: 0 0 0

#Transform 10
Transform: AffineTransform_float_3_3
Parameters: 0.999999 -0.000296485 -0.00174043 0.000299515 0.999999 0.00144548 0.00173957 -0.00144552 0.999998 0.055389 -0.0790883 0.0604695
FixedParameters: 0 0 0

#Transform 11
Transform: AffineTransform_float_3_3
Parameters: 0.999999 -3.92672e-05 -0.000862034 3.97326e-05 0.999999 0.000849966 0.000861966 -0.000850034 1 0.0261842 -0.0550888 0.028949
FixedParameters: 0 0 0

#Transform 12
Transform: AffineTransform_float_3_3
Parameters: 0.999999 0.000214896 -0.000906788 -0.000214103 0.999999 0.000988194 0.000907212 -0.000987805 0.999999 0.021338 -0.0284509 0.112101
FixedParameters: 0 0 0

#Transform 13
Transform: AffineTransform_float_3_3
Parameters: 1 4.5071e-05 -5.99467e-05 -4.49289e-05 1 0.001184 6.00533e-05 -0.001184 1 0.00151307 -0.0700255 0.102884
FixedParameters: 0 0 0

#Transform 14
Transform: AffineTransform_float_3_3
Parameters: 1 0.00010403 -5.99475e-05 -0.00010497 1 0.000505006 6.0053e-05 -0.000504994 1 0.0228584 -0.000151224 0.0841293
FixedParameters: 0 0 0

#Transform 15
Transform: AffineTransform_float_3_3
Parameters: 1 0.000192162 0.00067124 -0.000192837 0.999999 0.00124787 -0.00067076 -0.00124813 0.999999 -0.0167587 -0.0557612 0.104615
FixedParameters: 0 0 0

#Transform 16
Transform: AffineTransform_float_3_3
Parameters: 1 0.000239958 0.000290034 -0.000240041 1 0.00014293 -0.000289966 -0.00014307 1 0.00312589 0.0254239 0.0657549
FixedParameters: 0 0 0

#Transform 17
Transform: AffineTransform_float_3_3
Parameters: 1 0.000508903 0.000400123 -0.000509097 1 0.000241796 -0.000399877 -0.000241203 1 -0.0167329 0.00473193 0.102434
FixedParameters: 0 0 0

#Transform 18
Transform: AffineTransform_float_3_3
Parameters: 1 -0.000504698 -0.000982156 0.000504301 1 0.000306505 0.000981846 -0.000307496 1 0.0626539 -0.00575985 -0.0206283
FixedParameters: 0 0 0

#Transform 19
Transform: AffineTransform_float_3_3
Parameters: 0.999999 -0.000725108 -0.000356779 0.000724891 0.999999 -0.000305259 0.000357221 0.000304741 1 0.0857066 0.037589 0.0430406
FixedParameters: 0 0 0

#Transform 20
Transform: AffineTransform_float_3_3
Parameters: 1 -7.5999e-05 4.10019e-05 7.6001e-05 1 -2.49969e-05 -4.09981e-05 2.50031e-05 1 0.00311921 0.0021926 -0.0283216
FixedParameters: 0 0 0

#Transform 21
Transform: AffineTransform_float_3_3
Parameters: 1 4.40049e-05 -8.09974e-05 -4.39951e-05 1 6.00036e-05 8.10026e-05 -5.99964e-05 1 -0.00668417 0.0250166 0.0643049
FixedParameters: 0 0 0

#Transform 22
Transform: AffineTransform_float_3_3
Parameters: 1 0.000188887 0.000397054 -0.000188113 1 0.000283925 -0.000396946 -0.000284075 1 -0.0334171 -0.0460231 0.0495312
FixedParameters: 0 0 0

#Transform 23
Transform: AffineTransform_float_3_3
Parameters: 1 -2.40732e-05 -8.09782e-05 2.39268e-05 0.999999 -0.000904001 8.10216e-05 0.000903997 0.999999 0.00498804 0.0655368 0.0134111
FixedParameters: 0 0 0

#Transform 24
Transform: AffineTransform_float_3_3
Parameters: 1 0.00015808 -8.08441e-05 -0.00015792 0.999999 0.000986012 8.11557e-05 -0.000985986 0.999999 -0.027241 -0.0591715 0.0204492
FixedParameters: 0 0 0

#Transform 25
Transform: AffineTransform_float_3_3
Parameters: 1 6.89952e-05 -8.10041e-05 -6.90048e-05 1 -5.89944e-05 8.09959e-05 5.90056e-05 1 -0.0064758 0.0312544 -0.0574936
FixedParameters: 0 0 0

#Transform 26
Transform: AffineTransform_float_3_3
Parameters: 1 -0.000151987 -2.30874e-05 0.000152013 1 0.000574996 2.29126e-05 -0.000575003 1 -0.00377753 -0.0424011 0.0358199
FixedParameters: 0 0 0

#Transform 27
Transform: AffineTransform_float_3_3
Parameters: 1 0.000125971 0.000137026 -0.000126028 1 0.000207983 -0.000136974 -0.000208017 1 -0.0123623 0.00832342 -0.0512208
FixedParameters: 0 0 0

#Transform 28
Transform: AffineTransform_float_3_3
Parameters: 1 3.8069e-05 -0.000120978 -3.7931e-05 1 0.000570004 0.000121022 -0.000569995 1 -0.00251381 0.00202354 0.0394222
FixedParameters: 0 0 0

#Transform 29
Transform: AffineTransform_float_3_3
Parameters: 1 -3.77571e-05 -0.000505018 3.82429e-05 1 0.000480981 0.000504981 -0.000481019 1 0.011594 -0.0331834 -0.0397679
FixedParameters: 0 0 0

#Transform 30
Transform: AffineTransform_float_3_3
Parameters: 1 2.72682e-06 -0.000580001 -3.27318e-06 1 -0.000470998 0.000579998 0.000471001 0.999999 0.0108805 0.0296355 0.0465098
FixedParameters: 0 0 0

#Transform 31
Transform: AffineTransform_float_3_3
Parameters: 1 0.000170193 -0.000673951 -0.000169807 1 0.000286114 0.000674048 -0.000286885 0.999999 0.0127371 -0.03585 0.0128077
FixedParameters: 0 0 0

#Transform 32
Transform: AffineTransform_float_3_3
Parameters: 0.999999 0.000275703 -0.00074111 -0.000276296 1 -0.000399795 0.000740889 0.000400204 0.999999 0.0161704 0.0394647 0.063478
FixedParameters: 0 0 0

#Transform 33
Transform: AffineTransform_float_3_3
Parameters: 1 0.000320044 -4.97168e-05 -0.000319956 0.999999 0.000885015 4.92832e-05 -0.000884984 0.999999 -0.0204449 -0.068045 0.0856011
FixedParameters: 0 0 0

#Transform 34
Transform: AffineTransform_float_3_3
Parameters: 0.999999 0.000670019 -0.000308958 -0.00066998 1 6.3207e-05 0.000309042 -6.27929e-05 1 -0.00296747 0.0214066 0.0521706
FixedParameters: 0 0 0

#Transform 35
Transform: AffineTransform_float_3_3
Parameters: 0.999999 0.000669629 0.000572433 -0.000670369 0.999999 0.000646616 -0.000571566 -0.000647382 0.999999 -0.0434839 -0.0390562 0.113873
FixedParameters: 0 0 0

#Transform 36
Transform: AffineTransform_float_3_3
Parameters: 1 0.000669813 -0.000747167 -0.000670187 0.999999 -0.000249499 0.000746832 0.0002505 0.999999 -0.0132988 0.0405809 0.0265068
FixedParameters: 0 0 0

#Transform 37
Transform: AffineTransform_float_3_3
Parameters: 0.999999 0.000670414 -0.00110775 -0.000670586 0.999999 0.000373743 0.00110825 -0.000373257 1 -0.0181648 -0.0274528 0.0800674
FixedParameters: 0 0 0

#Transform 38
Transform: AffineTransform_float_3_3
Parameters: 0.999997 0.00103107 -0.00193949 -0.00103192 1 -0.000476 0.00193851 0.000478 0.999998 -0.0407725 0.102121 -0.048138
FixedParameters: 0 0 0

#Transform 39
Transform: AffineTransform_float_3_3
Parameters: 0.999997 0.000671483 -0.00242259 -0.000670517 0.999999 0.000612626 0.00242341 -0.000611374 0.999997 -0.0392697 0.0574387 0.0351085
FixedParameters: 0 0 0

#Transform 40
Transform: AffineTransform_float_3_3
Parameters: 0.999998 0.000671084 -0.00198863 -0.000669917 0.999999 0.000545333 0.00198836 -0.000544667 0.999998 -0.0127354 0.0253597 -0.0155952
FixedParameters: 0 0 0

#Transform 41
Transform: AffineTransform_float_3_3
Parameters: 0.999999 -0.000280339 -0.000748624 0.000282659 0.999998 0.00221879 0.000747375 -0.00221921 0.999998 -0.0144125 -0.076145 0.322982
FixedParameters: 0 0 0

#Transform 42
Transform: AffineTransform_float_3_3
Parameters: 0.999999 -0.000273029 -0.0013402 0.00027397 0.999999 0.000723633 0.0013398 -0.000724366 0.999999 0.0386127 -0.0585879 0.144564
FixedParameters: 0 0 0

#Transform 43
Transform: AffineTransform_float_3_3
Parameters: 0.999999 0.00039195 -0.00150601 -0.000392051 1 -3.34096e-05 0.00150599 3.35903e-05 0.999999 0.0234102 -0.0445221 0.0830974
FixedParameters: 0 0 0

#Transform 44
Transform: AffineTransform_float_3_3
Parameters: 0.999999 0.00101345 -0.0014104 -0.00101355 1 -0.000390571 0.0014096 0.000391429 0.999999 -0.00888301 -0.032159 0.03401
FixedParameters: 0 0 0

#Transform 45
Transform: AffineTransform_float_3_3
Parameters: 0.999999 0.000588576 -0.00108523 -0.000588424 1 -0.000390362 0.00108477 0.000390639 1 0.0319504 -0.0150691 0.0885559
FixedParameters: 0 0 0

#Transform 46
Transform: AffineTransform_float_3_3
Parameters: 0.999999 0.000587711 -0.00127959 -0.00058829 1 -0.00100725 0.00127941 0.00100775 0.999998 0.0495716 0.00361808 -0.0531667
FixedParameters: 0 0 0

#Transform 47
Transform: AffineTransform_float_3_3
Parameters: 0.999999 0.00058937 -0.00140885 -0.00058863 1 0.00026283 0.00140915 -0.00026217 0.999999 0.0761016 -0.0444634 0.184623
FixedParameters: 0 0 0

#Transform 48
Transform: AffineTransform_float_3_3
Parameters: 0.999999 0.000441629 -0.0016878 -0.000436374 0.999996 0.00274174 0.0016882 -0.00274126 0.999995 0.109168 -0.185518 0.251173
FixedParameters: 0 0 0

#Transform 49
Transform: AffineTransform_float_3_3
Parameters: 0.999999 0.000589544 -0.00144178 -0.000588455 1 0.000377849 0.00144222 -0.00037715 0.999999 0.111158 -0.0981886 0.208965
FixedParameters: 0 0 0

#Transform 50
Transform: AffineTransform_float_3_3
Parameters: 0.999999 0.000590052 -0.00137755 -0.000588948 0.999999 0.000763812 0.00137745 -0.000763188 0.999999 0.0882799 -0.125112 0.224575
FixedParameters: 0 0 0

#Transform 51
Transform: AffineTransform_float_3_3
Parameters: 0.999999 0.000588917 -0.000755064 -0.000588082 1 -0.000108556 0.000754935 0.000109445 0.999999 0.0853339 -0.0490486 0.18652
FixedParameters: 0 0 0

#Transform 52
Transform: AffineTransform_float_3_3
Parameters: 0.999999 0.000167456 -0.000872912 -0.000167543 1 0.000523146 0.000873087 -0.000522854 0.999999 0.105102 -0.0912876 0.229237
FixedParameters: 0 0 0

#Transform 53
Transform: AffineTransform_float_3_3
Parameters: 1 0.000338827 -0.00116605 -0.000339174 1 -0.000148605 0.00116595 0.000148395 1 0.0947208 -0.0477929 0.186109
FixedParameters: 0 0 0

#Transform 54
Transform: AffineTransform_float_3_3
Parameters: 0.999999 0.000920047 -0.0014706 -0.000920954 1 -0.000647647 0.0014704 0.000649354 0.999998 0.100249 -0.00179571 0.191988
FixedParameters: 0 0 0

#Transform 55
Transform: AffineTransform_float_3_3
Parameters: 0.999999 0.000589145 -0.00109592 -0.000588854 1 0.000133645 0.00109608 -0.000132354 1 0.0829899 -0.11145 0.2209
FixedParameters: 0 0 0

#Transform 56
Transform: AffineTransform_float_3_3
Parameters: 1 0.000453192 -0.00105635 -0.000454809 1 -0.000764521 0.00105665 0.00076548 0.999999 0.105852 -0.012565 0.193563
FixedParameters: 0 0 0

#Transform 57
Transform: AffineTransform_float_3_3
Parameters: 0.999999 0.000458156 -0.000785908 -0.000457843 1 0.00019936 0.00078609 -0.00019864 0.999999 0.0811474 -0.0885193 0.257052
FixedParameters: 0 0 0

#Transform 58
Transform: AffineTransform_float_3_3
Parameters: 1 0.000460016 -0.000356979 -0.000459983 1 4.61642e-05 0.000357021 -4.58358e-05 1 0.0664818 -0.0568425 0.20127
FixedParameters: 0 0 0

#Transform 59
Transform: AffineTransform_float_3_3
Parameters: 1 0.000589008 -0.000852995 -0.000588992 1 9.50241e-06 0.000853005 -8.49757e-06 0.999999 0.0801053 -0.0556439 0.281541
FixedParameters: 0 0 0

#Transform 60
Transform: AffineTransform_float_3_3
Parameters: 1 0.000589098 -0.000299807 -0.000588901 1 0.000328177 0.000300193 -0.000327823 1 0.0436504 -0.102881 0.24537
FixedParameters: 0 0 0

#Transform 61
Transform: AffineTransform_float_3_3
Parameters: 0.999999 0.000588842 -0.000519179 -0.000588158 1 -0.000303695 0.000519821 0.000304306 1 0.0488976 -0.0274048 0.253582
FixedParameters: 0 0 0

#Transform 62
Transform: AffineTransform_float_3_3
Parameters: 0.999999 0.000589579 -0.000669491 -0.000588421 1 0.000864395 0.000670509 -0.000864606 1 0.0582569 -0.0921894 0.301772
FixedParameters: 0 0 0

#Transform 63
Transform: AffineTransform_float_3_3
Parameters: 0.999999 0.000588879 -0.000775091 -0.00058812 1 -0.000155544 0.000774908 0.000155456 0.999999 0.0685225 -0.056982 0.223322
FixedParameters: 0 0 0

#Transform 64
Transform: AffineTransform_float_3_3
Parameters: 0.999999 0.000647611 -0.00112922 -0.000647389 0.999999 -0.000344269 0.00112878 0.000344731 1 0.0826018 -0.0504714 0.243709
FixedParameters: 0 0 0

#Transform 65
Transform: AffineTransform_float_3_3
Parameters: 0.999999 0.000771038 -0.000627952 -0.000770961 0.999999 6.14841e-05 0.000628046 -6.05158e-05 1 0.0464345 -0.064481 0.236272
FixedParameters: 0 0 0

#Transform 66
Transform: AffineTransform_float_3_3
Parameters: 1 0.000877749 -0.000683323 -0.000878252 1 -0.0003674 0.000682677 0.0003686 0.999999 0.0555053 -0.00683756 0.289501
FixedParameters: 0 0 0

#Transform 67
Transform: AffineTransform_float_3_3
Parameters: 1 0.00105909 -0.000188507 -0.00105891 1 0.0004652 0.000188492 -0.000464801 1 0.0130946 -0.101705 0.306644
FixedParameters: 0 0 0

#Transform 68
Transform: AffineTransform_float_3_3
Parameters: 1 0.00106905 -0.000463881 -0.00106895 1 0.000111496 0.000464118 -0.000110504 1 0.0310063 -0.0481605 0.267061
FixedParameters: 0 0 0

#Transform 69
Transform: AffineTransform_float_3_3
Parameters: 0.999999 0.00130993 0.00027634 -0.00131007 0.999999 0.000259638 -0.000275659 -0.000260361 1 -0.0192273 -0.0779969 0.349391
FixedParameters: 0 0 0

#Transform 70
Transform: AffineTransform_float_3_3
Parameters: 0.999999 0.00139091 0.000211592 -0.00139109 0.999999 0.000425706 -0.000211409 -0.000425294 1 -0.0185077 -0.0836334 0.321837
FixedParameters: 0 0 0

#Transform 71
Transform: AffineTransform_float_3_3
Parameters: 0.999998 0.00172744 -0.000768006 -0.00172656 0.999999 0.000576327 0.000768995 -0.000575673 0.999999 -0.0254951 -0.0563503 0.373716
FixedParameters: 0 0 0

#Transform 72
Transform: AffineTransform_float_3_3
Parameters: 0.999995 0.00194648 -0.00244486 -0.00193952 0.999994 0.00264875 0.00245014 -0.00264424 0.999993 -0.0624371 -0.157821 0.43447
FixedParameters: 0 0 0

#Transform 73
Transform: AffineTransform_float_3_3
Parameters: 0.999996 0.00172926 -0.00222324 -0.00172674 0.999998 0.00101784 0.00222476 -0.00101416 0.999997 -0.0407236 -0.0824586 0.403179
FixedParameters: 0 0 0

#Transform 74
Transform: AffineTransform_float_3_3
Parameters: 0.999994 0.00069636 -0.00340093 -0.000695639 1 0.000107366 0.00340107 -0.000104632 0.999994 0.0835331 -0.0706207 0.344478
FixedParameters: 0 0 0

#Transform 75
Transform: AffineTransform_float_3_3
Parameters: 0.999989 0.00124228 -0.00463114 -0.00122372 0.999992 0.00394771 0.00463586 -0.00394229 0.999981 0.136957 -0.324664 0.183973
FixedParameters: 0 0 0

#Transform 76
Transform: AffineTransform_float_3_3
Parameters: 0.999991 0.00183048 -0.00386394 -0.00182352 0.999997 0.00167906 0.00386706 -0.00167194 0.999991 0.0984679 -0.277294 0.102987
FixedParameters: 0 0 0

#Transform 77
Transform: AffineTransform_float_3_3
Parameters: 0.99999 0.00218524 -0.00371808 -0.00216976 0.999989 0.00409911 0.00372691 -0.00409089 0.999984 0.0786551 -0.421126 0.248826
FixedParameters: 0 0 0

#Transform 78
Transform: AffineTransform_float_3_3
Parameters: 0.999994 0.00164402 -0.00324845 -0.00163298 0.999993 0.00339233 0.00325355 -0.00338667 0.999989 0.089485 -0.338468 0.302484
FixedParameters: 0 0 0

#Transform 79
Transform: AffineTransform_float_3_3
Parameters: 0.999995 0.00183257 -0.00264408 -0.00182343 0.999993 0.00323984 0.00264992 -0.00323516 0.999992 0.0327359 -0.320837 0.219236
FixedParameters: 0 0 0

#Transform 80
Transform: AffineTransform_float_3_3
Parameters: 0.999996 0.00183123 -0.00246966 -0.00182377 0.999994 0.00292652 0.00247534 -0.00292148 0.999992 0.0174197 -0.282249 0.256142
FixedParameters: 0 0 0

#Transform 81
Transform: AffineTransform_float_3_3
Parameters: 0.999995 0.00224923 -0.00197981 -0.00224276 0.999991 0.00364846 0.00198819 -0.00364355 0.999992 -0.0124007 -0.252966 0.242256
FixedParameters: 0 0 0

#Transform 82
Transform: AffineTransform_float_3_3
Parameters: 0.999994 0.00174862 -0.00318347 -0.00173338 0.999986 0.00490255 0.00319153 -0.00489645 0.999983 0.043099 -0.292415 0.262258
FixedParameters: 0 0 0

#Transform 83
Transform: AffineTransform_float_3_3
Parameters: 0.999991 0.00193413 -0.00374923 -0.00191887 0.99999 0.00403423 0.00375676 -0.00402677 0.999985 0.0471964 -0.380996 0.217651
FixedParameters: 0 0 0

#Transform 84
Transform: AffineTransform_float_3_3
Parameters: 0.999992 0.00233771 -0.00345877 -0.00232428 0.999989 0.00396407 0.00346823 -0.00395593 0.999986 0.0423505 -0.312968 0.204782
FixedParameters: 0 0 0

#Transform 85
Transform: AffineTransform_float_3_3
Parameters: 0.999993 0.0026207 -0.00267754 -0.0026113 0.99999 0.00362002 0.00268746 -0.00361398 0.99999 0.00948865 -0.349189 0.309235
FixedParameters: 0 0 0

#Transform 86
Transform: AffineTransform_float_3_3
Parameters: 0.999997 0.0020972 -0.00128959 -0.0020918 0.999989 0.00401871 0.00129741 -0.00401529 0.999991 -0.041943 -0.379956 0.382277
FixedParameters: 0 0 0

#Transform 87
Transform: AffineTransform_float_3_3
Parameters: 0.999997 0.00209397 -0.000478451 -0.00209203 0.99999 0.00408501 0.000487549 -0.00408399 0.999991 -0.0611937 -0.339654 0.422752
FixedParameters: 0 0 0

#Transform 88
Transform: AffineTransform_float_3_3
Parameters: 0.999997 0.00209375 -0.000479435 -0.00209225 0.999992 0.00361501 0.000487566 -0.00361399 0.999994 -0.0544353 -0.299623 0.458389
FixedParameters: 0 0 0

#Transform 89
Transform: AffineTransform_float_3_3
Parameters: 0.999996 0.00276868 -0.000477383 -0.00276732 0.99999 0.00347533 0.000487618 -0.00347366 0.999994 -0.0617406 -0.273101 0.504674
FixedParameters: 0 0 0

#Transform 90
Transform: AffineTransform_float_3_3
Parameters: 0.999997 0.00236015 -3.99591e-05 -0.00235985 0.999992 0.00340711 4.80426e-05 -0.0034079 0.999994 -0.0781181 -0.299273 0.494624
FixedParameters: 0 0 0

#Transform 91
Transform: AffineTransform_float_3_3
Parameters: 0.999997 0.00251665 0.000122457 -0.00251735 0.999993 0.0029627 -0.000115541 -0.0029633 0.999995 -0.0857816 -0.239683 0.532987
FixedParameters: 0 0 0

#Transform 92
Transform: AffineTransform_float_3_3
Parameters: 0.999996 0.00276549 0.000513195 -0.00276651 0.999992 0.00296159 -0.000504806 -0.00296341 0.999996 -0.102301 -0.240781 0.572617
FixedParameters: 0 0 0

#Transform 93
Transform: AffineTransform_float_3_3
Parameters: 0.999996 0.0027657 0.000423613 -0.0027673 0.999992 0.00311284 -0.000414386 -0.00311416 0.999995 -0.0927197 -0.246106 0.574338
FixedParameters: 0 0 0

#Transform 94
Transform: AffineTransform_float_3_3
Parameters: 0.999996 0.00300319 0.000616869 -0.00300581 0.999991 0.00295116 -0.00060813 -0.00295284 0.999996 -0.114501 -0.212155 0.596674
FixedParameters: 0 0 0

#Transform 95
Transform: AffineTransform_float_3_3
Parameters: 0.999995 0.00296428 0.00119329 -0.00296772 0.99999 0.00313047 -0.00118371 -0.00313453 0.999995 -0.148658 -0.241008 0.65028
FixedParameters: 0 0 0

#Transform 96
Transform: AffineTransform_float_3_3
Parameters: 0.999995 0.00273866 0.0011894 -0.00274134 0.999995 0.00196875 -0.0011836 -0.00197225 0.999998 -0.125019 -0.156298 0.627642
FixedParameters: 0 0 0

#Transform 97
Transform: AffineTransform_float_3_3
Parameters: 0.999996 0.00277293 0.00119118 -0.00277608 0.999993 0.0025877 -0.00118382 -0.00259129 0.999996 -0.119078 -0.214239 0.664279
FixedParameters: 0 0 0

#Transform 98
Transform: AffineTransform_float_3_3
Parameters: 0.999996 0.00261283 0.00119099 -0.00261617 0.999993 0.00267089 -0.00118401 -0.0026731 0.999995 -0.125679 -0.214327 0.611479
FixedParameters: 0 0 0

#Transform 99
Transform: AffineTransform_float_3_3
Parameters: 0.999995 0.00285368 0.00119197 -0.00285732 0.999992 0.00279061 -0.00118403 -0.00279439 0.999996 -0.131977 -0.173776 0.681013
FixedParameters: 0 0 0

#Transform 100
Transform: AffineTransform_float_3_3
Parameters: 0.999995 0.00303019 0.00137145 -0.00303381 0.999991 0.00278385 -0.00136355 -0.00278815 0.999995 -0.162576 -0.213525 0.639068
FixedParameters: 0 0 0

#Transform 101
Transform: AffineTransform_float_3_3
Parameters: 0.999995 0.00303972 0.00107447 -0.00304228 0.999993 0.00212474 -0.00106753 -0.00212826 0.999997 -0.135408 -0.139126 0.682681
FixedParameters: 0 0 0

#Transform 102
Transform: AffineTransform_float_3_3
Parameters: 0.999994 0.00302137 0.00165149 -0.00302563 0.999992 0.00280702 -0.00164351 -0.00281198 0.999994 -0.169356 -0.198963 0.684084
FixedParameters: 0 0 0

#Transform 103
Transform: AffineTransform_float_3_3
Parameters: 0.999994 0.00305259 0.00114843 -0.00305541 0.999993 0.0021055 -0.00114256 -0.0021095 0.999997 -0.118758 -0.152275 0.669266
FixedParameters: 0 0 0

#Transform 104
Transform: AffineTransform_float_3_3
Parameters: 0.999994 0.0031868 0.00132672 -0.0031902 0.999992 0.00241778 -0.00131929 -0.00242122 0.999996 -0.145807 -0.185568 0.700131
FixedParameters: 0 0 0

#Transform 105
Transform: AffineTransform_float_3_3
Parameters: 0.999994 0.00318685 0.00138129 -0.00319015 0.999993 0.00228461 -0.00137371 -0.00228839 0.999997 -0.147734 -0.181149 0.63904
FixedParameters: 0 0 0

#Transform 106
Transform: AffineTransform_float_3_3
Parameters: 0.999995 0.00308981 0.00136823 -0.00309319 0.999993 0.00233478 -0.00136078 -0.00233922 0.999997 -0.150592 -0.158598 0.70855
FixedParameters: 0 0 0

#Transform 107
Transform: AffineTransform_float_3_3
Parameters: 0.999993 0.00335291 0.0019438 -0.00335809 0.999991 0.00262049 -0.0019352 -0.00262651 0.999994 -0.202115 -0.202186 0.671393
FixedParameters: 0 0 0

#Transform 108
Transform: AffineTransform_float_3_3
Parameters: 0.999994 0.0031153 0.00146886 -0.0031187 0.999992 0.00252043 -0.00146114 -0.00252557 0.999995 -0.156489 -0.153326 0.731395
FixedParameters: 0 0 0

#Transform 109
Transform: AffineTransform_float_3_3
Parameters: 0.999991 0.00356659 0.00222868 -0.00357141 0.99999 0.00242906 -0.00222032 -0.00243694 0.999994 -0.218433 -0.182518 0.675602
FixedParameters: 0 0 0

#Transform 110
Transform: AffineTransform_float_3_3
Parameters: 0.999992 0.00350392 0.00180301 -0.00350709 0.999993 0.00171169 -0.00179699 -0.00171731 0.999997 -0.184267 -0.110984 0.658746
FixedParameters: 0 0 0

#Transform 111
Transform: AffineTransform_float_3_3
Parameters: 0.999992 0.0035673 0.00180631 -0.0035717 0.99999 0.00260457 -0.00179669 -0.00261143 0.999995 -0.210204 -0.176116 0.692236
FixedParameters: 0 0 0

#Transform 112
Transform: AffineTransform_float_3_3
Parameters: 0.999992 0.00356888 0.00180319 -0.00357212 0.999992 0.00173057 -0.00179681 -0.00173643 0.999997 -0.201578 -0.123773 0.64358
FixedParameters: 0 0 0

#Transform 113
Transform: AffineTransform_float_3_3
Parameters: 0.999997 0.00252738 0.000550845 -0.00252762 0.999996 0.00112461 -0.000548155 -0.00112639 0.999999 -0.103988 -0.0805518 0.581979
FixedParameters: 0 0 0

#Transform 114
Transform: AffineTransform_float_3_3
Parameters: 0.999995 0.00289705 0.000656219 -0.00289795 0.999994 0.0014551 -0.000651781 -0.00145689 0.999998 -0.128872 -0.148681 0.578519
FixedParameters: 0 0 0

#Transform 115
Transform: AffineTransform_float_3_3
Parameters: 0.999992 0.00345942 0.0019125 -0.00346359 0.999992 0.00187539 -0.0019055 -0.00188161 0.999997 -0.202235 -0.117633 0.655894
FixedParameters: 0 0 0

#Transform 116
Transform: AffineTransform_float_3_3
Parameters: 0.999992 0.00390208 0.00140493 -0.00390591 0.999988 0.00279654 -0.00139307 -0.00280246 0.999995 -0.23344 -0.218272 0.543796
FixedParameters: 0 0 0

#Transform 117
Transform: AffineTransform_float_3_3
Parameters: 0.999991 0.0039022 0.00173359 -0.0039058 0.99999 0.00219625 -0.00172541 -0.00220275 0.999996 -0.229365 -0.146419 0.542541
FixedParameters: 0 0 0

#Transform 118
Transform: AffineTransform_float_3_3
Parameters: 0.999991 0.00377481 0.00197198 -0.0037802 0.99999 0.00263757 -0.00196202 -0.00264443 0.999994 -0.247224 -0.191429 0.647254
FixedParameters: 0 0 0

#Transform 119
Transform: AffineTransform_float_3_3
Parameters: 0.99999 0.00390038 0.0024988 -0.00390562 0.99999 0.00224927 -0.00249021 -0.00225874 0.999995 -0.259594 -0.156995 0.589053
FixedParameters: 0 0 0

#Transform 120
Transform: AffineTransform_float_3_3
Parameters: 0.999989 0.0039006 0.0023709 -0.00390639 0.99999 0.00227576 -0.0023621 -0.00228524 0.999994 -0.256369 -0.145752 0.660834
FixedParameters: 0 0 0

#Transform 121
Transform: AffineTransform_float_3_3
Parameters: 0.99999 0.00389952 0.00220947 -0.00390548 0.999988 0.0029354 -0.00219853 -0.0029436 0.999994 -0.253429 -0.198437 0.635356
FixedParameters: 0 0 0

#Transform 122
Transform: AffineTransform_float_3_3
Parameters: 0.99999 0.00389966 0.00246307 -0.00390634 0.999989 0.00257541 -0.00245293 -0.00258459 0.999993 -0.266597 -0.148866 0.708545
FixedParameters: 0 0 0

#Transform 123
Transform: AffineTransform_float_3_3
Parameters: 0.999998 0.000815682 0.00155412 -0.000813318 0.999999 -0.00108227 -0.00155488 0.00108173 0.999998 -0.065659 -0.0821919 0.399456
FixedParameters: 0 0 0

#Transform 124
Transform: AffineTransform_float_3_3
Parameters: 0.999994 0.00342503 0.00121541 -0.00342897 0.999991 0.00245185 -0.00120659 -0.00245615 0.999997 -0.197306 -0.176201 0.636816
FixedParameters: 0 0 0

#Transform 125
Transform: AffineTransform_float_3_3
Parameters: 0.999979 0.00489499 0.00408456 -0.00494002 0.999927 0.0110841 -0.00403044 -0.011104 0.99993 -0.347374 -0.466502 1.06721
FixedParameters: 0 0 0

#Transform 126
Transform: AffineTransform_float_3_3
Parameters: 0.999967 0.00666565 0.00475753 -0.00672036 0.999909 0.0117154 -0.00467949 -0.0117466 0.99992 -0.457506 -0.417562 1.10142
FixedParameters: 0 0 0

#Transform 127
Transform: AffineTransform_float_3_3
Parameters: 0.999978 0.00561698 0.00346248 -0.00565203 0.999932 0.0101907 -0.00340553 -0.0102094 0.999942 -0.360259 -0.390225 1.05702
FixedParameters: 0 0 0

#Transform 128
Transform: AffineTransform_float_3_3
Parameters: 0.999979 0.0052927 0.00387869 -0.00532331 0.999955 0.00784452 -0.0038373 -0.00786548 0.999961 -0.35792 -0.316013 0.944563
FixedParameters: 0 0 0

#Transform 129
Transform: AffineTransform_float_3_3
Parameters: 0.999977 0.0050481 0.00438929 -0.0050769 0.999967 0.00636886 -0.0043567 -0.00639114 0.99997 -0.380181 -0.292695 0.897602
FixedParameters: 0 0 0

#Transform 130
Transform: AffineTransform_float_3_3
Parameters: 0.999981 0.00498907 0.00379698 -0.00501193 0.99997 0.00578708 -0.00376801 -0.00580591 0.999976 -0.358332 -0.246104 0.836794
FixedParameters: 0 0 0

#Transform 131
Transform: AffineTransform_float_3_3
Parameters: 0.999981 0.00498873 0.00382224 -0.00501127 0.999971 0.00583896 -0.00379276 -0.00585804 0.999975 -0.356041 -0.268792 0.860416
FixedParameters: 0 0 0

#Transform 132
Transform: AffineTransform_float_3_3
Parameters: 0.999981 0.00479331 0.00384519 -0.00481569 0.999973 0.00565159 -0.0038178 -0.00567041 0.999976 -0.346291 -0.274362 0.816742
FixedParameters: 0 0 0

#Transform 133
Transform: AffineTransform_float_3_3
Parameters: 0.999982 0.00475356 0.00362531 -0.00477244 0.999975 0.00509479 -0.00360069 -0.00511221 0.999981 -0.33407 -0.233778 0.91082
FixedParameters: 0 0 0

#Transform 134
Transform: AffineTransform_float_3_3
Parameters: 0.999982 0.00465785 0.00394114 -0.00467816 0.999974 0.00537466 -0.00391687 -0.00539234 0.999978 -0.344228 -0.259836 0.853697
FixedParameters: 0 0 0

#Transform 135
Transform: AffineTransform_float_3_3
Parameters: 0.999987 0.00458746 0.00217775 -0.00460154 0.99997 0.00625206 -0.00214925 -0.00626194 0.999978 -0.242889 -0.271229 0.821872
FixedParameters: 0 0 0

#Transform 136
Transform: AffineTransform_float_3_3
Parameters: 0.999994 0.00359414 -0.000291807 -0.00359187 0.999969 0.0070121 0.000317192 -0.00701091 0.999976 -0.0986391 -0.354814 0.828072
FixedParameters: 0 0 0

#Transform 137
Transform: AffineTransform_float_3_3
Parameters: 0.999992 0.00358271 0.0016602 -0.00359129 0.999977 0.00562708 -0.00164081 -0.00563292 0.999983 -0.217602 -0.283554 1.02396
FixedParameters: 0 0 0

#Transform 138
Transform: AffineTransform_float_3_3
Parameters: 0.999991 0.00386726 0.00162497 -0.00387674 0.999978 0.00541275 -0.00160403 -0.00541825 0.999984 -0.232896 -0.261408 1.02471
FixedParameters: 0 0 0

#Transform 139
Transform: AffineTransform_float_3_3
Parameters: 0.999988 0.0042568 0.00247262 -0.0042712 0.999974 0.00576751 -0.00244738 -0.00577849 0.999981 -0.271167 -0.273982 0.902524
FixedParameters: 0 0 0

#Transform 140
Transform: AffineTransform_float_3_3
Parameters: 0.999988 0.00425837 0.00243324 -0.00427063 0.999978 0.00520968 -0.00241076 -0.00522033 0.999984 -0.278477 -0.233501 0.957012
FixedParameters: 0 0 0

#Transform 141
Transform: AffineTransform_float_3_3
Parameters: 0.999987 0.00425475 0.00257603 -0.00427125 0.999971 0.00633607 -0.00254896 -0.00634692 0.999976 -0.293031 -0.280808 0.914162
FixedParameters: 0 0 0

#Transform 142
Transform: AffineTransform_float_3_3
Parameters: 0.999989 0.00425994 0.00208376 -0.00427106 0.999976 0.00533116 -0.00206124 -0.00533984 0.999983 -0.259606 -0.229174 0.939719
FixedParameters: 0 0 0

#Transform 143
Transform: AffineTransform_float_3_3
Parameters: 0.999987 0.00425621 0.00259937 -0.00427079 0.999975 0.00571097 -0.00257563 -0.00572204 0.999981 -0.293868 -0.282245 0.95019
FixedParameters: 0 0 0

#Transform 144
Transform: AffineTransform_float_3_3
Parameters: 0.999985 0.00470779 0.00299703 -0.00472221 0.999976 0.00508792 -0.00297298 -0.00510207 0.999982 -0.31221 -0.211276 0.913105
FixedParameters: 0 0 0

#Transform 145
Transform: AffineTransform_float_3_3
Parameters: 0.999987 0.00420202 0.00290921 -0.00421798 0.999976 0.0055078 -0.00288578 -0.0055202 0.99998 -0.303733 -0.252099 0.968422
FixedParameters: 0 0 0

#Transform 146
Transform: AffineTransform_float_3_3
Parameters: 0.999986 0.00430411 0.00311745 -0.00432088 0.999976 0.00543061 -0.00309355 -0.00544439 0.999981 -0.304843 -0.249693 0.925635
FixedParameters: 0 0 0

#Transform 147
Transform: AffineTransform_float_3_3
Parameters: 0.999986 0.0043954 0.0029226 -0.0044116 0.999976 0.00535218 -0.0028994 -0.00536482 0.999982 -0.313325 -0.196656 0.967005
FixedParameters: 0 0 0

#Transform 148
Transform: AffineTransform_float_3_3
Parameters: 0.999986 0.0043793 0.00319281 -0.0043987 0.999973 0.00587304 -0.00316719 -0.00588696 0.999977 -0.315434 -0.281058 0.951688
FixedParameters: 0 0 0

#Transform 149
Transform: AffineTransform_float_3_3
Parameters: 0.999986 0.00464671 0.00245608 -0.00466329 0.999967 0.00667064 -0.00242492 -0.00668236 0.999974 -0.292372 -0.234051 1.14487
FixedParameters: 0 0 0

#Transform 150
Transform: AffineTransform_float_3_3
Parameters: 0.999985 0.00464741 0.00306676 -0.00466359 0.999976 0.00509578 -0.00304324 -0.00511022 0.999983 -0.314214 -0.230109 0.871642
FixedParameters: 0 0 0

#Transform 151
Transform: AffineTransform_float_3_3
Parameters: 0.999985 0.00465034 0.00289147 -0.00466366 0.99998 0.00438858 -0.00287053 -0.00440242 0.999986 -0.308038 -0.195916 0.91062
FixedParameters: 0 0 0

#Transform 152
Transform: AffineTransform_float_3_3
Parameters: 0.999984 0.00464454 0.00322773 -0.00466346 0.999972 0.00573604 -0.00320127 -0.00575096 0.999979 -0.319539 -0.251646 0.942576
FixedParameters: 0 0 0

#Transform 153
Transform: AffineTransform_float_3_3
Parameters: 0.999985 0.00464876 0.00289401 -0.00466324 0.999977 0.00493458 -0.00287099 -0.00494842 0.999983 -0.317392 -0.203507 0.879613
FixedParameters: 0 0 0

#Transform 154
Transform: AffineTransform_float_3_3
Parameters: 0.999986 0.00464883 0.00233344 -0.00466317 0.999971 0.0061032 -0.00230556 -0.0061138 0.999978 -0.310094 -0.246275 0.933145
FixedParameters: 0 0 0

#Transform 155
Transform: AffineTransform_float_3_3
Parameters: 0.999985 0.00464838 0.0028956 -0.00466362 0.999977 0.00506257 -0.00287239 -0.00507643 0.999983 -0.320588 -0.213502 0.929085
FixedParameters: 0 0 0

#Transform 156
Transform: AffineTransform_float_3_3
Parameters: 0.999989 0.0043542 0.00174611 -0.0043638 0.999977 0.00506843 -0.00172389 -0.00507556 0.999985 -0.31114 -0.178241 1.07317
FixedParameters: 0 0 0

#Transform 157
Transform: AffineTransform_float_3_3
Parameters: 0.999989 0.00437732 0.00137125 -0.00438267 0.999981 0.00416303 -0.00135275 -0.00416897 0.999991 -0.297313 -0.131495 1.09848
FixedParameters: 0 0 0

#Transform 158
Transform: AffineTransform_float_3_3
Parameters: 0.999985 0.0048657 0.00248127 -0.0048783 0.999975 0.00497597 -0.00245673 -0.00498802 0.999984 -0.339658 -0.179306 1.04748
FixedParameters: 0 0 0

#Transform 159
Transform: AffineTransform_float_3_3
Parameters: 0.999983 0.00492361 0.00311823 -0.00493638 0.999978 0.00429868 -0.00309777 -0.00431432 0.999986 -0.359045 -0.181852 0.822826
FixedParameters: 0 0 0

#Transform 160
Transform: AffineTransform_float_3_3
Parameters: 0.999982 0.0051192 0.00332226 -0.0051308 0.99998 0.00355402 -0.00330374 -0.00357098 0.999988 -0.379371 -0.154476 0.82482
FixedParameters: 0 0 0

#Transform 161
Transform: AffineTransform_float_3_3
Parameters: 0.999982 0.00497024 0.00338382 -0.00498276 0.99998 0.00377321 -0.00336518 -0.00378979 0.999987 -0.380374 -0.195515 0.730196
FixedParameters: 0 0 0

#Transform 162
Transform: AffineTransform_float_3_3
Parameters: 0.999981 0.00503791 0.00350345 -0.00505009 0.999982 0.00345137 -0.00348555 -0.00346863 0.999988 -0.376383 -0.153609 0.806211
FixedParameters: 0 0 0

#Transform 163
Transform: AffineTransform_float_3_3
Parameters: 0.999981 0.00499406 0.00366816 -0.00501094 0.999977 0.0046217 -0.00364583 -0.00464029 0.999982 -0.383656 -0.251631 0.874072
FixedParameters: 0 0 0

#Transform 164
Transform: AffineTransform_float_3_3
Parameters: 0.99998 0.00511616 0.00367077 -0.00513083 0.999978 0.00404425 -0.00364923 -0.00406375 0.999985 -0.387092 -0.187193 0.874724
FixedParameters: 0 0 0

#Transform 165
Transform: AffineTransform_float_3_3
Parameters: 0.999981 0.00511274 0.00364177 -0.00513126 0.999974 0.00502241 -0.00361623 -0.00504059 0.999981 -0.384304 -0.261786 0.877623
FixedParameters: 0 0 0

#Transform 166
Transform: AffineTransform_float_3_3
Parameters: 0.999981 0.00494752 0.00352599 -0.00496048 0.999981 0.00382458 -0.00350701 -0.00384142 0.999986 -0.369101 -0.17901 0.859404
FixedParameters: 0 0 0

#Transform 167
Transform: AffineTransform_float_3_3
Parameters: 0.999981 0.00511347 0.00359805 -0.00513054 0.999975 0.00488163 -0.00357295 -0.00489936 0.999981 -0.374925 -0.238937 0.923864
FixedParameters: 0 0 0

#Transform 168
Transform: AffineTransform_float_3_3
Parameters: 0.99998 0.0053956 0.00348541 -0.00540941 0.999977 0.00413723 -0.0034636 -0.00415577 0.999986 -0.375177 -0.213659 0.871526
FixedParameters: 0 0 0

#Transform 169
Transform: AffineTransform_float_3_3
Parameters: 0.99998 0.00511481 0.0036657 -0.00513119 0.999977 0.00442128 -0.0036433 -0.00444072 0.999983 -0.371774 -0.213396 0.968826
FixedParameters: 0 0 0

#Transform 170
Transform: AffineTransform_float_3_3
Parameters: 0.99998 0.00511218 0.0037061 -0.00513082 0.999974 0.00508609 -0.0036799 -0.00510491 0.99998 -0.365647 -0.26509 0.923559
FixedParameters: 0 0 0

#Transform 171
Transform: AffineTransform_float_3_3
Parameters: 0.999982 0.00497185 0.00334563 -0.00498515 0.99998 0.00393439 -0.00332537 -0.0039506 0.999986 -0.358071 -0.16671 0.894747
FixedParameters: 0 0 0

#Transform 172
Transform: AffineTransform_float_3_3
Parameters: 0.999981 0.00511408 0.00363889 -0.00513092 0.999976 0.00465442 -0.00361511 -0.00467358 0.999982 -0.373187 -0.258134 0.856375
FixedParameters: 0 0 0

#Transform 173
Transform: AffineTransform_float_3_3
Parameters: 0.999982 0.0050455 0.00302196 -0.00505749 0.999978 0.00414079 -0.00300104 -0.00415621 0.999987 -0.341176 -0.160993 0.884485
FixedParameters: 0 0 0

#Transform 174
Transform: AffineTransform_float_3_3
Parameters: 0.999981 0.005115 0.00327213 -0.00513099 0.999975 0.0048973 -0.00324686 -0.0049147 0.999982 -0.374163 -0.263557 0.858987
FixedParameters: 0 0 0

#Transform 175
Transform: AffineTransform_float_3_3
Parameters: 0.999983 0.00525743 0.00258257 -0.00526757 0.999979 0.00371246 -0.00256343 -0.00372554 0.99999 -0.328406 -0.148512 0.869616
FixedParameters: 0 0 0

#Transform 176
Transform: AffineTransform_float_3_3
Parameters: 0.999981 0.0051144 0.00344726 -0.0051296 0.999976 0.0045314 -0.00342375 -0.00454859 0.999984 -0.38686 -0.224567 0.894607
FixedParameters: 0 0 0

#Transform 177
Transform: AffineTransform_float_3_3
Parameters: 0.99998 0.00552186 0.00288046 -0.00553314 0.999977 0.00387414 -0.00285954 -0.00388987 0.999989 -0.354024 -0.175199 0.826708
FixedParameters: 0 0 0

#Transform 178
Transform: AffineTransform_float_3_3
Parameters: 0.99998 0.00557565 0.00293972 -0.00558635 0.999978 0.00352565 -0.00291927 -0.00354235 0.999989 -0.400074 -0.142986 0.868039
FixedParameters: 0 0 0

#Transform 179
Transform: AffineTransform_float_3_3
Parameters: 0.999979 0.00593712 0.002807 -0.00594689 0.999976 0.00352538 -0.00278601 -0.00354162 0.99999 -0.397602 -0.145268 0.818624
FixedParameters: 0 0 0

#Transform 180
Transform: AffineTransform_float_3_3
Parameters: 0.999979 0.00593916 0.00268441 -0.00594684 0.999978 0.0029211 -0.00266659 -0.0029369 0.999992 -0.398926 -0.0986663 0.882085
FixedParameters: 0 0 0

#Transform 181
Transform: AffineTransform_float_3_3
Parameters: 0.999977 0.00593479 0.00349212 -0.00594621 0.999977 0.00320831 -0.00347388 -0.00322869 0.999989 -0.44194 -0.144559 0.887978
FixedParameters: 0 0 0

#Transform 182
Transform: AffineTransform_float_3_3
Parameters: 0.999973 0.00583611 0.00431185 -0.00585088 0.999977 0.00321485 -0.00429313 -0.00324014 0.999985 -0.473095 -0.0839016 1.27587
FixedParameters: 0 0 0

#Transform 183
Transform: AffineTransform_float_3_3
Parameters: 0.999978 0.00593437 0.00315389 -0.00594664 0.999975 0.00401234 -0.00313011 -0.00403067 0.999987 -0.438889 -0.154047 0.802957
FixedParameters: 0 0 0

#Transform 184
Transform: AffineTransform_float_3_3
Parameters: 0.999977 0.00642433 0.00226202 -0.00643166 0.999975 0.00295152 -0.00224298 -0.00296548 0.999993 -0.38216 -0.0902852 0.529139
FixedParameters: 0 0 0

#Transform 185
Transform: AffineTransform_float_3_3
Parameters: 0.999976 0.0063599 0.00270289 -0.0063701 0.999972 0.00374487 -0.00267911 -0.00376213 0.99999 -0.44308 -0.163147 0.704729
FixedParameters: 0 0 0

#Transform 186
Transform: AffineTransform_float_3_3
Parameters: 0.999976 0.00633797 0.00277013 -0.00634503 0.999976 0.00253448 -0.00275487 -0.00255152 0.999993 -0.448817 -0.0984938 0.736154
FixedParameters: 0 0 0

#Transform 187
Transform: AffineTransform_float_3_3
Parameters: 0.999976 0.0063276 0.00285171 -0.00633539 0.999975 0.002946 -0.00283229 -0.00296399 0.999991 -0.461036 -0.118299 0.872297
FixedParameters: 0 0 0

#Transform 188
Transform: AffineTransform_float_3_3
Parameters: 0.999976 0.00640598 0.00280172 -0.00641503 0.999974 0.00322311 -0.00278128 -0.0032409 0.999991 -0.468382 -0.124299 0.847077
FixedParameters: 0 0 0

#Transform 189
Transform: AffineTransform_float_3_3
Parameters: 0.999974 0.00674148 0.00278884 -0.00674754 0.999975 0.00233925 -0.00277316 -0.00235776 0.999994 -0.466854 -0.0326174 0.913073
FixedParameters: 0 0 0

#Transform 190
Transform: AffineTransform_float_3_3
