#Insight Transform File V1.0
#Transform 0
Transform: AffineTransform_float_3_3
Parameters: 0.999998 -0.000998166 -0.00209249 0.000994835 0.999999 -0.00151309 0.00209451 0.00151091 0.999996 0.0312116 -0.167633 -0.365551
FixedParameters: 0 0 0

#Transform 1
Transform: AffineTransform_float_3_3
Parameters: 0.999997 -0.000700612 -0.00209246 0.000696388 0.999998 -0.00220346 0.00209454 0.00220254 0.999996 0.0266831 -0.19638 -0.441421
FixedParameters: 0 0 0

#Transform 2
Transform: AffineTransform_float_3_3
Parameters: 0.999998 -0.000968975 -0.0020917 0.000964025 0.999996 -0.00237802 0.0020943 0.00237598 0.999995 0.0308987 -0.151045 -0.428892
FixedParameters: 0 0 0

#Transform 3
Transform: AffineTransform_float_3_3
Parameters: 0.999998 -0.000939398 -0.00209248 0.000935602 0.999998 -0.00162396 0.00209452 0.00162204 0.999997 0.035599 -0.203484 -0.427406
FixedParameters: 0 0 0

#Transform 4
Transform: AffineTransform_float_3_3
Parameters: 0.999998 -0.000698775 -0.00184295 0.000696224 0.999998 -0.00150629 0.00184405 0.00150471 0.999997 0.00921373 -0.125858 -0.439961
FixedParameters: 0 0 0

#Transform 5
Transform: AffineTransform_float_3_3
Parameters: 0.999997 -0.000697468 -0.00209351 0.000695532 0.999999 -0.000701457 0.00209449 0.00070054 0.999997 0.026577 -0.201916 -0.388921
FixedParameters: 0 0 0

#Transform 6
Transform: AffineTransform_float_3_3
Parameters: 0.999997 -0.000697763 -0.00209341 0.000696237 1 -0.00084246 0.00209459 0.000841541 0.999998 0.0406651 -0.115275 -0.39051
FixedParameters: 0 0 0

#Transform 7
Transform: AffineTransform_float_3_3
Parameters: 0.999998 -0.000697251 -0.00221361 0.000695747 0.999999 -0.000566542 0.0022144 0.000564458 0.999998 0.0436209 -0.221364 -0.40803
FixedParameters: 0 0 0

#Transform 8
Transform: AffineTransform_float_3_3
Parameters: 0.999996 -0.00105588 -0.00257123 0.00105412 0.999999 -0.000730713 0.00257177 0.000728287 0.999996 0.0538746 -0.1457 -0.381143
FixedParameters: 0 0 0

#Transform 9
Transform: AffineTransform_float_3_3
Parameters: 0.999996 -0.000697671 -0.00252454 0.000696329 0.999999 -0.00066276 0.00252446 0.00066124 0.999996 0.046013 -0.193757 -0.433879
FixedParameters: 0 0 0

#Transform 10
Transform: AffineTransform_float_3_3
Parameters: 0.999996 -0.00069607 -0.00248498 0.00069593 1 -2.87295e-05 0.00248502 2.72703e-05 0.999997 0.0294162 -0.173912 -0.365968
FixedParameters: 0 0 0

#Transform 11
Transform: AffineTransform_float_3_3
Parameters: 0.999998 -0.000991398 -0.00209381 0.000990602 0.999999 -0.000191075 0.00209419 0.000188924 0.999998 0.0475848 -0.110502 -0.280929
FixedParameters: 0 0 0

#Transform 12
Transform: AffineTransform_float_3_3
Parameters: 1 0.000363589 -0.00106152 -0.000368414 0.999992 -0.00415861 0.00106048 0.00415839 0.999991 0.122601 0.0736102 0.206576
FixedParameters: 0 0 0

#Transform 13
Transform: AffineTransform_float_3_3
Parameters: 1 0.0005755 -0.00014401 -0.000575499 0.999993 -0.00349192 0.000141991 0.00349208 0.999994 0.0354165 0.157675 0.0292328
FixedParameters: 0 0 0

#Transform 14
Transform: AffineTransform_float_3_3
Parameters: 0.999996 0.000985867 0.00241461 -0.000980132 0.999996 -0.00243037 -0.00241639 0.00242763 0.999994 0.0591199 0.00990459 0.0358912
FixedParameters: 0 0 0

#Transform 15
Transform: AffineTransform_float_3_3
Parameters: 0.999999 0.000539505 0.000571582 -0.000537493 0.999996 -0.00263131 -0.000573416 0.00263069 0.999997 0.0537621 0.103351 -0.0277852
FixedParameters: 0 0 0

#Transform 16
Transform: AffineTransform_float_3_3
Parameters: 0.999999 0.00061873 0.000712501 -0.000617269 0.999997 -0.00242544 -0.000714499 0.00242556 0.999997 0.0954041 0.0458053 0.125161
FixedParameters: 0 0 0

#Transform 17
Transform: AffineTransform_float_3_3
Parameters: 1 0.000150252 0.000499625 -0.000148747 0.999997 -0.00250507 -0.000500374 0.00250592 0.999996 0.0410278 0.0863296 0.0142411
FixedParameters: 0 0 0

#Transform 18
Transform: AffineTransform_float_3_3
Parameters: 0.999999 0.000369819 0.000884241 -0.00036818 0.999998 -0.00205733 -0.000884759 0.00205667 0.999998 0.0200659 0.0038472 -0.0025651
FixedParameters: 0 0 0

#Transform 19
Transform: AffineTransform_float_3_3
Parameters: 1 6.18322e-05 -0.000106098 -6.21676e-05 0.999998 -0.00158199 0.000105902 0.00158201 0.999998 0.00073074 0.0661305 -0.0346382
FixedParameters: 0 0 0

#Transform 20
Transform: AffineTransform_float_3_3
Parameters: 1 -8.51432e-05 -0.000357966 8.48568e-05 1 -0.00040003 0.000358034 0.000399969 1 0.00485986 -0.00404989 -0.0228826
FixedParameters: 0 0 0

#Transform 21
Transform: AffineTransform_float_3_3
Parameters: 1 -3.9877e-05 -0.000152032 3.91229e-05 0.999999 0.000808994 0.000151968 -0.000809006 0.999999 0.00267046 0.0415554 0.0546984
FixedParameters: 0 0 0

#Transform 22
Transform: AffineTransform_float_3_3
Parameters: 1 -0.000376874 -0.000141335 0.000377125 0.999999 0.000888946 0.000140665 -0.000889052 0.999999 -0.00651056 -0.0414397 0.0688927
FixedParameters: 0 0 0

#Transform 23
Transform: AffineTransform_float_3_3
Parameters: 1 -3.95448e-05 -0.00030006 3.9455e-05 0.999999 0.00151699 0.00029994 -0.00151701 0.999999 -0.0274763 0.0218415 0.0787727
FixedParameters: 0 0 0

#Transform 24
Transform: AffineTransform_float_3_3
Parameters: 1 -0.000571015 1.64821e-05 0.000570984 1 0.00090701 -1.75179e-05 -0.00090699 0.999999 -0.00517078 -0.0313109 -0.0594681
FixedParameters: 0 0 0

#Transform 25
Transform: AffineTransform_float_3_3
Parameters: 1 -4.01838e-05 0.000203964 3.98162e-05 0.999999 0.000901007 -0.000204036 -0.000900991 0.999999 -0.0193782 -0.0187868 0.0651287
FixedParameters: 0 0 0

#Transform 26
Transform: AffineTransform_float_3_3
Parameters: 0.999999 -4.10033e-05 0.000778947 3.99966e-05 0.999999 0.00128803 -0.000779052 -0.00128797 0.999999 -0.0122215 -0.00564162 -0.0312501
FixedParameters: 0 0 0

#Transform 27
Transform: AffineTransform_float_3_3
Parameters: 1 -4.05802e-05 0.000508954 3.94197e-05 1 0.00114002 -0.000509045 -0.00113998 0.999999 -0.018702 -0.0323254 -0.0443018
FixedParameters: 0 0 0

#Transform 28
Transform: AffineTransform_float_3_3
Parameters: 0.999999 -0.000281042 0.000738604 0.000279957 0.999999 0.00141121 -0.000739395 -0.00141079 0.999998 0.0195211 -0.0118748 -0.0771642
FixedParameters: 0 0 0

#Transform 29
Transform: AffineTransform_float_3_3
Parameters: 0.999999 4.74514e-05 0.00093008 -4.95483e-05 0.999998 0.00166495 -0.000929919 -0.00166504 0.999998 0.0047561 -0.0403861 -0.0355038
FixedParameters: 0 0 0

#Transform 30
Transform: AffineTransform_float_3_3
Parameters: 1 -0.000464447 0.000392472 0.000463552 0.999999 0.00113818 -0.000393528 -0.00113782 1 0.0249383 -0.0132677 -0.112212
FixedParameters: 0 0 0

#Transform 31
Transform: AffineTransform_float_3_3
Parameters: 0.999999 -0.000464858 0.000571303 0.000464142 0.999999 0.00150126 -0.000571697 -0.00150173 0.999998 0.0146366 -0.0343929 -0.0926086
FixedParameters: 0 0 0

#Transform 32
Transform: AffineTransform_float_3_3
Parameters: 1 -0.000464637 0.000301019 0.000463363 0.999997 0.00211214 -0.000301979 -0.00211186 0.999997 0.0148655 -0.104019 -0.0827221
FixedParameters: 0 0 0

#Transform 33
Transform: AffineTransform_float_3_3
Parameters: 1 -0.000464465 0.000344374 0.000463535 0.999999 0.00134916 -0.000344626 -0.00134984 0.999999 -0.0461278 0.0111588 -0.26024
FixedParameters: 0 0 0

#Transform 34
Transform: AffineTransform_float_3_3
Parameters: 0.999999 -0.000464959 0.0006363 0.000464041 0.999999 0.00150629 -0.0006367 -0.0015067 0.999998 -0.134994 0.0532725 -0.64894
FixedParameters: 0 0 0

#Transform 35
Transform: AffineTransform_float_3_3
Parameters: 1 0.000369033 0.00116159 -0.00037397 0.999991 0.00427957 -0.00116041 -0.00427943 0.99999 -0.171603 -0.184852 -0.505609
FixedParameters: 0 0 0

#Transform 36
Transform: AffineTransform_float_3_3
Parameters: 0.999992 0.00228473 0.00309709 -0.00229726 0.999989 0.00396291 -0.00308791 -0.00397008 0.999988 -0.137649 -0.134548 -0.169818
FixedParameters: 0 0 0

#Transform 37
Transform: AffineTransform_float_3_3
Parameters: 0.999994 0.00345175 0.000748138 -0.00345125 0.999994 0.00032842 -0.00074686 -0.00033158 0.999999 -0.00556655 0.173761 0.252827
FixedParameters: 0 0 0

#Transform 38
Transform: AffineTransform_float_3_3
Parameters: 0.999994 0.00312317 0.000983834 -0.00312483 0.999994 0.00186594 -0.000978165 -0.00186907 0.999998 0.0191986 0.136014 0.265485
FixedParameters: 0 0 0

#Transform 39
Transform: AffineTransform_float_3_3
Parameters: 0.999996 0.00248444 0.00139258 -0.00248756 0.999995 0.00184254 -0.00138742 -0.00184546 0.999998 0.0353666 0.166695 0.213502
FixedParameters: 0 0 0

#Transform 40
Transform: AffineTransform_float_3_3
Parameters: 0.999995 0.00247957 0.00196441 -0.00248742 0.999989 0.00378713 -0.00195459 -0.00379286 0.999991 0.0222248 0.127443 0.221029
FixedParameters: 0 0 0

#Transform 41
Transform: AffineTransform_float_3_3
Parameters: 0.999995 0.00248231 0.00195298 -0.00248769 0.999994 0.00240515 -0.00194702 -0.00240985 0.999995 0.000225209 0.113119 0.149018
FixedParameters: 0 0 0

#Transform 42
Transform: AffineTransform_float_3_3
Parameters: 0.999995 0.00248184 0.00207319 -0.00248716 0.999994 0.00248886 -0.00206781 -0.00249414 0.999995 0.0209705 0.131673 0.0621437
FixedParameters: 0 0 0

#Transform 43
Transform: AffineTransform_float_3_3
Parameters: 0.999995 0.00221504 0.00215518 -0.00222197 0.999993 0.00323523 -0.00214782 -0.00323978 0.999993 0.0243862 0.0772457 0.070346
FixedParameters: 0 0 0

#Transform 44
Transform: AffineTransform_float_3_3
Parameters: 0.999996 0.00206683 0.00193553 -0.00207217 0.999995 0.002671 -0.00193047 -0.002675 0.999994 0.0281408 0.0923729 -0.0445836
FixedParameters: 0 0 0

#Transform 45
Transform: AffineTransform_float_3_3
Parameters: 0.999996 0.00226766 0.0020341 -0.00227334 0.999992 0.00312239 -0.00202691 -0.00312661 0.999993 0.0296175 0.0806193 0.0908958
FixedParameters: 0 0 0

#Transform 46
Transform: AffineTransform_float_3_3
Parameters: 0.999996 0.00206464 0.0019299 -0.00207236 0.99999 0.00381901 -0.0019221 -0.00382298 0.999991 0.0121804 0.00990259 -0.0232113
FixedParameters: 0 0 0

#Transform 47
Transform: AffineTransform_float_3_3
Parameters: 0.999996 0.0020627 0.00221669 -0.0020723 0.999989 0.00420142 -0.00220831 -0.00420557 0.999988 -0.0136794 0.0565124 -0.0181026
FixedParameters: 0 0 0

#Transform 48
Transform: AffineTransform_float_3_3
Parameters: 0.999996 0.00206323 0.00203493 -0.00207177 0.999989 0.0043178 -0.00202607 -0.0043222 0.999988 -0.00857327 -0.000106803 -0.00519549
FixedParameters: 0 0 0

#Transform 49
Transform: AffineTransform_float_3_3
Parameters: 0.999996 0.0020641 0.00185483 -0.0020719 0.999989 0.00426517 -0.00184617 -0.00426983 0.999989 -0.00706005 0.0385631 0.0423451
FixedParameters: 0 0 0

#Transform 50
Transform: AffineTransform_float_3_3
Parameters: 0.999996 0.00206446 0.00195499 -0.00207254 0.999991 0.00386096 -0.00194701 -0.00386504 0.99999 0.00167826 0.0414739 0.057042
FixedParameters: 0 0 0

#Transform 51
Transform: AffineTransform_float_3_3
Parameters: 0.999994 0.00200854 0.00262005 -0.00201845 0.99999 0.00399373 -0.00261195 -0.00399927 0.999988 -0.011613 0.116488 0.094432
FixedParameters: 0 0 0

#Transform 52
Transform: AffineTransform_float_3_3
Parameters: 0.999996 0.00176755 0.00244061 -0.00177845 0.999989 0.00428768 -0.0024324 -0.00429132 0.999988 -0.00683211 0.0179729 0.0370547
FixedParameters: 0 0 0

#Transform 53
Transform: AffineTransform_float_3_3
Parameters: 0.999995 0.00163702 0.00272762 -0.00164798 0.99999 0.00402852 -0.00272038 -0.00403247 0.999988 -0.0195641 0.0792764 -0.0248573
FixedParameters: 0 0 0

#Transform 54
Transform: AffineTransform_float_3_3
Parameters: 0.999996 0.00172828 0.00229611 -0.00173871 0.999987 0.00467303 -0.0022879 -0.00467697 0.999987 -0.0179816 0.00599135 -0.00402326
FixedParameters: 0 0 0

#Transform 55
Transform: AffineTransform_float_3_3
Parameters: 0.999996 0.00163675 0.00237479 -0.00164725 0.999988 0.00474311 -0.00236621 -0.00474689 0.999986 -0.0130315 0.0560864 -0.0181776
FixedParameters: 0 0 0

#Transform 56
Transform: AffineTransform_float_3_3
Parameters: 0.999996 0.00163824 0.00237277 -0.00164776 0.99999 0.00411811 -0.00236623 -0.00412189 0.999988 0.0018899 0.0297401 -0.0410146
FixedParameters: 0 0 0

#Transform 57
Transform: AffineTransform_float_3_3
Parameters: 0.999994 0.00163696 0.00285137 -0.00164804 0.999991 0.00387432 -0.00284463 -0.00387968 0.999989 -0.042747 0.101564 0.0151694
FixedParameters: 0 0 0

#Transform 58
Transform: AffineTransform_float_3_3
Parameters: 0.999994 0.00184146 0.00272814 -0.00185154 0.999991 0.00386597 -0.00272086 -0.00387103 0.999989 -0.0344565 0.0540187 0.0855814
FixedParameters: 0 0 0

#Transform 59
Transform: AffineTransform_float_3_3
Parameters: 0.999996 0.00175824 0.00249292 -0.00176776 0.999991 0.00391961 -0.00248609 -0.00392439 0.999989 -0.0161212 0.13264 0.053651
FixedParameters: 0 0 0

#Transform 60
Transform: AffineTransform_float_3_3
Parameters: 0.999995 0.00198639 0.00223747 -0.00199761 0.999986 0.00475055 -0.00222853 -0.00475445 0.999986 -0.00878273 0.0447534 0.0361455
FixedParameters: 0 0 0

#Transform 61
Transform: AffineTransform_float_3_3
Parameters: 0.999994 0.0017959 0.002729 -0.0018081 0.999988 0.00443709 -0.002721 -0.00444191 0.999987 -0.021865 0.0888615 0.013494
FixedParameters: 0 0 0

#Transform 62
Transform: AffineTransform_float_3_3
Parameters: 0.999996 0.00163618 0.00258153 -0.00164782 0.999988 0.00458377 -0.00257447 -0.00458824 0.999986 -0.0238389 0.0306229 0.0259476
FixedParameters: 0 0 0

#Transform 63
Transform: AffineTransform_float_3_3
Parameters: 0.999996 0.00163612 0.00254268 -0.00164788 0.999987 0.00467683 -0.00253532 -0.00468117 0.999986 -0.040998 0.10872 0.0122468
FixedParameters: 0 0 0

#Transform 64
Transform: AffineTransform_float_3_3
Parameters: 0.999996 0.00163605 0.00253476 -0.00164796 0.999988 0.00472284 -0.00252624 -0.00472616 0.999985 -0.0352378 0.0243906 0.0225578
FixedParameters: 0 0 0

#Transform 65
Transform: AffineTransform_float_3_3
Parameters: 0.999996 0.00163708 0.00238752 -0.00164792 0.999988 0.00457808 -0.00238048 -0.00458192 0.999986 -0.0341494 0.0493101 0.0559968
FixedParameters: 0 0 0

#Transform 66
Transform: AffineTransform_float_3_3
Parameters: 0.999997 0.00171846 0.00208789 -0.00172755 0.999988 0.00457841 -0.00208011 -0.00458159 0.999988 0.00748187 0.0700656 -0.0110142
FixedParameters: 0 0 0

#Transform 67
Transform: AffineTransform_float_3_3
Parameters: 0.999997 0.00163982 0.00186622 -0.00164717 0.999989 0.00438794 -0.00185879 -0.00439106 0.999988 0.0175765 -0.000108899 0.0246878
FixedParameters: 0 0 0

#Transform 68
Transform: AffineTransform_float_3_3
Parameters: 0.999996 0.00158213 0.00207479 -0.00159087 0.999989 0.00428171 -0.0020682 -0.00428528 0.999988 0.00113122 0.0515597 -0.0587243
FixedParameters: 0 0 0

#Transform 69
Transform: AffineTransform_float_3_3
Parameters: 0.999998 0.00122432 0.00170825 -0.00123268 0.999987 0.0050899 -0.00170275 -0.0050921 0.999985 -0.0404501 -0.00473742 -0.125223
FixedParameters: 0 0 0

#Transform 70
Transform: AffineTransform_float_3_3
Parameters: 0.999997 0.00140456 0.00168874 -0.00141444 0.99998 0.00619763 -0.00167926 -0.00620037 0.99998 -0.171969 -0.0253412 -0.230727
FixedParameters: 0 0 0

#Transform 71
Transform: AffineTransform_float_3_3
Parameters: 0.999995 0.00163225 0.00265375 -0.00164775 0.999981 0.00594265 -0.00264425 -0.00594734 0.999979 -0.155113 -0.085709 -0.191354
FixedParameters: 0 0 0

#Transform 72
Transform: AffineTransform_float_3_3
Parameters: 0.999995 0.00163089 0.00291963 -0.00164711 0.999982 0.00586922 -0.00290938 -0.00587378 0.999978 -0.156856 -0.0494943 -0.165068
FixedParameters: 0 0 0

#Transform 73
Transform: AffineTransform_float_3_3
Parameters: 0.999995 0.00163401 0.00265267 -0.00164799 0.999984 0.00528165 -0.00264433 -0.00528534 0.999982 -0.137863 -0.00309495 -0.2297
FixedParameters: 0 0 0

#Transform 74
Transform: AffineTransform_float_3_3
Parameters: 0.999994 0.00163063 0.00285001 -0.00164737 0.99998 0.00610334 -0.00283999 -0.00610767 0.999978 -0.139405 -0.0879246 -0.205982
FixedParameters: 0 0 0

#Transform 75
Transform: AffineTransform_float_3_3
Parameters: 0.999994 0.00163139 0.00285555 -0.0016476 0.999981 0.00582332 -0.00284545 -0.00582767 0.999979 -0.116412 -0.0261808 -0.262827
FixedParameters: 0 0 0

#Transform 76
Transform: AffineTransform_float_3_3
Parameters: 0.999995 0.00163082 0.00265463 -0.00164718 0.999977 0.00648066 -0.00264438 -0.00648534 0.999976 -0.0815537 -0.0843589 -0.208945
FixedParameters: 0 0 0

#Transform 77
Transform: AffineTransform_float_3_3
Parameters: 0.999994 0.00162933 0.00325741 -0.00164767 0.999982 0.00573667 -0.0032486 -0.00574233 0.999978 -0.107901 -0.029962 -0.302497
FixedParameters: 0 0 0

#Transform 78
Transform: AffineTransform_float_3_3
Parameters: 0.999994 0.00162851 0.00325981 -0.0016475 0.99998 0.00598667 -0.00325019 -0.00599133 0.999977 -0.102351 -0.0884294 -0.252376
FixedParameters: 0 0 0

#Transform 79
Transform: AffineTransform_float_3_3
Parameters: 0.999993 0.00162618 0.00333074 -0.00164782 0.999977 0.00655956 -0.00332026 -0.00656444 0.999973 -0.111844 -0.0995428 -0.261741
FixedParameters: 0 0 0

#Transform 80
Transform: AffineTransform_float_3_3
Parameters: 0.999992 0.00122437 0.00362372 -0.00124662 0.999979 0.00624753 -0.00361628 -0.00625247 0.999974 -0.0935334 -0.0179742 -0.162466
FixedParameters: 0 0 0

#Transform 81
Transform: AffineTransform_float_3_3
Parameters: 0.999993 0.00116266 0.00336874 -0.00118234 0.999983 0.00574505 -0.00336226 -0.00574894 0.999978 -0.0536272 0.00980119 -0.0318704
FixedParameters: 0 0 0

#Transform 82
Transform: AffineTransform_float_3_3
Parameters: 0.999994 0.0012248 0.00344198 -0.0012462 0.999979 0.00645376 -0.00343403 -0.00645825 0.999973 -0.0741151 0.0343988 -0.0843053
FixedParameters: 0 0 0

#Transform 83
Transform: AffineTransform_float_3_3
Parameters: 0.999994 0.00105379 0.00335306 -0.00107621 0.999978 0.00662944 -0.00334594 -0.00663257 0.999973 -0.0609925 -0.0230983 -0.0973439
FixedParameters: 0 0 0

#Transform 84
Transform: AffineTransform_float_3_3
Parameters: 0.999993 0.00122448 0.00334832 -0.00124652 0.999977 0.00673187 -0.00333968 -0.00673513 0.999971 -0.0667255 0.0663458 -0.145546
FixedParameters: 0 0 0

#Transform 85
Transform: AffineTransform_float_3_3
Parameters: 0.999993 0.00122298 0.00338278 -0.00124702 0.999974 0.00710783 -0.00337422 -0.00711217 0.999969 -0.0725918 -0.055459 -0.0967391
FixedParameters: 0 0 0

#Transform 86
Transform: AffineTransform_float_3_3
Parameters: 0.999992 0.00122061 0.00362499 -0.00124639 0.999972 0.00728553 -0.00361601 -0.00729046 0.999967 -0.0493642 0.0122654 -0.185095
FixedParameters: 0 0 0

#Transform 87
Transform: AffineTransform_float_3_3
Parameters: 0.999992 0.00122042 0.00362505 -0.00124657 0.999973 0.00733753 -0.00361594 -0.00734247 0.999966 -0.0683031 -0.0538346 -0.134301
FixedParameters: 0 0 0

#Transform 88
Transform: AffineTransform_float_3_3
Parameters: 0.999995 0.00124149 0.00269454 -0.00124651 0.999997 0.00204365 -0.00269146 -0.00204635 0.999995 -0.0689929 0.275637 0.600704
FixedParameters: 0 0 0

#Transform 89
Transform: AffineTransform_float_3_3
Parameters: 0.999993 0.00110186 0.00361941 -0.00111214 0.999994 0.00307699 -0.00361659 -0.00308101 0.999988 -0.123828 -0.0191207 0.466357
FixedParameters: 0 0 0

#Transform 90
Transform: AffineTransform_float_3_3
Parameters: 0.999993 0.00123698 0.00350855 -0.00124703 0.999995 0.00285664 -0.00350545 -0.00286036 0.99999 -0.157257 0.0610454 0.434167
FixedParameters: 0 0 0

#Transform 91
Transform: AffineTransform_float_3_3
Parameters: 0.999991 0.000803739 0.00420473 -0.00082226 0.999989 0.00458058 -0.00420127 -0.00458442 0.99998 -0.155937 0.0112378 0.385108
FixedParameters: 0 0 0

#Transform 92
Transform: AffineTransform_float_3_3
Parameters: 0.999988 0.000800886 0.00487169 -0.000822116 0.99999 0.00453905 -0.00486832 -0.00454296 0.999978 -0.161023 0.111494 0.312317
FixedParameters: 0 0 0

#Transform 93
Transform: AffineTransform_float_3_3
Parameters: 0.999987 0.000792062 0.00504596 -0.000822937 0.999981 0.00613193 -0.00504105 -0.00613607 0.999969 -0.162247 0.0166527 0.321987
FixedParameters: 0 0 0

#Transform 94
Transform: AffineTransform_float_3_3
Parameters: 0.999987 0.000387798 0.00512687 -0.000424202 0.999975 0.00706192 -0.00512413 -0.00706408 0.999962 -0.163476 0.087005 0.292927
FixedParameters: 0 0 0

#Transform 95
Transform: AffineTransform_float_3_3
Parameters: 0.999983 0.000312535 0.00573971 -0.000359461 0.999967 0.00809507 -0.00573727 -0.00809793 0.999951 -0.144806 -0.00894499 0.389378
FixedParameters: 0 0 0

#Transform 96
Transform: AffineTransform_float_3_3
Parameters: 0.999987 0.0003997 0.00506091 -0.000434294 0.999976 0.00697589 -0.00505709 -0.00697811 0.999963 -0.125018 0.116898 0.215967
FixedParameters: 0 0 0

#Transform 97
Transform: AffineTransform_float_3_3
Parameters: 0.999983 0.00147321 0.00552067 -0.00150979 0.999978 0.00648377 -0.00551132 -0.00649222 0.999963 -0.188539 0.10922 -0.273449
FixedParameters: 0 0 0

#Transform 98
Transform: AffineTransform_float_3_3
Parameters: 0.999976 0.00148658 0.00678957 -0.00156941 0.999925 0.0121496 -0.00677042 -0.0121604 0.999903 -0.27669 -0.0437659 -1.0216
FixedParameters: 0 0 0

#Transform 99
Transform: AffineTransform_float_3_3
Parameters: 0.999967 0.00183955 0.0079404 -0.00194945 0.999901 0.013925 -0.0079136 -0.01394 0.999871 -0.340463 -0.328551 -1.0617
FixedParameters: 0 0 0

#Transform 100
Transform: AffineTransform_float_3_3
Parameters: 0.999965 0.00294981 0.00774008 -0.00307219 0.999868 0.0159528 -0.00769193 -0.0159762 0.999843 -0.31474 -0.414055 -0.934626
FixedParameters: 0 0 0

#Transform 101
Transform: AffineTransform_float_3_3
Parameters: 0.999965 0.00192798 0.0082288 -0.00205101 0.999886 0.0149677 -0.00819821 -0.0149843 0.999854 -0.272115 -0.204028 -0.604298
FixedParameters: 0 0 0

#Transform 102
Transform: AffineTransform_float_3_3
Parameters: 0.999979 0.00299447 0.0057091 -0.00306554 0.999917 0.0125628 -0.00567091 -0.0125792 0.999905 -0.239105 -0.159036 -0.596027
FixedParameters: 0 0 0

#Transform 103
Transform: AffineTransform_float_3_3
Parameters: 0.999981 0.00299553 0.00541757 -0.00306546 0.99991 0.0130456 -0.00537744 -0.0130624 0.9999 -0.21874 -0.20574 -0.470749
FixedParameters: 0 0 0

#Transform 104
Transform: AffineTransform_float_3_3
Parameters: 0.999979 0.00299164 0.00571058 -0.00306536 0.99991 0.0130578 -0.00567043 -0.0130752 0.999899 -0.217776 -0.146621 -0.492688
FixedParameters: 0 0 0

#Transform 105
Transform: AffineTransform_float_3_3
Parameters: 0.99998 0.00277954 0.00570886 -0.00285545 0.999906 0.013428 -0.00567114 -0.013444 0.999893 -0.214204 -0.152471 -0.434112
FixedParameters: 0 0 0

#Transform 106
Transform: AffineTransform_float_3_3
Parameters: 0.99998 0.00288584 0.00571014 -0.00296216 0.999906 0.0133744 -0.00567087 -0.0133906 0.999895 -0.201608 -0.122161 -0.481318
FixedParameters: 0 0 0

#Transform 107
Transform: AffineTransform_float_3_3
Parameters: 0.999983 0.00257331 0.00521643 -0.00263969 0.999915 0.0128185 -0.00518257 -0.0128326 0.999904 -0.167822 -0.0309243 -0.447704
FixedParameters: 0 0 0

#Transform 108
Transform: AffineTransform_float_3_3
Parameters: 0.999982 0.00289531 0.00522338 -0.00296668 0.999901 0.0137687 -0.00518262 -0.0137842 0.999891 -0.155681 -0.176189 -0.400295
FixedParameters: 0 0 0

#Transform 109
Transform: AffineTransform_float_3_3
Parameters: 0.999983 0.00268158 0.00521978 -0.0027524 0.999904 0.0135299 -0.00518221 -0.0135441 0.999895 -0.142387 -0.0902853 -0.539746
FixedParameters: 0 0 0

#Transform 110
Transform: AffineTransform_float_3_3
Parameters: 0.999983 0.0028347 0.00522178 -0.00290429 0.999904 0.0135051 -0.00518223 -0.0135199 0.999895 -0.130643 -0.178669 -0.404609
FixedParameters: 0 0 0

#Transform 111
Transform: AffineTransform_float_3_3
Parameters: 0.999986 0.00258127 0.0045796 -0.00263973 0.999914 0.0128641 -0.0045464 -0.0128759 0.999907 -0.125095 -0.12017 -0.464138
FixedParameters: 0 0 0

#Transform 112
Transform: AffineTransform_float_3_3
Parameters: 0.999986 0.00257864 0.00458109 -0.00264036 0.999906 0.0134391 -0.00454591 -0.0134509 0.999899 -0.119606 -0.176353 -0.365808
FixedParameters: 0 0 0

#Transform 113
Transform: AffineTransform_float_3_3
Parameters: 0.999988 0.00258581 0.00421969 -0.00264018 0.999914 0.012888 -0.00418531 -0.012899 0.999908 -0.11718 -0.127735 -0.434111
FixedParameters: 0 0 0

#Transform 114
Transform: AffineTransform_float_3_3
Parameters: 0.999988 0.00257975 0.00430667 -0.00264024 0.999898 0.0140438 -0.00426933 -0.0140552 0.999892 -0.117207 -0.138029 -0.310131
FixedParameters: 0 0 0

#Transform 115
Transform: AffineTransform_float_3_3
Parameters: 0.999986 0.00257779 0.00461828 -0.00264022 0.999905 0.013515 -0.00458372 -0.013527 0.999898 -0.120074 -0.149758 -0.41235
FixedParameters: 0 0 0

#Transform 116
Transform: AffineTransform_float_3_3
Parameters: 0.999987 0.00258214 0.00436475 -0.00263986 0.999908 0.0133026 -0.00433025 -0.0133134 0.999902 -0.118024 -0.147658 -0.381454
FixedParameters: 0 0 0

#Transform 117
Transform: AffineTransform_float_3_3
Parameters: 0.999987 0.0026363 0.00449179 -0.0026987 0.999902 0.0137871 -0.0044542 -0.0137989 0.999895 -0.126266 -0.141767 -0.409714
FixedParameters: 0 0 0

#Transform 118
Transform: AffineTransform_float_3_3
Parameters: 0.999986 0.00275384 0.00462283 -0.00281715 0.999899 0.0139302 -0.00458319 -0.0139428 0.999893 -0.122478 -0.137102 -0.355411
FixedParameters: 0 0 0

#Transform 119
Transform: AffineTransform_float_3_3
Parameters: 0.999986 0.00257797 0.00461917 -0.00264003 0.999905 0.013474 -0.00458383 -0.013486 0.999898 -0.119995 -0.133744 -0.415733
FixedParameters: 0 0 0

#Transform 120
Transform: AffineTransform_float_3_3
Parameters: 0.999986 0.00278804 0.00462195 -0.00284995 0.999906 0.013454 -0.00458305 -0.013467 0.999899 -0.123066 -0.116944 -0.398332
FixedParameters: 0 0 0

#Transform 121
Transform: AffineTransform_float_3_3
Parameters: 0.999986 0.00257567 0.00462045 -0.00264032 0.999899 0.013971 -0.00458354 -0.013983 0.999891 -0.0943845 -0.137518 -0.409098
FixedParameters: 0 0 0

#Transform 122
Transform: AffineTransform_float_3_3
Parameters: 0.999988 0.00258474 0.00415588 -0.00264026 0.999908 0.0133462 -0.00412111 -0.0133578 0.999903 -0.0904813 -0.106123 -0.395089
FixedParameters: 0 0 0

#Transform 123
Transform: AffineTransform_float_3_3
Parameters: 0.999988 0.00278065 0.0040773 -0.00283534 0.999903 0.0136326 -0.0040387 -0.0136444 0.999899 -0.116558 -0.157965 -0.396858
FixedParameters: 0 0 0

#Transform 124
Transform: AffineTransform_float_3_3
Parameters: 0.999985 0.00257718 0.00483501 -0.00263981 0.999911 0.0130304 -0.00480099 -0.0130436 0.999904 -0.163211 -0.0691619 -0.4083
FixedParameters: 0 0 0

#Transform 125
Transform: AffineTransform_float_3_3
Parameters: 0.999985 0.00257069 0.00478588 -0.00264032 0.999891 0.0145336 -0.00474811 -0.0145454 0.999883 -0.122297 -0.165064 -0.333259
FixedParameters: 0 0 0

#Transform 126
Transform: AffineTransform_float_3_3
Parameters: 0.999987 0.00258154 0.00428873 -0.00263944 0.999903 0.0136809 -0.00425227 -0.0136922 0.999897 -0.118931 -0.0929824 -0.414849
FixedParameters: 0 0 0

#Transform 127
Transform: AffineTransform_float_3_3
Parameters: 0.999987 0.00257803 0.00442766 -0.00263997 0.999898 0.0140475 -0.00439133 -0.0140595 0.999891 -0.100645 -0.168771 -0.344016
FixedParameters: 0 0 0

#Transform 128
Transform: AffineTransform_float_3_3
Parameters: 0.999987 0.00258378 0.00422291 -0.00264022 0.999907 0.013362 -0.00418808 -0.013373 0.999902 -0.0913601 -0.084174 -0.413421
FixedParameters: 0 0 0

#Transform 129
Transform: AffineTransform_float_3_3
Parameters: 0.999988 0.00257806 0.00427993 -0.00263994 0.999891 0.0145299 -0.00424208 -0.0145411 0.999886 -0.105108 -0.172173 -0.3483
FixedParameters: 0 0 0

#Transform 130
Transform: AffineTransform_float_3_3
Parameters: 0.999987 0.00258054 0.00437066 -0.00263945 0.999904 0.0136536 -0.00433435 -0.0136644 0.999897 -0.105121 -0.0936529 -0.372015
FixedParameters: 0 0 0

#Transform 131
Transform: AffineTransform_float_3_3
Parameters: 0.999987 0.00258017 0.00426378 -0.00263983 0.999898 0.0140859 -0.00422722 -0.0140971 0.999891 -0.113816 -0.160563 -0.354425
FixedParameters: 0 0 0

#Transform 132
Transform: AffineTransform_float_3_3
Parameters: 0.999988 0.00239219 0.00444571 -0.00245182 0.999906 0.0134973 -0.0044133 -0.0135077 0.999899 -0.116682 -0.0892372 -0.397906
FixedParameters: 0 0 0

#Transform 133
Transform: AffineTransform_float_3_3
Parameters: 0.999988 0.00258276 0.00419776 -0.00264022 0.999903 0.0136871 -0.00416124 -0.0136979 0.999897 -0.115077 -0.163208 -0.336309
FixedParameters: 0 0 0

#Transform 134
Transform: AffineTransform_float_3_3
Parameters: 0.999988 0.00258337 0.00415872 -0.00263963 0.999903 0.0136692 -0.00412329 -0.0136798 0.999898 -0.11453 -0.0453685 -0.347949
FixedParameters: 0 0 0

#Transform 135
Transform: AffineTransform_float_3_3
Parameters: 0.999988 0.00258054 0.00414957 -0.00263945 0.999893 0.0143872 -0.00411144 -0.0143978 0.999888 -0.101987 -0.145978 -0.335536
FixedParameters: 0 0 0

#Transform 136
Transform: AffineTransform_float_3_3
Parameters: 0.999987 0.00258103 0.0042583 -0.00263998 0.9999 0.0139009 -0.00422269 -0.0139121 0.999895 -0.076538 -0.0878367 -0.413477
FixedParameters: 0 0 0

#Transform 137
Transform: AffineTransform_float_3_3
Parameters: 0.999987 0.0025767 0.00440068 -0.00264031 0.999893 0.0144396 -0.00436332 -0.0144504 0.999886 -0.102623 -0.177619 -0.33364
FixedParameters: 0 0 0

#Transform 138
Transform: AffineTransform_float_3_3
Parameters: 0.999988 0.00244273 0.00410364 -0.00250028 0.999898 0.0140099 -0.00406936 -0.0140201 0.999894 -0.104987 -0.0862895 -0.36209
FixedParameters: 0 0 0

#Transform 139
Transform: AffineTransform_float_3_3
Parameters: 0.999988 0.00258283 0.00415013 -0.00264017 0.999901 0.0138302 -0.00411386 -0.0138408 0.999895 -0.0902557 -0.146066 -0.323416
FixedParameters: 0 0 0

#Transform 140
Transform: AffineTransform_float_3_3
Parameters: 0.999988 0.00258335 0.0041052 -0.00263965 0.9999 0.0138553 -0.0040688 -0.0138657 0.999895 -0.107238 -0.111285 -0.369855
FixedParameters: 0 0 0

#Transform 141
Transform: AffineTransform_float_3_3
Parameters: 0.999988 0.0025813 0.00414019 -0.0026397 0.999895 0.0142372 -0.00410282 -0.0142478 0.99989 -0.0952668 -0.162963 -0.343743
FixedParameters: 0 0 0

#Transform 142
Transform: AffineTransform_float_3_3
Parameters: 0.999987 0.00257651 0.00456542 -0.0026395 0.999899 0.0139551 -0.00452959 -0.0139669 0.999892 -0.0751095 -0.111052 -0.394053
FixedParameters: 0 0 0

#Transform 143
Transform: AffineTransform_float_3_3
Parameters: 0.999988 0.0025837 0.00399795 -0.0026403 0.999896 0.0141416 -0.00396104 -0.0141514 0.999892 -0.0864461 -0.0950838 -0.353018
FixedParameters: 0 0 0

#Transform 144
Transform: AffineTransform_float_3_3
Parameters: 0.99999 0.00258757 0.00365469 -0.00263943 0.999892 0.0144145 -0.00361732 -0.0144245 0.99989 -0.0682657 -0.128701 -0.336437
FixedParameters: 0 0 0

#Transform 145
Transform: AffineTransform_float_3_3
Parameters: 0.99999 0.00258775 0.0038021 -0.00264027 0.999901 0.0138041 -0.0037669 -0.0138139 0.999898 -0.0691289 -0.105482 -0.297065
FixedParameters: 0 0 0

#Transform 146
Transform: AffineTransform_float_3_3
Parameters: 0.99999 0.0025879 0.00370395 -0.0026401 0.999896 0.0141304 -0.00366705 -0.0141396 0.999894 -0.0687074 -0.117525 -0.355785
FixedParameters: 0 0 0

#Transform 147
Transform: AffineTransform_float_3_3
Parameters: 0.99999 0.00265466 0.00373595 -0.00270935 0.999886 0.014887 -0.00369606 -0.014897 0.999882 -0.0858641 -0.117118 -0.261203
FixedParameters: 0 0 0

#Transform 148
Transform: AffineTransform_float_3_3
Parameters: 0.999989 0.0025855 0.00390564 -0.00263951 0.999899 0.0140159 -0.00386937 -0.0140252 0.999894 -0.100743 -0.109812 -0.333626
FixedParameters: 0 0 0

#Transform 149
Transform: AffineTransform_float_3_3
Parameters: 0.999989 0.00258471 0.00391903 -0.00264029 0.999896 0.0141688 -0.00388197 -0.0141792 0.999892 -0.0904668 -0.133809 -0.330861
FixedParameters: 0 0 0

#Transform 150
Transform: AffineTransform_float_3_3
Parameters: 0.999989 0.00258189 0.00405459 -0.0026401 0.999893 0.0143915 -0.00401641 -0.0144025 0.999888 -0.0783695 -0.125358 -0.351684
FixedParameters: 0 0 0

#Transform 151
Transform: AffineTransform_float_3_3
Parameters: 0.999989 0.00258489 0.0038684 -0.0026401 0.999894 0.0143089 -0.0038306 -0.0143191 0.99989 -0.0697223 -0.111664 -0.323639
FixedParameters: 0 0 0

#Transform 152
Transform: AffineTransform_float_3_3
Parameters: 0.99999 0.00258536 0.00369187 -0.00263964 0.999886 0.0148724 -0.00365313 -0.0148826 0.999882 -0.0718088 -0.163346 -0.332546
FixedParameters: 0 0 0

#Transform 153
Transform: AffineTransform_float_3_3
Parameters: 0.99999 0.00258965 0.00362847 -0.00264036 0.9999 0.0139416 -0.00359253 -0.0139514 0.999896 -0.0679264 -0.0752694 -0.331803
FixedParameters: 0 0 0

#Transform 154
Transform: AffineTransform_float_3_3
Parameters: 0.99999 0.00242851 0.00373896 -0.00248249 0.99989 0.0146389 -0.00370304 -0.0146481 0.999886 -0.0316407 -0.155925 -0.329255
FixedParameters: 0 0 0

#Transform 155
Transform: AffineTransform_float_3_3
Parameters: 0.99999 0.00259149 0.00351429 -0.00263951 0.999901 0.0138699 -0.00347771 -0.0138791 0.999897 -0.0549174 -0.0963494 -0.324324
FixedParameters: 0 0 0

#Transform 156
Transform: AffineTransform_float_3_3
Parameters: 0.999991 0.0025932 0.00320346 -0.00263981 0.999888 0.0146927 -0.00316554 -0.0147003 0.999887 -0.0287773 -0.130293 -0.338153
FixedParameters: 0 0 0

#Transform 157
Transform: AffineTransform_float_3_3
Parameters: 0.99999 0.00284015 0.00349049 -0.00288784 0.999901 0.0137811 -0.00345052 -0.0137909 0.999899 -0.0508287 -0.0429323 -0.427518
FixedParameters: 0 0 0

#Transform 158
Transform: AffineTransform_float_3_3
Parameters: 0.999989 0.00297924 0.00362205 -0.00303176 0.999888 0.0146492 -0.00357796 -0.0146598 0.999886 -0.0714363 -0.190214 -0.390552
FixedParameters: 0 0 0

#Transform 159
Transform: AffineTransform_float_3_3
Parameters: 0.999991 0.00289609 0.00310965 -0.0029359 0.999913 0.012907 -0.00307135 -0.012916 0.999912 -0.0838943 -0.177332 -0.42062
FixedParameters: 0 0 0

#Transform 160
Transform: AffineTransform_float_3_3
Parameters: 0.999991 0.00259302 0.00340925 -0.00263997 0.9999 0.0138481 -0.00337275 -0.0138569 0.999899 -0.0740437 -0.148655 -0.390394
FixedParameters: 0 0 0

#Transform 161
Transform: AffineTransform_float_3_3
Parameters: 0.999992 0.00259338 0.00326656 -0.00263961 0.999893 0.0143495 -0.00322844 -0.0143585 0.999891 -0.0714954 -0.197734 -0.381757
FixedParameters: 0 0 0

#Transform 162
Transform: AffineTransform_float_3_3
Parameters: 0.999991 0.00253656 0.00342541 -0.00258545 0.999895 0.0142113 -0.00338959 -0.0142207 0.999893 -0.0630158 -0.0736066 -0.386044
FixedParameters: 0 0 0

#Transform 163
Transform: AffineTransform_float_3_3
Parameters: 0.999991 0.00239037 0.00355169 -0.00244364 0.999882 0.0151745 -0.00351531 -0.0151825 0.999878 -0.0620259 -0.154738 -0.389106
FixedParameters: 0 0 0

#Transform 164
Transform: AffineTransform_float_3_3
Parameters: 0.999993 0.0023964 0.00312196 -0.00244061 0.999899 0.0140395 -0.00308803 -0.0140465 0.999896 -0.0584169 -0.0715864 -0.358794
FixedParameters: 0 0 0

#Transform 165
Transform: AffineTransform_float_3_3
Parameters: 0.999992 0.0027376 0.00288581 -0.00278141 0.999882 0.0151461 -0.00284419 -0.0151539 0.999881 -0.0365847 -0.174001 -0.388665
FixedParameters: 0 0 0

#Transform 166
Transform: AffineTransform_float_3_3
Parameters: 0.999992 0.0025538 0.00315315 -0.00259919 0.999892 0.0144139 -0.00311585 -0.0144221 0.999891 -0.0447421 -0.0931706 -0.401644
FixedParameters: 0 0 0

#Transform 167
Transform: AffineTransform_float_3_3
Parameters: 0.999992 0.00273686 0.00292593 -0.00278114 0.99988 0.015191 -0.00288407 -0.015199 0.999881 -0.0238545 -0.199983 -0.408906
FixedParameters: 0 0 0

#Transform 168
Transform: AffineTransform_float_3_3
Parameters: 0.999993 0.00231891 0.00291957 -0.00236309 0.999882 0.0151912 -0.00288343 -0.0151978 0.999881 -0.040468 -0.0893219 -0.47123
FixedParameters: 0 0 0

#Transform 169
Transform: AffineTransform_float_3_3
Parameters: 0.999993 0.00232453 0.00292077 -0.00237046 0.999874 0.0156622 -0.00288322 -0.0156688 0.999873 -0.0409162 -0.240416 -0.443968
FixedParameters: 0 0 0

#Transform 170
Transform: AffineTransform_float_3_3
Parameters: 0.999993 0.00253117 0.00252057 -0.00256884 0.999883 0.0151226 -0.00248243 -0.0151284 0.999882 -0.0307387 -0.127322 -0.45387
FixedParameters: 0 0 0

#Transform 171
Transform: AffineTransform_float_3_3
Parameters: 0.999993 0.0024696 0.0027299 -0.0025134 0.999868 0.0160112 -0.0026901 -0.0160177 0.999868 -0.033818 -0.225474 -0.43877
FixedParameters: 0 0 0

#Transform 172
Transform: AffineTransform_float_3_3
Parameters: 0.999994 0.00254387 0.00245119 -0.00258212 0.999874 0.0156778 -0.00241081 -0.0156842 0.999874 -0.0230311 -0.11555 -0.480148
FixedParameters: 0 0 0

#Transform 173
Transform: AffineTransform_float_3_3
Parameters: 0.999993 0.00273872 0.00262877 -0.00278128 0.999864 0.0162158 -0.00258423 -0.0162232 0.999865 -0.0262759 -0.233663 -0.472392
FixedParameters: 0 0 0

#Transform 174
Transform: AffineTransform_float_3_3
Parameters: 0.999993 0.00274276 0.00249864 -0.00278125 0.999877 0.0154332 -0.00245636 -0.0154398 0.999878 -0.0439933 -0.108005 -0.484462
FixedParameters: 0 0 0

#Transform 175
Transform: AffineTransform_float_3_3
Parameters: 0.999993 0.00274394 0.00233722 -0.00278107 0.999868 0.0160036 -0.00229378 -0.0160094 0.999869 -0.0334124 -0.217668 -0.45676
FixedParameters: 0 0 0

#Transform 176
Transform: AffineTransform_float_3_3
Parameters: 0.999995 0.00275198 0.00193103 -0.00278102 0.999881 0.0151887 -0.00188897 -0.0151943 0.999883 -0.0230886 -0.134429 -0.496395
FixedParameters: 0 0 0

#Transform 177
Transform: AffineTransform_float_3_3
Parameters: 0.999994 0.00274814 0.00202536 -0.00278186 0.999862 0.0164045 -0.00197962 -0.0164106 0.999864 -0.0235132 -0.231337 -0.47619
FixedParameters: 0 0 0

#Transform 178
Transform: AffineTransform_float_3_3
Parameters: 0.999995 0.00275502 0.00157242 -0.00278099 0.999855 0.0167667 -0.00152658 -0.0167713 0.999858 -0.0380446 -0.154359 -0.81083
FixedParameters: 0 0 0

#Transform 179
Transform: AffineTransform_float_3_3
Parameters: 0.999995 0.00250657 0.00198655 -0.00254244 0.999834 0.01804 -0.00194144 -0.018045 0.999836 -0.0376383 -0.267011 -0.77914
FixedParameters: 0 0 0

#Transform 180
Transform: AffineTransform_float_3_3
Parameters: 0.999996 0.0023402 0.00156724 -0.0023658 0.999858 0.0166714 -0.00152777 -0.0166746 0.99986 -0.0134979 -0.181536 -0.63123
FixedParameters: 0 0 0

#Transform 181
Transform: AffineTransform_float_3_3
Parameters: 0.999996 0.00229163 0.00151856 -0.00231838 0.999843 0.0175966 -0.00147843 -0.0176005 0.999844 -0.00957823 -0.206349 -0.602694
FixedParameters: 0 0 0

#Transform 182
Transform: AffineTransform_float_3_3
Parameters: 0.999996 0.00219861 0.00164172 -0.0022264 0.999845 0.0174954 -0.00160329 -0.0174996 0.999845 -0.00374308 -0.206091 -0.640996
FixedParameters: 0 0 0

#Transform 183
Transform: AffineTransform_float_3_3
Parameters: 0.999997 0.0022915 0.00148219 -0.0023165 0.999845 0.0174386 -0.00144182 -0.0174424 0.999847 0.00199893 -0.179231 -0.61579
FixedParameters: 0 0 0

#Transform 184
Transform: AffineTransform_float_3_3
Parameters: 0.999996 0.00246267 0.00175774 -0.00249431 0.999834 0.0180477 -0.00171226 -0.0180523 0.999836 -0.00197273 -0.252052 -0.595231
FixedParameters: 0 0 0

#Transform 185
Transform: AffineTransform_float_3_3
Parameters: 0.999995 0.00239299 0.00176346 -0.002423 0.999849 0.0172138 -0.00172154 -0.0172182 0.999851 0.00800065 -0.155879 -0.63248
FixedParameters: 0 0 0

#Transform 186
Transform: AffineTransform_float_3_3
Parameters: 0.999996 0.00223414 0.00172082 -0.00226486 0.999833 0.0181432 -0.00168018 -0.0181468 0.999834 0.0269289 -0.288269 -0.6179
FixedParameters: 0 0 0

#Transform 187
Transform: AffineTransform_float_3_3
Parameters: 0.999997 0.00213249 0.00155796 -0.00215952 0.99985 0.0172207 -0.00152104 -0.0172233 0.99985 0.0301463 -0.184792 -0.630778
FixedParameters: 0 0 0

#Transform 188
Transform: AffineTransform_float_3_3
