#Insight Transform File V1.0
#Transform 0
Transform: AffineTransform_float_3_3
Parameters: 1 0 0 0 1 0.00025 0 -0.00025 1 0 -0.00500776 0.0208067
FixedParameters: 0 0 0

#Transform 1
Transform: AffineTransform_float_3_3
Parameters: 1 -0.000116985 -8.90191e-05 0.000117015 1 0.00016299 8.89809e-05 -0.00016301 1 0.00994047 -0.00299186 -0.0422425
FixedParameters: 0 0 0

#Transform 2
Transform: AffineTransform_float_3_3
Parameters: 1 0 0 0 1 0.000473 0 -0.000473 1 0.008995 0.023498 -0.0311705
FixedParameters: 0 0 0

#Transform 3
Transform: AffineTransform_float_3_3
Parameters: 1 0 0 0 1 0.000354 0 -0.000354 1 0 -0.00120624 -0.0621796
FixedParameters: 0 0 0

#Transform 4
Transform: AffineTransform_float_3_3
Parameters: 1 0.00013 0 -0.00013 1 0 0 0 1 -0.013122 0.0330587 -0.11273
FixedParameters: 0 0 0

#Transform 5
Transform: AffineTransform_float_3_3
Parameters: 1 0.000164 0 -0.000164 1 0 0 0 1 -0.0302101 0.01484 -0.09193
FixedParameters: 0 0 0

#Transform 6
Transform: AffineTransform_float_3_3
Parameters: 1 0 0 0 1 0 0 0 1 -0.014766 -0.00498 -0.127778
FixedParameters: 0 0 0

#Transform 7
Transform: AffineTransform_float_3_3
Parameters: 1 0 0 0 1 0 0 0 1 -0.014937 0.022571 -0.132936
FixedParameters: 0 0 0

#Transform 8
Transform: AffineTransform_float_3_3
Parameters: 1 0.000424 1.1024e-07 -0.000424 1 0.00026 1.1024e-07 -0.00026 1 -0.0594441 -0.10117 -0.1696
FixedParameters: 0 0 0

#Transform 9
Transform: AffineTransform_float_3_3
Parameters: 1 0.00053 0 -0.00053 1 0 0 0 1 -0.0609296 -0.121063 -0.195553
FixedParameters: 0 0 0

#Transform 10
Transform: AffineTransform_float_3_3
Parameters: 1 0.000369 0.000203 -0.000369 1 -7.4907e-08 -0.000203 -7.4907e-08 1 -0.0440884 -0.0563657 -0.204087
FixedParameters: 0 0 0

#Transform 11
Transform: AffineTransform_float_3_3
Parameters: 1 0 0 0 0.999999 0.000799999 0 -0.000799999 0.999999 -0.027792 -0.100943 -0.209989
FixedParameters: 0 0 0

#Transform 12
Transform: AffineTransform_float_3_3
Parameters: 1 0.000125 8.775e-08 -0.000125 0.999999 0.000702 8.775e-08 -0.000702 1 -0.0423001 -0.0551672 -0.182324
FixedParameters: 0 0 0

#Transform 13
Transform: AffineTransform_float_3_3
Parameters: 1 0 0 0 1 0.000484 0 -0.000484 1 -0.052127 -0.102259 -0.174581
FixedParameters: 0 0 0

#Transform 14
Transform: AffineTransform_float_3_3
Parameters: 1 0.000395127 -0.000413879 -0.000394873 1 0.000306163 0.000414121 -0.000305836 1 -0.0574976 -0.094139 -0.225083
FixedParameters: 0 0 0

#Transform 15
Transform: AffineTransform_float_3_3
Parameters: 1 0.000362009 -0.000278988 -0.00036199 1 3.4101e-05 0.000279012 -3.3899e-05 1 -0.0620996 -0.0330818 -0.216429
FixedParameters: 0 0 0

#Transform 16
Transform: AffineTransform_float_3_3
Parameters: 1 0.000473944 -0.000414064 -0.000474056 1 -0.000134804 0.000414936 0.000135197 1 -0.0452716 -0.116741 -0.261874
FixedParameters: 0 0 0

#Transform 17
Transform: AffineTransform_float_3_3
Parameters: 1 0.000451636 -0.000414396 -0.000452363 0.999999 -0.000876812 0.000414603 0.000877187 0.999999 -0.0247181 -0.0510281 -0.271675
FixedParameters: 0 0 0

#Transform 18
Transform: AffineTransform_float_3_3
Parameters: 0.999999 0.000627411 -0.000414892 -0.000627589 0.999999 -0.00142074 0.000414108 0.00142126 0.999999 -0.0364207 -0.0755232 -0.260345
FixedParameters: 0 0 0

#Transform 19
Transform: AffineTransform_float_3_3
Parameters: 0.999999 0.000624282 -0.000415082 -0.00062572 0.999999 -0.00173274 0.000414916 0.00173326 0.999999 -0.0462194 -0.0722987 -0.283957
FixedParameters: 0 0 0

#Transform 20
Transform: AffineTransform_float_3_3
Parameters: 1 0.000512307 -0.000414857 -0.000512693 0.999998 -0.00167179 0.000414143 0.00167221 0.999998 -0.065525 -0.0235236 -0.273046
FixedParameters: 0 0 0

#Transform 21
Transform: AffineTransform_float_3_3
Parameters: 0.999999 0.000653442 -0.000334093 -0.000654558 0.999999 -0.00167178 0.000332906 0.00167222 0.999998 -0.0587519 -0.0998866 -0.294977
FixedParameters: 0 0 0

#Transform 22
Transform: AffineTransform_float_3_3
Parameters: 0.999999 0.0006413 -0.00038816 -0.0006417 0.999998 -0.00180775 0.000386841 0.00180725 0.999999 -0.0638407 -0.0440986 -0.302576
FixedParameters: 0 0 0

#Transform 23
Transform: AffineTransform_float_3_3
Parameters: 0.999999 0.00069224 -0.000388357 -0.000692758 0.999998 -0.00195873 0.000386643 0.00195927 0.999998 -0.069264 -0.073861 -0.271273
FixedParameters: 0 0 0

#Transform 24
Transform: AffineTransform_float_3_3
Parameters: 1 0.000333794 -0.000102673 -0.000334207 0.999998 -0.00201597 0.000102326 0.00201603 0.999998 -0.0668993 -0.0556107 -0.325449
FixedParameters: 0 0 0

#Transform 25
Transform: AffineTransform_float_3_3
Parameters: 1 0.00049731 -0.000352973 -0.000498689 0.999998 -0.00195582 0.000352025 0.00195618 0.999998 -0.0801928 -0.0572673 -0.301692
FixedParameters: 0 0 0

#Transform 26
Transform: AffineTransform_float_3_3
Parameters: 0.999999 0.000684051 -0.000455428 -0.000685949 0.999997 -0.00208569 0.00045457 0.00208631 0.999997 -0.0807307 -0.0951678 -0.324872
FixedParameters: 0 0 0

#Transform 27
Transform: AffineTransform_float_3_3
Parameters: 1 0.000687625 -0.000144794 -0.000687376 0.999997 -0.0026089 0.000143207 0.0026091 0.999996 -0.0870538 -0.0285318 -0.339851
FixedParameters: 0 0 0

#Transform 28
Transform: AffineTransform_float_3_3
Parameters: 1 0.00087234 -0.000325773 -0.000872661 0.999997 -0.00203172 0.000324228 0.00203128 0.999998 -0.101991 -0.0778489 -0.327863
FixedParameters: 0 0 0

#Transform 29
Transform: AffineTransform_float_3_3
Parameters: 0.999999 0.000871987 -0.000473867 -0.000873013 0.999998 -0.00214059 0.000472131 0.00214141 0.999997 -0.100059 -0.0573902 -0.374661
FixedParameters: 0 0 0

#Transform 30
Transform: AffineTransform_float_3_3
Parameters: 1 0.000872308 -0.000262314 -0.000872695 0.999996 -0.00265177 0.000260687 0.00265223 0.999997 -0.104231 -0.0454605 -0.342476
FixedParameters: 0 0 0

#Transform 31
Transform: AffineTransform_float_3_3
Parameters: 1 0.000871383 -0.000581432 -0.000872619 0.999995 -0.00278749 0.00057957 0.00278751 0.999996 -0.107925 -0.0919027 -0.386512
FixedParameters: 0 0 0

#Transform 32
Transform: AffineTransform_float_3_3
Parameters: 0.999999 0.000871522 -0.000520481 -0.000873475 0.999995 -0.00284455 0.000517517 0.00284445 0.999996 -0.112568 -0.0764721 -0.40026
FixedParameters: 0 0 0

#Transform 33
Transform: AffineTransform_float_3_3
Parameters: 1 0.00107534 -0.00058208 -0.00107666 0.999996 -0.00286138 0.000578922 0.00286162 0.999995 -0.101109 -0.0631451 -0.348419
FixedParameters: 0 0 0

#Transform 34
Transform: AffineTransform_float_3_3
Parameters: 1 0.000870976 -0.000709492 -0.000873022 0.999995 -0.00285738 0.000706508 0.00285861 0.999995 -0.12591 -0.101496 -0.369062
FixedParameters: 0 0 0

#Transform 35
Transform: AffineTransform_float_3_3
Parameters: 1 0.000871599 -0.000581107 -0.000873401 0.999996 -0.00241449 0.000578892 0.0024155 0.999997 -0.120191 -0.0726218 -0.372442
FixedParameters: 0 0 0

#Transform 36
Transform: AffineTransform_float_3_3
Parameters: 1 0.000871219 -0.000581677 -0.000872783 0.999995 -0.00306949 0.000579324 0.00306951 0.999995 -0.128404 -0.0387909 -0.361439
FixedParameters: 0 0 0

#Transform 37
Transform: AffineTransform_float_3_3
Parameters: 0.999999 0.0008715 -0.000525495 -0.000873498 0.999996 -0.00286054 0.000522502 0.00286146 0.999996 -0.161651 -0.0984965 -0.410351
FixedParameters: 0 0 0

#Transform 38
Transform: AffineTransform_float_3_3
Parameters: 1 0.000870936 -0.0005821 -0.000873065 0.999994 -0.00355549 0.000578899 0.00355651 0.999993 -0.15346 -0.0328133 -0.384909
FixedParameters: 0 0 0

#Transform 39
Transform: AffineTransform_float_3_3
Parameters: 0.999999 0.000985347 -0.000903902 -0.000987654 0.999995 -0.00294011 0.0009011 0.00294089 0.999996 -0.120628 -0.0601053 -0.337143
FixedParameters: 0 0 0

#Transform 40
Transform: AffineTransform_float_3_3
Parameters: 0.999999 0.00102386 -0.000810705 -0.00102613 0.999996 -0.00263817 0.000807296 0.00263883 0.999996 -0.100666 -0.0861913 -0.370431
FixedParameters: 0 0 0

#Transform 41
Transform: AffineTransform_float_3_3
Parameters: 1 0.000870766 -0.000683855 -0.000873235 0.999995 -0.00327341 0.000681145 0.0032746 0.999995 -0.132254 -0.0460629 -0.402415
FixedParameters: 0 0 0

#Transform 42
Transform: AffineTransform_float_3_3
Parameters: 1 0.000871386 -0.000581427 -0.000872616 0.999995 -0.00278249 0.000579575 0.00278251 0.999996 -0.121636 -0.1042 -0.356046
FixedParameters: 0 0 0

#Transform 43
Transform: AffineTransform_float_3_3
Parameters: 0.999999 0.00087068 -0.000901249 -0.000873321 0.999997 -0.00257822 0.000898752 0.00257879 0.999997 -0.105917 -0.0624759 -0.367907
FixedParameters: 0 0 0

#Transform 44
Transform: AffineTransform_float_3_3
Parameters: 0.999999 0.00108743 -0.000581946 -0.00108957 0.999995 -0.00270637 0.000579054 0.00270663 0.999996 -0.13888 -0.0868312 -0.370489
FixedParameters: 0 0 0

#Transform 45
Transform: AffineTransform_float_3_3
Parameters: 0.999999 0.00125756 -0.000582117 -0.00125944 0.999996 -0.00247727 0.00057888 0.00247873 0.999997 -0.161329 -0.0864151 -0.453325
FixedParameters: 0 0 0

#Transform 46
Transform: AffineTransform_float_3_3
Parameters: 0.999999 0.000996251 -0.00101171 -0.000999747 0.999996 -0.00271999 0.00100828 0.00272101 0.999996 -0.155837 -0.0519274 -0.37002
FixedParameters: 0 0 0

#Transform 47
Transform: AffineTransform_float_3_3
Parameters: 0.999999 0.00104136 -0.0011055 -0.00104364 0.999996 -0.00239385 0.0011035 0.00239515 0.999997 -0.137186 -0.114236 -0.387899
FixedParameters: 0 0 0

#Transform 48
Transform: AffineTransform_float_3_3
Parameters: 1 0.000870577 -0.000854475 -0.000873421 0.999995 -0.00283925 0.000851523 0.00283974 0.999995 -0.139723 -0.0368225 -0.411683
FixedParameters: 0 0 0

#Transform 49
Transform: AffineTransform_float_3_3
Parameters: 0.999999 0.00101648 -0.000893878 -0.00101853 0.999996 -0.00282809 0.000891122 0.00282891 0.999995 -0.141092 -0.0990845 -0.382759
FixedParameters: 0 0 0

#Transform 50
Transform: AffineTransform_float_3_3
Parameters: 0.999999 0.000870088 -0.00106638 -0.000872913 0.999996 -0.00273307 0.00106462 0.00273393 0.999995 -0.135441 -0.0713901 -0.423383
FixedParameters: 0 0 0

#Transform 51
Transform: AffineTransform_float_3_3
Parameters: 0.999999 0.000869335 -0.00118071 -0.000872666 0.999995 -0.00310697 0.00117829 0.00310803 0.999995 -0.118019 -0.0225271 -0.388494
FixedParameters: 0 0 0

#Transform 52
Transform: AffineTransform_float_3_3
Parameters: 0.999999 0.000870372 -0.00106615 -0.00087263 0.999996 -0.00246707 0.00106485 0.00246793 0.999997 -0.119899 -0.0690852 -0.362861
FixedParameters: 0 0 0

#Transform 53
Transform: AffineTransform_float_3_3
Parameters: 0.999999 0.000870932 -0.00106569 -0.000873067 0.999997 -0.00194007 0.00106431 0.00194193 0.999998 -0.1234 -0.0263536 -0.355479
FixedParameters: 0 0 0

#Transform 54
Transform: AffineTransform_float_3_3
Parameters: 0.999999 0.000870541 -0.00100414 -0.000873459 0.999996 -0.00245112 0.00100186 0.00245187 0.999996 -0.147883 -0.0378584 -0.347016
FixedParameters: 0 0 0

#Transform 55
Transform: AffineTransform_float_3_3
Parameters: 0.999999 0.000870258 -0.00106624 -0.000872744 0.999997 -0.00257407 0.00106476 0.00257493 0.999996 -0.145052 -0.0101824 -0.392042
FixedParameters: 0 0 0

#Transform 56
Transform: AffineTransform_float_3_3
Parameters: 0.999999 0.00114264 -0.00106654 -0.00114537 0.999997 -0.00221978 0.00106446 0.00222022 0.999997 -0.154262 -0.026666 -0.368573
FixedParameters: 0 0 0

#Transform 57
Transform: AffineTransform_float_3_3
Parameters: 0.999999 0.000870313 -0.0010662 -0.00087269 0.999997 -0.00252307 0.0010648 0.00252393 0.999996 -0.152195 -0.0563814 -0.437692
FixedParameters: 0 0 0

#Transform 58
Transform: AffineTransform_float_3_3
Parameters: 1 0.000870932 -0.000748413 -0.000873067 0.999996 -0.00276735 0.000745587 0.00276765 0.999996 -0.159732 0.0233947 -0.424062
FixedParameters: 0 0 0

#Transform 59
Transform: AffineTransform_float_3_3
Parameters: 1 0.000871483 -0.000624124 -0.000873519 0.999996 -0.00243445 0.000622876 0.00243454 0.999997 -0.156081 -0.035989 -0.406746
FixedParameters: 0 0 0

#Transform 60
Transform: AffineTransform_float_3_3
Parameters: 0.999999 0.000869874 -0.000954857 -0.000873127 0.999994 -0.00327817 0.000952142 0.00327983 0.999994 -0.162791 -0.0286046 -0.470154
FixedParameters: 0 0 0

#Transform 61
Transform: AffineTransform_float_3_3
Parameters: 1 0.000522041 -0.000953626 -0.000524957 0.999995 -0.0031055 0.000951374 0.0031065 0.999994 -0.196225 0.00243435 -0.442859
FixedParameters: 0 0 0

#Transform 62
Transform: AffineTransform_float_3_3
Parameters: 0.999999 0.000440523 -0.00066598 -0.000442477 0.999998 -0.00221971 0.00066502 0.0022193 0.999998 -0.178443 -0.0303089 -0.449848
FixedParameters: 0 0 0

#Transform 63
Transform: AffineTransform_float_3_3
Parameters: 0.999999 0.000322003 -0.000793812 -0.000323996 0.999997 -0.00251574 0.000793187 0.00251625 0.999996 -0.179081 0.0289098 -0.453704
FixedParameters: 0 0 0

#Transform 64
Transform: AffineTransform_float_3_3
Parameters: 1 0.000512847 -0.000346713 -0.000514155 0.999995 -0.00333582 0.000345287 0.00333518 0.999995 -0.224491 -0.0302417 -0.496932
FixedParameters: 0 0 0

#Transform 65
Transform: AffineTransform_float_3_3
Parameters: 1 0.000322627 -0.000346284 -0.000323372 0.999992 -0.00397289 0.000344718 0.00397311 0.999992 -0.218267 -0.00572275 -0.529969
FixedParameters: 0 0 0

#Transform 66
Transform: AffineTransform_float_3_3
Parameters: 0.999999 0.000506335 -0.0012499 -0.000511662 0.999993 -0.00373536 0.0012471 0.00373564 0.999992 -0.160797 -0.0346833 -0.452183
FixedParameters: 0 0 0

#Transform 67
Transform: AffineTransform_float_3_3
Parameters: 1 0.000444043 -0.000908452 -0.000446955 0.999994 -0.0032566 0.00090655 0.0032574 0.999995 -0.210676 -0.0291395 -0.552792
FixedParameters: 0 0 0

#Transform 68
Transform: AffineTransform_float_3_3
Parameters: 0.999998 -0.000865712 -0.00144519 0.000861285 0.999995 -0.00325825 0.00144881 0.00325675 0.999993 -0.204279 -0.0765335 -0.724177
FixedParameters: 0 0 0

#Transform 69
Transform: AffineTransform_float_3_3
Parameters: 1 -0.000363063 -0.00114272 0.000358935 0.999993 -0.00355441 0.00114428 0.00355359 0.999993 -0.180358 -0.110365 -0.698939
FixedParameters: 0 0 0

#Transform 70
Transform: AffineTransform_float_3_3
Parameters: 0.999999 0.000863182 -0.000894699 -0.000866818 0.99999 -0.00427423 0.000891303 0.00427577 0.999991 -0.203192 0.00363616 -0.622958
FixedParameters: 0 0 0

#Transform 71
Transform: AffineTransform_float_3_3
Parameters: 0.999999 0.001306 -0.000757204 -0.001309 0.999991 -0.00398001 0.000751795 0.00398099 0.999992 -0.195159 -0.039812 -0.636251
FixedParameters: 0 0 0

#Transform 72
Transform: AffineTransform_float_3_3
Parameters: 1 0.000797414 -0.000832451 -0.000800585 0.999991 -0.00431734 0.000828552 0.00431767 0.999991 -0.196269 0.0221932 -0.60968
FixedParameters: 0 0 0

#Transform 73
Transform: AffineTransform_float_3_3
Parameters: 0.999999 0.000798821 -0.000529303 -0.000800177 0.999991 -0.00412858 0.000525701 0.00412842 0.999992 -0.208631 -0.0205054 -0.623493
FixedParameters: 0 0 0

#Transform 74
Transform: AffineTransform_float_3_3
Parameters: 0.999998 0.00166055 -0.000626541 -0.00166245 0.999991 -0.00393596 0.00062046 0.00393704 0.999992 -0.194013 -0.0196046 -0.591049
FixedParameters: 0 0 0

#Transform 75
Transform: AffineTransform_float_3_3
Parameters: 1 0.000495778 -0.000280173 -0.000497221 0.999991 -0.00437786 0.000277826 0.00437814 0.999991 -0.203248 -0.0503234 -0.580886
FixedParameters: 0 0 0

#Transform 76
Transform: AffineTransform_float_3_3
Parameters: 0.999999 0.000721939 -0.000280741 -0.00072306 0.999992 -0.0037938 0.000278258 0.0037942 0.999993 -0.19374 -0.0475468 -0.590678
FixedParameters: 0 0 0

#Transform 77
Transform: AffineTransform_float_3_3
Parameters: 1 -0.000179889 -0.000277426 0.000179113 0.999995 -0.00320005 0.000277575 0.00319995 0.999995 -0.193737 -0.0409645 -0.58534
FixedParameters: 0 0 0

#Transform 78
Transform: AffineTransform_float_3_3
Parameters: 1 -0.000177472 0.000481566 0.000178526 0.999995 -0.00317391 -0.000480436 0.00317409 0.999995 -0.188535 -0.0867178 -0.584723
FixedParameters: 0 0 0

#Transform 79
Transform: AffineTransform_float_3_3
Parameters: 1 0.000331906 -0.000557252 -0.000334096 0.999993 -0.00376081 0.000556747 0.00376118 0.999993 -0.16075 0.0274316 -0.539746
FixedParameters: 0 0 0

#Transform 80
Transform: AffineTransform_float_3_3
Parameters: 1 0.000662422 -0.00015942 -0.000662576 0.999993 -0.0036519 0.000156581 0.00365211 0.999994 -0.203609 -0.00490758 -0.520393
FixedParameters: 0 0 0

#Transform 81
Transform: AffineTransform_float_3_3
Parameters: 0.999999 0.00131129 0.000292263 -0.00130971 0.999989 -0.00437739 -0.000297735 0.00437661 0.999991 -0.266447 0.00170821 -0.509263
FixedParameters: 0 0 0

#Transform 82
Transform: AffineTransform_float_3_3
Parameters: 0.999999 0.00179173 -6.32784e-05 -0.00179227 0.999987 -0.00461989 5.4722e-05 0.00461911 0.99999 -0.254244 0.0045428 -0.47628
FixedParameters: 0 0 0

#Transform 83
Transform: AffineTransform_float_3_3
Parameters: 0.999999 0.00176124 0.000242131 -0.00175976 0.999986 -0.00503743 -0.000250867 0.00503657 0.999988 -0.260103 -0.0477159 -0.491052
FixedParameters: 0 0 0

#Transform 84
Transform: AffineTransform_float_3_3
Parameters: 0.999997 0.00217784 -3.76065e-05 -0.00217816 0.999986 -0.00486993 2.73926e-05 0.00487007 0.999988 -0.300612 0.0351114 -0.447494
FixedParameters: 0 0 0

#Transform 85
Transform: AffineTransform_float_3_3
Parameters: 0.999998 0.0022683 5.35887e-05 -0.0022687 0.999985 -0.00503114 -6.54146e-05 0.00503087 0.999988 -0.300265 -0.00346781 -0.416817
FixedParameters: 0 0 0

#Transform 86
Transform: AffineTransform_float_3_3
Parameters: 0.999999 0.00175973 -6.40725e-05 -0.00176028 0.999988 -0.0045869 5.59262e-05 0.00458711 0.99999 -0.272424 0.0100441 -0.459193
FixedParameters: 0 0 0

#Transform 87
Transform: AffineTransform_float_3_3
Parameters: 0.999998 0.00199408 -0.000222435 -0.00199492 0.999989 -0.00422857 0.000213567 0.00422843 0.999991 -0.272607 0.0196002 -0.41626
FixedParameters: 0 0 0

#Transform 88
Transform: AffineTransform_float_3_3
Parameters: 0.999999 0.00176014 2.4717e-05 -0.00175986 0.999988 -0.00470605 -3.32823e-05 0.00470595 0.999989 -0.274314 -0.0272972 -0.440413
FixedParameters: 0 0 0

#Transform 89
Transform: AffineTransform_float_3_3
Parameters: 0.999998 0.00191662 -0.000295082 -0.00191738 0.999987 -0.00473644 0.00028592 0.00473756 0.999988 -0.248748 0.00783764 -0.461306
FixedParameters: 0 0 0

#Transform 90
Transform: AffineTransform_float_3_3
Parameters: 0.999998 0.00193902 -0.000207387 -0.00193998 0.999987 -0.00483961 0.000197614 0.0048394 0.999989 -0.272181 -0.00829032 -0.44169
FixedParameters: 0 0 0

#Transform 91
Transform: AffineTransform_float_3_3
Parameters: 0.999999 0.00175787 -0.00042884 -0.00176013 0.999986 -0.00502525 0.00042016 0.00502575 0.999988 -0.265141 -0.0255077 -0.480451
FixedParameters: 0 0 0

#Transform 92
Transform: AffineTransform_float_3_3
Parameters: 0.999999 0.00175767 -0.00046688 -0.00176034 0.999985 -0.00504819 0.000458119 0.00504881 0.999987 -0.244026 0.0201685 -0.46309
FixedParameters: 0 0 0

#Transform 93
Transform: AffineTransform_float_3_3
Parameters: 0.999998 0.0016621 -0.000392132 -0.0016639 0.999986 -0.00488935 0.000383869 0.00488964 0.999988 -0.247261 -0.049799 -0.470142
FixedParameters: 0 0 0

#Transform 94
Transform: AffineTransform_float_3_3
Parameters: 0.999998 0.00188833 -0.000132817 -0.00188867 0.999984 -0.00519776 0.000123184 0.00519824 0.999987 -0.272901 0.0367806 -0.481238
FixedParameters: 0 0 0

#Transform 95
Transform: AffineTransform_float_3_3
Parameters: 0.999999 0.0018107 -5.97568e-05 -0.0018113 0.999984 -0.0053879 5.02432e-05 0.0053871 0.999985 -0.27329 0.00335957 -0.457476
FixedParameters: 0 0 0

#Transform 96
Transform: AffineTransform_float_3_3
Parameters: 0.999998 0.00209232 5.6267e-05 -0.00209268 0.999984 -0.00513013 -6.67362e-05 0.00512987 0.999987 -0.286553 0.00660337 -0.474253
FixedParameters: 0 0 0

#Transform 97
Transform: AffineTransform_float_3_3
Parameters: 0.999998 0.00154605 -0.000372197 -0.00154795 0.999985 -0.00529843 0.000363803 0.00529857 0.999986 -0.31488 0.0456173 -0.496533
FixedParameters: 0 0 0

#Transform 98
Transform: AffineTransform_float_3_3
Parameters: 0.999999 0.0014855 -0.00025974 -0.0014865 0.999982 -0.00588062 0.000251263 0.00588038 0.999982 -0.306513 0.00672373 -0.512549
FixedParameters: 0 0 0

#Transform 99
Transform: AffineTransform_float_3_3
Parameters: 0.999998 0.00162569 -5.91909e-05 -0.00162631 0.999982 -0.00565291 4.98072e-05 0.00565309 0.999984 -0.298101 0.0222657 -0.523177
FixedParameters: 0 0 0

#Transform 100
Transform: AffineTransform_float_3_3
Parameters: 0.999998 0.00199297 -1.04498e-05 -0.00199303 0.999981 -0.00574499 -4.49983e-07 0.00574501 0.999984 -0.317669 0.042252 -0.51106
FixedParameters: 0 0 0

#Transform 101
Transform: AffineTransform_float_3_3
Parameters: 0.999998 0.00207827 -0.000343628 -0.00207973 0.999985 -0.00511129 0.000332374 0.0051117 0.999987 -0.301314 0.00647295 -0.474351
FixedParameters: 0 0 0

#Transform 102
Transform: AffineTransform_float_3_3
Parameters: 0.999996 0.00258668 -6.42301e-05 -0.00258731 0.999981 -0.00550085 4.97677e-05 0.00550114 0.999985 -0.348609 0.0885017 -0.380342
FixedParameters: 0 0 0

#Transform 103
Transform: AffineTransform_float_3_3
Parameters: 0.999994 0.00361761 0.000446344 -0.0036154 0.999977 -0.00571265 -0.000466656 0.00571035 0.999983 -0.349005 0.0196656 -0.417336
FixedParameters: 0 0 0

#Transform 104
Transform: AffineTransform_float_3_3
Parameters: 0.999995 0.00318934 0.000386121 -0.00318666 0.999978 -0.00592227 -0.000404877 0.00592074 0.999983 -0.32906 0.026193 -0.437894
FixedParameters: 0 0 0

#Transform 105
Transform: AffineTransform_float_3_3
Parameters: 0.999996 0.00273175 -0.000910891 -0.00273725 0.99998 -0.00581053 0.000895108 0.00581247 0.999982 -0.291366 0.00605832 -0.534428
FixedParameters: 0 0 0

#Transform 106
Transform: AffineTransform_float_3_3
Parameters: 0.999995 0.00262161 -0.00128913 -0.00262838 0.99998 -0.00576163 0.00127387 0.00576536 0.999982 -0.317366 0.039285 -0.773938
FixedParameters: 0 0 0

#Transform 107
Transform: AffineTransform_float_3_3
Parameters: 0.999997 0.00229584 -0.000957473 -0.00230116 0.999982 -0.00542581 0.000945525 0.00542818 0.999985 -0.289108 0.0521763 -0.73629
FixedParameters: 0 0 0

#Transform 108
Transform: AffineTransform_float_3_3
Parameters: 0.999998 0.00151291 -0.000731527 -0.00151609 0.999983 -0.0056279 0.000722478 0.0056291 0.999984 -0.234158 -0.0215459 -0.761251
FixedParameters: 0 0 0

#Transform 109
Transform: AffineTransform_float_3_3
Parameters: 0.999999 0.0015148 -0.000353577 -0.0015162 0.999979 -0.00631747 0.000343429 0.00631753 0.99998 -0.254329 0.0151201 -0.853697
FixedParameters: 0 0 0

#Transform 110
Transform: AffineTransform_float_3_3
Parameters: 0.999999 0.00169992 -0.000484942 -0.00170308 0.999978 -0.00643018 0.000474059 0.00643082 0.999979 -0.256301 0.0500074 -0.824099
FixedParameters: 0 0 0

#Transform 111
Transform: AffineTransform_float_3_3
Parameters: 0.999999 0.00151437 -0.000416691 -0.00151664 0.999979 -0.00639338 0.000407312 0.00639363 0.99998 -0.240352 0.027434 -0.879186
FixedParameters: 0 0 0

#Transform 112
Transform: AffineTransform_float_3_3
Parameters: 0.999998 0.00144961 -0.000859167 -0.00145539 0.999979 -0.00631176 0.00084983 0.00631224 0.999979 -0.230357 0.0884134 -0.908767
FixedParameters: 0 0 0

#Transform 113
Transform: AffineTransform_float_3_3
Parameters: 0.999999 0.0010621 -0.000891081 -0.0010679 0.999978 -0.00664706 0.000883921 0.00664795 0.999978 -0.221599 0.0400273 -0.864663
FixedParameters: 0 0 0

#Transform 114
Transform: AffineTransform_float_3_3
Parameters: 0.999999 0.000482353 -0.00119711 -0.000490654 0.99998 -0.00639642 0.00119489 0.00639658 0.999979 -0.183001 0.030119 -0.910049
FixedParameters: 0 0 0

#Transform 115
Transform: AffineTransform_float_3_3
Parameters: 0.999999 0.00083259 -0.00119988 -0.000841411 0.999975 -0.00702599 0.00119412 0.007027 0.999974 -0.210748 0.0796427 -0.88842
FixedParameters: 0 0 0

#Transform 116
Transform: AffineTransform_float_3_3
Parameters: 0.999998 0.000781621 -0.00152735 -0.000792375 0.999976 -0.00680579 0.00152164 0.00680719 0.999975 -0.217492 -0.0115885 -0.892169
FixedParameters: 0 0 0

#Transform 117
Transform: AffineTransform_float_3_3
Parameters: 0.999998 0.000479392 -0.0016082 -0.000490605 0.999978 -0.00660122 0.0016048 0.00660278 0.999977 -0.216592 0.0402188 -0.915391
FixedParameters: 0 0 0

#Transform 118
Transform: AffineTransform_float_3_3
Parameters: 0.999997 0.00093752 -0.00192761 -0.000951474 0.999975 -0.00700318 0.00192038 0.00700581 0.999973 -0.218785 0.0353538 -0.876313
FixedParameters: 0 0 0

#Transform 119
Transform: AffineTransform_float_3_3
Parameters: 0.999997 0.00151671 -0.00200588 -0.00153129 0.999974 -0.00714095 0.00199511 0.00714405 0.999972 -0.231548 0.0152537 -0.867336
FixedParameters: 0 0 0

#Transform 120
Transform: AffineTransform_float_3_3
Parameters: 0.999998 0.00131204 -0.00185623 -0.00132496 0.999974 -0.00699855 0.00184677 0.00700144 0.999974 -0.225198 0.0522357 -0.838026
FixedParameters: 0 0 0

#Transform 121
Transform: AffineTransform_float_3_3
Parameters: 0.999998 0.00112378 -0.00161287 -0.00113522 0.999975 -0.00697019 0.00160513 0.00697182 0.999975 -0.230386 0.00203153 -0.865309
FixedParameters: 0 0 0

#Transform 122
Transform: AffineTransform_float_3_3
Parameters: 0.999997 0.00112176 -0.00182918 -0.00113524 0.999973 -0.00725294 0.00182081 0.00725506 0.999972 -0.223506 0.0134736 -0.914424
FixedParameters: 0 0 0

#Transform 123
Transform: AffineTransform_float_3_3
Parameters: 0.999997 0.0011185 -0.00214469 -0.0011355 0.999969 -0.00770758 0.00213631 0.00771041 0.999968 -0.221124 0.0500679 -0.924694
FixedParameters: 0 0 0

#Transform 124
Transform: AffineTransform_float_3_3
Parameters: 0.999998 0.00111957 -0.00204154 -0.00113543 0.99997 -0.0075707 0.00203346 0.0075733 0.99997 -0.231713 0.0136145 -0.90908
FixedParameters: 0 0 0

#Transform 125
Transform: AffineTransform_float_3_3
Parameters: 0.999998 0.00131385 -0.00157621 -0.00132515 0.999969 -0.00773393 0.0015658 0.00773607 0.999969 -0.241324 0.0203316 -0.912441
FixedParameters: 0 0 0

#Transform 126
Transform: AffineTransform_float_3_3
Parameters: 0.999998 0.00133872 -0.00157651 -0.00135027 0.999968 -0.00781189 0.0015655 0.00781411 0.999968 -0.249374 0.0645067 -0.896555
FixedParameters: 0 0 0

#Transform 127
Transform: AffineTransform_float_3_3
Parameters: 0.999998 0.001672 -0.00157881 -0.00168401 0.99997 -0.00763236 0.00156619 0.00763464 0.999969 -0.252316 0.00343357 -0.917674
FixedParameters: 0 0 0

#Transform 128
Transform: AffineTransform_float_3_3
Parameters: 0.999997 0.00157898 -0.00157812 -0.00159102 0.999969 -0.0076445 0.00156588 0.00764748 0.999969 -0.240126 0.0388734 -0.9177
FixedParameters: 0 0 0

#Transform 129
Transform: AffineTransform_float_3_3
Parameters: 0.999997 0.00161521 -0.00195332 -0.00162979 0.99997 -0.00759184 0.00194168 0.00759516 0.99997 -0.252442 0.0418391 -0.893661
FixedParameters: 0 0 0

#Transform 130
Transform: AffineTransform_float_3_3
Parameters: 0.999998 0.00164935 -0.00157932 -0.00166165 0.999967 -0.0080424 0.00156569 0.00804561 0.999967 -0.246055 0.0115081 -0.962334
FixedParameters: 0 0 0

#Transform 131
Transform: AffineTransform_float_3_3
Parameters: 0.999998 0.00151871 -0.00164444 -0.0015313 0.99997 -0.0075005 0.00163356 0.0075025 0.999971 -0.235734 0.0602411 -0.925964
FixedParameters: 0 0 0

#Transform 132
Transform: AffineTransform_float_3_3
Parameters: 0.999997 0.00150153 -0.00157796 -0.00151347 0.999968 -0.00793264 0.00156604 0.00793538 0.999968 -0.253496 0.00769791 -0.91366
FixedParameters: 0 0 0

#Transform 133
Transform: AffineTransform_float_3_3
Parameters: 0.999998 0.00124449 -0.00183293 -0.00125851 0.999967 -0.00793471 0.00182307 0.00793628 0.999967 -0.250525 0.0204381 -0.956594
FixedParameters: 0 0 0

#Transform 134
Transform: AffineTransform_float_3_3
Parameters: 0.999998 0.000655392 -0.00157132 -0.000668606 0.999968 -0.00803697 0.00156568 0.00803805 0.999967 -0.248077 0.023937 -0.936702
FixedParameters: 0 0 0

#Transform 135
Transform: AffineTransform_float_3_3
Parameters: 0.999999 0.00100453 -0.00157403 -0.00101647 0.999968 -0.00793942 0.00156598 0.00794059 0.999967 -0.239249 -0.011205 -0.940761
FixedParameters: 0 0 0

#Transform 136
Transform: AffineTransform_float_3_3
Parameters: 0.999997 0.00123379 -0.00186913 -0.00124921 0.999966 -0.00816068 0.00185887 0.00816231 0.999965 -0.255286 0.0244341 -0.966246
FixedParameters: 0 0 0

#Transform 137
Transform: AffineTransform_float_3_3
Parameters: 0.999996 0.0016437 -0.00232974 -0.0016623 0.999964 -0.00830616 0.00231627 0.00830984 0.999963 -0.251384 -0.00654937 -0.959912
FixedParameters: 0 0 0

#Transform 138
Transform: AffineTransform_float_3_3
Parameters: 0.999997 0.00148343 -0.00192191 -0.00150058 0.999962 -0.00865114 0.00190909 0.00865386 0.99996 -0.238397 -0.0170974 -1.00043
FixedParameters: 0 0 0

#Transform 139
Transform: AffineTransform_float_3_3
Parameters: 0.999996 0.00142548 -0.00236748 -0.00144653 0.999961 -0.00868961 0.00235552 0.0086934 0.99996 -0.219941 0.00813766 -0.948291
FixedParameters: 0 0 0

#Transform 140
Transform: AffineTransform_float_3_3
Parameters: 0.999997 0.00156321 -0.00221168 -0.00158179 0.999966 -0.00806453 0.00219931 0.00806747 0.999965 -0.241322 -0.00228973 -0.919996
FixedParameters: 0 0 0

#Transform 141
Transform: AffineTransform_float_3_3
Parameters: 0.999999 0.00101096 -0.00153798 -0.00102303 0.999968 -0.00784744 0.00152902 0.00784856 0.999968 -0.241713 0.0367001 -0.90636
FixedParameters: 0 0 0

#Transform 142
Transform: AffineTransform_float_3_3
Parameters: 0.999997 0.00140561 -0.00189675 -0.00142038 0.99997 -0.00760633 0.00188525 0.00760967 0.99997 -0.251584 0.0474094 -0.852012
FixedParameters: 0 0 0

#Transform 143
Transform: AffineTransform_float_3_3
Parameters: 0.999997 0.00133895 -0.00198691 -0.00135504 0.999967 -0.00809834 0.00197509 0.00810067 0.999965 -0.226588 -0.0232212 -0.909916
FixedParameters: 0 0 0

#Transform 144
Transform: AffineTransform_float_3_3
Parameters: 0.999997 0.00100807 -0.00196673 -0.00102293 0.99997 -0.007607 0.00195927 0.00760899 0.999969 -0.22224 0.0776694 -0.902151
FixedParameters: 0 0 0

#Transform 145
Transform: AffineTransform_float_3_3
Parameters: 0.999997 0.00100807 -0.00196673 -0.00102293 0.99997 -0.007607 0.00195927 0.00760899 0.999969 -0.222342 0.0458925 -0.866257
FixedParameters: 0 0 0

#Transform 146
Transform: AffineTransform_float_3_3
Parameters: 0.999998 0.000935214 -0.0013744 -0.000945781 0.999968 -0.00786771 0.0013666 0.00786929 0.999968 -0.188145 0.043037 -0.907332
FixedParameters: 0 0 0

#Transform 147
Transform: AffineTransform_float_3_3
Parameters: 0.999998 0.000910491 -0.00142144 -0.000922504 0.999966 -0.0081167 0.00141356 0.0081183 0.999966 -0.186528 0.077035 -0.908072
FixedParameters: 0 0 0

#Transform 148
Transform: AffineTransform_float_3_3
Parameters: 0.999998 0.000555468 -0.00188365 -0.000571526 0.999966 -0.00825494 0.00187835 0.00825606 0.999964 -0.16092 0.0360982 -0.899949
FixedParameters: 0 0 0

#Transform 149
Transform: AffineTransform_float_3_3
Parameters: 0.999999 0.000720059 -0.00167949 -0.000734948 0.99996 -0.00891378 0.00167352 0.00891422 0.999959 -0.167294 0.0763876 -0.929248
FixedParameters: 0 0 0

#Transform 150
Transform: AffineTransform_float_3_3
Parameters: 0.999998 0.000554619 -0.0018839 -0.000571373 0.999962 -0.00870594 0.0018781 0.00870706 0.999961 -0.169083 0.0666014 -0.88169
FixedParameters: 0 0 0

#Transform 151
Transform: AffineTransform_float_3_3
Parameters: 0.999998 0.000891784 -0.00188723 -0.000908212 0.999958 -0.00914031 0.00187878 0.0091427 0.999957 -0.158979 0.0389649 -0.922017
FixedParameters: 0 0 0

#Transform 152
Transform: AffineTransform_float_3_3
Parameters: 0.999998 0.00128095 -0.00189067 -0.00129805 0.999958 -0.00904557 0.00187834 0.00904743 0.999958 -0.155496 0.0811003 -0.947077
FixedParameters: 0 0 0

#Transform 153
Transform: AffineTransform_float_3_3
Parameters: 0.999998 0.00132831 -0.00163224 -0.00134169 0.999963 -0.00841683 0.00162076 0.00841917 0.999963 -0.173132 0.0400821 -0.908526
FixedParameters: 0 0 0

#Transform 154
Transform: AffineTransform_float_3_3
Parameters: 0.999999 0.0014116 -0.00121932 -0.00142239 0.999955 -0.00939628 0.00120569 0.00939772 0.999955 -0.162926 0.051155 -0.986654
FixedParameters: 0 0 0

#Transform 155
Transform: AffineTransform_float_3_3
Parameters: 0.999998 0.00125871 -0.00170142 -0.0012743 0.999958 -0.00901685 0.00169058 0.00901814 0.999958 -0.175907 0.108251 -0.924645
FixedParameters: 0 0 0

#Transform 156
Transform: AffineTransform_float_3_3
Parameters: 0.999998 0.000934506 -0.00128842 -0.000946491 0.99996 -0.0089498 0.00127958 0.00895121 0.999959 -0.194359 0.038571 -0.921992
FixedParameters: 0 0 0

#Transform 157
Transform: AffineTransform_float_3_3
Parameters: 0.999999 0.00109813 -0.00140933 -0.00111087 0.999963 -0.00845045 0.00139966 0.00845155 0.999964 -0.215427 0.113856 -0.887383
FixedParameters: 0 0 0

#Transform 158
Transform: AffineTransform_float_3_3
Parameters: 0.999995 0.00123807 -0.00264537 -0.00125993 0.999964 -0.0083047 0.00263463 0.0083073 0.999962 -0.200583 0.117397 -0.833357
FixedParameters: 0 0 0

#Transform 159
Transform: AffineTransform_float_3_3
Parameters: 0.999996 0.000976462 -0.0026423 -0.000995534 0.999972 -0.0074024 0.0026347 0.0074056 0.999969 -0.158071 0.0681508 -0.805107
FixedParameters: 0 0 0

#Transform 160
Transform: AffineTransform_float_3_3
Parameters: 0.999996 0.000966258 -0.00264305 -0.000988742 0.999965 -0.00823741 0.00263494 0.00823957 0.999962 -0.160131 0.1084 -0.878418
FixedParameters: 0 0 0

#Transform 161
Transform: AffineTransform_float_3_3
Parameters: 0.999994 0.00149405 -0.00298513 -0.00151995 0.999961 -0.00871151 0.00297187 0.00871548 0.999957 -0.16748 0.0931259 -0.859963
FixedParameters: 0 0 0

#Transform 162
Transform: AffineTransform_float_3_3
Parameters: 0.999991 0.00128655 -0.00388755 -0.00131844 0.999967 -0.00809794 0.00387644 0.00810306 0.999959 -0.130634 0.0773169 -0.831978
FixedParameters: 0 0 0

#Transform 163
Transform: AffineTransform_float_3_3
Parameters: 0.999994 0.000200835 -0.00339352 -0.000225162 0.999974 -0.00712227 0.00339148 0.00712272 0.999969 -0.144946 0.152356 -0.728524
FixedParameters: 0 0 0

#Transform 164
Transform: AffineTransform_float_3_3
Parameters: 0.999994 0.00117302 -0.00325254 -0.00119098 0.999984 -0.00553216 0.00324646 0.00553584 0.99998 -0.207525 -0.0126054 -0.523543
FixedParameters: 0 0 0

#Transform 165
Transform: AffineTransform_float_3_3
Parameters: 0.999988 0.000115341 -0.00490852 -0.00016865 0.999943 -0.0107283 0.00490647 0.0107297 0.999931 -0.246495 -0.104939 -0.673888
FixedParameters: 0 0 0

#Transform 166
Transform: AffineTransform_float_3_3
Parameters: 0.999985 0.000861296 -0.00539989 -0.000926701 0.999926 -0.0121762 0.00538911 0.0121818 0.999912 -0.333135 0.00299514 -0.550058
FixedParameters: 0 0 0

#Transform 167
Transform: AffineTransform_float_3_3
Parameters: 0.999981 0.000870689 -0.00613086 -0.000944315 0.999928 -0.0119654 0.00612013 0.0119706 0.999909 -0.46148 -0.186633 -0.433328
FixedParameters: 0 0 0

#Transform 168
Transform: AffineTransform_float_3_3
Parameters: 0.999966 0.00556113 -0.00605069 -0.00565387 0.999865 -0.0154413 0.00596432 0.0154747 0.999863 -1.15607 -0.0725658 -0.361729
FixedParameters: 0 0 0

#Transform 169
Transform: AffineTransform_float_3_3
Parameters: 0.999935 0.0108889 -0.00321967 -0.0109551 0.999714 -0.0212831 0.00298633 0.0213169 0.999769 -1.90682 0.0372451 -0.293549
FixedParameters: 0 0 0

#Transform 170
Transform: AffineTransform_float_3_3
Parameters: 0.999944 0.0105244 -9.19343e-05 -0.0105246 0.999725 -0.0209902 -0.000128956 0.0209908 0.999779 -1.72637 0.0598593 -0.462854
FixedParameters: 0 0 0

#Transform 171
Transform: AffineTransform_float_3_3
Parameters: 0.999981 0.0060149 0.00133725 -0.00599311 0.999868 -0.0151163 -0.00142774 0.0151087 0.999885 -1.25523 0.0857841 -0.705092
FixedParameters: 0 0 0

#Transform 172
Transform: AffineTransform_float_3_3
Parameters: 0.999998 1.21988e-06 -0.00168608 -1.57794e-05 0.999961 -0.00876598 0.00168593 0.00876601 0.99996 -0.925129 0.224042 -0.560789
FixedParameters: 0 0 0

#Transform 173
Transform: AffineTransform_float_3_3
Parameters: 0.999994 -0.00149391 -0.00290589 0.00147909 0.999987 -0.00478332 0.00291211 0.00477967 0.999985 -0.844494 0.230889 -0.581644
FixedParameters: 0 0 0

#Transform 174
Transform: AffineTransform_float_3_3
Parameters: 0.999985 -0.00303294 -0.00442025 0.00300106 0.99997 -0.00721437 0.00444175 0.00720164 0.999964 -0.729248 0.265252 -0.735388
FixedParameters: 0 0 0

#Transform 175
Transform: AffineTransform_float_3_3
Parameters: 0.999974 -0.00406565 -0.00582944 0.00400135 0.999931 -0.0110586 0.00587456 0.0110354 0.999922 -0.767232 0.31489 -0.895225
FixedParameters: 0 0 0

#Transform 176
Transform: AffineTransform_float_3_3
Parameters: 0.999954 -0.00508223 -0.00805137 0.00497978 0.999908 -0.0126667 0.00811463 0.0126263 0.999888 -0.748567 0.344509 -1.01821
FixedParameters: 0 0 0

#Transform 177
Transform: AffineTransform_float_3_3
Parameters: 0.999933 -0.00542258 -0.0101545 0.0053004 0.999913 -0.0120606 0.0102195 0.0120054 0.999875 -0.846914 0.24247 -1.01569
FixedParameters: 0 0 0

#Transform 178
Transform: AffineTransform_float_3_3
Parameters: 0.999898 -0.00583321 -0.0130241 0.00565679 0.999892 -0.0136021 0.0131019 0.013527 0.999822 -1.04116 -0.269798 -0.984935
FixedParameters: 0 0 0

#Transform 179
Transform: AffineTransform_float_3_3
Parameters: 0.999904 -0.00584015 -0.0125842 0.00565684 0.999877 -0.0146206 0.0126678 0.0145474 0.999814 -0.929123 -0.374038 -1.02015
FixedParameters: 0 0 0

#Transform 180
Transform: AffineTransform_float_3_3
Parameters: 0.9999 -0.00112893 -0.0140508 0.000994073 0.999954 -0.00960593 0.0140612 0.00959108 0.999855 -0.923745 -0.22788 -0.812427
FixedParameters: 0 0 0

#Transform 181
Transform: AffineTransform_float_3_3
Parameters: 0.999914 0.00254762 -0.0128222 -0.00271838 0.999907 -0.0133653 0.0127878 0.0133997 0.999829 -1.10392 -0.23717 -1.02881
FixedParameters: 0 0 0

#Transform 182
Transform: AffineTransform_float_3_3
Parameters: 0.999961 0.00291767 -0.00834886 -0.00304232 0.999883 -0.0150372 0.00830415 0.0150628 0.999852 -1.0301 -0.387476 -1.10282
FixedParameters: 0 0 0

#Transform 183
Transform: AffineTransform_float_3_3
Parameters: 0.999958 0.00615027 -0.00676679 -0.00623772 0.999896 -0.0130213 0.00668522 0.0130627 0.999893 -1.00955 -0.379998 -0.954662
FixedParameters: 0 0 0

#Transform 184
Transform: AffineTransform_float_3_3
Parameters: 0.999966 0.00589503 -0.00568824 -0.00594496 0.999943 -0.00880748 0.00563576 0.00884052 0.999945 -1.10489 -0.30343 -1.09041
FixedParameters: 0 0 0

#Transform 185
Transform: AffineTransform_float_3_3
Parameters: 0.999949 0.00433801 -0.00912766 -0.004441 0.999927 -0.011294 0.00907833 0.011334 0.999894 -1.10584 -0.101968 -0.780775
FixedParameters: 0 0 0

#Transform 186
Transform: AffineTransform_float_3_3
Parameters: 0.999932 0.00428609 -0.0108262 -0.00445692 0.999865 -0.0158118 0.0107578 0.0158592 0.999817 -1.31208 0.552209 -0.532624
FixedParameters: 0 0 0

#Transform 187
Transform: AffineTransform_float_3_3
Parameters: 0.999909 0.00567191 -0.0122783 -0.0058281 0.999902 -0.0127156 0.0122047 0.0127854 0.999844 -1.41634 0.269417 -0.216378
FixedParameters: 0 0 0

#Transform 188
Transform: AffineTransform_float_3_3
Parameters: 0.999944 0.00503023 -0.00931188 -0.00510677 0.999953 -0.00823891 0.00927012 0.00828609 0.999922 -1.33304 0.164513 -0.253335
FixedParameters: 0 0 0

#Transform 189
Transform: AffineTransform_float_3_3
Parameters: 0.999963 0.00287185 -0.00809575 -0.00288815 0.999994 -0.00198369 0.00809026 0.00200731 0.999966 -1.09876 0.199571 -1.09243
FixedParameters: 0 0 0

#Transform 190
Transform: AffineTransform_float_3_3
Parameters: 0.999944 0.000670286 -0.010584 -0.000715711 0.999991 -0.00431567 0.010581 0.00432334 0.999934 -0.765785 0.191401 -1.44884
FixedParameters: 0 0 0

#Transform 191
Transform: AffineTransform_float_3_3
