#Insight Transform File V1.0
#Transform 0
Transform: AffineTransform_float_3_3
Parameters: 1 0.000472 -2.78952e-07 -0.000472 0.999999 -0.000591 -2.78952e-07 0.000591 1 -0.102825 0.0804891 0.28476
FixedParameters: 0 0 0

#Transform 1
Transform: AffineTransform_float_3_3
Parameters: 0.999999 0.000728999 4.06782e-07 -0.000728999 0.999999 0.000558 4.06782e-07 -0.000558 1 -0.0958661 0.00908099 0.147939
FixedParameters: 0 0 0

#Transform 2
Transform: AffineTransform_float_3_3
Parameters: 1 0.000656 -1.06928e-07 -0.000656 1 -0.000163 -1.06928e-07 0.000163 1 -0.0825672 0.0621134 0.189623
FixedParameters: 0 0 0

#Transform 3
Transform: AffineTransform_float_3_3
Parameters: 1 0.000632103 -0.000155582 -0.000631896 0.999999 0.000661098 0.000156418 -0.000661901 1 -0.0304155 -0.0978055 0.109031
FixedParameters: 0 0 0

#Transform 4
Transform: AffineTransform_float_3_3
Parameters: 1 0.00044402 -4.98228e-05 -0.00044398 1 0.000399022 5.01771e-05 -0.000398978 1 -0.0368781 0.0300773 0.150911
FixedParameters: 0 0 0

#Transform 5
Transform: AffineTransform_float_3_3
Parameters: 1 -1.49985e-07 0.000297 -1.49985e-07 1 0.000505 -0.000297 -0.000505 1 -0.0247738 0.00707403 0.108455
FixedParameters: 0 0 0

#Transform 6
Transform: AffineTransform_float_3_3
Parameters: 1 -0.00020411 0.000353936 0.000203889 1 0.000312072 -0.000354064 -0.000311928 1 0.0118006 0.0499411 0.150104
FixedParameters: 0 0 0

#Transform 7
Transform: AffineTransform_float_3_3
Parameters: 0.999999 -0.000620203 0.000372662 0.000619797 0.999999 0.000544231 -0.000373338 -0.000544768 1 0.056557 0.0154553 0.175551
FixedParameters: 0 0 0

#Transform 8
Transform: AffineTransform_float_3_3
Parameters: 0.999999 -0.000882 -1.59471e-05 0.000881998 0.999999 -6.00141e-05 1.60529e-05 5.99858e-05 1 0.0444623 0.0215515 0.325534
FixedParameters: 0 0 0

#Transform 9
Transform: AffineTransform_float_3_3
Parameters: 1 -0.000449932 -0.00019216 0.000450068 1 0.000354913 0.00019184 -0.000355086 1 0.0113991 0.004379 0.311574
FixedParameters: 0 0 0

#Transform 10
Transform: AffineTransform_float_3_3
Parameters: 1 -4.71882e-05 -0.00119203 4.78117e-05 1 0.000680943 0.00119197 -0.000681057 0.999999 0.0069872 -0.0290949 0.259684
FixedParameters: 0 0 0

#Transform 11
Transform: AffineTransform_float_3_3
Parameters: 0.999999 -0.000426106 -0.000625928 0.000425894 1 -0.000169267 0.000626072 0.000168733 1 0.00686824 0.0324069 0.256274
FixedParameters: 0 0 0

#Transform 12
Transform: AffineTransform_float_3_3
Parameters: 1 -0.000442009 1.26804e-05 0.000441991 0.999999 0.000723005 -1.23196e-05 -0.000722994 0.999999 -0.00186758 -0.0299668 0.160051
FixedParameters: 0 0 0

#Transform 13
Transform: AffineTransform_float_3_3
Parameters: 1 -0.000308009 1.27924e-05 0.000307991 0.999999 0.000674004 -1.32076e-05 -0.000673996 1 0.0227451 -0.0209912 0.116892
FixedParameters: 0 0 0

#Transform 14
Transform: AffineTransform_float_3_3
Parameters: 0.999999 -0.00050461 0.000866645 0.000504389 0.999999 0.000704437 -0.000867355 -0.000703563 1 0.00660747 -0.0328762 0.0863829
FixedParameters: 0 0 0

#Transform 15
Transform: AffineTransform_float_3_3
Parameters: 1 -0.000402253 0.00019548 0.000401747 0.999999 0.00129408 -0.00019552 -0.00129392 0.999999 0.0213268 -0.06285 -0.0140194
FixedParameters: 0 0 0

#Transform 16
Transform: AffineTransform_float_3_3
Parameters: 1 0.000108838 -0.000227078 -0.000109162 0.999999 -0.000714975 0.000226922 0.000715024 0.999999 0.0594879 0.0138579 -0.0836805
FixedParameters: 0 0 0

#Transform 17
Transform: AffineTransform_float_3_3
Parameters: 1 -0.000174049 -9.391e-05 0.000173951 1 -0.000517016 9.40899e-05 0.000516983 1 0.0550678 -0.0534455 -0.0735358
FixedParameters: 0 0 0

#Transform 18
Transform: AffineTransform_float_3_3
Parameters: 1 -0.000120126 0.000183918 0.000120874 1 0.000684022 -0.000184083 -0.000683978 0.999999 0.021584 -0.0419322 0.0398674
FixedParameters: 0 0 0

#Transform 19
Transform: AffineTransform_float_3_3
Parameters: 1 5.01101e-05 -9.99449e-05 -4.98899e-05 1 0.00110101 0.000100055 -0.001101 1 -0.0118214 -0.114411 -0.0164406
FixedParameters: 0 0 0

#Transform 20
Transform: AffineTransform_float_3_3
Parameters: 1 -4.98841e-06 -0.000483 5.01159e-06 1 2.39976e-05 0.000483 -2.40024e-05 1 0.0183029 0.000355178 0.016933
FixedParameters: 0 0 0

#Transform 21
Transform: AffineTransform_float_3_3
Parameters: 1 -0.000119916 -0.000224045 0.000120084 1 0.000376973 0.000223955 -0.000377027 1 0.0180454 -0.0409781 -0.077479
FixedParameters: 0 0 0

#Transform 22
Transform: AffineTransform_float_3_3
Parameters: 1 -0.000120183 -0.000482954 0.000120817 1 -0.000379058 0.000483046 0.000378942 1 0.0293673 0.034976 -0.0433094
FixedParameters: 0 0 0

#Transform 23
Transform: AffineTransform_float_3_3
Parameters: 1 0.000108192 -0.000482957 -0.000107808 1 0.000398052 0.000483043 -0.000397948 1 0.0461123 -0.0317917 -0.121733
FixedParameters: 0 0 0

#Transform 24
Transform: AffineTransform_float_3_3
Parameters: 1 0.000228998 -1.50337e-05 -0.000229002 1 -0.000146997 1.49663e-05 0.000147003 1 0.0758387 -0.0353759 -0.153353
FixedParameters: 0 0 0

#Transform 25
Transform: AffineTransform_float_3_3
Parameters: 1 -0.000120112 -0.000295954 0.000120888 1 -0.000379036 0.000296046 0.000378964 1 0.0911857 -0.0134598 -0.229771
FixedParameters: 0 0 0

#Transform 26
Transform: AffineTransform_float_3_3
Parameters: 1 -0.000254028 -0.000482985 0.000253972 1 -5.81227e-05 0.000483015 5.88773e-05 1 0.146106 0.00142049 -0.165561
FixedParameters: 0 0 0

#Transform 27
Transform: AffineTransform_float_3_3
Parameters: 1 -0.000278021 -3.9856e-05 0.000277979 1 -0.000518011 4.0144e-05 0.000517989 1 0.130344 0.0106313 -0.185587
FixedParameters: 0 0 0

#Transform 28
Transform: AffineTransform_float_3_3
Parameters: 1 -0.000314199 -0.000525881 0.0003138 1 -0.000379165 0.000526119 0.000378835 1 0.138541 -0.00444285 -0.15988
FixedParameters: 0 0 0

#Transform 29
Transform: AffineTransform_float_3_3
Parameters: 1 -0.000525156 -0.000941356 0.000523845 0.999999 -0.00122749 0.000941644 0.00122751 0.999999 0.137548 0.0626317 -0.137858
FixedParameters: 0 0 0

#Transform 30
Transform: AffineTransform_float_3_3
Parameters: 1 -0.000525074 -0.000977424 0.000523927 1 -0.00109851 0.000977576 0.00109749 0.999999 0.117732 0.026546 -0.124488
FixedParameters: 0 0 0

#Transform 31
Transform: AffineTransform_float_3_3
Parameters: 0.999999 -0.000859038 -0.000524301 0.000857961 0.999997 -0.00197845 0.000525698 0.00197755 0.999998 0.128793 0.113132 -0.105605
FixedParameters: 0 0 0

#Transform 32
Transform: AffineTransform_float_3_3
Parameters: 0.999999 -0.000524195 -0.000525805 0.000523804 1 -0.000371275 0.000526194 0.000370724 1 0.0921559 0.0207733 -0.0864246
FixedParameters: 0 0 0

#Transform 33
Transform: AffineTransform_float_3_3
Parameters: 0.999999 -0.00052457 -0.000525432 0.000524431 1 -0.00108328 0.000525569 0.00108373 1 0.0622403 0.0885457 -0.0255267
FixedParameters: 0 0 0

#Transform 34
Transform: AffineTransform_float_3_3
Parameters: 0.999999 -0.000524654 -0.000525348 0.000524347 0.999999 -0.00124328 0.000525653 0.00124372 0.999999 0.0464109 0.0714038 -0.0723487
FixedParameters: 0 0 0

#Transform 35
Transform: AffineTransform_float_3_3
Parameters: 0.999999 -0.000980994 5.17523e-06 0.000981005 0.999999 -0.001198 -3.82476e-06 0.001198 1 0.0534336 0.0712509 0.00703046
FixedParameters: 0 0 0

#Transform 36
Transform: AffineTransform_float_3_3
Parameters: 1 -0.00098062 0.000320167 0.00098138 0.999999 -0.00118969 -0.000318832 0.00119031 0.999999 0.0714827 0.0699373 -0.0187862
FixedParameters: 0 0 0

#Transform 37
Transform: AffineTransform_float_3_3
Parameters: 1 -0.000980327 0.000496332 0.000981673 0.999998 -0.00135751 -0.000494668 0.00135749 0.999999 0.0623569 0.0514914 -0.019281
FixedParameters: 0 0 0

#Transform 38
Transform: AffineTransform_float_3_3
Parameters: 0.999999 -0.00123795 0.000491656 0.00123905 0.999997 -0.00214439 -0.000488343 0.00214561 0.999997 0.0814958 0.144177 0.0199447
FixedParameters: 0 0 0

#Transform 39
Transform: AffineTransform_float_3_3
Parameters: 0.999999 -0.000980767 0.000183245 0.000981231 0.999998 -0.00126882 -0.000181755 0.00126918 0.999999 0.0538054 0.0876987 -0.0914398
FixedParameters: 0 0 0

#Transform 40
Transform: AffineTransform_float_3_3
Parameters: 1 -0.00109974 0.000183577 0.00110026 0.999999 -0.0014338 -0.000181422 0.0014342 0.999999 0.0577205 0.128797 -0.0378742
FixedParameters: 0 0 0

#Transform 41
Transform: AffineTransform_float_3_3
Parameters: 0.999999 -0.000869884 0.000182552 0.000870115 1 -0.000634842 -0.000181447 0.000635158 1 0.0589953 0.0537887 -0.0723627
FixedParameters: 0 0 0

#Transform 42
Transform: AffineTransform_float_3_3
Parameters: 0.999999 -0.00130595 0.000681024 0.00130705 0.999998 -0.00154911 -0.000678975 0.00154989 0.999998 0.0717863 0.117705 -0.0355663
FixedParameters: 0 0 0

#Transform 43
Transform: AffineTransform_float_3_3
Parameters: 0.999999 -0.000980717 0.00018352 0.000981282 0.999999 -0.00154982 -0.000181479 0.00155018 0.999999 0.075938 0.102631 -0.0739517
FixedParameters: 0 0 0

#Transform 44
Transform: AffineTransform_float_3_3
Parameters: 0.999999 -0.00145744 0.000259166 0.00145756 0.999996 -0.00217162 -0.000255836 0.00217137 0.999997 0.0542397 0.15024 -0.0326951
FixedParameters: 0 0 0

#Transform 45
Transform: AffineTransform_float_3_3
Parameters: 0.999999 -0.00110169 0.000871664 0.00110332 0.999999 -0.00150904 -0.000870335 0.00150996 0.999998 0.00564367 0.0164325 0.0844956
FixedParameters: 0 0 0

#Transform 46
Transform: AffineTransform_float_3_3
Parameters: 0.999999 -0.00136093 3.66035e-05 0.00136007 0.999997 -0.00191295 -3.43982e-05 0.00191305 0.999998 0.00127775 0.121479 0.0605539
FixedParameters: 0 0 0

#Transform 47
Transform: AffineTransform_float_3_3
Parameters: 0.999999 -0.00123893 3.63788e-05 0.00123907 0.999998 -0.00191996 -3.3621e-05 0.00192004 0.999998 -0.0121185 0.140412 0.0836947
FixedParameters: 0 0 0

#Transform 48
Transform: AffineTransform_float_3_3
Parameters: 0.999998 -0.00157323 -0.000635954 0.00157176 0.999997 -0.001937 0.000639045 0.001936 0.999998 0.018187 0.121034 0.0626194
FixedParameters: 0 0 0

#Transform 49
Transform: AffineTransform_float_3_3
Parameters: 0.999999 -0.00174351 -0.000634878 0.00174249 0.999995 -0.00236611 0.000639124 0.00236489 0.999997 0.0462987 0.187865 0.114552
FixedParameters: 0 0 0

#Transform 50
Transform: AffineTransform_float_3_3
Parameters: 0.999997 -0.00216881 0.000106025 0.00216819 0.999996 -0.00185577 -0.000101978 0.00185523 0.999999 -0.0355917 0.164325 0.120859
FixedParameters: 0 0 0

#Transform 51
Transform: AffineTransform_float_3_3
Parameters: 0.999998 -0.00217 -0.000635612 0.00216901 0.999997 -0.00156238 0.000639389 0.00156162 0.999998 -0.00110489 0.192497 0.251499
FixedParameters: 0 0 0

#Transform 52
Transform: AffineTransform_float_3_3
Parameters: 0.999997 -0.00216903 -1.83885e-05 0.00216897 0.999997 -0.00166504 2.16113e-05 0.00166496 0.999998 -0.00725397 0.163658 0.18596
FixedParameters: 0 0 0

#Transform 53
Transform: AffineTransform_float_3_3
Parameters: 0.999999 -0.00175557 0.000288632 0.00175643 0.999998 -0.0014985 -0.000286369 0.00149851 0.999999 -0.0688826 0.138584 0.203696
FixedParameters: 0 0 0

#Transform 54
Transform: AffineTransform_float_3_3
Parameters: 0.999999 -0.00179603 -1.17488e-05 0.00179597 0.999995 -0.00236702 1.52511e-05 0.00236698 0.999997 -0.0500612 0.216198 0.301785
FixedParameters: 0 0 0

#Transform 55
Transform: AffineTransform_float_3_3
Parameters: 0.999997 -0.00252508 0.000932508 0.00252593 0.999997 -0.000991649 -0.000930492 0.000994354 0.999999 -0.0766259 0.140704 0.42
FixedParameters: 0 0 0

#Transform 56
Transform: AffineTransform_float_3_3
Parameters: 0.999996 -0.00260128 0.00112535 0.00260072 0.999997 0.000251928 -0.00112665 -0.00024907 1 -0.066776 0.155841 0.606499
FixedParameters: 0 0 0

#Transform 57
Transform: AffineTransform_float_3_3
Parameters: 0.999998 -0.00153411 0.000529685 0.00153389 0.999999 0.000205813 -0.000529315 -0.000205188 1 -0.109645 0.160508 0.415464
FixedParameters: 0 0 0

#Transform 58
Transform: AffineTransform_float_3_3
Parameters: 0.999998 -0.00131981 0.000934856 0.00131919 0.999999 0.000867234 -0.000936143 -0.000865766 0.999999 -0.129391 0.0490725 0.145437
FixedParameters: 0 0 0

#Transform 59
Transform: AffineTransform_float_3_3
Parameters: 0.999998 -0.0011525 0.00128955 0.0011515 1 0.000388486 -0.00129045 -0.000387513 0.999999 -0.146914 0.0481795 0.211851
FixedParameters: 0 0 0

#Transform 60
Transform: AffineTransform_float_3_3
Parameters: 0.999996 -0.00116071 0.00228664 0.00115929 1 0.000312652 -0.00228736 -0.000309346 0.999998 -0.228387 0.0418936 0.0668252
FixedParameters: 0 0 0

#Transform 61
Transform: AffineTransform_float_3_3
Parameters: 0.999998 -0.000725193 0.00175616 0.000727806 0.999998 -0.00159772 -0.00175484 0.00159927 0.999997 -0.121953 0.189153 0.102205
FixedParameters: 0 0 0

#Transform 62
Transform: AffineTransform_float_3_3
Parameters: 0.999999 -0.00107107 0.00145542 0.00107293 0.999998 -0.00132444 -0.00145458 0.00132556 0.999998 -0.0409459 0.0766636 0.0529347
FixedParameters: 0 0 0

#Transform 63
Transform: AffineTransform_float_3_3
Parameters: 0.999999 -0.00107263 0.00114135 0.00107237 1 -0.000322777 -0.00114065 0.000324224 1 -0.0805846 0.0172256 0.222862
FixedParameters: 0 0 0

#Transform 64
Transform: AffineTransform_float_3_3
Parameters: 0.999998 -0.00107251 0.00180429 0.00107249 1 -0.000272066 -0.00180371 0.000273935 0.999999 -0.0833818 0.0464512 0.284599
FixedParameters: 0 0 0

#Transform 65
Transform: AffineTransform_float_3_3
Parameters: 0.999998 -0.00131795 0.00183804 0.00131706 0.999999 -2.85793e-05 -0.00183796 3.14224e-05 0.999999 -0.0792913 0.0280124 0.305034
FixedParameters: 0 0 0

#Transform 66
Transform: AffineTransform_float_3_3
Parameters: 0.999997 -0.00125907 0.00177895 0.00125893 0.999999 4.12397e-05 -0.00177905 -3.97602e-05 0.999999 -0.105149 0.0366132 0.210848
FixedParameters: 0 0 0

#Transform 67
Transform: AffineTransform_float_3_3
Parameters: 0.999998 -0.0012746 0.00192861 0.0012744 0.999999 0.000311459 -0.0019284 -0.000308543 0.999998 -0.0678124 0.061527 0.241646
FixedParameters: 0 0 0

#Transform 68
Transform: AffineTransform_float_3_3
Parameters: 0.999998 -0.00139103 0.00181745 0.00138897 0.999999 0.00111753 -0.00181955 -0.00111547 0.999997 -0.0740503 0.024918 0.176784
FixedParameters: 0 0 0

#Transform 69
Transform: AffineTransform_float_3_3
Parameters: 0.999998 -0.00111898 0.00116105 0.00111802 0.999999 0.000848299 -0.00116195 -0.000846701 0.999999 -0.0505255 0.0161529 0.207566
FixedParameters: 0 0 0

#Transform 70
Transform: AffineTransform_float_3_3
Parameters: 0.999998 -0.000638822 0.00221348 0.000636177 0.999999 0.00082441 -0.00221353 -0.000822588 0.999997 -0.143432 -0.00568714 0.379527
FixedParameters: 0 0 0

#Transform 71
Transform: AffineTransform_float_3_3
Parameters: 0.999999 -0.000639022 0.00171125 0.000636977 0.999999 0.00118209 -0.00171275 -0.00118091 0.999998 -0.149333 -0.00743206 0.338077
FixedParameters: 0 0 0

#Transform 72
Transform: AffineTransform_float_3_3
Parameters: 0.999997 -0.000902402 0.00231484 0.000901599 0.999999 0.000174088 -0.00231516 -0.000172911 0.999998 -0.146729 0.0268938 0.339518
FixedParameters: 0 0 0

#Transform 73
Transform: AffineTransform_float_3_3
Parameters: 0.999995 -0.00108492 0.0029513 0.00108308 0.999999 0.0006522 -0.00295271 -0.0006498 0.999996 -0.13548 -0.0187493 0.347481
FixedParameters: 0 0 0

#Transform 74
Transform: AffineTransform_float_3_3
Parameters: 0.999994 -0.000794835 0.00320479 0.000794162 0.999999 0.000262546 -0.00320521 -0.000259454 0.999995 -0.14525 0.0314518 0.352875
FixedParameters: 0 0 0

#Transform 75
Transform: AffineTransform_float_3_3
Parameters: 0.999996 -0.000948873 0.00269029 0.000944127 0.999998 0.00181155 -0.00269271 -0.00180945 0.999994 -0.0399008 -0.0177145 0.2199
FixedParameters: 0 0 0

#Transform 76
Transform: AffineTransform_float_3_3
Parameters: 0.999995 -0.0008356 0.00306984 0.000835397 0.999999 0.000197566 -0.00306916 -0.000194436 0.999996 -0.0519755 0.0575995 0.233503
FixedParameters: 0 0 0

#Transform 77
Transform: AffineTransform_float_3_3
Parameters: 0.999995 -0.00107977 0.00291772 0.00107923 1 0.00026415 -0.00291828 -0.00026085 0.999995 -0.0368319 0.0313639 0.196487
FixedParameters: 0 0 0

#Transform 78
Transform: AffineTransform_float_3_3
Parameters: 0.999997 -0.00132571 0.00209718 0.00132629 0.999999 -0.000137219 -0.00209682 0.00013978 0.999998 -0.00546648 0.0569484 0.21566
FixedParameters: 0 0 0

#Transform 79
Transform: AffineTransform_float_3_3
Parameters: 0.999993 -0.00124302 0.00337789 0.00123998 0.999999 0.000897194 -0.00337911 -0.000892805 0.999994 -0.0652665 -0.044089 0.11337
FixedParameters: 0 0 0

#Transform 80
Transform: AffineTransform_float_3_3
Parameters: 0.999996 -0.00109477 0.00260768 0.00109424 1 0.000294855 -0.00260832 -0.000292146 0.999996 -0.0363315 0.00970588 0.187263
FixedParameters: 0 0 0

#Transform 81
Transform: AffineTransform_float_3_3
Parameters: 0.999997 -0.00121973 0.00209599 0.00121827 0.999999 0.000825555 -0.002097 -0.000823444 0.999997 -0.024954 -0.0436768 0.0617612
FixedParameters: 0 0 0

#Transform 82
Transform: AffineTransform_float_3_3
Parameters: 0.999994 -0.00120407 0.00319497 0.00120493 1 2.38499e-05 -0.00319503 -2.01531e-05 0.999995 -0.0271035 0.0195072 0.0116913
FixedParameters: 0 0 0

#Transform 83
Transform: AffineTransform_float_3_3
Parameters: 0.999993 -0.00151355 0.00324581 0.00151045 0.999998 0.000788908 -0.00324719 -0.00078409 0.999995 -0.0387856 -0.0383482 -0.00110514
FixedParameters: 0 0 0

#Transform 84
Transform: AffineTransform_float_3_3
Parameters: 0.999993 -0.00162279 0.00331761 0.00162121 0.999998 0.00024138 -0.00331839 -0.000235616 0.999994 -0.0301661 0.00889443 0.0365644
FixedParameters: 0 0 0

#Transform 85
Transform: AffineTransform_float_3_3
Parameters: 0.999993 -0.00162398 0.00320599 0.00162201 0.999998 0.000621204 -0.003207 -0.000615795 0.999994 -0.0254661 -0.0357992 -0.0251641
FixedParameters: 0 0 0

#Transform 86
Transform: AffineTransform_float_3_3
Parameters: 0.999994 -0.00137141 0.00315382 0.00137059 0.999999 0.000132323 -0.00315418 -0.000127675 0.999995 -0.0265489 0.00759051 0.0370696
FixedParameters: 0 0 0

#Transform 87
Transform: AffineTransform_float_3_3
Parameters: 0.999994 -0.00158435 0.00331388 0.00158165 0.999999 0.000712247 -0.00331512 -0.000706753 0.999995 -0.0295902 -0.0551413 -0.0446876
FixedParameters: 0 0 0

#Transform 88
Transform: AffineTransform_float_3_3
Parameters: 0.999994 -0.0015813 0.00302437 0.0015817 0.999998 -0.000229218 -0.00302364 0.000233783 0.999996 -0.0169519 0.0362337 -0.0318384
FixedParameters: 0 0 0

#Transform 89
Transform: AffineTransform_float_3_3
Parameters: 0.999996 -0.00158165 0.00257022 0.00158135 0.999998 -0.000135936 -0.00256978 0.000140065 0.999996 0.0306463 -0.00668479 -0.114483
FixedParameters: 0 0 0

#Transform 90
Transform: AffineTransform_float_3_3
Parameters: 0.999995 -0.00209004 0.00266975 0.00209096 0.999998 -0.00035742 -0.00266925 0.000362581 0.999997 0.0516232 0.0539719 -0.0588127
FixedParameters: 0 0 0

#Transform 91
Transform: AffineTransform_float_3_3
Parameters: 0.999994 -0.00173615 0.00304334 0.00173485 0.999999 0.000381282 -0.00304366 -0.000375718 0.999996 0.0143962 0.0022898 -0.074233
FixedParameters: 0 0 0

#Transform 92
Transform: AffineTransform_float_3_3
Parameters: 0.999994 -0.00177194 0.00277631 0.00177406 0.999998 -0.000739079 -0.00277468 0.000743921 0.999996 0.0232648 0.0679946 -0.00883251
FixedParameters: 0 0 0

#Transform 93
Transform: AffineTransform_float_3_3
Parameters: 0.999996 -0.00165926 0.00199495 0.00165774 0.999999 0.000632309 -0.00199604 -0.00062869 0.999998 0.0347889 0.00800594 0.00773626
FixedParameters: 0 0 0

#Transform 94
Transform: AffineTransform_float_3_3
Parameters: 0.999994 -0.00198179 0.00261691 0.0019832 0.999998 -0.000457813 -0.00261609 0.000463187 0.999997 0.0317591 0.089509 0.0368806
FixedParameters: 0 0 0

#Transform 95
Transform: AffineTransform_float_3_3
Parameters: 0.999996 -0.00171343 0.00248178 0.00171557 0.999998 -0.00103475 -0.00248022 0.00103925 0.999997 0.0452565 0.0812051 -0.0739544
FixedParameters: 0 0 0

#Transform 96
Transform: AffineTransform_float_3_3
Parameters: 0.99999 -0.00208872 0.00379325 0.00209028 0.999997 -0.000597076 -0.00379174 0.000604925 0.999992 0.0834166 0.0799905 -0.0452551
FixedParameters: 0 0 0

#Transform 97
Transform: AffineTransform_float_3_3
Parameters: 0.999993 -0.00136892 0.00348682 0.00137108 0.999999 -0.000593223 -0.00348618 0.000597776 0.999993 0.136714 0.0493526 -0.112902
FixedParameters: 0 0 0

#Transform 98
Transform: AffineTransform_float_3_3
Parameters: 0.999992 -0.00177132 0.00354984 0.00177468 0.999998 -0.00103271 -0.00354816 0.00103929 0.999993 0.137478 0.104388 -0.0493842
FixedParameters: 0 0 0

#Transform 99
Transform: AffineTransform_float_3_3
Parameters: 0.999993 -0.00193335 0.00303061 0.00193865 0.999997 -0.00186214 -0.00302639 0.00186786 0.999993 0.177302 0.0934084 -0.118809
FixedParameters: 0 0 0

#Transform 100
Transform: AffineTransform_float_3_3
Parameters: 0.99999 -0.00122447 0.00426046 0.00123253 0.999997 -0.00199977 -0.00425754 0.00200523 0.999989 0.267462 0.159423 -0.116972
FixedParameters: 0 0 0

#Transform 101
Transform: AffineTransform_float_3_3
Parameters: 0.999996 0.000721807 0.00272034 -0.000704196 0.999979 -0.00654094 -0.00272466 0.00653906 0.999975 0.901346 0.393201 -0.245979
FixedParameters: 0 0 0

#Transform 102
Transform: AffineTransform_float_3_3
Parameters: 0.999987 5.17874e-05 0.00509882 -3.02108e-05 0.999991 -0.00427321 -0.00509917 0.00427279 0.999978 0.54378 0.262401 -0.148734
FixedParameters: 0 0 0

#Transform 103
Transform: AffineTransform_float_3_3
Parameters: 0.99999 0.000443854 0.00442644 -0.000428148 0.999994 -0.00358193 -0.00442756 0.00358007 0.999984 0.46135 0.18837 -0.160826
FixedParameters: 0 0 0

#Transform 104
Transform: AffineTransform_float_3_3
Parameters: 0.999993 0.000135609 0.00379463 -0.000125388 0.999996 -0.0027965 -0.00379536 0.00279551 0.999989 0.410042 0.151728 -0.113379
FixedParameters: 0 0 0

#Transform 105
Transform: AffineTransform_float_3_3
Parameters: 0.999995 -0.00020465 0.00312356 0.000213352 0.999996 -0.00267335 -0.00312344 0.00267365 0.999992 0.388148 0.169297 -0.157219
FixedParameters: 0 0 0

#Transform 106
Transform: AffineTransform_float_3_3
Parameters: 0.999995 -0.000512805 0.0033056 0.000522191 0.999995 -0.00308329 -0.00330341 0.00308571 0.99999 0.374991 0.194865 -0.0839909
FixedParameters: 0 0 0

#Transform 107
Transform: AffineTransform_float_3_3
Parameters: 0.999995 -0.000588568 0.00302785 0.000598433 0.999995 -0.0031152 -0.00302615 0.0031168 0.999991 0.311097 0.196251 -0.156607
FixedParameters: 0 0 0

#Transform 108
Transform: AffineTransform_float_3_3
Parameters: 0.999994 -0.000306382 0.00347586 0.000316616 0.999996 -0.00276692 -0.00347414 0.00276808 0.99999 0.291131 0.191594 -0.121959
FixedParameters: 0 0 0

#Transform 109
Transform: AffineTransform_float_3_3
Parameters: 0.999995 -0.000554687 0.00316129 0.000562313 0.999997 -0.00231324 -0.00315971 0.00231477 0.999993 0.304143 0.158329 -0.160321
FixedParameters: 0 0 0

#Transform 110
Transform: AffineTransform_float_3_3
Parameters: 0.999993 -0.000493985 0.00355127 0.000503014 0.999996 -0.00253823 -0.00354973 0.00253977 0.999991 0.281501 0.172105 -0.106338
FixedParameters: 0 0 0

#Transform 111
Transform: AffineTransform_float_3_3
Parameters: 0.999995 -0.000680891 0.00304428 0.000691109 0.999994 -0.00332091 -0.00304172 0.00332309 0.99999 0.329858 0.171745 -0.278015
FixedParameters: 0 0 0

#Transform 112
Transform: AffineTransform_float_3_3
Parameters: 0.999995 -0.000335969 0.00306934 0.00034803 0.999993 -0.00391995 -0.00306766 0.00392105 0.999987 0.301283 0.205626 -0.132119
FixedParameters: 0 0 0

#Transform 113
Transform: AffineTransform_float_3_3
Parameters: 0.999994 -0.000306931 0.0034789 0.000317068 0.999996 -0.00289391 -0.0034781 0.00289508 0.99999 0.266329 0.161865 -0.067119
FixedParameters: 0 0 0

#Transform 114
Transform: AffineTransform_float_3_3
Parameters: 0.999992 -0.000497525 0.00378912 0.000505471 0.999998 -0.0022351 -0.00378788 0.0022379 0.999991 0.245852 0.114453 -0.0218898
FixedParameters: 0 0 0

#Transform 115
Transform: AffineTransform_float_3_3
Parameters: 0.999993 -0.000526817 0.00366933 0.000536182 0.999996 -0.00250205 -0.00366767 0.00250395 0.99999 0.24621 0.162357 -0.0617083
FixedParameters: 0 0 0

#Transform 116
Transform: AffineTransform_float_3_3
Parameters: 0.999992 -0.00058468 0.00400992 0.000591322 0.999998 -0.00157564 -0.00400907 0.00157736 0.99999 0.243866 0.116711 -0.0752051
FixedParameters: 0 0 0

#Transform 117
Transform: AffineTransform_float_3_3
Parameters: 0.999988 -0.000651387 0.004994 0.000658612 0.999998 -0.00152273 -0.00499301 0.00152627 0.999987 0.271483 0.10137 -0.0408344
FixedParameters: 0 0 0

#Transform 118
Transform: AffineTransform_float_3_3
Parameters: 0.999978 -0.00111652 0.00652277 0.00112148 0.999999 -0.0006827 -0.00652224 0.000690298 0.999979 0.219191 0.0113622 -0.0597922
FixedParameters: 0 0 0

#Transform 119
Transform: AffineTransform_float_3_3
Parameters: 0.999979 -0.00101521 0.00640004 0.00102779 0.999998 -0.00199546 -0.00639796 0.00200154 0.999977 0.186451 0.0884823 0.0551987
FixedParameters: 0 0 0

#Transform 120
Transform: AffineTransform_float_3_3
Parameters: 0.999985 -0.000327033 0.00545667 0.000337968 0.999998 -0.00200919 -0.00545633 0.00201081 0.999983 0.135712 0.0872734 -0.0812052
FixedParameters: 0 0 0

#Transform 121
Transform: AffineTransform_float_3_3
Parameters: 0.999992 -0.000809195 0.00406456 0.000816803 0.999998 -0.0019187 -0.00406244 0.0019223 0.99999 0.17075 0.0762645 -0.0758768
FixedParameters: 0 0 0

#Transform 122
Transform: AffineTransform_float_3_3
Parameters: 0.999991 -0.000620751 0.00432319 0.000629252 0.999998 -0.0019073 -0.00432281 0.0019097 0.999989 0.162762 0.127825 -0.00634693
FixedParameters: 0 0 0

#Transform 123
Transform: AffineTransform_float_3_3
Parameters: 0.999992 -0.000703283 0.00393403 0.000708718 0.999998 -0.00145222 -0.00393297 0.00145478 0.999991 0.147558 0.0602782 -0.0509112
FixedParameters: 0 0 0

#Transform 124
Transform: AffineTransform_float_3_3
Parameters: 0.999992 -0.000788703 0.00391448 0.000796298 0.999998 -0.0018629 -0.00391352 0.0018661 0.99999 0.173767 0.104492 -0.0177557
FixedParameters: 0 0 0

#Transform 125
Transform: AffineTransform_float_3_3
Parameters: 0.999991 -0.000625481 0.00417853 0.000629521 1 -0.000841377 -0.00417747 0.000843621 0.999991 0.163953 0.0260673 -0.107212
FixedParameters: 0 0 0

#Transform 126
Transform: AffineTransform_float_3_3
Parameters: 0.99999 -0.000563411 0.00447309 0.00057159 0.999998 -0.00191946 -0.00447191 0.00192154 0.999988 0.176644 0.0961625 -0.116778
FixedParameters: 0 0 0

#Transform 127
Transform: AffineTransform_float_3_3
Parameters: 0.999991 -0.000697308 0.00419445 0.000705692 0.999997 -0.00207106 -0.00419355 0.00207394 0.999989 0.207318 0.0868386 -0.146827
FixedParameters: 0 0 0

#Transform 128
Transform: AffineTransform_float_3_3
Parameters: 0.999989 -0.00113679 0.00468251 0.00114321 0.999998 -0.00132266 -0.00468149 0.00132834 0.999988 0.216892 0.10004 -0.0323423
FixedParameters: 0 0 0

#Transform 129
Transform: AffineTransform_float_3_3
Parameters: 0.999989 -0.00129442 0.00445909 0.00130458 0.999997 -0.00237121 -0.00445592 0.00237679 0.999987 0.216695 0.109725 -0.107234
FixedParameters: 0 0 0

#Transform 130
Transform: AffineTransform_float_3_3
Parameters: 0.99999 -0.000753927 0.00438057 0.000763076 0.999998 -0.00207068 -0.00437843 0.00207332 0.999989 0.146806 0.0750558 -0.0316197
FixedParameters: 0 0 0

#Transform 131
Transform: AffineTransform_float_3_3
Parameters: 0.999992 -0.00076662 0.0040942 0.00077238 0.999999 -0.00155685 -0.0040928 0.00156015 0.999991 0.0983062 0.0387769 -0.0666327
FixedParameters: 0 0 0

#Transform 132
Transform: AffineTransform_float_3_3
Parameters: 0.999994 -0.000746279 0.00353622 0.000751725 0.999999 -0.00161735 -0.00353579 0.00161965 0.999993 0.122258 0.104521 -0.139852
FixedParameters: 0 0 0

#Transform 133
Transform: AffineTransform_float_3_3
Parameters: 0.999994 -0.000308846 0.00343047 0.000314153 0.999999 -0.00150193 -0.00342953 0.00150307 0.999993 0.0580429 0.0840371 -0.106541
FixedParameters: 0 0 0

#Transform 134
Transform: AffineTransform_float_3_3
Parameters: 0.999993 -0.000786961 0.00383208 0.00079704 0.999997 -0.00261897 -0.00382993 0.00262204 0.999989 0.0877901 0.146631 -0.111346
FixedParameters: 0 0 0

#Transform 135
Transform: AffineTransform_float_3_3
Parameters: 0.999988 -0.000690109 0.0047265 0.000706888 0.999994 -0.0035727 -0.0047235 0.0035763 0.999983 0.0643647 0.120586 -0.170091
FixedParameters: 0 0 0

#Transform 136
Transform: AffineTransform_float_3_3
Parameters: 0.999988 -0.00103568 0.00492825 0.00105032 0.999994 -0.00310686 -0.00492576 0.00311214 0.999983 0.106313 0.146223 -0.167226
FixedParameters: 0 0 0

#Transform 137
Transform: AffineTransform_float_3_3
Parameters: 0.999988 -0.00152188 0.00450309 0.00153112 0.999997 -0.00202213 -0.00449991 0.00202887 0.999988 0.142517 0.15941 -0.0473363
FixedParameters: 0 0 0

#Transform 138
Transform: AffineTransform_float_3_3
Parameters: 0.999989 -0.00120983 0.00447749 0.00121917 0.999997 -0.00204656 -0.00447451 0.00205244 0.999988 0.127553 0.167481 -0.0247091
FixedParameters: 0 0 0

#Transform 139
Transform: AffineTransform_float_3_3
Parameters: 0.999988 -0.00148015 0.00479443 0.00148785 0.999998 -0.00163389 -0.00479257 0.00164112 0.999987 0.125575 0.0956689 -0.150702
FixedParameters: 0 0 0

#Transform 140
Transform: AffineTransform_float_3_3
Parameters: 0.999986 -0.00107078 0.00506689 0.00107422 0.999999 -0.000829568 -0.0050661 0.000835436 0.999987 0.129545 -0.0036473 0.154387
FixedParameters: 0 0 0

#Transform 141
Transform: AffineTransform_float_3_3
Parameters: 0.99999 -0.00110673 0.00429141 0.00111627 0.999997 -0.00215923 -0.0042886 0.00216377 0.999989 0.165158 0.0472139 0.0852836
FixedParameters: 0 0 0

#Transform 142
Transform: AffineTransform_float_3_3
Parameters: 0.999993 -0.00125059 0.0033499 0.00126041 0.999995 -0.0031078 -0.00334609 0.0031122 0.999989 0.193352 0.118069 -0.335991
FixedParameters: 0 0 0

#Transform 143
Transform: AffineTransform_float_3_3
Parameters: 0.999996 -0.00089569 0.00271542 0.000905311 0.999993 -0.00379756 -0.00271258 0.00380045 0.999989 0.247468 0.109857 -0.620665
FixedParameters: 0 0 0

#Transform 144
Transform: AffineTransform_float_3_3
Parameters: 0.999996 -0.00117708 0.00259153 0.00118693 0.999992 -0.00383094 -0.00258747 0.00383406 0.99999 0.238331 0.167245 -0.562674
FixedParameters: 0 0 0

#Transform 145
Transform: AffineTransform_float_3_3
Parameters: 0.999995 -0.00117425 0.00291217 0.00118774 0.999989 -0.00437856 -0.00290683 0.00438243 0.999986 0.209816 0.161182 -0.455609
FixedParameters: 0 0 0

#Transform 146
Transform: AffineTransform_float_3_3
Parameters: 0.999996 -0.001146 0.00259234 0.001158 0.999988 -0.00463101 -0.00258766 0.00463398 0.999986 0.187088 0.239714 -0.51937
FixedParameters: 0 0 0

#Transform 147
Transform: AffineTransform_float_3_3
Parameters: 0.999996 -0.000998242 0.00259117 0.00100876 0.999991 -0.0041534 -0.00258683 0.0041566 0.999988 0.106671 0.244854 -0.526765
FixedParameters: 0 0 0

#Transform 148
Transform: AffineTransform_float_3_3
Parameters: 0.999997 -0.000647941 0.00259056 0.00066206 0.999985 -0.0054293 -0.00258744 0.0054317 0.999982 0.073392 0.351929 -0.564975
FixedParameters: 0 0 0

#Transform 149
Transform: AffineTransform_float_3_3
Parameters: 0.999998 -0.00118669 0.00195607 0.00119531 0.99999 -0.00425267 -0.00195093 0.00425533 0.999989 0.124793 0.245875 -0.509242
FixedParameters: 0 0 0

#Transform 150
Transform: AffineTransform_float_3_3
Parameters: 0.999996 -0.00153717 0.00243913 0.00154983 0.999985 -0.00526824 -0.00243087 0.00527176 0.999983 0.131471 0.329401 -0.536389
FixedParameters: 0 0 0

#Transform 151
Transform: AffineTransform_float_3_3
Parameters: 0.999996 -0.00173567 0.00217329 0.00174633 0.999987 -0.00475923 -0.00216571 0.00476378 0.999987 0.161516 0.285884 -0.530506
FixedParameters: 0 0 0

#Transform 152
Transform: AffineTransform_float_3_3
Parameters: 0.999996 -0.00177672 0.0022388 0.00178928 0.999984 -0.00549402 -0.0022292 0.00549799 0.999983 0.179775 0.394896 -0.502731
FixedParameters: 0 0 0

#Transform 153
Transform: AffineTransform_float_3_3
Parameters: 0.999996 -0.00159004 0.00210357 0.00159996 0.999987 -0.00474365 -0.00209543 0.00474634 0.999986 0.146679 0.338036 -0.500791
FixedParameters: 0 0 0

#Transform 154
Transform: AffineTransform_float_3_3
Parameters: 0.999997 -0.00161431 0.0021224 0.00162368 0.999988 -0.00456957 -0.0021146 0.00457343 0.999988 0.149188 0.370385 -0.423307
FixedParameters: 0 0 0

#Transform 155
Transform: AffineTransform_float_3_3
Parameters: 0.999996 -0.00192862 0.00170354 0.00193638 0.999986 -0.00493272 -0.00169347 0.00493628 0.999987 0.169162 0.344174 -0.468497
FixedParameters: 0 0 0

#Transform 156
Transform: AffineTransform_float_3_3
Parameters: 0.999997 -0.00209091 0.00170644 0.00210109 0.99998 -0.00593344 -0.00169356 0.00593756 0.999981 0.179598 0.440618 -0.399651
FixedParameters: 0 0 0

#Transform 157
Transform: AffineTransform_float_3_3
Parameters: 0.999996 -0.0019479 0.00170445 0.00195709 0.999984 -0.00535068 -0.00169355 0.00535432 0.999984 0.183958 0.380793 -0.429748
FixedParameters: 0 0 0

#Transform 158
Transform: AffineTransform_float_3_3
Parameters: 0.999994 -0.0021827 0.00250851 0.0021973 0.999982 -0.00570952 -0.00249649 0.00571548 0.99998 0.210403 0.405983 -0.472741
FixedParameters: 0 0 0

#Transform 159
Transform: AffineTransform_float_3_3
Parameters: 0.999994 -0.00253647 0.00226015 0.00254854 0.999982 -0.00556127 -0.00224586 0.00556673 0.999982 0.22655 0.401609 -0.438472
FixedParameters: 0 0 0

#Transform 160
Transform: AffineTransform_float_3_3
Parameters: 0.999995 -0.00204861 0.00249836 0.00206539 0.999974 -0.00697788 -0.00248364 0.00698313 0.999973 0.176062 0.496818 -0.427742
FixedParameters: 0 0 0

#Transform 161
Transform: AffineTransform_float_3_3
Parameters: 0.999994 -0.00198486 0.00277417 0.00199914 0.999985 -0.00510248 -0.00276383 0.00510852 0.999983 0.145994 0.345254 -0.367927
FixedParameters: 0 0 0

#Transform 162
Transform: AffineTransform_float_3_3
Parameters: 0.999995 -0.00103286 0.00276894 0.00104614 0.999988 -0.00474912 -0.00276406 0.00475188 0.999985 0.203546 0.397078 -0.346297
FixedParameters: 0 0 0

#Transform 163
Transform: AffineTransform_float_3_3
Parameters: 0.999991 -0.00115608 0.00389745 0.00117092 0.999992 -0.00382647 -0.00389354 0.00383153 0.999985 0.137307 0.29181 -0.323923
FixedParameters: 0 0 0

#Transform 164
Transform: AffineTransform_float_3_3
Parameters: 0.999993 -0.00210566 0.00290498 0.00211834 0.999988 -0.00425087 -0.00289601 0.00425712 0.999986 0.255616 0.324246 -0.397026
FixedParameters: 0 0 0

#Transform 165
Transform: AffineTransform_float_3_3
Parameters: 0.999997 -0.00151553 0.00185578 0.00152547 0.999986 -0.00511318 -0.00184822 0.00511682 0.999985 0.24582 0.427107 -0.353257
FixedParameters: 0 0 0

#Transform 166
Transform: AffineTransform_float_3_3
Parameters: 0.999997 -0.000857762 0.00257477 0.000868238 0.99999 -0.00436778 -0.00257023 0.00436922 0.999987 0.153715 0.312916 -0.235568
FixedParameters: 0 0 0

#Transform 167
Transform: AffineTransform_float_3_3
Parameters: 0.999995 -0.000590401 0.00302868 0.000604601 0.999989 -0.00449119 -0.00302632 0.00449281 0.999986 0.111292 0.361051 -0.27866
FixedParameters: 0 0 0

#Transform 168
Transform: AffineTransform_float_3_3
Parameters: 0.999995 -0.00116822 0.00288979 0.00117978 0.999991 -0.00407861 -0.00288421 0.00408139 0.999987 0.0873853 0.318765 -0.232485
FixedParameters: 0 0 0

#Transform 169
Transform: AffineTransform_float_3_3
Parameters: 0.999994 -0.00122921 0.00303081 0.00124079 0.999991 -0.00389026 -0.00302619 0.00389474 0.999988 0.0565318 0.32123 -0.223336
FixedParameters: 0 0 0

#Transform 170
Transform: AffineTransform_float_3_3
Parameters: 0.999995 -0.00122896 0.00294006 0.00124104 0.999991 -0.00409537 -0.00293494 0.00409963 0.999988 0.110823 0.294032 -0.236742
FixedParameters: 0 0 0

#Transform 171
Transform: AffineTransform_float_3_3
Parameters: 0.999994 -0.00166601 0.00303372 0.00167999 0.999988 -0.00461493 -0.00302627 0.00462007 0.999984 0.160011 0.355938 -0.261306
FixedParameters: 0 0 0

#Transform 172
Transform: AffineTransform_float_3_3
Parameters: 0.999996 -0.00166653 0.00258608 0.00167847 0.999987 -0.00482868 -0.00257792 0.00483232 0.999985 0.170656 0.342799 -0.227142
FixedParameters: 0 0 0

#Transform 173
Transform: AffineTransform_float_3_3
Parameters: 0.999995 -0.0020698 0.00259022 0.00208519 0.99998 -0.00587763 -0.00257778 0.00588337 0.99998 0.221983 0.408631 -0.151288
FixedParameters: 0 0 0

#Transform 174
Transform: AffineTransform_float_3_3
Parameters: 0.999993 -0.00207016 0.00286877 0.00208484 0.999985 -0.00518106 -0.00285723 0.00518695 0.999983 0.193077 0.357063 -0.15137
FixedParameters: 0 0 0

#Transform 175
Transform: AffineTransform_float_3_3
Parameters: 0.999993 -0.00206644 0.00314826 0.00208456 0.999981 -0.00590448 -0.00313574 0.00591052 0.999977 0.180693 0.420686 -0.150523
FixedParameters: 0 0 0

#Transform 176
Transform: AffineTransform_float_3_3
Parameters: 0.99999 -0.00241826 0.00357769 0.00243374 0.999988 -0.00440234 -0.00356731 0.00441067 0.999984 0.152931 0.310779 -0.188081
FixedParameters: 0 0 0

#Transform 177
Transform: AffineTransform_float_3_3
Parameters: 0.99999 -0.00247106 0.00357875 0.00248793 0.999985 -0.00473514 -0.00356725 0.00474386 0.999983 0.153211 0.361637 -0.0853756
FixedParameters: 0 0 0

#Transform 178
Transform: AffineTransform_float_3_3
Parameters: 0.99999 -0.00247184 0.00357822 0.00248716 0.999986 -0.00451814 -0.00356779 0.00452686 0.999984 0.13709 0.343658 -0.131557
FixedParameters: 0 0 0

#Transform 179
Transform: AffineTransform_float_3_3
Parameters: 0.999989 -0.00285581 0.003869 0.00287219 0.999987 -0.00418494 -0.003857 0.00419606 0.999984 0.201362 0.362592 -0.0306844
FixedParameters: 0 0 0

#Transform 180
Transform: AffineTransform_float_3_3
Parameters: 0.99999 -0.00293974 0.00335057 0.00295426 0.999986 -0.00426014 -0.00333743 0.00426985 0.999986 0.239772 0.331211 -0.0483654
FixedParameters: 0 0 0

#Transform 181
Transform: AffineTransform_float_3_3
Parameters: 0.99999 -0.00260985 0.00379577 0.00262415 0.999989 -0.00372708 -0.00378623 0.00373692 0.999986 0.18249 0.326363 -0.0240506
FixedParameters: 0 0 0

#Transform 182
Transform: AffineTransform_float_3_3
Parameters: 0.99999 -0.00238367 0.0037302 0.00239833 0.999989 -0.00384309 -0.0037208 0.0038519 0.999985 0.172679 0.290725 -0.048107
FixedParameters: 0 0 0

#Transform 183
Transform: AffineTransform_float_3_3
Parameters: 0.99999 -0.00247288 0.00372407 0.00248512 0.999991 -0.00325278 -0.00371592 0.00326222 0.999988 0.156561 0.300324 -0.0446559
FixedParameters: 0 0 0

#Transform 184
Transform: AffineTransform_float_3_3
Parameters: 0.999992 -0.00242107 0.00336434 0.00243393 0.999989 -0.00384384 -0.00335566 0.00385216 0.999987 0.180529 0.358654 -0.0334718
FixedParameters: 0 0 0

#Transform 185
Transform: AffineTransform_float_3_3
Parameters: 0.999993 -0.00247044 0.00274753 0.00248156 0.999989 -0.00384521 -0.00273847 0.00385179 0.999989 0.191027 0.319677 -0.0769243
FixedParameters: 0 0 0

#Transform 186
Transform: AffineTransform_float_3_3
Parameters: 0.999993 -0.00246817 0.00261516 0.00248083 0.999985 -0.00491354 -0.00260283 0.00492045 0.999984 0.175925 0.415863 -0.0174338
FixedParameters: 0 0 0

#Transform 187
Transform: AffineTransform_float_3_3
Parameters: 0.999993 -0.00233217 0.00286105 0.00234184 0.999992 -0.00343932 -0.00285296 0.00344568 0.99999 0.102469 0.318099 -0.0653011
FixedParameters: 0 0 0

#Transform 188
Transform: AffineTransform_float_3_3
Parameters: 0.999993 -0.00246969 0.00261373 0.00248131 0.999987 -0.00433254 -0.00260327 0.00433846 0.999987 0.132741 0.3962 -0.00916677
FixedParameters: 0 0 0

#Transform 189
Transform: AffineTransform_float_3_3
Parameters: 0.999995 -0.00226503 0.00229289 0.00227497 0.999988 -0.00435381 -0.00228311 0.00435919 0.999988 0.126811 0.386739 -0.0746848
