#Insight Transform File V1.0
#Transform 0
Transform: AffineTransform_float_3_3
Parameters: 1 -2.05e-08 -8.2e-05 -2.05e-08 1 -0.00025 8.2e-05 0.00025 1 0.00111625 0.00333902 -0.0200526
FixedParameters: 0 0 0

#Transform 1
Transform: AffineTransform_float_3_3
Parameters: 1 -2.8252e-08 1.4e-05 -2.8252e-08 0.999998 0.002018 -1.4e-05 -0.002018 0.999998 0.0174005 0.0931791 0.0805126
FixedParameters: 0 0 0

#Transform 2
Transform: AffineTransform_float_3_3
Parameters: 0.999999 -0.00124488 -0.0012143 0.00125112 0.999987 0.00505149 0.00120869 -0.00505351 0.999986 0.0594009 -0.00613608 0.0525005
FixedParameters: 0 0 0

#Transform 3
Transform: AffineTransform_float_3_3
Parameters: 0.999999 -0.000837673 -0.0010423 0.000843325 0.999986 0.00512112 0.0010377 -0.00512187 0.999987 0.0402484 0.0826568 0.0560134
FixedParameters: 0 0 0

#Transform 4
Transform: AffineTransform_float_3_3
Parameters: 0.999998 -0.00103071 -0.00123114 0.00103829 0.999982 0.00593573 0.00122586 -0.00593727 0.999981 0.0417854 0.0209915 -0.00914369
FixedParameters: 0 0 0

#Transform 5
Transform: AffineTransform_float_3_3
Parameters: 0.999998 -0.00126383 -0.00115489 0.00127116 0.99998 0.00622454 0.00114711 -0.00622646 0.99998 0.0565354 0.049316 0.015606
FixedParameters: 0 0 0

#Transform 6
Transform: AffineTransform_float_3_3
Parameters: 0.999999 -0.00148491 -0.00105066 0.00149108 0.999982 0.00581745 0.00104134 -0.00581956 0.999983 0.0742865 -0.00999122 -0.03796
FixedParameters: 0 0 0

#Transform 7
Transform: AffineTransform_float_3_3
Parameters: 0.999999 -0.00146941 -0.00104986 0.00147458 0.999984 0.00533946 0.00104114 -0.00534154 0.999985 0.0739768 0.0671382 0.0135339
FixedParameters: 0 0 0

#Transform 8
Transform: AffineTransform_float_3_3
Parameters: 0.999998 -0.0012649 -0.0010494 0.0012711 0.999982 0.00583668 0.0010416 -0.00583733 0.999983 0.0717003 -0.0197819 -0.0500898
FixedParameters: 0 0 0

#Transform 9
Transform: AffineTransform_float_3_3
Parameters: 0.999999 -0.000977792 -0.000889758 0.000983204 0.999983 0.00587213 0.000883242 -0.00587287 0.999983 0.0662138 0.0410964 -0.0240507
FixedParameters: 0 0 0

#Transform 10
Transform: AffineTransform_float_3_3
Parameters: 0.999999 -0.00023678 -0.000798263 0.000240223 0.999986 0.00528981 0.00079774 -0.00529019 0.999985 0.0333439 -0.0461995 -0.0271303
FixedParameters: 0 0 0

#Transform 11
Transform: AffineTransform_float_3_3
Parameters: 0.999999 -0.000652216 -0.001045 0.000656784 0.99999 0.00458432 0.001042 -0.00458568 0.999989 0.0406651 0.120504 -0.0392196
FixedParameters: 0 0 0

#Transform 12
Transform: AffineTransform_float_3_3
Parameters: 0.999999 -0.000818054 -0.00104589 0.000822943 0.999989 0.00473815 0.00104111 -0.00473886 0.999988 0.0528062 -0.038196 -0.0911797
FixedParameters: 0 0 0

#Transform 13
Transform: AffineTransform_float_3_3
Parameters: 0.999999 -0.000817847 -0.00104605 0.000823154 0.999988 0.00493615 0.00104195 -0.00493686 0.999988 0.0543984 0.0767877 -0.0497444
FixedParameters: 0 0 0

#Transform 14
Transform: AffineTransform_float_3_3
Parameters: 0.999999 -0.000817238 -0.00104653 0.00082276 0.999985 0.00551815 0.00104148 -0.00551886 0.999984 0.0680593 -0.0470878 -0.0822953
FixedParameters: 0 0 0

#Transform 15
Transform: AffineTransform_float_3_3
Parameters: 0.999998 -0.00127857 -0.00141584 0.00128543 0.999989 0.00455219 0.00141016 -0.00455381 0.999988 0.0781708 0.0915385 -0.0609129
FixedParameters: 0 0 0

#Transform 16
Transform: AffineTransform_float_3_3
Parameters: 0.999998 -0.00115951 -0.00114856 0.00116449 0.999988 0.00478567 0.00114344 -0.00478733 0.999988 0.0926867 -0.0164367 -0.0911083
FixedParameters: 0 0 0

#Transform 17
Transform: AffineTransform_float_3_3
Parameters: 0.999998 -0.0011241 -0.00126327 0.0011299 0.999989 0.00467658 0.00125873 -0.00467742 0.999989 0.0743718 0.0765939 -0.0479211
FixedParameters: 0 0 0

#Transform 18
Transform: AffineTransform_float_3_3
Parameters: 0.999999 -0.00101638 -0.00104748 0.00102261 0.999985 0.00537593 0.00104152 -0.00537706 0.999985 0.0902656 -0.0377373 -0.0870746
FixedParameters: 0 0 0

#Transform 19
Transform: AffineTransform_float_3_3
Parameters: 0.999998 -0.00127834 -0.00146285 0.00128566 0.999989 0.00455913 0.00145715 -0.00456087 0.999989 0.0893149 0.0687721 -0.0968996
FixedParameters: 0 0 0

#Transform 20
Transform: AffineTransform_float_3_3
Parameters: 0.999998 -0.00128012 -0.00104799 0.00128488 0.999989 0.00467266 0.00104201 -0.00467334 0.999988 0.0956865 -0.0279111 -0.117447
FixedParameters: 0 0 0

#Transform 21
Transform: AffineTransform_float_3_3
Parameters: 0.999998 -0.0012808 -0.00104716 0.0012852 0.999991 0.00401866 0.00104184 -0.00402034 0.999992 0.102221 0.0806817 -0.0793792
FixedParameters: 0 0 0

#Transform 22
Transform: AffineTransform_float_3_3
Parameters: 1 -0.00065744 -0.0002465 0.000658559 0.999997 0.00227984 0.000244499 -0.00228016 0.999998 0.11528 -0.0227857 -0.20722
FixedParameters: 0 0 0

#Transform 23
Transform: AffineTransform_float_3_3
Parameters: 1 -0.000228542 0.000231466 0.000227459 0.999997 0.00233805 -0.000231532 -0.00233795 0.999997 0.0919797 0.0945032 -0.162314
FixedParameters: 0 0 0

#Transform 24
Transform: AffineTransform_float_3_3
Parameters: 1 -0.000407419 0.000131712 0.000406583 0.999995 0.00316405 -0.000132287 -0.00316395 0.999995 0.104624 -0.070802 -0.180319
FixedParameters: 0 0 0

#Transform 25
Transform: AffineTransform_float_3_3
Parameters: 0.999999 -0.000852223 -0.000267488 0.000853776 0.999996 0.00291877 0.000264509 -0.00291923 0.999995 0.103273 0.0686322 -0.16269
FixedParameters: 0 0 0

#Transform 26
Transform: AffineTransform_float_3_3
Parameters: 0.999999 -0.00117273 -0.000683908 0.00117427 0.999994 0.0033282 0.000680096 -0.0033288 0.999994 0.113855 -0.0330453 -0.178216
FixedParameters: 0 0 0

#Transform 27
Transform: AffineTransform_float_3_3
Parameters: 1 -0.000852215 -0.000680985 0.000853786 0.999999 0.00115442 0.000680015 -0.00115458 0.999999 0.104044 0.0490238 -0.183384
FixedParameters: 0 0 0

#Transform 28
Transform: AffineTransform_float_3_3
Parameters: 1 -0.00101027 -0.000408819 0.00101073 0.999998 0.00179959 0.000406181 -0.00180041 0.999999 0.116733 -0.0470971 -0.20498
FixedParameters: 0 0 0

#Transform 29
Transform: AffineTransform_float_3_3
Parameters: 1 0.000481116 -7.22283e-05 -0.000480884 0.999998 0.00160403 7.27714e-05 -0.00160396 0.999998 0.101741 -0.0324697 -0.24266
FixedParameters: 0 0 0

#Transform 30
Transform: AffineTransform_float_3_3
Parameters: 1 -0.000444964 -0.00053003 0.000445036 1 6.87641e-05 0.000530969 -6.82363e-05 1 0.100051 0.0778551 -0.287606
FixedParameters: 0 0 0

#Transform 31
Transform: AffineTransform_float_3_3
Parameters: 0.999999 -0.00116924 -0.000867333 0.00116776 0.999999 -0.00142701 0.000868666 0.00142599 0.999998 0.115704 -0.0319824 -0.319367
FixedParameters: 0 0 0

#Transform 32
Transform: AffineTransform_float_3_3
Parameters: 1 -0.000338739 -0.000390641 0.000336258 0.999975 -0.00699213 0.00039336 0.00699186 0.999975 0.126334 -0.035907 -0.475187
FixedParameters: 0 0 0

#Transform 33
Transform: AffineTransform_float_3_3
Parameters: 0.999999 -0.00072308 -1.56646e-05 0.000722923 0.999989 -0.00461301 1.8335e-05 0.00461299 0.99999 0.125738 0.0730897 -0.473906
FixedParameters: 0 0 0

#Transform 34
Transform: AffineTransform_float_3_3
Parameters: 0.999999 -0.00155562 -0.00102303 0.00155238 0.999995 -0.00255459 0.00102697 0.00255241 0.999996 0.166965 -0.0521339 -0.421205
FixedParameters: 0 0 0

#Transform 35
Transform: AffineTransform_float_3_3
Parameters: 0.999987 -0.0026906 -0.00428413 0.0026944 0.999996 0.000787467 0.00428186 -0.000799531 0.99999 0.188456 0.0110514 -0.241092
FixedParameters: 0 0 0

#Transform 36
Transform: AffineTransform_float_3_3
Parameters: 0.999991 -0.00242219 -0.00350594 0.00242481 0.999996 0.000796505 0.00350406 -0.000804494 0.999993 0.176064 0.00267187 -0.243466
FixedParameters: 0 0 0

#Transform 37
Transform: AffineTransform_float_3_3
Parameters: 0.999992 -0.00242311 -0.00325841 0.00242489 0.999997 0.000577103 0.00325759 -0.000584898 0.999994 0.157182 0.0874582 -0.201748
FixedParameters: 0 0 0

#Transform 38
Transform: AffineTransform_float_3_3
Parameters: 0.999993 -0.00247752 -0.0026026 0.00247447 0.999996 -0.000972446 0.0026044 0.000966553 0.999996 0.181724 0.0320082 -0.309609
FixedParameters: 0 0 0

#Transform 39
Transform: AffineTransform_float_3_3
Parameters: 0.999994 -0.00223538 -0.00284592 0.00223463 0.999998 -0.000486363 0.00284708 0.000480639 0.999996 0.176823 0.0491807 -0.224282
FixedParameters: 0 0 0

#Transform 40
Transform: AffineTransform_float_3_3
Parameters: 0.999993 -0.00241465 -0.0026274 0.00241435 0.999997 -0.000249345 0.00262859 0.000242654 0.999996 0.168814 0.0841014 -0.221674
FixedParameters: 0 0 0

#Transform 41
Transform: AffineTransform_float_3_3
Parameters: 0.999998 -0.000734311 -0.00181588 0.00073369 0.999999 -0.000171333 0.00181613 0.000170667 0.999999 0.114433 0.0552412 -0.210069
FixedParameters: 0 0 0

#Transform 42
Transform: AffineTransform_float_3_3
Parameters: 0.999999 -0.000593812 -0.00142666 0.000592188 0.999999 -0.000569845 0.00142634 0.000569153 0.999999 0.120555 0.0456674 -0.265978
FixedParameters: 0 0 0

#Transform 43
Transform: AffineTransform_float_3_3
Parameters: 0.999996 -0.00214883 -0.00218521 0.00214718 0.999998 -0.000837696 0.0021868 0.000833305 0.999998 0.181266 0.0787927 -0.233436
FixedParameters: 0 0 0

#Transform 44
Transform: AffineTransform_float_3_3
Parameters: 0.999997 -0.0016677 -0.00202961 0.0016663 0.999999 -0.000838385 0.00203139 0.000834615 0.999997 0.143299 0.0386602 -0.310903
FixedParameters: 0 0 0

#Transform 45
Transform: AffineTransform_float_3_3
Parameters: 0.999997 -0.00152542 -0.00181402 0.00152858 0.999997 0.00197523 0.00181098 -0.00197777 0.999997 0.124247 -0.0504175 -0.224537
FixedParameters: 0 0 0

#Transform 46
Transform: AffineTransform_float_3_3
Parameters: 0.999996 -0.00166233 -0.00199706 0.00166567 0.999997 0.00183768 0.00199394 -0.00184132 0.999997 0.141294 0.101932 -0.160492
FixedParameters: 0 0 0

#Transform 47
Transform: AffineTransform_float_3_3
Parameters: 0.999997 -0.00159372 -0.00181388 0.00159727 0.999997 0.00180511 0.00181112 -0.00180889 0.999996 0.138341 -0.0194543 -0.203828
FixedParameters: 0 0 0

#Transform 48
Transform: AffineTransform_float_3_3
Parameters: 0.999997 -0.00171707 -0.00181378 0.00171993 0.999997 0.00161389 0.00181122 -0.00161712 0.999997 0.0972949 0.117421 -0.210043
FixedParameters: 0 0 0

#Transform 49
Transform: AffineTransform_float_3_3
Parameters: 0.999996 -0.00166972 -0.00204068 0.00167228 0.999998 0.00160559 0.00203831 -0.00160941 0.999996 0.111566 -0.00842559 -0.247239
FixedParameters: 0 0 0

#Transform 50
Transform: AffineTransform_float_3_3
Parameters: 0.999995 -0.00172368 -0.00240866 0.00172632 0.999998 0.000959846 0.00240734 -0.000964153 0.999996 0.136537 0.112631 -0.230594
FixedParameters: 0 0 0

#Transform 51
Transform: AffineTransform_float_3_3
Parameters: 0.999995 -0.00219826 -0.00199582 0.00219874 0.999998 0.000370614 0.00199518 -0.000375388 0.999998 0.164144 -0.00687194 -0.237489
FixedParameters: 0 0 0

#Transform 52
Transform: AffineTransform_float_3_3
Parameters: 0.999998 -0.00116609 -0.00117291 0.00116591 1 -7.53677e-05 0.00117309 7.46322e-05 1 0.125138 0.0478736 -0.287799
FixedParameters: 0 0 0

#Transform 53
Transform: AffineTransform_float_3_3
Parameters: 0.999999 -0.00133171 -0.00114234 0.00133229 0.999999 0.000250479 0.00114267 -0.000251522 1 0.150618 0.0157271 -0.228579
FixedParameters: 0 0 0

#Transform 54
Transform: AffineTransform_float_3_3
Parameters: 0.999998 -0.00125075 -0.00112028 0.00125125 0.999999 0.000221599 0.00111972 -0.000222401 1 0.151456 -0.00491909 -0.270679
FixedParameters: 0 0 0

#Transform 55
Transform: AffineTransform_float_3_3
Parameters: 0.999998 -0.00164264 -0.00157343 0.00164337 0.999999 0.000867417 0.00157257 -0.000869586 0.999999 0.151832 0.0919618 -0.208753
FixedParameters: 0 0 0

#Transform 56
Transform: AffineTransform_float_3_3
Parameters: 0.999997 -0.0018339 -0.00158727 0.0018351 0.999998 0.000693089 0.00158673 -0.000695912 0.999998 0.154498 -0.0221601 -0.264357
FixedParameters: 0 0 0

#Transform 57
Transform: AffineTransform_float_3_3
Parameters: 0.999996 -0.00198727 -0.00197574 0.00198873 0.999997 0.000872074 0.00197426 -0.000875926 0.999997 0.161211 0.0796545 -0.246254
FixedParameters: 0 0 0

#Transform 58
Transform: AffineTransform_float_3_3
Parameters: 0.999996 -0.00205476 -0.00198532 0.00205724 0.999997 0.00112792 0.00198268 -0.00113208 0.999998 0.162355 0.00127187 -0.300629
FixedParameters: 0 0 0

#Transform 59
Transform: AffineTransform_float_3_3
Parameters: 0.999995 -0.00240889 -0.00238014 0.00241111 0.999996 0.000883266 0.00237787 -0.000888733 0.999997 0.171491 0.0801113 -0.234812
FixedParameters: 0 0 0

#Transform 60
Transform: AffineTransform_float_3_3
Parameters: 0.999995 -0.00240871 -0.00238032 0.00241129 0.999996 0.000958265 0.00237768 -0.000963732 0.999996 0.188791 0.0342628 -0.276975
FixedParameters: 0 0 0

#Transform 61
Transform: AffineTransform_float_3_3
Parameters: 0.999999 -0.000591228 -0.00118589 0.000590772 1 -0.000192701 0.00118611 0.000192299 1 0.134895 -0.121582 -0.281403
FixedParameters: 0 0 0

#Transform 62
Transform: AffineTransform_float_3_3
Parameters: 1 -0.000170816 0.000393954 0.000173184 0.999984 -0.00554893 -0.000393045 0.00554906 0.999984 0.109199 -0.24691 -0.42391
FixedParameters: 0 0 0

#Transform 63
Transform: AffineTransform_float_3_3
Parameters: 0.999955 -0.00734617 -0.00611799 0.00725983 0.999876 -0.0139901 0.00622002 0.0139449 0.999884 0.30586 0.232174 -0.387935
FixedParameters: 0 0 0

#Transform 64
Transform: AffineTransform_float_3_3
Parameters: 0.999976 0.00487746 0.00495169 -0.00499754 0.999684 0.0246289 -0.00483032 -0.0246532 0.999685 -0.0292707 -0.167789 -0.0813121
FixedParameters: 0 0 0

#Transform 65
Transform: AffineTransform_float_3_3
Parameters: 0.999997 0.000816598 0.00233477 -0.000843406 0.999931 0.0117601 -0.00232524 -0.0117619 0.999928 0.119952 0.0598746 -0.184348
FixedParameters: 0 0 0

#Transform 66
Transform: AffineTransform_float_3_3
Parameters: 0.999997 0.000489217 0.00244437 -0.000495781 0.999996 0.0027748 -0.00244263 -0.0027762 0.999993 0.150832 -0.0248194 -0.307217
FixedParameters: 0 0 0

#Transform 67
Transform: AffineTransform_float_3_3
Parameters: 0.999999 -0.000325114 0.00127821 0.000322886 0.999997 0.00243642 -0.00127879 -0.00243559 0.999996 0.178349 0.118935 -0.272993
FixedParameters: 0 0 0

#Transform 68
Transform: AffineTransform_float_3_3
Parameters: 0.999999 -0.000325095 0.000899887 0.000322905 0.999994 0.00343729 -0.000901114 -0.00343671 0.999993 0.17493 0.0067451 -0.232445
FixedParameters: 0 0 0

#Transform 69
Transform: AffineTransform_float_3_3
Parameters: 0.999999 -0.000533633 0.000746835 0.000532365 0.999997 0.0021864 -0.000748165 -0.0021856 0.999998 0.179301 0.0766717 -0.332232
FixedParameters: 0 0 0

#Transform 70
Transform: AffineTransform_float_3_3
Parameters: 0.999999 -0.00024286 0.000988059 0.000239141 0.999993 0.00390424 -0.000988941 -0.00390476 0.999992 0.18509 0.0546338 -0.269903
FixedParameters: 0 0 0

#Transform 71
Transform: AffineTransform_float_3_3
Parameters: 0.999999 -0.00024138 0.000754242 0.000239621 0.999995 0.00315418 -0.000754759 -0.00315382 0.999994 0.196576 0.0159431 -0.342207
FixedParameters: 0 0 0

#Transform 72
Transform: AffineTransform_float_3_3
Parameters: 0.999999 -0.000146516 0.00153839 0.000139487 0.999991 0.00423422 -0.0015386 -0.00423478 0.99999 0.184414 0.044675 -0.264056
FixedParameters: 0 0 0

#Transform 73
Transform: AffineTransform_float_3_3
Parameters: 0.999999 -0.000231777 0.00155601 0.000225223 0.99999 0.00435435 -0.001557 -0.00435364 0.99999 0.192476 0.0955954 -0.258272
FixedParameters: 0 0 0

#Transform 74
Transform: AffineTransform_float_3_3
Parameters: 0.999999 -0.000724136 0.00134872 0.000718868 0.99999 0.00454398 -0.00135128 -0.00454303 0.999989 0.202816 0.051107 -0.238282
FixedParameters: 0 0 0

#Transform 75
Transform: AffineTransform_float_3_3
Parameters: 1 -0.000744676 0.000752362 0.000741323 0.999994 0.00355056 -0.000755637 -0.00354944 0.999994 0.218904 0.080173 -0.287902
FixedParameters: 0 0 0

#Transform 76
Transform: AffineTransform_float_3_3
Parameters: 0.999999 -0.000801252 0.000270316 0.000800749 0.999989 0.00460122 -0.000273687 -0.00460078 0.99999 0.214708 0.0179079 -0.262073
FixedParameters: 0 0 0

#Transform 77
Transform: AffineTransform_float_3_3
Parameters: 1 -0.000411586 0.000189734 0.000410413 0.999995 0.00307908 -0.000191265 -0.00307892 0.999995 0.205495 0.0998864 -0.312483
FixedParameters: 0 0 0

#Transform 78
Transform: AffineTransform_float_3_3
Parameters: 1 -6.39774e-05 0.00068973 6.10213e-05 0.99999 0.00431604 -0.00069027 -0.00431596 0.999991 0.182541 0.0175156 -0.260499
FixedParameters: 0 0 0

#Transform 79
Transform: AffineTransform_float_3_3
Parameters: 1 -0.00015987 0.00041228 0.000158132 0.999989 0.00453106 -0.000412721 -0.00453093 0.999989 0.178968 0.088064 -0.261263
FixedParameters: 0 0 0

#Transform 80
Transform: AffineTransform_float_3_3
Parameters: 1 -0.000471408 0.000291737 0.000470591 0.999989 0.00480814 -0.000294266 -0.00480787 0.999989 0.190625 0.022238 -0.24959
FixedParameters: 0 0 0

#Transform 81
Transform: AffineTransform_float_3_3
Parameters: 0.999999 -0.000579942 -0.000507361 0.000582056 0.999991 0.0040647 0.000504638 -0.00406529 0.999991 0.197235 0.116251 -0.232807
FixedParameters: 0 0 0

#Transform 82
Transform: AffineTransform_float_3_3
Parameters: 0.999999 -0.000992142 3.40634e-05 0.000991856 0.999991 0.00396803 -3.7936e-05 -0.00396796 0.999992 0.203258 0.0187548 -0.295945
FixedParameters: 0 0 0

#Transform 83
Transform: AffineTransform_float_3_3
Parameters: 0.999999 -0.00128629 -0.000184063 0.00128671 0.999992 0.00393477 0.000178938 -0.00393524 0.999992 0.220736 0.0824997 -0.265643
FixedParameters: 0 0 0

#Transform 84
Transform: AffineTransform_float_3_3
Parameters: 0.999998 -0.00167055 -0.000490956 0.00167145 0.999994 0.00296519 0.000486044 -0.00296682 0.999996 0.229218 0.111298 -0.301842
FixedParameters: 0 0 0

#Transform 85
Transform: AffineTransform_float_3_3
Parameters: 0.999998 -0.00200066 -0.000597896 0.00200234 0.99999 0.00394381 0.000590106 -0.00394519 0.999992 0.231734 0.0285951 -0.273193
FixedParameters: 0 0 0

#Transform 86
Transform: AffineTransform_float_3_3
Parameters: 0.999997 -0.00196485 -0.00129631 0.00196915 0.999993 0.00320546 0.00129069 -0.00320854 0.999994 0.243499 0.114995 -0.298439
FixedParameters: 0 0 0

#Transform 87
Transform: AffineTransform_float_3_3
Parameters: 0.999997 -0.00188124 -0.00169928 0.00188576 0.999995 0.0028038 0.00169471 -0.0028072 0.999994 0.237611 0.0341314 -0.259499
FixedParameters: 0 0 0

#Transform 88
Transform: AffineTransform_float_3_3
Parameters: 0.999996 -0.00228358 -0.00164176 0.00228742 0.999995 0.00208325 0.00163623 -0.00208674 0.999996 0.251659 0.129634 -0.271322
FixedParameters: 0 0 0

#Transform 89
Transform: AffineTransform_float_3_3
Parameters: 0.999998 -0.00182948 -0.00140459 0.00183352 0.999995 0.00250643 0.00140041 -0.00250857 0.999996 0.227501 0.049903 -0.291834
FixedParameters: 0 0 0

#Transform 90
Transform: AffineTransform_float_3_3
Parameters: 0.999998 -0.00199958 -0.000977967 0.00200242 0.999995 0.00248105 0.000973034 -0.00248295 0.999997 0.239526 0.165245 -0.316442
FixedParameters: 0 0 0

#Transform 91
Transform: AffineTransform_float_3_3
Parameters: 0.999998 -0.00207265 -0.000918328 0.00207535 0.999994 0.0025681 0.000912672 -0.0025699 0.999997 0.239925 0.0290035 -0.336396
FixedParameters: 0 0 0

#Transform 92
Transform: AffineTransform_float_3_3
Parameters: 0.999998 -0.00200261 -0.00113523 0.00200539 0.999996 0.00210873 0.00113077 -0.00211127 0.999997 0.229494 0.121726 -0.33838
FixedParameters: 0 0 0

#Transform 93
Transform: AffineTransform_float_3_3
Parameters: 0.999997 -0.00182811 -0.00122931 0.00183089 0.999995 0.00235276 0.00122469 -0.00235524 0.999997 0.241137 0.0526208 -0.343316
FixedParameters: 0 0 0

#Transform 94
Transform: AffineTransform_float_3_3
Parameters: 0.999997 -0.00194397 -0.000954149 0.00194603 0.999996 0.00213215 0.000949851 -0.00213385 0.999998 0.227445 0.108123 -0.358512
FixedParameters: 0 0 0

#Transform 95
Transform: AffineTransform_float_3_3
Parameters: 0.999999 -0.00138522 -0.000467329 0.00138578 0.999997 0.00168035 0.000464672 -0.00168065 0.999999 0.226017 0.0144697 -0.401631
FixedParameters: 0 0 0

#Transform 96
Transform: AffineTransform_float_3_3
Parameters: 1 0.000428909 0.000950494 -0.000430091 0.999999 0.00114859 -0.000949507 -0.00114841 0.999999 0.171609 0.00787714 -0.416278
FixedParameters: 0 0 0

#Transform 97
Transform: AffineTransform_float_3_3
Parameters: 1 -0.000403144 0.000576201 0.000401856 0.999998 0.00198423 -0.000576798 -0.00198377 0.999998 0.177613 0.115401 -0.346553
FixedParameters: 0 0 0

#Transform 98
Transform: AffineTransform_float_3_3
Parameters: 1 -0.000397274 0.000151282 0.000396726 0.999999 0.00180806 -0.000151718 -0.00180794 0.999999 0.193026 -0.0190217 -0.418683
FixedParameters: 0 0 0

#Transform 99
Transform: AffineTransform_float_3_3
Parameters: 0.999999 -0.000872254 0.000128282 0.000871746 0.999997 0.00197011 -0.000129717 -0.00196989 0.999998 0.208153 0.0826795 -0.380562
FixedParameters: 0 0 0

#Transform 100
Transform: AffineTransform_float_3_3
Parameters: 1 -0.00113913 5.75441e-05 0.00113887 0.999997 0.00215607 -6.04555e-05 -0.00215593 0.999997 0.222798 -0.00423003 -0.436111
FixedParameters: 0 0 0

#Transform 101
Transform: AffineTransform_float_3_3
Parameters: 1 -0.0011354 0.000194701 0.00113461 0.999998 0.00202522 -0.000196298 -0.00202478 0.999998 0.202131 0.0820111 -0.421394
FixedParameters: 0 0 0

#Transform 102
Transform: AffineTransform_float_3_3
Parameters: 0.999999 -0.000683689 0.000322544 0.000682313 0.999998 0.00213022 -0.000323454 -0.00212978 0.999997 0.207386 -0.0199318 -0.442234
FixedParameters: 0 0 0

#Transform 103
Transform: AffineTransform_float_3_3
Parameters: 1 -0.00114837 0.000184706 0.00114863 0.999998 0.00199821 -0.000187295 -0.00199779 0.999998 0.210585 0.0715249 -0.418753
FixedParameters: 0 0 0

#Transform 104
Transform: AffineTransform_float_3_3
Parameters: 1 -0.0011993 0.000159755 0.0011997 0.999997 0.00187219 -0.000162246 -0.00187181 0.999998 0.204343 0.0195007 -0.441456
FixedParameters: 0 0 0

#Transform 105
Transform: AffineTransform_float_3_3
Parameters: 0.999999 -0.000987179 7.56941e-05 0.000986821 0.999997 0.00233608 -7.73054e-05 -0.00233592 0.999998 0.19236 0.0334638 -0.377435
FixedParameters: 0 0 0

#Transform 106
Transform: AffineTransform_float_3_3
Parameters: 1 -0.000955333 0.000191349 0.000954667 0.999998 0.00172818 -0.00019365 -0.00172782 0.999998 0.191243 0.0537585 -0.431375
FixedParameters: 0 0 0

#Transform 107
Transform: AffineTransform_float_3_3
Parameters: 0.999999 -0.000974466 0.000196704 0.000973532 0.999996 0.00235719 -0.000199295 -0.00235681 0.999997 0.19608 0.0272785 -0.394444
FixedParameters: 0 0 0

#Transform 108
Transform: AffineTransform_float_3_3
Parameters: 0.999999 -0.000922477 0.000255282 0.000922523 0.999998 0.00186324 -0.000256719 -0.00186276 0.999998 0.200301 0.0600207 -0.439125
FixedParameters: 0 0 0

#Transform 109
Transform: AffineTransform_float_3_3
Parameters: 1 -0.00112314 5.10126e-05 0.00112286 0.999996 0.00266006 -5.3987e-05 -0.00265994 0.999996 0.203318 0.00597058 -0.388034
FixedParameters: 0 0 0

#Transform 110
Transform: AffineTransform_float_3_3
Parameters: 0.999999 -0.000951194 7.76564e-05 0.000950805 0.999997 0.00246408 -8.0343e-05 -0.00246393 0.999997 0.213489 0.0764372 -0.385631
FixedParameters: 0 0 0

#Transform 111
Transform: AffineTransform_float_3_3
Parameters: 1 -0.00108097 -1.56808e-05 0.00108104 0.999997 0.00247999 1.33191e-05 -0.00248002 0.999997 0.205395 -0.010042 -0.38158
FixedParameters: 0 0 0

#Transform 112
Transform: AffineTransform_float_3_3
Parameters: 1 -0.00117323 0.00013605 0.00117277 0.999998 0.00166216 -0.000137949 -0.00166184 0.999998 0.215364 0.109044 -0.402529
FixedParameters: 0 0 0

#Transform 113
Transform: AffineTransform_float_3_3
Parameters: 0.999998 0.000540061 0.00202952 -0.00054194 1 0.000955903 -0.00202848 -0.000956098 0.999998 0.169949 0.00138014 -0.415454
FixedParameters: 0 0 0

#Transform 114
Transform: AffineTransform_float_3_3
Parameters: 0.999997 0.000405885 0.00269593 -0.000412115 0.999998 0.0022679 -0.00269507 -0.0022691 0.999994 0.162837 -0.0175403 -0.406859
FixedParameters: 0 0 0

#Transform 115
Transform: AffineTransform_float_3_3
Parameters: 0.999998 6.47752e-05 0.00177216 -6.92241e-05 0.999997 0.00238388 -0.00177184 -0.00238412 0.999995 0.179179 0.0477016 -0.4091
FixedParameters: 0 0 0

#Transform 116
Transform: AffineTransform_float_3_3
Parameters: 0.999999 -0.000390054 0.00150395 0.000385949 0.999997 0.00269459 -0.00150405 -0.00269442 0.999995 0.174846 -0.0256509 -0.426104
FixedParameters: 0 0 0

#Transform 117
Transform: AffineTransform_float_3_3
Parameters: 0.999999 -0.000389921 0.00143394 0.000386079 0.999996 0.00273356 -0.00143506 -0.00273344 0.999995 0.189007 0.0636845 -0.388279
FixedParameters: 0 0 0

#Transform 118
Transform: AffineTransform_float_3_3
Parameters: 0.999999 -0.000389598 0.00138199 0.000386402 0.999996 0.00260253 -0.00138301 -0.00260246 0.999995 0.189688 -0.0318029 -0.434912
FixedParameters: 0 0 0

#Transform 119
Transform: AffineTransform_float_3_3
Parameters: 1 -0.000326232 0.00113808 0.000322769 0.999996 0.00283837 -0.00113892 -0.00283863 0.999996 0.185952 0.065549 -0.401485
FixedParameters: 0 0 0

#Transform 120
Transform: AffineTransform_float_3_3
Parameters: 1 -0.00023458 0.00113226 0.00023042 0.999995 0.00316126 -0.00113273 -0.00316074 0.999995 0.191384 -0.0534491 -0.412091
FixedParameters: 0 0 0

#Transform 121
Transform: AffineTransform_float_3_3
Parameters: 1 -0.000314959 0.00109215 0.000312042 0.999997 0.00270834 -0.00109285 -0.00270766 0.999995 0.185178 0.0841543 -0.402388
FixedParameters: 0 0 0

#Transform 122
Transform: AffineTransform_float_3_3
Parameters: 0.999999 -0.000354719 0.00123394 0.00035028 0.999995 0.00301343 -0.00123506 -0.00301256 0.999994 0.18778 -0.0280607 -0.414355
FixedParameters: 0 0 0

#Transform 123
Transform: AffineTransform_float_3_3
Parameters: 1 -0.000818912 0.000755934 0.000817088 0.999996 0.00252562 -0.000758066 -0.00252538 0.999996 0.179744 0.0578868 -0.376757
FixedParameters: 0 0 0

#Transform 124
Transform: AffineTransform_float_3_3
Parameters: 0.999999 -0.000379978 0.000785045 0.000378021 0.999997 0.0025193 -0.000785954 -0.0025187 0.999996 0.182353 -0.020074 -0.392324
FixedParameters: 0 0 0

#Transform 125
Transform: AffineTransform_float_3_3
Parameters: 1 -0.000818101 0.000452014 0.0008169 0.999996 0.00242937 -0.000453986 -0.00242863 0.999997 0.197703 0.0727474 -0.416405
FixedParameters: 0 0 0

#Transform 126
Transform: AffineTransform_float_3_3
Parameters: 1 -0.000606423 0.000865307 0.000603575 0.999996 0.00279752 -0.000867692 -0.00279647 0.999995 0.211148 -0.02744 -0.412849
FixedParameters: 0 0 0

#Transform 127
Transform: AffineTransform_float_3_3
Parameters: 0.999999 -0.00109601 0.00083336 0.00109399 0.999997 0.00241091 -0.000836639 -0.00241009 0.999996 0.222451 0.0841058 -0.408194
FixedParameters: 0 0 0

#Transform 128
Transform: AffineTransform_float_3_3
Parameters: 0.999999 -0.00075058 0.000594008 0.000749419 0.999996 0.00265645 -0.000595992 -0.00265556 0.999997 0.221732 -0.00501469 -0.390351
FixedParameters: 0 0 0

#Transform 129
Transform: AffineTransform_float_3_3
Parameters: 0.999999 -0.000689834 0.000343329 0.000689164 0.999997 0.00242424 -0.000345672 -0.00242476 0.999997 0.215291 0.066022 -0.402394
FixedParameters: 0 0 0

#Transform 130
Transform: AffineTransform_float_3_3
Parameters: 0.999999 -0.000580491 0.000734824 0.000578508 0.999998 0.00202842 -0.000736174 -0.00202757 0.999997 0.212394 -0.0149759 -0.427061
FixedParameters: 0 0 0

#Transform 131
Transform: AffineTransform_float_3_3
Parameters: 0.999999 -0.000228371 0.000721567 0.000227628 0.999998 0.00189916 -0.000722433 -0.00189884 0.999998 0.209304 0.0348474 -0.407479
FixedParameters: 0 0 0

#Transform 132
Transform: AffineTransform_float_3_3
Parameters: 1 -0.000485806 0.000401025 0.000485194 0.999998 0.00200819 -0.000401975 -0.0020078 0.999998 0.20348 -0.00656888 -0.462957
FixedParameters: 0 0 0

#Transform 133
Transform: AffineTransform_float_3_3
Parameters: 1 -0.000454299 0.000537906 0.000452701 0.999997 0.00241224 -0.000539093 -0.00241176 0.999997 0.195477 0.00659995 -0.397189
FixedParameters: 0 0 0

#Transform 134
Transform: AffineTransform_float_3_3
Parameters: 1 -0.0002854 0.000994315 0.000283602 0.999997 0.00241228 -0.000994687 -0.00241272 0.999996 0.208388 0.0134064 -0.442538
FixedParameters: 0 0 0

#Transform 135
Transform: AffineTransform_float_3_3
Parameters: 0.999999 2.38658e-05 0.000855062 -2.6134e-05 0.999997 0.00249598 -0.000854937 -0.00249602 0.999996 0.195072 -0.0037013 -0.389469
FixedParameters: 0 0 0

#Transform 136
Transform: AffineTransform_float_3_3
Parameters: 1 -0.000230297 0.00103049 0.000228706 0.999998 0.00222724 -0.00103051 -0.00222776 0.999997 0.200009 0.0304102 -0.415331
FixedParameters: 0 0 0

#Transform 137
Transform: AffineTransform_float_3_3
Parameters: 0.999998 0.000438199 0.00163103 -0.000441802 0.999997 0.00233128 -0.00162997 -0.00233172 0.999996 0.179127 -0.0311178 -0.392804
FixedParameters: 0 0 0

#Transform 138
Transform: AffineTransform_float_3_3
Parameters: 0.999998 0.00137689 0.00181037 -0.00138011 0.999997 0.0017195 -0.00180863 -0.00172249 0.999997 0.0755143 0.126257 -0.0870738
FixedParameters: 0 0 0

#Transform 139
Transform: AffineTransform_float_3_3
Parameters: 0.999989 0.00159894 0.00440366 -0.00160906 0.999996 0.00228094 -0.00440033 -0.00228806 0.999987 0.118526 0.11881 -0.0952039
FixedParameters: 0 0 0

#Transform 140
Transform: AffineTransform_float_3_3
Parameters: 0.999995 0.00115751 0.0029024 -0.00116049 0.999998 0.00120164 -0.00290161 -0.00120536 0.999995 0.153082 0.11877 -0.194439
FixedParameters: 0 0 0

#Transform 141
Transform: AffineTransform_float_3_3
Parameters: 0.999995 0.00119534 0.00284181 -0.00120265 0.999996 0.00234159 -0.00283819 -0.0023454 0.999993 0.148663 0.0302882 -0.206305
FixedParameters: 0 0 0

#Transform 142
Transform: AffineTransform_float_3_3
Parameters: 0.999996 0.000801778 0.00244838 -0.000806222 0.999998 0.00172403 -0.00244661 -0.00172597 0.999995 0.158302 0.0905365 -0.270575
FixedParameters: 0 0 0

#Transform 143
Transform: AffineTransform_float_3_3
Parameters: 0.999994 0.00164656 0.00297169 -0.00165443 0.999994 0.0028381 -0.00296631 -0.0028439 0.999991 0.128865 -0.00738552 -0.25865
FixedParameters: 0 0 0

#Transform 144
Transform: AffineTransform_float_3_3
Parameters: 0.999993 0.00244297 0.00285146 -0.00244703 0.999996 0.00141103 -0.00284854 -0.00141797 0.999995 0.0593103 0.0908621 -0.263325
FixedParameters: 0 0 0

#Transform 145
Transform: AffineTransform_float_3_3
Parameters: 0.999995 0.00279759 0.00187959 -0.00280041 0.999996 0.00127874 -0.00187641 -0.00128426 0.999998 0.0320466 0.0319993 -0.264997
FixedParameters: 0 0 0

#Transform 146
Transform: AffineTransform_float_3_3
Parameters: 0.999994 0.00271254 0.00244585 -0.00271647 0.999996 0.00141437 -0.00244215 -0.00142163 0.999996 0.0242352 0.0822581 -0.297067
FixedParameters: 0 0 0

#Transform 147
Transform: AffineTransform_float_3_3
Parameters: 0.999994 0.00214883 0.00268974 -0.00215617 0.999994 0.00266622 -0.00268425 -0.00267178 0.999993 0.0700186 0.0367697 -0.267661
FixedParameters: 0 0 0

#Transform 148
Transform: AffineTransform_float_3_3
Parameters: 0.999995 0.00238885 0.00235223 -0.00239315 0.999995 0.00176438 -0.00234778 -0.00176962 0.999995 0.0533178 0.0931895 -0.293267
FixedParameters: 0 0 0

#Transform 149
Transform: AffineTransform_float_3_3
Parameters: 0.999996 0.0019739 0.00210903 -0.0019751 0.999998 0.000519836 -0.00210797 -0.000523163 0.999997 0.0727956 0.102889 -0.307519
FixedParameters: 0 0 0

#Transform 150
Transform: AffineTransform_float_3_3
Parameters: 0.999994 0.00256632 0.00225406 -0.00256868 0.999996 0.00118722 -0.00225094 -0.00119278 0.999997 0.0435295 0.0131994 -0.299571
FixedParameters: 0 0 0

#Transform 151
Transform: AffineTransform_float_3_3
Parameters: 0.999995 0.00216767 0.00227022 -0.00217033 0.999997 0.00102308 -0.00226778 -0.00102792 0.999997 0.0389875 0.110155 -0.301586
FixedParameters: 0 0 0

#Transform 152
Transform: AffineTransform_float_3_3
Parameters: 0.999997 0.0013302 0.00232832 -0.0013358 0.999996 0.0024909 -0.00232568 -0.0024941 0.999994 0.09326 -0.0326993 -0.344763
FixedParameters: 0 0 0

#Transform 153
Transform: AffineTransform_float_3_3
Parameters: 0.999997 0.00119132 0.00203316 -0.00119468 0.999997 0.00180858 -0.00203084 -0.00181042 0.999997 0.0832966 0.0545806 -0.344173
FixedParameters: 0 0 0

#Transform 154
Transform: AffineTransform_float_3_3
Parameters: 0.999997 0.00144418 0.00185021 -0.00144782 0.999998 0.00152533 -0.00184779 -0.00152767 0.999997 0.0967188 0.00618192 -0.379789
FixedParameters: 0 0 0

#Transform 155
Transform: AffineTransform_float_3_3
Parameters: 0.999996 0.00155337 0.00207022 -0.00155463 0.999999 0.000783784 -0.00206978 -0.000787218 0.999997 0.0520934 -0.0572945 -0.404828
FixedParameters: 0 0 0

#Transform 156
Transform: AffineTransform_float_3_3
Parameters: 0.999995 0.00179869 0.00254905 -0.00180231 0.999997 0.00168941 -0.00254595 -0.00169459 0.999996 0.0341804 0.0784757 -0.326401
FixedParameters: 0 0 0

#Transform 157
Transform: AffineTransform_float_3_3
Parameters: 0.999995 0.00227792 0.00241685 -0.00228208 0.999996 0.00168749 -0.00241315 -0.00169251 0.999995 0.050185 -0.0260273 -0.3475
FixedParameters: 0 0 0

#Transform 158
Transform: AffineTransform_float_3_3
Parameters: 0.999994 0.00273493 0.00206906 -0.00273807 0.999995 0.00148234 -0.00206494 -0.00148766 0.999997 0.0181555 0.0480184 -0.311329
FixedParameters: 0 0 0

#Transform 159
Transform: AffineTransform_float_3_3
Parameters: 0.999997 0.00197311 0.00187799 -0.00197489 0.999997 0.00100529 -0.00187601 -0.0010097 0.999997 0.0446537 -0.030136 -0.400597
FixedParameters: 0 0 0

#Transform 160
Transform: AffineTransform_float_3_3
Parameters: 0.999998 0.000721433 0.00145977 -0.000724566 0.999997 0.00244394 -0.00145823 -0.00244505 0.999996 0.0848 0.0869913 -0.34398
FixedParameters: 0 0 0

#Transform 161
Transform: AffineTransform_float_3_3
Parameters: 0.999998 0.000980175 0.00166308 -0.000981824 0.999999 0.00109637 -0.00166192 -0.00109863 0.999998 0.0809731 -0.0377533 -0.43966
FixedParameters: 0 0 0

#Transform 162
Transform: AffineTransform_float_3_3
Parameters: 1 0.000437341 0.000937776 -0.000438659 0.999999 0.00177059 -0.000936225 -0.00177041 0.999998 0.106974 0.0636382 -0.352898
FixedParameters: 0 0 0

#Transform 163
Transform: AffineTransform_float_3_3
Parameters: 1 0.000436691 0.000948067 -0.000439309 0.999997 0.00243658 -0.000946932 -0.00243741 0.999996 0.122793 -0.00800008 -0.326219
FixedParameters: 0 0 0

#Transform 164
Transform: AffineTransform_float_3_3
Parameters: 0.999999 0.000789366 0.00117178 -0.000791635 0.999997 0.00224907 -0.00117022 -0.00224993 0.999997 0.104251 0.0171258 -0.370359
FixedParameters: 0 0 0

#Transform 165
Transform: AffineTransform_float_3_3
Parameters: 0.999998 0.000737964 0.00142462 -0.000743038 0.999994 0.00353795 -0.00142238 -0.00353905 0.999992 0.0986527 0.0233944 -0.319174
FixedParameters: 0 0 0

#Transform 166
Transform: AffineTransform_float_3_3
Parameters: 0.999999 0.000927747 0.00150363 -0.000931253 0.999995 0.0028296 -0.00150137 -0.0028314 0.999995 0.0901369 -0.00917904 -0.371893
FixedParameters: 0 0 0

#Transform 167
Transform: AffineTransform_float_3_3
Parameters: 0.999998 0.00138691 0.00187552 -0.00139309 0.999994 0.0032474 -0.00187148 -0.0032506 0.999993 0.0476695 -0.0153453 -0.312558
FixedParameters: 0 0 0

#Transform 168
Transform: AffineTransform_float_3_3
Parameters: 0.999997 0.00103299 0.00189673 -0.00103801 0.999996 0.00264004 -0.00189426 -0.00264196 0.999994 0.0703511 -0.00815193 -0.375254
FixedParameters: 0 0 0

#Transform 169
Transform: AffineTransform_float_3_3
Parameters: 0.999998 0.00106212 0.00205904 -0.00106788 0.999996 0.00285481 -0.00205596 -0.00285719 0.999994 0.051667 0.0255895 -0.314717
FixedParameters: 0 0 0

#Transform 170
Transform: AffineTransform_float_3_3
Parameters: 0.999999 0.000375892 0.000886896 -0.000378109 0.999997 0.00237867 -0.000886103 -0.00237833 0.999997 0.0848057 -0.0204441 -0.349002
FixedParameters: 0 0 0

#Transform 171
Transform: AffineTransform_float_3_3
Parameters: 0.999998 0.00133103 0.00183043 -0.00133297 0.999998 0.00107356 -0.00182957 -0.00107644 0.999997 0.0792063 -0.00218473 -0.342995
FixedParameters: 0 0 0

#Transform 172
Transform: AffineTransform_float_3_3
Parameters: 0.999995 0.00284917 0.00182712 -0.00285483 0.999991 0.0031938 -0.00181788 -0.0031992 0.999993 0.0330164 -0.120164 -0.347439
FixedParameters: 0 0 0

#Transform 173
Transform: AffineTransform_float_3_3
Parameters: 0.999992 0.0038146 -1.86234e-05 -0.00381339 0.999693 0.0244803 0.000112385 -0.0244798 0.999701 -0.127847 -0.139587 0.297385
FixedParameters: 0 0 0

#Transform 174
Transform: AffineTransform_float_3_3
Parameters: 0.999999 0.00154345 0.000883325 -0.00155055 0.999961 0.00861164 -0.000869679 -0.00861235 0.999962 -0.0166377 0.0542327 -0.120157
FixedParameters: 0 0 0

#Transform 175
Transform: AffineTransform_float_3_3
Parameters: 1 0.00109928 0.000458571 -0.00110171 0.999981 0.0059695 -0.000451431 -0.0059705 0.999982 0.0120476 -0.0515843 -0.225049
FixedParameters: 0 0 0

#Transform 176
Transform: AffineTransform_float_3_3
Parameters: 0.999999 0.000936127 0.000355961 -0.000937871 0.999985 0.00529467 -0.000351039 -0.00529533 0.999986 0.0332172 0.0161248 -0.201409
FixedParameters: 0 0 0

#Transform 177
Transform: AffineTransform_float_3_3
Parameters: 0.999999 0.000752812 -0.000165342 -0.000752184 0.999988 0.00486113 0.000169658 -0.00486087 0.999988 0.0315802 -0.0775007 -0.265167
FixedParameters: 0 0 0

#Transform 178
Transform: AffineTransform_float_3_3
Parameters: 0.999999 0.000684326 -0.000286856 -0.000682673 0.999989 0.0045982 0.000290143 -0.00459881 0.99999 0.0451537 -0.0162589 -0.256588
FixedParameters: 0 0 0

#Transform 179
Transform: AffineTransform_float_3_3
Parameters: 0.999999 0.000901802 0.00027003 -0.000903196 0.999989 0.00446576 -0.000265969 -0.00446624 0.99999 0.0352437 -0.0709694 -0.30845
FixedParameters: 0 0 0

#Transform 180
Transform: AffineTransform_float_3_3
Parameters: 0.999999 0.000750772 0.000247752 -0.000752229 0.999987 0.00499381 -0.000244246 -0.00499418 0.999987 0.026127 0.0383542 -0.237168
FixedParameters: 0 0 0

#Transform 181
Transform: AffineTransform_float_3_3
Parameters: 0.999999 0.00075148 9.23308e-05 -0.000752517 0.999983 0.00576094 -8.76662e-05 -0.00576107 0.999984 0.043172 -0.0878062 -0.260227
FixedParameters: 0 0 0

#Transform 182
Transform: AffineTransform_float_3_3
Parameters: 0.999999 0.000906537 0.000361241 -0.00090846 0.999976 0.00687468 -0.000354763 -0.00687533 0.999977 0.0227957 0.03752 -0.24102
FixedParameters: 0 0 0

#Transform 183
Transform: AffineTransform_float_3_3
Parameters: 0.999985 0.00409017 0.00348753 -0.0042528 0.998836 0.0480368 -0.00328647 -0.0480501 0.998839 -0.0328577 -0.323283 0.201976
FixedParameters: 0 0 0

#Transform 184
Transform: AffineTransform_float_3_3
Parameters: 0.999999 0.000214444 -0.000937328 -0.000207558 0.999968 0.00793519 0.000938676 -0.0079348 0.999968 0.145887 0.0356812 -0.256266
FixedParameters: 0 0 0

#Transform 185
Transform: AffineTransform_float_3_3
Parameters: 0.999999 0.000684285 -0.000360697 -0.000682713 0.99998 0.00629825 0.000365307 -0.00629875 0.99998 0.122563 -0.0395936 -0.321065
FixedParameters: 0 0 0

#Transform 186
Transform: AffineTransform_float_3_3
Parameters: 0.999999 0.0009104 -0.000214129 -0.000908593 0.999979 0.0064532 0.000220868 -0.0064528 0.999979 0.117953 0.0145547 -0.281924
FixedParameters: 0 0 0

#Transform 187
Transform: AffineTransform_float_3_3
Parameters: 0.999999 0.0009093 -0.000359232 -0.000907702 0.99998 0.00635133 0.000364773 -0.00635167 0.99998 0.127088 -0.0396881 -0.330824
FixedParameters: 0 0 0

#Transform 188
Transform: AffineTransform_float_3_3
