# transform file /out/sourcedata/freesurfer/sub-v1s13x0050012_ses-1/mri/transforms/cc_up.lta
# created by oesteban on Sun Mar  8 14:12:47 2026

type      = 0 # LINEAR_VOX_TO_VOX
nxforms   = 1
mean      = 129.0000 103.0000 108.0000
sigma     = 10000.0000
1 4 4
9.992145299911499e-01 -9.476831182837486e-03 3.847803920507431e-02 -2.239509820938110e+00 
9.469812735915184e-03 9.999551177024841e-01 3.646663099061698e-04 4.475252532958984e+01 
-3.847976773977280e-02 -5.820766091346741e-11 9.992594718933105e-01 2.600465202331543e+01 
0.000000000000000e+00 0.000000000000000e+00 0.000000000000000e+00 1.000000000000000e+00 
src volume info
valid = 1  # volume info valid
filename = /out/sourcedata/freesurfer/sub-v1s13x0050012_ses-1/mri/norm.mgz
volume = 256 256 256
voxelsize = 1.000000000000000e+00 1.000000000000000e+00 1.000000000000000e+00
xras   = -9.999999403953552e-01 0.000000000000000e+00 0.000000000000000e+00
yras   = 0.000000000000000e+00 0.000000000000000e+00 -9.999999403953552e-01
zras   = 0.000000000000000e+00 9.999999403953552e-01 0.000000000000000e+00
cras   = -3.833343505859375e+00 1.967468261718750e+00 7.277305603027344e+00
dst volume info
valid = 1  # volume info valid
filename = /out/sourcedata/freesurfer/sub-v1s13x0050012_ses-1/mri/norm.mgz
volume = 256 256 256
voxelsize = 1.000000000000000e+00 1.000000000000000e+00 1.000000000000000e+00
xras   = -9.999999403953552e-01 0.000000000000000e+00 0.000000000000000e+00
yras   = 0.000000000000000e+00 0.000000000000000e+00 -9.999999403953552e-01
zras   = 0.000000000000000e+00 9.999999403953552e-01 0.000000000000000e+00
cras   = -3.833343505859375e+00 1.967468261718750e+00 7.277305603027344e+00
