#Insight Transform File V1.0
#Transform 0
Transform: AffineTransform_float_3_3
Parameters: 0.999998 -0.00186164 0.00060594 0.00185836 0.999989 0.00433314 -0.000614059 -0.00433287 0.999991 0.0967855 -0.099589 -0.0739057
FixedParameters: 0 0 0

#Transform 1
Transform: AffineTransform_float_3_3
Parameters: 0.999997 -0.00236726 0.000779171 0.00236374 0.999988 0.00415585 -0.000788828 -0.00415414 0.999991 0.120917 -0.11648 -0.0769988
FixedParameters: 0 0 0

#Transform 2
Transform: AffineTransform_float_3_3
Parameters: 0.999995 -0.00236803 0.00171444 0.00236397 0.999995 0.00235006 -0.00171955 -0.00234594 0.999996 0.113426 -0.0435414 -0.108148
FixedParameters: 0 0 0

#Transform 3
Transform: AffineTransform_float_3_3
Parameters: 0.999997 -0.00188951 0.00158846 0.00188448 0.999992 0.003466 -0.00159554 -0.003463 0.999992 0.107386 -0.121854 -0.10979
FixedParameters: 0 0 0

#Transform 4
Transform: AffineTransform_float_3_3
Parameters: 0.999998 -0.00190592 0.000698779 0.00190408 0.999995 0.00274134 -0.00070322 -0.00273967 0.999996 0.0874276 -0.0691894 -0.0942125
FixedParameters: 0 0 0

#Transform 5
Transform: AffineTransform_float_3_3
Parameters: 0.999997 -0.00240759 0.000209346 0.00240741 0.999994 0.00276451 -0.000216654 -0.00276349 0.999996 0.112758 -0.112901 -0.134655
FixedParameters: 0 0 0

#Transform 6
Transform: AffineTransform_float_3_3
Parameters: 0.999998 -0.00169328 0.000213807 0.00169272 0.999997 0.00129536 -0.000216194 -0.00129564 0.999999 0.0998229 -0.0263173 -0.142197
FixedParameters: 0 0 0

#Transform 7
Transform: AffineTransform_float_3_3
Parameters: 0.999998 -0.00200255 0.000210798 0.00200244 0.999994 0.00259843 -0.000216205 -0.00259857 0.999996 0.102557 -0.0937349 -0.11209
FixedParameters: 0 0 0

#Transform 8
Transform: AffineTransform_float_3_3
Parameters: 0.999998 -0.0017034 0.000212837 0.0017026 0.999997 0.00185737 -0.000216162 -0.00185663 0.999999 0.0931985 -0.0394605 -0.120354
FixedParameters: 0 0 0

#Transform 9
Transform: AffineTransform_float_3_3
Parameters: 0.999998 -0.0015893 0.000213746 0.00158969 0.999997 0.00141834 -0.000216254 -0.00141766 0.999999 0.102423 -0.0566919 -0.147872
FixedParameters: 0 0 0

#Transform 10
Transform: AffineTransform_float_3_3
Parameters: 0.999999 -0.00152027 0.000388943 0.00151973 0.999998 0.000695591 -0.000390057 -0.000695407 0.999999 0.0964109 -0.0456899 -0.133379
FixedParameters: 0 0 0

#Transform 11
Transform: AffineTransform_float_3_3
Parameters: 0.999998 -0.00160764 0.000517013 0.00160736 0.999998 0.00123683 -0.000518988 -0.00123617 0.999999 0.0792563 -0.0573331 -0.136046
FixedParameters: 0 0 0

#Transform 12
Transform: AffineTransform_float_3_3
Parameters: 0.999999 -0.0016078 0.000568733 0.0016072 0.999997 0.00141092 -0.000571268 -0.00141008 0.999999 0.0637563 -0.0566047 -0.0829469
FixedParameters: 0 0 0

#Transform 13
Transform: AffineTransform_float_3_3
Parameters: 1 -0.00111032 0.000188138 0.00111068 0.999998 0.00167721 -0.000189863 -0.00167679 0.999998 0.0561472 -0.0406417 -0.0806474
FixedParameters: 0 0 0

#Transform 14
Transform: AffineTransform_float_3_3
Parameters: 0.999999 -0.000985818 0.00104829 0.000984183 0.999998 0.00173303 -0.00104971 -0.00173197 0.999998 0.0475762 -0.0901574 -0.0504715
FixedParameters: 0 0 0

#Transform 15
Transform: AffineTransform_float_3_3
Parameters: 0.999999 -0.000984463 0.000772411 0.000983538 1 0.00059876 -0.000773589 -0.000598239 0.999999 0.0564244 -0.0445518 -0.117662
FixedParameters: 0 0 0

#Transform 16
Transform: AffineTransform_float_3_3
Parameters: 0.999999 -0.00107262 0.000792157 0.00107238 0.999999 0.000786851 -0.000792844 -0.000786151 1 0.0576254 -0.0892247 -0.122574
FixedParameters: 0 0 0

#Transform 17
Transform: AffineTransform_float_3_3
Parameters: 1 -0.000828007 0.000556991 0.000827994 0.999999 1.14612e-05 -0.00055701 -1.15388e-05 1 0.0502631 -0.0593212 -0.110252
FixedParameters: 0 0 0

#Transform 18
Transform: AffineTransform_float_3_3
Parameters: 1 -0.000360527 0.000985808 0.000360473 1 0.000535356 -0.000985194 -0.000534645 1 -0.0580904 -0.0815203 -0.0405409
FixedParameters: 0 0 0

#Transform 19
Transform: AffineTransform_float_3_3
Parameters: 1 -6.95712e-05 0.000985823 6.64309e-05 0.999996 0.00260807 -0.000985177 -0.00260793 0.999996 -0.079208 -0.103563 0.150663
FixedParameters: 0 0 0

#Transform 20
Transform: AffineTransform_float_3_3
Parameters: 1 -0.000134001 1.91772e-06 0.000133999 1 0.000614 -2.08228e-06 -0.000613999 1 0.00982316 -0.00269223 0.00263857
FixedParameters: 0 0 0

#Transform 21
Transform: AffineTransform_float_3_3
Parameters: 0.999999 -0.000134429 0.000797927 0.000133571 1 0.000538106 -0.000798071 -0.000537893 0.999999 -0.0536005 -0.05254 -0.0231609
FixedParameters: 0 0 0

#Transform 22
Transform: AffineTransform_float_3_3
Parameters: 0.999997 7.68077e-05 0.00250959 -6.21894e-05 0.999982 -0.00590017 -0.00251041 0.00589983 0.99998 -0.0948263 0.0547927 -0.240863
FixedParameters: 0 0 0

#Transform 23
Transform: AffineTransform_float_3_3
Parameters: 1 -0.000361461 0.000967953 0.00036354 0.999997 -0.00262465 -0.00096705 0.00262535 0.999996 -0.00144049 -0.115434 -0.145101
FixedParameters: 0 0 0

#Transform 24
Transform: AffineTransform_float_3_3
Parameters: 1 -0.000130019 0.00058322 0.000130983 0.999998 -0.00168292 -0.000583781 0.00168308 0.999999 0.0148205 -0.0277831 -0.114887
FixedParameters: 0 0 0

#Transform 25
Transform: AffineTransform_float_3_3
Parameters: 0.999999 -0.00049455 0.000583381 0.00049545 0.999999 -0.000770711 -0.000583618 0.000771288 0.999999 0.023505 -0.0997641 -0.118376
FixedParameters: 0 0 0

#Transform 26
Transform: AffineTransform_float_3_3
Parameters: 0.999999 -0.000494463 0.000583455 0.000495537 1 -0.000919712 -0.000583544 0.00092029 1 0.0314423 -0.0743239 -0.0979645
FixedParameters: 0 0 0

#Transform 27
Transform: AffineTransform_float_3_3
Parameters: 0.999999 -0.000494275 0.000583614 0.000495725 0.999999 -0.00124171 -0.000583385 0.00124229 0.999999 0.042803 -0.04959 -0.149609
FixedParameters: 0 0 0

#Transform 28
Transform: AffineTransform_float_3_3
Parameters: 0.999999 -0.000766569 0.000583565 0.000766431 1 -0.000737553 -0.000583434 0.000738448 0.999999 0.058909 -0.0770204 -0.0932792
FixedParameters: 0 0 0

#Transform 29
Transform: AffineTransform_float_3_3
Parameters: 0.999999 -0.000493759 0.000584051 0.000495241 0.999997 -0.00212671 -0.000582948 0.00212629 0.999997 0.0541932 -0.0421279 -0.172119
FixedParameters: 0 0 0

#Transform 30
Transform: AffineTransform_float_3_3
Parameters: 0.999998 -0.00187563 0.000305277 0.00187537 0.999998 -0.00121343 -0.000302725 0.00121357 0.999999 0.123979 -0.083021 -0.128732
FixedParameters: 0 0 0

#Transform 31
Transform: AffineTransform_float_3_3
Parameters: 0.999997 -0.00234825 -0.000118155 0.00234775 0.999995 -0.00206328 0.000122843 0.00206272 0.999998 0.151421 -0.0102219 -0.0997806
FixedParameters: 0 0 0

#Transform 32
Transform: AffineTransform_float_3_3
Parameters: 0.999998 -0.00229605 -2.38258e-05 0.00229595 0.999995 -0.00181806 2.7174e-05 0.00181794 0.999999 0.149169 -0.0545434 -0.147699
FixedParameters: 0 0 0

#Transform 33
Transform: AffineTransform_float_3_3
Parameters: 0.999998 -0.00229626 -0.000146968 0.00229674 0.999996 -0.00175634 0.000151035 0.00175666 0.999999 0.138718 -0.0532791 -0.0952471
FixedParameters: 0 0 0

#Transform 34
Transform: AffineTransform_float_3_3
Parameters: 1 -0.00107208 0.000375631 0.00107292 0.999997 -0.0024526 -0.000372369 0.0024534 0.999997 0.0615958 -0.0339502 -0.146767
FixedParameters: 0 0 0

#Transform 35
Transform: AffineTransform_float_3_3
Parameters: 0.999999 -0.0013124 0.000377084 0.0013126 0.999998 -0.00158751 -0.000374917 0.00158749 0.999998 0.0897718 -0.095723 -0.0809662
FixedParameters: 0 0 0

#Transform 36
Transform: AffineTransform_float_3_3
Parameters: 0.999999 -0.000822209 0.00037673 0.000822791 0.999998 -0.00210369 -0.000375269 0.00210431 0.999997 0.0727563 -0.0166614 -0.117134
FixedParameters: 0 0 0

#Transform 37
Transform: AffineTransform_float_3_3
Parameters: 0.999999 -0.00131182 0.000379113 0.00131318 0.999994 -0.00313351 -0.000374886 0.0031345 0.999995 0.0897114 -0.0645872 -0.119586
FixedParameters: 0 0 0

#Transform 38
Transform: AffineTransform_float_3_3
Parameters: 0.999999 -0.000977377 0.000107804 0.000978617 0.999982 -0.0059359 -0.000101193 0.0059361 0.999983 0.0880641 0.0120068 -0.215835
FixedParameters: 0 0 0

#Transform 39
Transform: AffineTransform_float_3_3
Parameters: 1 -0.000648149 -2.65801e-05 0.000647848 0.999986 -0.00527702 3.04191e-05 0.00527698 0.999986 0.0886927 -0.00628882 -0.126801
FixedParameters: 0 0 0

#Transform 40
Transform: AffineTransform_float_3_3
Parameters: 0.999999 -0.000762182 -0.000513778 0.000759817 0.99999 -0.00423339 0.000517221 0.00423361 0.999991 0.106858 -0.0463827 -0.148159
FixedParameters: 0 0 0

#Transform 41
Transform: AffineTransform_float_3_3
Parameters: 0.999999 3.28219e-05 -0.00127417 -3.81772e-05 0.999988 -0.00484896 0.00127383 0.00484905 0.999988 0.12123 -0.0169612 -0.049221
FixedParameters: 0 0 0

#Transform 42
Transform: AffineTransform_float_3_3
Parameters: 0.999997 0.000276029 -0.00266663 -0.00028197 0.999998 -0.00223826 0.00266638 0.00223974 0.999994 0.236248 -0.0363203 0.254624
FixedParameters: 0 0 0

#Transform 43
Transform: AffineTransform_float_3_3
Parameters: 0.999996 0.000176667 -0.00260051 -0.000183336 0.999996 -0.00282053 0.00260049 0.00282047 0.999992 0.236859 0.0117066 0.233952
FixedParameters: 0 0 0

#Transform 44
Transform: AffineTransform_float_3_3
Parameters: 0.999996 -8.55975e-05 -0.00284978 7.84041e-05 0.999997 -0.00266524 0.00285022 0.00266577 0.999993 0.236303 -0.00696631 0.219602
FixedParameters: 0 0 0

#Transform 45
Transform: AffineTransform_float_3_3
Parameters: 0.999995 -8.72202e-05 -0.00308575 7.77782e-05 0.999995 -0.00298825 0.00308625 0.00298774 0.999991 0.249007 -0.00191773 0.167622
FixedParameters: 0 0 0

#Transform 46
Transform: AffineTransform_float_3_3
Parameters: 0.999993 7.69617e-06 -0.00378304 -1.83035e-05 0.999995 -0.00298795 0.00378296 0.00298805 0.999989 0.277756 0.00645425 0.0492981
FixedParameters: 0 0 0

#Transform 47
Transform: AffineTransform_float_3_3
Parameters: 0.99999 0.000498448 -0.00440056 -0.000512549 0.999995 -0.00307877 0.00439844 0.00308122 0.999985 0.279699 -0.0406369 -0.149347
FixedParameters: 0 0 0

#Transform 48
Transform: AffineTransform_float_3_3
Parameters: 0.999992 0.000494394 -0.00398423 -0.000512605 0.99999 -0.004419 0.00398177 0.00442101 0.999983 0.233339 -0.00794737 -0.207289
FixedParameters: 0 0 0

#Transform 49
Transform: AffineTransform_float_3_3
Parameters: 0.999995 0.000500023 -0.00328884 -0.000511973 0.999993 -0.00364134 0.00328616 0.00364366 0.999988 0.168562 -0.00312294 -0.0457531
FixedParameters: 0 0 0

#Transform 50
Transform: AffineTransform_float_3_3
Parameters: 0.999993 0.000288751 -0.00357192 -0.000300248 0.999995 -0.00314895 0.00357107 0.00315005 0.999988 0.180182 0.0287405 -0.0601452
FixedParameters: 0 0 0

#Transform 51
Transform: AffineTransform_float_3_3
Parameters: 0.999989 -5.98373e-07 -0.004815 -4.59832e-06 0.999999 -0.000954988 0.004815 0.000955008 0.999988 0.153005 0.226302 -0.239461
FixedParameters: 0 0 0

#Transform 52
Transform: AffineTransform_float_3_3
Parameters: 0.999988 0.000806503 -0.0048166 -0.000816498 0.999997 -0.00197009 0.0048154 0.00197391 0.999987 0.138643 -0.0381847 -0.142282
FixedParameters: 0 0 0

#Transform 53
Transform: AffineTransform_float_3_3
Parameters: 0.999996 0.00152426 -0.00228159 -0.00154074 0.999975 -0.00691051 0.0022714 0.00691448 0.999973 0.0675186 0.126805 -0.380601
FixedParameters: 0 0 0

#Transform 54
Transform: AffineTransform_float_3_3
Parameters: 0.999999 0.00117625 -0.00069652 -0.00118274 0.999951 -0.00976518 0.000684483 0.00976581 0.999952 0.0907548 0.0564776 -0.457488
FixedParameters: 0 0 0

#Transform 55
Transform: AffineTransform_float_3_3
Parameters: 0.999999 0.00169878 0.000474794 -0.00169322 0.999927 -0.0119148 -0.000495209 0.0119142 0.999929 0.0740863 0.142768 -0.480078
FixedParameters: 0 0 0

#Transform 56
Transform: AffineTransform_float_3_3
Parameters: 0.999999 0.000748313 7.90874e-05 -0.000747687 0.999992 -0.00389306 -8.19114e-05 0.00389294 0.999993 0.114369 -0.0382808 -0.175227
FixedParameters: 0 0 0

#Transform 57
Transform: AffineTransform_float_3_3
Parameters: 1 0.000263674 0.000341481 -0.000263325 0.999998 -0.00197109 -0.00034252 0.00197091 0.999998 0.104876 -0.0300627 -0.0970762
FixedParameters: 0 0 0

#Transform 58
Transform: AffineTransform_float_3_3
Parameters: 1 0.000109875 -0.000259053 -0.000110125 1 -0.000480971 0.000258947 0.000481028 1 0.129577 -0.0850924 -0.128734
FixedParameters: 0 0 0

#Transform 59
Transform: AffineTransform_float_3_3
Parameters: 1 0.000809098 -0.000584251 -0.000809903 0.999998 -0.00154553 0.000583749 0.00154547 0.999998 0.0915368 -0.0479727 -0.163618
FixedParameters: 0 0 0

#Transform 60
Transform: AffineTransform_float_3_3
Parameters: 0.999996 -0.000125857 -0.00257567 0.000139143 0.999987 0.00510266 0.00257532 -0.00510334 0.999983 0.168852 -0.149221 0.205907
FixedParameters: 0 0 0

#Transform 61
Transform: AffineTransform_float_3_3
Parameters: 0.999996 0.000253713 -0.00256759 -0.000239285 0.999983 0.00572863 0.00256941 -0.00572837 0.999981 0.162266 -0.12084 0.199079
FixedParameters: 0 0 0

#Transform 62
Transform: AffineTransform_float_3_3
Parameters: 0.999996 0.000239176 -0.00255998 -0.000228825 0.999991 0.0043646 0.00256102 -0.0043644 0.999987 0.172197 -0.133465 0.150022
FixedParameters: 0 0 0

#Transform 63
Transform: AffineTransform_float_3_3
Parameters: 0.999997 0.000854942 -0.00256871 -0.000845057 0.999992 0.00386919 0.00257229 -0.00386682 0.999989 0.152265 -0.0930556 0.12657
FixedParameters: 0 0 0

#Transform 64
Transform: AffineTransform_float_3_3
Parameters: 0.999997 0.00062617 -0.00264285 -0.000616831 0.999994 0.00346864 0.00264516 -0.00346736 0.999991 0.178745 -0.109924 0.0628299
FixedParameters: 0 0 0

#Transform 65
Transform: AffineTransform_float_3_3
Parameters: 0.999999 0.000235936 -0.00127757 -0.000239063 0.999997 -0.0023987 0.00127643 0.0023993 0.999997 0.155998 0.0183931 -1.38522
FixedParameters: 0 0 0

#Transform 66
Transform: AffineTransform_float_3_3
Parameters: 0.999998 0.000955461 -0.00208517 -0.000957539 0.999999 -0.00121701 0.00208384 0.00121899 0.999997 0.0696821 0.0489918 -2.15063
FixedParameters: 0 0 0

#Transform 67
Transform: AffineTransform_float_3_3
Parameters: 0.999997 0.00105146 -0.00194038 -0.00105354 0.999998 -0.00130996 0.00193862 0.00131204 0.999998 0.0774824 -0.291326 -0.91474
FixedParameters: 0 0 0

#Transform 68
Transform: AffineTransform_float_3_3
Parameters: 0.999997 0.00240728 -0.00127468 -0.00241472 0.999978 -0.00608694 0.00126032 0.00609005 0.99998 0.0131791 -0.0420746 -0.705598
FixedParameters: 0 0 0

#Transform 69
Transform: AffineTransform_float_3_3
Parameters: 0.999997 0.00164802 -0.00177351 -0.00165498 0.999991 -0.00394007 0.00176749 0.00394292 0.99999 0.0533218 -0.120177 -0.579776
FixedParameters: 0 0 0

#Transform 70
Transform: AffineTransform_float_3_3
Parameters: 0.999997 0.00148083 -0.00189122 -0.00149018 0.999987 -0.0048582 0.00188478 0.00486081 0.999987 0.0757369 -0.0656149 -0.703469
FixedParameters: 0 0 0

#Transform 71
Transform: AffineTransform_float_3_3
Parameters: 0.999997 0.00142447 -0.0023215 -0.00143554 0.999988 -0.00454268 0.0023155 0.00454531 0.999987 0.0832438 -0.137346 -0.681406
FixedParameters: 0 0 0

#Transform 72
Transform: AffineTransform_float_3_3
Parameters: 0.999997 0.00133967 -0.0023646 -0.00135333 0.999983 -0.00564282 0.0023574 0.00564618 0.999982 0.0563074 -0.0672301 -0.686115
FixedParameters: 0 0 0

#Transform 73
Transform: AffineTransform_float_3_3
Parameters: 0.999997 0.000786938 -0.00228125 -0.000802067 0.999978 -0.00660919 0.00227675 0.00661081 0.999975 0.0963687 -0.107012 -0.7528
FixedParameters: 0 0 0

#Transform 74
Transform: AffineTransform_float_3_3
Parameters: 0.999998 0.00079052 -0.00155393 -0.000804481 0.999962 -0.00869376 0.00154706 0.00869424 0.999961 0.0930871 -0.0667781 -0.805461
FixedParameters: 0 0 0

#Transform 75
Transform: AffineTransform_float_3_3
Parameters: 0.999997 0.000835605 -0.00227921 -0.000854394 0.999964 -0.00852208 0.0022718 0.00852393 0.999961 0.10575 -0.0897085 -0.830027
FixedParameters: 0 0 0

#Transform 76
Transform: AffineTransform_float_3_3
Parameters: 0.999999 0.00138903 -0.00111975 -0.00139997 0.999951 -0.00985645 0.00110625 0.00985855 0.999951 0.00303279 -0.0172437 -0.75796
FixedParameters: 0 0 0

#Transform 77
Transform: AffineTransform_float_3_3
Parameters: 1 0.0010026 -0.000541232 -0.00100741 0.999966 -0.00819146 0.000533766 0.00819154 0.999967 0.0194334 -0.129913 -0.623007
FixedParameters: 0 0 0

#Transform 78
Transform: AffineTransform_float_3_3
Parameters: 0.999999 0.000325574 -0.000657211 -0.000330431 0.999977 -0.00674479 0.000655786 0.00674522 0.999977 0.0160983 -0.0634045 -0.452568
FixedParameters: 0 0 0

#Transform 79
Transform: AffineTransform_float_3_3
Parameters: 1 0.000260638 -0.000585508 -0.000264359 0.999984 -0.00574885 0.00058349 0.00574916 0.999984 0.0122694 -0.0954477 -0.427929
FixedParameters: 0 0 0

#Transform 80
Transform: AffineTransform_float_3_3
Parameters: 1 6.85543e-05 -0.000584415 -7.24432e-05 0.999982 -0.00589796 0.000583583 0.00589804 0.999983 0.0166064 -0.0779835 -0.376072
FixedParameters: 0 0 0

#Transform 81
Transform: AffineTransform_float_3_3
Parameters: 1 2.59173e-06 8.69844e-05 -1.40818e-06 0.999977 -0.006802 -8.70116e-05 0.006802 0.999977 0.0049241 -0.0660217 -0.451609
FixedParameters: 0 0 0

#Transform 82
Transform: AffineTransform_float_3_3
Parameters: 0.999999 0.000401225 -0.000738613 -0.000405777 0.999979 -0.0064757 0.000736387 0.0064763 0.999979 0.00577707 -0.128109 -0.414605
FixedParameters: 0 0 0

#Transform 83
Transform: AffineTransform_float_3_3
Parameters: 1 0.00103653 -0.000518002 -0.00104047 0.999976 -0.00674346 0.000510996 0.00674353 0.999977 -0.0249534 -0.0675045 -0.438586
FixedParameters: 0 0 0

#Transform 84
Transform: AffineTransform_float_3_3
Parameters: 1 0.000757559 -0.000788322 -0.00076044 0.99999 -0.0043744 0.000784681 0.0043756 0.99999 -0.00433238 -0.144733 -0.368743
FixedParameters: 0 0 0

#Transform 85
Transform: AffineTransform_float_3_3
Parameters: 0.999999 0.00118093 -0.00070616 -0.00118407 0.99999 -0.00436317 0.00070084 0.00436383 0.99999 -0.0221017 -0.10025 -0.368383
FixedParameters: 0 0 0

#Transform 86
Transform: AffineTransform_float_3_3
Parameters: 0.999996 4.21882e-05 -0.00255718 -5.28133e-05 0.999992 -0.00383788 0.00255682 0.00383712 0.99999 -0.0030818 -0.150554 -0.481005
FixedParameters: 0 0 0

#Transform 87
Transform: AffineTransform_float_3_3
Parameters: 0.999993 3.46575e-05 -0.0037352 -5.2341e-05 0.999989 -0.00464284 0.0037348 0.00464316 0.999982 0.0382196 -0.137787 -0.463407
FixedParameters: 0 0 0

#Transform 88
Transform: AffineTransform_float_3_3
Parameters: 0.999994 -4.89326e-05 -0.00331681 3.40661e-05 0.99999 -0.00450214 0.00331719 0.00450186 0.999985 0.0976943 -0.116701 -0.450164
FixedParameters: 0 0 0

#Transform 89
Transform: AffineTransform_float_3_3
Parameters: 0.999997 -0.000220999 -0.00243611 0.000210998 0.999991 -0.00410352 0.00243789 0.00410347 0.999988 0.0733847 -0.149939 -0.399261
FixedParameters: 0 0 0

#Transform 90
Transform: AffineTransform_float_3_3
Parameters: 0.999999 3.12069e-05 -0.00152026 -4.17912e-05 0.999975 -0.00709994 0.00151974 0.00710005 0.999973 0.12842 -0.0763016 -0.55836
FixedParameters: 0 0 0

#Transform 91
Transform: AffineTransform_float_3_3
Parameters: 0.999999 1.52866e-05 -0.0014491 -2.27128e-05 0.999986 -0.00532297 0.0014489 0.00532303 0.999985 0.1092 -0.126758 -0.523022
FixedParameters: 0 0 0

#Transform 92
Transform: AffineTransform_float_3_3
Parameters: 0.999999 -0.000234359 -0.00183346 0.000222644 0.999978 -0.00673842 0.00183454 0.00673758 0.999975 0.10397 -0.0641633 -0.596727
FixedParameters: 0 0 0

#Transform 93
Transform: AffineTransform_float_3_3
Parameters: 1 0.00082307 -0.000730454 -0.000826929 0.999985 -0.0053974 0.000725548 0.0053976 0.999985 0.0502024 -0.122076 -0.601135
FixedParameters: 0 0 0

#Transform 94
Transform: AffineTransform_float_3_3
Parameters: 1 0.000827377 -0.000683411 -0.000830628 0.999986 -0.00531944 0.00067959 0.00532057 0.999985 0.0420114 -0.0939156 -0.565105
FixedParameters: 0 0 0

#Transform 95
Transform: AffineTransform_float_3_3
Parameters: 0.999998 0.000720524 -0.00154903 -0.000727475 0.999991 -0.00418388 0.00154597 0.00418512 0.99999 0.0608261 -0.153542 -0.562654
FixedParameters: 0 0 0

#Transform 96
Transform: AffineTransform_float_3_3
Parameters: 0.999999 0.000227341 -0.00183622 -0.000236658 0.999986 -0.00526157 0.00183478 0.00526242 0.999984 0.0846809 0.100372 -0.761481
FixedParameters: 0 0 0

#Transform 97
Transform: AffineTransform_float_3_3
Parameters: 0.999999 0.000216287 -0.00183592 -0.000224713 0.999991 -0.00420159 0.00183507 0.0042024 0.999989 0.0701519 -0.123405 -0.534617
FixedParameters: 0 0 0

#Transform 98
Transform: AffineTransform_float_3_3
Parameters: 0.999998 2.50233e-05 -0.0016612 -3.59753e-05 0.999978 -0.00660795 0.0016608 0.00660805 0.999977 0.0910195 -0.0290713 -0.655814
FixedParameters: 0 0 0

#Transform 99
Transform: AffineTransform_float_3_3
Parameters: 0.999991 0.00347308 0.00247444 -0.00345392 0.999964 -0.00767361 -0.00250056 0.00766438 0.999967 -0.0957566 -0.0833426 -0.71995
FixedParameters: 0 0 0

#Transform 100
Transform: AffineTransform_float_3_3
Parameters: 0.999997 0.002531 0.000886268 -0.002524 0.999967 -0.00780827 -0.000906733 0.00780574 0.999969 -0.0571219 -0.0530186 -0.687381
FixedParameters: 0 0 0

#Transform 101
Transform: AffineTransform_float_3_3
Parameters: 0.999999 0.00144996 -0.000322311 -0.00145204 0.999979 -0.00641654 0.000312688 0.00641747 0.99998 0.0215874 -0.0973212 -0.669324
FixedParameters: 0 0 0

#Transform 102
Transform: AffineTransform_float_3_3
Parameters: 1 0.00102141 -0.000443031 -0.0010236 0.999982 -0.00589655 0.000436972 0.00589745 0.999983 0.0307156 -0.0748639 -0.566506
FixedParameters: 0 0 0

#Transform 103
Transform: AffineTransform_float_3_3
Parameters: 1 0.000478098 -0.000839389 -0.000483899 0.999975 -0.0070446 0.000835612 0.0070454 0.999975 0.0351098 -0.0789811 -0.689514
FixedParameters: 0 0 0

#Transform 104
Transform: AffineTransform_float_3_3
Parameters: 0.999998 0.000635826 -0.00151389 -0.000645175 0.999982 -0.00606704 0.00151011 0.00606797 0.999981 0.0263341 -0.108483 -0.625649
FixedParameters: 0 0 0

#Transform 105
Transform: AffineTransform_float_3_3
Parameters: 0.999998 0.000473021 -0.00151348 -0.000483976 0.999974 -0.00726228 0.00150953 0.00726273 0.999973 0.0254025 -0.0748374 -0.762841
FixedParameters: 0 0 0

#Transform 106
Transform: AffineTransform_float_3_3
Parameters: 0.999998 0.000473328 -0.00151338 -0.000483669 0.999975 -0.00705928 0.00150962 0.00705972 0.999974 0.0360996 -0.107814 -0.708565
FixedParameters: 0 0 0

#Transform 107
Transform: AffineTransform_float_3_3
Parameters: 0.999999 0.000922806 -0.00151748 -0.00093519 0.999967 -0.0080546 0.00150952 0.00805641 0.999967 0.0113628 -0.0649012 -0.793474
FixedParameters: 0 0 0

#Transform 108
Transform: AffineTransform_float_3_3
Parameters: 0.999998 0.00084497 -0.00180117 -0.00085803 0.999974 -0.00724647 0.00179483 0.00724753 0.999972 0.0218725 -0.131678 -0.738104
FixedParameters: 0 0 0

#Transform 109
Transform: AffineTransform_float_3_3
Parameters: 0.999998 0.00111861 -0.00174332 -0.00113338 0.999965 -0.00827305 0.00173368 0.00827496 0.999965 -0.0366421 -0.0594441 -0.766578
FixedParameters: 0 0 0

#Transform 110
Transform: AffineTransform_float_3_3
Parameters: 0.999999 0.000855771 -0.00110663 -0.000863232 0.999978 -0.00654905 0.00110137 0.00654995 0.999978 -0.0159663 -0.121408 -0.661655
FixedParameters: 0 0 0

#Transform 111
Transform: AffineTransform_float_3_3
Parameters: 0.999998 0.00109772 -0.00127864 -0.00110927 0.999953 -0.00964259 0.00126736 0.0096444 0.999952 -0.0545246 0.012193 -0.75725
FixedParameters: 0 0 0

#Transform 112
Transform: AffineTransform_float_3_3
Parameters: 0.999999 0.000466461 -0.00169792 -0.000483541 0.999947 -0.0103442 0.00169309 0.0103448 0.999945 0.0102791 -0.112551 -0.826806
FixedParameters: 0 0 0

#Transform 113
Transform: AffineTransform_float_3_3
Parameters: 0.999998 0.000953877 -0.00170214 -0.000969123 0.999955 -0.00949738 0.00169287 0.00949864 0.999954 -0.0083299 -0.0723176 -0.779303
FixedParameters: 0 0 0

#Transform 114
Transform: AffineTransform_float_3_3
Parameters: 0.999998 0.00106956 -0.00170216 -0.00108444 0.999963 -0.00850718 0.00169284 0.00850883 0.999963 0.000210287 -0.0926602 -0.817245
FixedParameters: 0 0 0

#Transform 115
Transform: AffineTransform_float_3_3
Parameters: 0.999997 0.00137925 -0.00170504 -0.00139375 0.999962 -0.00867865 0.00169297 0.00868036 0.999961 -0.019371 -0.0717798 -0.764026
FixedParameters: 0 0 0

#Transform 116
Transform: AffineTransform_float_3_3
Parameters: 0.999998 0.0011962 -0.00170349 -0.00121079 0.999962 -0.00871096 0.00169251 0.00871304 0.99996 -0.00448076 -0.0694178 -0.836252
FixedParameters: 0 0 0

#Transform 117
Transform: AffineTransform_float_3_3
Parameters: 0.999998 0.000742453 -0.00222328 -0.000760543 0.999965 -0.00835233 0.00221672 0.00835466 0.999962 0.024729 -0.0740399 -0.760826
FixedParameters: 0 0 0

#Transform 118
Transform: AffineTransform_float_3_3
Parameters: 0.999998 0.00154876 -0.00174338 -0.00156724 0.999944 -0.0105123 0.00172662 0.0105157 0.999943 -0.00716697 -0.00472294 -0.900166
FixedParameters: 0 0 0

#Transform 119
Transform: AffineTransform_float_3_3
Parameters: 0.999997 0.00106591 -0.00211419 -0.00108109 0.999971 -0.00762474 0.00210582 0.00762627 0.999968 0.0236156 -0.143195 -0.72
FixedParameters: 0 0 0

#Transform 120
Transform: AffineTransform_float_3_3
Parameters: 0.999995 0.00137633 -0.00279079 -0.00139768 0.999969 -0.00777913 0.00278021 0.00778286 0.999966 0.0118271 -0.0871247 -0.806515
FixedParameters: 0 0 0

#Transform 121
Transform: AffineTransform_float_3_3
Parameters: 0.999996 0.00106127 -0.00278798 -0.00108173 0.999971 -0.00744602 0.00278002 0.00744898 0.999969 0.0072206 -0.127545 -0.745742
FixedParameters: 0 0 0

#Transform 122
Transform: AffineTransform_float_3_3
Parameters: 0.999996 0.000738355 -0.00274818 -0.000760643 0.999965 -0.00824794 0.00274182 0.00825006 0.999962 0.0216808 -0.0463872 -0.732015
FixedParameters: 0 0 0

#Transform 123
Transform: AffineTransform_float_3_3
Parameters: 0.999996 0.000434303 -0.00303894 -0.0004607 0.999962 -0.00879064 0.00303507 0.00879136 0.999956 0.031497 -0.0828986 -0.818182
FixedParameters: 0 0 0

#Transform 124
Transform: AffineTransform_float_3_3
Parameters: 0.999995 0.000887657 -0.00304281 -0.000914337 0.999962 -0.00866726 0.00303419 0.00866974 0.999958 0.0237357 -0.0802775 -0.78142
FixedParameters: 0 0 0

#Transform 125
Transform: AffineTransform_float_3_3
Parameters: 0.999995 0.000786225 -0.00304231 -0.00081377 0.999958 -0.00913856 0.00303469 0.00914143 0.999953 0.025619 -0.0290761 -0.827925
FixedParameters: 0 0 0

#Transform 126
Transform: AffineTransform_float_3_3
Parameters: 0.999992 1.35771e-05 -0.00381928 -4.742e-05 0.99996 -0.00901289 0.00381873 0.00901312 0.999952 0.0678582 -0.0684951 -0.791953
FixedParameters: 0 0 0

#Transform 127
Transform: AffineTransform_float_3_3
Parameters: 0.999994 0.000630659 -0.00347583 -0.000661341 0.999959 -0.00902276 0.00347017 0.00902525 0.999954 0.0346928 -0.0228675 -0.772934
FixedParameters: 0 0 0

#Transform 128
Transform: AffineTransform_float_3_3
Parameters: 0.999996 0.00200836 -0.00206233 -0.00202564 0.999961 -0.00858886 0.00204467 0.00859314 0.999961 -0.0556927 -0.0709208 -0.785985
FixedParameters: 0 0 0

#Transform 129
Transform: AffineTransform_float_3_3
Parameters: 0.999997 0.000849599 -0.00209215 -0.000867399 0.999965 -0.00833021 0.00208485 0.00833179 0.999963 0.00846505 -0.0642324 -0.742814
FixedParameters: 0 0 0

#Transform 130
Transform: AffineTransform_float_3_3
Parameters: 0.999998 0.00139436 -0.000778378 -0.00140564 0.999903 -0.0138439 0.000758612 0.0138451 0.999904 -0.00633736 -0.0885051 -1.00721
FixedParameters: 0 0 0

#Transform 131
Transform: AffineTransform_float_3_3
Parameters: 0.999998 0.000903626 -0.00165318 -0.000922372 0.999938 -0.0111475 0.00164282 0.0111495 0.999936 0.015466 -0.0402152 -0.884796
FixedParameters: 0 0 0

#Transform 132
Transform: AffineTransform_float_3_3
Parameters: 0.999999 0.000190622 -0.00141689 -0.000211379 0.999897 -0.0143957 0.0014141 0.0143963 0.999896 0.0440948 -0.098055 -1.06509
FixedParameters: 0 0 0

#Transform 133
Transform: AffineTransform_float_3_3
Parameters: 0.999999 0.000682919 -0.00031306 -0.00068608 0.999913 -0.0132258 0.000303952 0.0132262 0.999913 0.0211844 -0.0266311 -1.02158
FixedParameters: 0 0 0

#Transform 134
Transform: AffineTransform_float_3_3
Parameters: 0.999999 0.000986126 -0.00111147 -0.000999868 0.99992 -0.0125519 0.00109854 0.0125531 0.99992 0.0108867 -0.0459785 -0.937136
FixedParameters: 0 0 0

#Transform 135
Transform: AffineTransform_float_3_3
Parameters: 0.999999 0.000671485 -0.00115953 -0.000685508 0.999921 -0.0125632 0.00115048 0.0125638 0.999921 0.0218899 -0.085519 -0.973088
FixedParameters: 0 0 0

#Transform 136
Transform: AffineTransform_float_3_3
Parameters: 0.999999 0.00101567 -0.000980873 -0.00102733 0.999932 -0.011624 0.000969123 0.011625 0.999932 -0.0202097 -0.0412939 -0.865509
FixedParameters: 0 0 0

#Transform 137
Transform: AffineTransform_float_3_3
Parameters: 0.999998 -0.000315919 -0.00205647 0.000292087 0.999933 -0.0116206 0.00205953 0.0116204 0.999931 0.155401 0.0654378 -0.704699
FixedParameters: 0 0 0

#Transform 138
Transform: AffineTransform_float_3_3
Parameters: 0.999998 -0.000107142 -0.00190588 8.48563e-05 0.999932 -0.0116142 0.00190711 0.0116138 0.99993 0.176826 0.0592198 -1.18075
FixedParameters: 0 0 0

#Transform 139
Transform: AffineTransform_float_3_3
Parameters: 0.999996 0.000318746 -0.00278501 -0.000351254 0.999928 -0.0119481 0.002781 0.0119489 0.999924 0.177627 0.0387782 -1.16232
FixedParameters: 0 0 0

#Transform 140
Transform: AffineTransform_float_3_3
Parameters: 0.999995 0.000360993 -0.00293244 -0.000417017 0.999817 -0.0191209 0.00292556 0.0191221 0.999813 0.286475 0.37019 -1.09446
FixedParameters: 0 0 0

#Transform 141
Transform: AffineTransform_float_3_3
Parameters: 1 0.000345881 -0.00103916 -0.000361117 0.999893 -0.0145846 0.00103384 0.0145854 0.999893 0.112932 0.131041 -0.957846
FixedParameters: 0 0 0

#Transform 142
Transform: AffineTransform_float_3_3
Parameters: 0.999998 0.000299069 -0.00164234 -0.000321927 0.999902 -0.0139805 0.00163766 0.0139805 0.999901 0.145913 -0.0103505 -0.963509
FixedParameters: 0 0 0

#Transform 143
Transform: AffineTransform_float_3_3
Parameters: 0.999999 0.000303618 -0.000753268 -0.000314392 0.999905 -0.0138208 0.000749726 0.0138212 0.999904 0.0650785 0.0384402 -0.873489
FixedParameters: 0 0 0

#Transform 144
Transform: AffineTransform_float_3_3
Parameters: 1 -0.000679536 9.42394e-05 0.00068046 0.999864 -0.0165209 -8.27693e-05 0.0165211 0.999863 0.0787264 0.0452714 -0.895318
FixedParameters: 0 0 0

#Transform 145
Transform: AffineTransform_float_3_3
Parameters: 0.999999 -0.000866023 -0.000924056 0.000851979 0.999886 -0.0150688 0.000936945 0.0150682 0.999886 0.0894313 0.120404 -1.13561
FixedParameters: 0 0 0

#Transform 146
Transform: AffineTransform_float_3_3
Parameters: 0.999999 -0.000280231 -0.00155049 0.000253777 0.999858 -0.0168924 0.00155451 0.0168916 0.999856 0.0529979 0.144228 -1.16736
FixedParameters: 0 0 0

#Transform 147
Transform: AffineTransform_float_3_3
Parameters: 0.999999 -0.000698913 -0.00137403 0.000681088 0.999916 -0.012994 0.00138297 0.012993 0.999914 0.0717125 0.0222457 -0.992581
FixedParameters: 0 0 0

#Transform 148
Transform: AffineTransform_float_3_3
Parameters: 0.999998 -0.000525042 -0.00163015 0.000499959 0.999882 -0.0153248 0.00163785 0.0153242 0.999881 0.0819391 0.0577912 -1.27485
FixedParameters: 0 0 0

#Transform 149
Transform: AffineTransform_float_3_3
Parameters: 0.999999 -0.000483778 -0.00180202 0.000457222 0.99989 -0.0148309 0.00180898 0.0148302 0.999889 0.0728397 -0.0023482 -1.23719
FixedParameters: 0 0 0

#Transform 150
Transform: AffineTransform_float_3_3
Parameters: 0.999998 -0.000712912 -0.00188121 0.000681076 0.999857 -0.0169093 0.00189379 0.0169087 0.999856 0.0954668 0.0412362 -1.35559
FixedParameters: 0 0 0

#Transform 151
Transform: AffineTransform_float_3_3
Parameters: 0.999998 -0.000963 -0.00212001 0.000927 0.999856 -0.016917 0.00213599 0.016915 0.999854 0.0887166 -0.00936921 -1.34928
FixedParameters: 0 0 0

#Transform 152
Transform: AffineTransform_float_3_3
Parameters: 0.999998 -0.000401293 -0.00193578 0.000369704 0.999869 -0.0161387 0.00194222 0.0161382 0.999868 0.050931 0.015439 -1.26395
FixedParameters: 0 0 0

#Transform 153
Transform: AffineTransform_float_3_3
Parameters: 0.999998 -0.000421376 -0.00155911 0.000395627 0.999858 -0.0168787 0.0015659 0.0168784 0.999857 0.0291303 0.0134005 -1.29295
FixedParameters: 0 0 0

#Transform 154
Transform: AffineTransform_float_3_3
Parameters: 0.999999 -0.000432662 -0.00147097 0.000408338 0.99986 -0.0167246 0.00147804 0.0167244 0.999859 0.0324758 -0.0159968 -1.28439
FixedParameters: 0 0 0

#Transform 155
Transform: AffineTransform_float_3_3
Parameters: 0.999997 0.000545078 -0.00228191 -0.000584923 0.999846 -0.0175307 0.00227209 0.0175323 0.999843 -0.185466 0.161483 -1.315
FixedParameters: 0 0 0

#Transform 156
Transform: AffineTransform_float_3_3
Parameters: 0.999647 0.0195316 -0.0179994 -0.0196705 0.999778 -0.0075476 0.0178476 0.00789837 0.999809 -1.43799 1.57871 -2.36936
FixedParameters: 0 0 0

#Transform 157
Transform: AffineTransform_float_3_3
Parameters: 0.999814 0.0115921 -0.0154166 -0.0118589 0.99978 -0.0172704 0.0152134 0.0174496 0.999732 -0.918229 0.721551 -1.8564
FixedParameters: 0 0 0

#Transform 158
Transform: AffineTransform_float_3_3
Parameters: 0.999827 0.0104001 -0.0154317 -0.0106289 0.999833 -0.0148245 0.0152743 0.0149854 0.999771 -0.761264 0.278921 -1.73021
FixedParameters: 0 0 0

#Transform 159
Transform: AffineTransform_float_3_3
Parameters: 0.999852 0.00857082 -0.0148765 -0.00888516 0.999736 -0.0211829 0.0146905 0.0213121 0.999665 -0.626307 0.332515 -1.90872
FixedParameters: 0 0 0

#Transform 160
Transform: AffineTransform_float_3_3
Parameters: 0.999845 0.00789275 -0.0156948 -0.00818025 0.999798 -0.0183234 0.0155472 0.0184485 0.999709 -0.546105 0.28106 -1.81532
FixedParameters: 0 0 0

#Transform 161
Transform: AffineTransform_float_3_3
Parameters: 0.999901 0.00598067 -0.0127337 -0.00616434 0.999877 -0.0144069 0.0126463 0.0144841 0.999815 -0.370481 0.296131 -1.5048
FixedParameters: 0 0 0

#Transform 162
Transform: AffineTransform_float_3_3
Parameters: 0.99992 0.00450873 -0.0118353 -0.00467428 0.999892 -0.0139738 0.0117717 0.0140282 0.999833 -0.220393 0.350479 -1.51884
FixedParameters: 0 0 0

#Transform 163
Transform: AffineTransform_float_3_3
Parameters: 0.999926 0.00452903 -0.0112906 -0.00469398 0.999882 -0.0146281 0.0112234 0.0146799 0.99983 -0.20694 0.320256 -1.53323
FixedParameters: 0 0 0

#Transform 164
Transform: AffineTransform_float_3_3
Parameters: 0.999927 0.00456703 -0.0111662 -0.00474197 0.999865 -0.0156942 0.0110928 0.0157458 0.999814 -0.212076 0.342178 -1.5572
FixedParameters: 0 0 0

#Transform 165
Transform: AffineTransform_float_3_3
Parameters: 0.999924 0.00450359 -0.0114701 -0.00468842 0.99986 -0.0161024 0.0113959 0.0161545 0.999804 -0.190749 0.326344 -1.62128
FixedParameters: 0 0 0

#Transform 166
Transform: AffineTransform_float_3_3
Parameters: 0.999943 0.00420506 -0.00988624 -0.00436195 0.999864 -0.0159078 0.00981776 0.0159492 0.999824 -0.219835 0.327035 -1.43646
FixedParameters: 0 0 0

#Transform 167
Transform: AffineTransform_float_3_3
Parameters: 0.999929 0.00472488 -0.0108808 -0.00488711 0.999876 -0.0149209 0.0108091 0.0149731 0.999829 -0.237441 0.370205 -1.47871
FixedParameters: 0 0 0

#Transform 168
Transform: AffineTransform_float_3_3
Parameters: 0.999934 0.00349443 -0.0108895 -0.00366358 0.999873 -0.0154991 0.0108344 0.0155379 0.99982 -0.142574 0.301872 -1.48456
FixedParameters: 0 0 0

#Transform 169
Transform: AffineTransform_float_3_3
Parameters: 0.999932 0.0040756 -0.0108575 -0.00425041 0.99986 -0.0161809 0.0107905 0.0162261 0.99981 -0.173711 0.372384 -1.54445
FixedParameters: 0 0 0

#Transform 170
Transform: AffineTransform_float_3_3
Parameters: 0.999935 0.00392817 -0.0106982 -0.00409083 0.999875 -0.0152412 0.0106368 0.0152838 0.999826 -0.174198 0.285898 -1.50356
FixedParameters: 0 0 0

#Transform 171
Transform: AffineTransform_float_3_3
Parameters: 0.999945 0.00509948 -0.00923728 -0.00525151 0.999851 -0.0164534 0.00915171 0.0165016 0.999822 -0.241138 0.377178 -1.49182
FixedParameters: 0 0 0

#Transform 172
Transform: AffineTransform_float_3_3
Parameters: 0.999957 0.00521221 -0.00768355 -0.00533878 0.999849 -0.0165737 0.00759545 0.0166143 0.999833 -0.219283 0.267867 -1.54708
FixedParameters: 0 0 0

#Transform 173
Transform: AffineTransform_float_3_3
Parameters: 0.99995 0.0048224 -0.00883475 -0.00497061 0.999845 -0.0168759 0.00875226 0.0169191 0.999818 -0.177161 0.304199 -1.55089
FixedParameters: 0 0 0

#Transform 174
Transform: AffineTransform_float_3_3
Parameters: 0.999961 0.00428296 -0.00781526 -0.00441406 0.999848 -0.0168282 0.00774274 0.0168618 0.999828 -0.139606 0.280469 -1.61575
FixedParameters: 0 0 0

#Transform 175
Transform: AffineTransform_float_3_3
Parameters: 0.999963 0.00428015 -0.00746931 -0.00441486 0.999829 -0.0179957 0.00739168 0.0180283 0.99981 -0.173365 0.286492 -1.58025
FixedParameters: 0 0 0

#Transform 176
Transform: AffineTransform_float_3_3
Parameters: 0.999965 0.00428405 -0.00719695 -0.00441395 0.999826 -0.0181379 0.00711804 0.0181691 0.999809 -0.143282 0.291541 -1.58342
FixedParameters: 0 0 0

#Transform 177
Transform: AffineTransform_float_3_3
Parameters: 0.999971 0.00386263 -0.00647107 -0.00396837 0.999859 -0.0163498 0.00640692 0.0163752 0.999846 -0.101986 0.34719 -1.42557
FixedParameters: 0 0 0

#Transform 178
Transform: AffineTransform_float_3_3
Parameters: 0.999975 0.0038848 -0.00600367 -0.00396821 0.999896 -0.0139095 0.00594934 0.0139325 0.999885 -0.096478 0.262358 -1.35825
FixedParameters: 0 0 0

#Transform 179
Transform: AffineTransform_float_3_3
Parameters: 0.999959 0.0045043 -0.00794606 -0.0046407 0.99984 -0.0172699 0.00786695 0.0173062 0.99982 -0.183777 0.353929 -1.66613
FixedParameters: 0 0 0

#Transform 180
Transform: AffineTransform_float_3_3
Parameters: 0.999927 0.00459869 -0.0111772 -0.0047823 0.999853 -0.0164287 0.0110998 0.0164812 0.999802 -0.181292 0.145675 -1.74043
FixedParameters: 0 0 0

#Transform 181
Transform: AffineTransform_float_3_3
Parameters: 0.999949 0.00374339 -0.00945805 -0.00388161 0.999884 -0.0146801 0.00940197 0.014716 0.999848 -0.142141 0.225906 -1.55619
FixedParameters: 0 0 0

#Transform 182
Transform: AffineTransform_float_3_3
Parameters: 0.999955 0.00341617 -0.00887625 -0.00354383 0.999889 -0.0144252 0.00882674 0.0144568 0.999856 -0.104668 0.169742 -1.53585
FixedParameters: 0 0 0

#Transform 183
Transform: AffineTransform_float_3_3
Parameters: 0.999958 0.00351848 -0.00845901 -0.00364051 0.999888 -0.0145118 0.008407 0.0145422 0.999859 -0.100776 0.225066 -1.48222
FixedParameters: 0 0 0

#Transform 184
Transform: AffineTransform_float_3_3
Parameters: 0.999946 0.00246533 -0.0101078 -0.00262668 0.999869 -0.0160133 0.0100672 0.0160387 0.99982 -0.0335506 0.188164 -1.61137
FixedParameters: 0 0 0

#Transform 185
Transform: AffineTransform_float_3_3
Parameters: 0.999945 0.00211975 -0.0103336 -0.00229126 0.99986 -0.0165892 0.0102974 0.0166117 0.999809 -0.0245192 0.199034 -1.58315
FixedParameters: 0 0 0

#Transform 186
Transform: AffineTransform_float_3_3
Parameters: 0.999947 0.00215403 -0.0100137 -0.00231798 0.999863 -0.0163927 0.00997732 0.0164144 0.999816 -0.00971157 0.204534 -1.624
FixedParameters: 0 0 0

#Transform 187
Transform: AffineTransform_float_3_3
Parameters: 0.999946 0.00213669 -0.010102 -0.00229631 0.999873 -0.0157846 0.010067 0.0158074 0.999825 -0.0359366 0.185428 -1.59191
FixedParameters: 0 0 0

#Transform 188
Transform: AffineTransform_float_3_3
