# transform file /out/sourcedata/freesurfer/sub-v1s13x0050052_ses-1/mri/transforms/cc_up.lta
# created by oesteban on Sun Mar  8 18:19:16 2026

type      = 0 # LINEAR_VOX_TO_VOX
nxforms   = 1
mean      = 126.0000 129.0000 125.0000
sigma     = 10000.0000
1 4 4
9.994827508926392e-01 2.340361103415489e-02 -2.206219546496868e-02 3.270456790924072e-01 
-2.339791133999825e-02 9.997261762619019e-01 5.164764588698745e-04 1.295649909973145e+01 
2.206823974847794e-02 5.820766785236131e-11 9.997565746307373e-01 8.213500976562500e+00 
0.000000000000000e+00 0.000000000000000e+00 0.000000000000000e+00 1.000000000000000e+00 
src volume info
valid = 1  # volume info valid
filename = /out/sourcedata/freesurfer/sub-v1s13x0050052_ses-1/mri/norm.mgz
volume = 256 256 256
voxelsize = 1.000000000000000e+00 1.000000000000000e+00 1.000000000000000e+00
xras   = -9.999999403953552e-01 0.000000000000000e+00 0.000000000000000e+00
yras   = 0.000000000000000e+00 0.000000000000000e+00 -9.999999403953552e-01
zras   = 0.000000000000000e+00 9.999999403953552e-01 0.000000000000000e+00
cras   = 2.704185485839844e+00 -1.820587158203125e+00 -3.244871520996094e+01
dst volume info
valid = 1  # volume info valid
filename = /out/sourcedata/freesurfer/sub-v1s13x0050052_ses-1/mri/norm.mgz
volume = 256 256 256
voxelsize = 1.000000000000000e+00 1.000000000000000e+00 1.000000000000000e+00
xras   = -9.999999403953552e-01 0.000000000000000e+00 0.000000000000000e+00
yras   = 0.000000000000000e+00 0.000000000000000e+00 -9.999999403953552e-01
zras   = 0.000000000000000e+00 9.999999403953552e-01 0.000000000000000e+00
cras   = 2.704185485839844e+00 -1.820587158203125e+00 -3.244871520996094e+01
