# transform file /out/sourcedata/freesurfer/sub-v1s13x0050054_ses-1/mri/transforms/cc_up.lta
# created by oesteban on Sun Mar  8 18:13:25 2026

type      = 0 # LINEAR_VOX_TO_VOX
nxforms   = 1
mean      = 128.0000 123.0000 113.0000
sigma     = 10000.0000
1 4 4
9.973214268684387e-01 6.440213322639465e-02 -3.467451035976410e-02 -2.919482469558716e+00 
-6.436324864625931e-02 9.979240298271179e-01 2.237758133560419e-03 3.223268890380859e+01 
3.474664315581322e-02 0.000000000000000e+00 9.993961453437805e-01 1.460626411437988e+01 
0.000000000000000e+00 0.000000000000000e+00 0.000000000000000e+00 1.000000000000000e+00 
src volume info
valid = 1  # volume info valid
filename = /out/sourcedata/freesurfer/sub-v1s13x0050054_ses-1/mri/norm.mgz
volume = 256 256 256
voxelsize = 1.000000000000000e+00 1.000000000000000e+00 1.000000000000000e+00
xras   = -9.999999403953552e-01 0.000000000000000e+00 0.000000000000000e+00
yras   = 0.000000000000000e+00 0.000000000000000e+00 -9.999999403953552e-01
zras   = 0.000000000000000e+00 9.999999403953552e-01 0.000000000000000e+00
cras   = 1.251388549804688e+00 -2.467300415039062e+00 -2.256938171386719e+01
dst volume info
valid = 1  # volume info valid
filename = /out/sourcedata/freesurfer/sub-v1s13x0050054_ses-1/mri/norm.mgz
volume = 256 256 256
voxelsize = 1.000000000000000e+00 1.000000000000000e+00 1.000000000000000e+00
xras   = -9.999999403953552e-01 0.000000000000000e+00 0.000000000000000e+00
yras   = 0.000000000000000e+00 0.000000000000000e+00 -9.999999403953552e-01
zras   = 0.000000000000000e+00 9.999999403953552e-01 0.000000000000000e+00
cras   = 1.251388549804688e+00 -2.467300415039062e+00 -2.256938171386719e+01
