#Insight Transform File V1.0
#Transform 0
Transform: AffineTransform_float_3_3
Parameters: 0.999993 0.000335577 0.00366787 -0.000322422 0.999994 -0.00342921 -0.00366913 0.00342779 0.999988 0.139137 -0.0428692 0.0761937
FixedParameters: 0 0 0

#Transform 1
Transform: AffineTransform_float_3_3
Parameters: 0.999993 0.000279458 0.003668 -0.000265542 0.999993 -0.003669 -0.003669 0.003668 0.999986 0.142083 -0.00646789 0.0942084
FixedParameters: 0 0 0

#Transform 2
Transform: AffineTransform_float_3_3
Parameters: 0.999995 0.000418411 0.00289737 -0.000406586 0.999992 -0.0039382 -0.00289962 0.0039368 0.999988 0.136194 0.0412981 -0.0388308
FixedParameters: 0 0 0

#Transform 3
Transform: AffineTransform_float_3_3
Parameters: 0.999994 0.000575856 0.00320071 -0.000563143 0.999992 -0.00401582 -0.00320329 0.00401417 0.999987 0.122246 0.000358921 -0.0211331
FixedParameters: 0 0 0

#Transform 4
Transform: AffineTransform_float_3_3
Parameters: 0.999996 0.000633928 0.0027465 -0.000623068 0.999992 -0.00397873 -0.0027495 0.00397627 0.999989 0.101316 0.0219334 -0.0852247
FixedParameters: 0 0 0

#Transform 5
Transform: AffineTransform_float_3_3
Parameters: 0.999997 0.000652616 0.00257859 -0.000642384 0.999993 -0.00372767 -0.00258141 0.00372633 0.999989 0.115406 0.0722905 -0.0238727
FixedParameters: 0 0 0

#Transform 6
Transform: AffineTransform_float_3_3
Parameters: 0.999997 0.00103286 0.00210617 -0.00102514 0.999992 -0.00372817 -0.00211084 0.00372583 0.999991 0.0704531 0.0620299 0.0295494
FixedParameters: 0 0 0

#Transform 7
Transform: AffineTransform_float_3_3
Parameters: 0.999999 0.000805173 0.00093485 -0.000804826 0.999999 -0.000186752 -0.000935149 0.000185247 0.999999 -0.0134685 0.139134 0.23353
FixedParameters: 0 0 0

#Transform 8
Transform: AffineTransform_float_3_3
Parameters: 0.999999 0.000644053 0.000749095 -0.000642946 0.999999 -0.00140548 -0.000749904 0.00140552 0.999998 0.0365541 0.239046 0.183556
FixedParameters: 0 0 0

#Transform 9
Transform: AffineTransform_float_3_3
Parameters: 0.999999 0.000160455 0.000729899 -0.000160544 1 -0.000624117 -0.0007301 0.000623883 0.999999 0.0231551 0.142662 0.265874
FixedParameters: 0 0 0

#Transform 10
Transform: AffineTransform_float_3_3
Parameters: 1 0.000806096 0.00072879 -0.000804904 0.999998 -0.00150259 -0.00073021 0.00150241 0.999998 0.0217579 0.136482 0.146316
FixedParameters: 0 0 0

#Transform 11
Transform: AffineTransform_float_3_3
Parameters: 0.999999 0.000160259 0.000729943 -0.000160741 1 -0.000355117 -0.000730057 0.000354883 0.999999 0.0192381 0.0770554 0.176162
FixedParameters: 0 0 0

#Transform 12
Transform: AffineTransform_float_3_3
Parameters: 0.999999 0.00050504 0.000677225 -0.00050396 0.999998 -0.00153534 -0.000677774 0.00153566 0.999998 0.00715378 0.0438635 0.0463081
FixedParameters: 0 0 0

#Transform 13
Transform: AffineTransform_float_3_3
Parameters: 0.999999 0.000282014 0.000661993 -0.000281985 1 -2.21867e-05 -0.000662006 2.18133e-05 1 0.0209633 0.0309544 0.15083
FixedParameters: 0 0 0

#Transform 14
Transform: AffineTransform_float_3_3
Parameters: 1 0.00041508 0.000449926 -0.000414919 1 -0.000179187 -0.000450074 0.000178813 1 0.00816011 0.0230246 0.0833462
FixedParameters: 0 0 0

#Transform 15
Transform: AffineTransform_float_3_3
Parameters: 1 -0.000114049 0.000262979 0.000113951 1 0.00018703 -0.000263021 -0.00018697 1 0.0255138 -0.00797427 0.132244
FixedParameters: 0 0 0

#Transform 16
Transform: AffineTransform_float_3_3
Parameters: 1 0.000303864 -0.000179231 -0.000304136 0.999999 -0.000760945 0.000178769 0.000761054 0.999999 0.0370858 0.0136499 0.0361293
FixedParameters: 0 0 0

#Transform 17
Transform: AffineTransform_float_3_3
Parameters: 1 6.29467e-05 6.90486e-05 -6.30532e-05 0.999999 0.000771995 -6.89513e-05 -0.000772004 0.999999 0.0208249 -0.0608889 0.0853657
FixedParameters: 0 0 0

#Transform 18
Transform: AffineTransform_float_3_3
Parameters: 1 -1.645e-08 -5e-05 -1.645e-08 1 -0.000329 5e-05 0.000329 1 0.00497864 0.0236805 0.0469505
FixedParameters: 0 0 0

#Transform 19
Transform: AffineTransform_float_3_3
Parameters: 1 -0.000339022 0.000133945 0.000338978 1 0.000163045 -0.000134055 -0.000162955 1 0.024302 -0.0495472 0.102039
FixedParameters: 0 0 0

#Transform 20
Transform: AffineTransform_float_3_3
Parameters: 1 -9.60249e-05 -4.29443e-05 9.5975e-05 1 -0.000580004 4.30557e-05 0.000579996 1 0.0033188 -0.00767192 0.00471676
FixedParameters: 0 0 0

#Transform 21
Transform: AffineTransform_float_3_3
Parameters: 1 -0.000211047 0.000139929 0.000210953 1 0.000338029 -0.000140071 -0.00033797 1 0.0292398 -0.0587009 0.072321
FixedParameters: 0 0 0

#Transform 22
Transform: AffineTransform_float_3_3
Parameters: 1 0.000370028 5.7819e-05 -0.000369972 1 -0.000489021 -5.71809e-05 0.000488979 1 -0.0100555 -0.0329794 -0.0385044
FixedParameters: 0 0 0

#Transform 23
Transform: AffineTransform_float_3_3
Parameters: 1 9.81216e-05 -0.00029796 -9.78784e-05 1 0.000408029 0.00029804 -0.000407971 1 0.00724228 -0.0914614 0.0544703
FixedParameters: 0 0 0

#Transform 24
Transform: AffineTransform_float_3_3
Parameters: 1 5.68086e-05 -0.000523021 -5.71914e-05 1 -0.00036597 0.000522979 0.00036603 1 0.0331064 -0.037668 -0.0764944
FixedParameters: 0 0 0

#Transform 25
Transform: AffineTransform_float_3_3
Parameters: 1 -4.01386e-05 -0.000472988 3.98614e-05 1 -0.000293019 0.000473012 0.000292981 1 0.0201771 -0.0943511 -0.0629715
FixedParameters: 0 0 0

#Transform 26
Transform: AffineTransform_float_3_3
Parameters: 1 0.000105704 -0.000697044 -0.000105295 1 -0.000423927 0.000696955 0.000424074 0.999999 0.00588185 -0.00741238 -0.0765028
FixedParameters: 0 0 0

#Transform 27
Transform: AffineTransform_float_3_3
Parameters: 1 2.47202e-05 -0.000519013 -2.52802e-05 1 -0.000539987 0.000518986 0.000539013 0.999999 0.025865 -0.0855963 -0.071535
FixedParameters: 0 0 0

#Transform 28
Transform: AffineTransform_float_3_3
Parameters: 1 0.000114377 -0.000697103 -0.000114624 0.999999 -0.00089392 0.000697898 0.00089408 1 0.0336675 0.000190796 -0.0386038
FixedParameters: 0 0 0

#Transform 29
Transform: AffineTransform_float_3_3
Parameters: 1 6.07244e-05 -0.000454037 -6.12755e-05 1 -0.000606972 0.000453963 0.000607027 0.999999 0.0335176 -0.0478627 -0.0924801
FixedParameters: 0 0 0

#Transform 30
Transform: AffineTransform_float_3_3
Parameters: 0.999999 -6.95997e-05 -0.00100296 6.84001e-05 1 -0.000598069 0.00100304 0.000597931 1 0.0501755 0.00992969 0.0157592
FixedParameters: 0 0 0

#Transform 31
Transform: AffineTransform_float_3_3
Parameters: 1 -0.000339342 -0.0003867 0.000338658 0.999999 -0.00088413 0.0003873 0.000884868 0.999999 0.0588542 -0.0352026 -0.0356494
FixedParameters: 0 0 0

#Transform 32
Transform: AffineTransform_float_3_3
Parameters: 0.999999 -0.000339656 -0.000628646 0.000338343 1 -0.00104421 0.000629354 0.00104379 1 0.0593807 -0.0320151 -0.0689778
FixedParameters: 0 0 0

#Transform 33
Transform: AffineTransform_float_3_3
Parameters: 1 -0.000170277 -0.000446894 0.000169723 1 -0.000620076 0.000447105 0.000619924 0.999999 0.0579746 -0.0886902 -0.10747
FixedParameters: 0 0 0

#Transform 34
Transform: AffineTransform_float_3_3
Parameters: 0.999999 -0.000339935 -0.000895645 0.000338064 1 -0.0010443 0.000896353 0.0010437 0.999999 0.0634828 -0.0335961 -0.0350679
FixedParameters: 0 0 0

#Transform 35
Transform: AffineTransform_float_3_3
Parameters: 1 -0.000339164 -0.000349841 0.000338835 1 -0.000470118 0.000350159 0.000469881 1 0.049709 -0.109043 -0.104272
FixedParameters: 0 0 0

#Transform 36
Transform: AffineTransform_float_3_3
Parameters: 1 -0.000340028 -0.00107468 0.000338972 1 -0.000956365 0.00107532 0.000955635 0.999999 0.0822424 -0.0311512 -0.0278169
FixedParameters: 0 0 0

#Transform 37
Transform: AffineTransform_float_3_3
Parameters: 1 -0.000339468 -0.00054771 0.000338532 0.999999 -0.000854186 0.000548289 0.000853814 1 0.0777989 -0.0725854 -0.107664
FixedParameters: 0 0 0

#Transform 38
Transform: AffineTransform_float_3_3
Parameters: 1 -0.000339755 -0.00113277 0.000338244 0.999999 -0.000667384 0.00113323 0.000666615 0.999999 0.0600979 -0.0264082 -0.083905
FixedParameters: 0 0 0

#Transform 39
Transform: AffineTransform_float_3_3
Parameters: 0.999999 -0.000339538 -0.000655722 0.000338461 0.999999 -0.000821222 0.000656278 0.000820777 1 0.0405274 -0.0925342 -0.141486
FixedParameters: 0 0 0

#Transform 40
Transform: AffineTransform_float_3_3
Parameters: 0.999999 -0.000339836 -0.000874675 0.000338164 1 -0.000956297 0.000874323 0.000955704 0.999999 0.0561429 -0.0386181 -0.0582055
FixedParameters: 0 0 0

#Transform 41
Transform: AffineTransform_float_3_3
Parameters: 0.999999 -0.000339775 -0.000916713 0.000338224 0.999999 -0.00084631 0.000917286 0.000845689 0.999999 0.0389337 -0.0811326 -0.132188
FixedParameters: 0 0 0

#Transform 42
Transform: AffineTransform_float_3_3
Parameters: 0.999999 -0.000171983 -0.00125087 0.000171017 0.999999 -0.000786214 0.00125113 0.000785785 0.999999 0.0231478 -0.0544209 -0.060976
FixedParameters: 0 0 0

#Transform 43
Transform: AffineTransform_float_3_3
Parameters: 1 -0.000339976 -0.0010857 0.000339024 0.999999 -0.000898368 0.00108631 0.000898631 0.999999 0.0360986 -0.0676879 -0.131608
FixedParameters: 0 0 0

#Transform 44
Transform: AffineTransform_float_3_3
Parameters: 0.999998 -0.000238925 -0.00159671 0.000237075 0.999999 -0.00120638 0.00159629 0.00120562 0.999998 0.0159099 -0.0222099 -0.0167137
FixedParameters: 0 0 0

#Transform 45
Transform: AffineTransform_float_3_3
Parameters: 0.999999 -0.000341318 -0.00180856 0.000338683 0.999999 -0.00128161 0.00180844 0.00128138 0.999997 0.00501683 -0.036254 -0.100432
FixedParameters: 0 0 0

#Transform 46
Transform: AffineTransform_float_3_3
Parameters: 0.999999 -0.000340894 -0.00180864 0.000338107 1 -0.00104761 0.00180836 0.00104639 0.999998 0.00529077 -0.0430311 -0.0654119
FixedParameters: 0 0 0

#Transform 47
Transform: AffineTransform_float_3_3
Parameters: 0.999999 -0.000341872 -0.00180846 0.000338128 0.999998 -0.00158861 0.00180854 0.00158738 0.999997 0.0340162 -0.0254547 -0.16674
FixedParameters: 0 0 0

#Transform 48
Transform: AffineTransform_float_3_3
Parameters: 0.999998 -0.00034195 -0.00187647 0.000338052 0.999998 -0.00157164 0.00187653 0.00157136 0.999997 0.0261971 -0.0401801 -0.10414
FixedParameters: 0 0 0

#Transform 49
Transform: AffineTransform_float_3_3
Parameters: 0.999999 -0.000342183 -0.0018084 0.000338819 0.999999 -0.00175962 0.0018086 0.00175938 0.999997 0.0291038 -0.0355909 -0.164077
FixedParameters: 0 0 0

#Transform 50
Transform: AffineTransform_float_3_3
Parameters: 0.999999 -0.000341465 -0.00172952 0.000338536 0.999999 -0.00142459 0.00173049 0.00142441 0.999998 0.0350508 -0.0391517 -0.0899479
FixedParameters: 0 0 0

#Transform 51
Transform: AffineTransform_float_3_3
Parameters: 0.999998 -0.000341887 -0.00165541 0.000338114 0.999999 -0.00174356 0.00165559 0.00174344 0.999997 0.0231779 -0.0252136 -0.144495
FixedParameters: 0 0 0

#Transform 52
Transform: AffineTransform_float_3_3
Parameters: 0.999997 -0.000714351 -0.00225294 0.000710649 0.999998 -0.00148761 0.00225406 0.00148639 0.999997 0.0517136 -0.0247004 -0.060539
FixedParameters: 0 0 0

#Transform 53
Transform: AffineTransform_float_3_3
Parameters: 0.999997 -0.000768973 -0.0020061 0.000764025 0.999996 -0.00247954 0.0020079 0.00247746 0.999995 0.0618289 0.0297103 -0.111658
FixedParameters: 0 0 0

#Transform 54
Transform: AffineTransform_float_3_3
Parameters: 0.999998 -0.000767144 -0.00180967 0.000763859 0.999998 -0.00173639 0.00181033 0.00173561 0.999997 0.0214566 0.0330078 0.0521626
FixedParameters: 0 0 0

#Transform 55
Transform: AffineTransform_float_3_3
Parameters: 0.999997 -0.000768462 -0.00198128 0.000763535 0.999997 -0.00225252 0.00198372 0.00225048 0.999996 0.0390263 0.0134589 -0.0966697
FixedParameters: 0 0 0

#Transform 56
Transform: AffineTransform_float_3_3
Parameters: 0.999997 -0.000768499 -0.00223946 0.000763503 0.999997 -0.00200872 0.00224054 0.00200728 0.999996 0.0286745 0.0173874 -0.0338929
FixedParameters: 0 0 0

#Transform 57
Transform: AffineTransform_float_3_3
Parameters: 0.999997 -0.000769237 -0.00232427 0.000763763 0.999997 -0.00225278 0.00232673 0.00225122 0.999995 0.0200769 0.0384737 -0.0790272
FixedParameters: 0 0 0

#Transform 58
Transform: AffineTransform_float_3_3
Parameters: 0.999996 -0.000768699 -0.00249356 0.000763302 0.999998 -0.00188491 0.00249444 0.00188309 0.999995 -0.00451752 0.0211529 -0.0354722
FixedParameters: 0 0 0

#Transform 59
Transform: AffineTransform_float_3_3
Parameters: 0.999997 -0.000770066 -0.002324 0.000763935 0.999997 -0.00260978 0.002326 0.00260822 0.999994 -0.016356 0.0283193 -0.0998776
FixedParameters: 0 0 0

#Transform 60
Transform: AffineTransform_float_3_3
Parameters: 0.999997 -0.000768544 -0.00237854 0.000763457 0.999998 -0.00191082 0.00237946 0.00190918 0.999996 -0.0235524 -0.0179552 -0.0399502
FixedParameters: 0 0 0

#Transform 61
Transform: AffineTransform_float_3_3
Parameters: 0.999997 -0.000338317 -0.00248415 0.000331683 0.999996 -0.00254283 0.00248485 0.00254217 0.999993 -0.0325558 0.0106722 -0.146133
FixedParameters: 0 0 0

#Transform 62
Transform: AffineTransform_float_3_3
Parameters: 0.999997 -0.000523707 -0.00262887 0.000518295 0.999997 -0.00217037 0.00263013 0.00216963 0.999994 -0.0349179 -0.0331002 -0.0817936
FixedParameters: 0 0 0

#Transform 63
Transform: AffineTransform_float_3_3
Parameters: 0.999997 -0.000535237 -0.00245165 0.000529763 0.999996 -0.00254331 0.00245335 0.00254269 0.999994 -0.0176971 0.0112294 -0.122808
FixedParameters: 0 0 0

#Transform 64
Transform: AffineTransform_float_3_3
Parameters: 0.999996 -0.000749058 -0.0027056 0.000743943 0.999998 -0.00187002 0.00270639 0.00186798 0.999994 -0.0448819 -0.0278101 -0.0665737
FixedParameters: 0 0 0

#Transform 65
Transform: AffineTransform_float_3_3
Parameters: 0.999996 -0.000510158 -0.00281371 0.000502843 0.999996 -0.00254342 0.00281529 0.00254257 0.999993 -0.0262441 -0.0149489 -0.170695
FixedParameters: 0 0 0

#Transform 66
Transform: AffineTransform_float_3_3
Parameters: 0.999995 -0.00105707 -0.00316832 0.00104894 0.999996 -0.00254534 0.00317068 0.00254266 0.999991 -0.0163026 -0.0390125 -0.114308
FixedParameters: 0 0 0

#Transform 67
Transform: AffineTransform_float_3_3
Parameters: 0.999996 -0.00059847 -0.00281242 0.000590533 0.999997 -0.00265567 0.00281358 0.00265433 0.999992 -0.0516264 -0.0475739 -0.24845
FixedParameters: 0 0 0

#Transform 68
Transform: AffineTransform_float_3_3
Parameters: 0.999997 -0.000796201 -0.00259911 0.000789799 0.999997 -0.00238606 0.00260089 0.00238394 0.999994 -0.0509051 -0.0151332 -0.0996898
FixedParameters: 0 0 0

#Transform 69
Transform: AffineTransform_float_3_3
Parameters: 0.999996 -0.000650433 -0.00275302 0.000641565 0.999995 -0.00306378 0.00275498 0.00306122 0.999991 -0.0575419 -0.0365286 -0.160887
FixedParameters: 0 0 0

#Transform 70
Transform: AffineTransform_float_3_3
Parameters: 0.999996 -0.000666063 -0.00269251 0.000659939 0.999997 -0.00225179 0.00269349 0.00225021 0.999994 -0.0590855 -0.0169358 -0.0386389
FixedParameters: 0 0 0

#Transform 71
Transform: AffineTransform_float_3_3
Parameters: 0.999996 -0.000667268 -0.00275725 0.000660733 0.999997 -0.00263583 0.00275875 0.00263417 0.999992 -0.0406234 -0.0388151 -0.132817
FixedParameters: 0 0 0

#Transform 72
Transform: AffineTransform_float_3_3
Parameters: 0.999996 -0.00092097 -0.00273867 0.000914031 0.999997 -0.00254451 0.00274133 0.00254249 0.999993 -0.0441604 0.0098529 -0.0437357
FixedParameters: 0 0 0

#Transform 73
Transform: AffineTransform_float_3_3
Parameters: 0.999995 -0.000909234 -0.00284269 0.000901766 0.999997 -0.00254457 0.0028453 0.00254242 0.999992 -0.0325479 0.000776864 -0.142443
FixedParameters: 0 0 0

#Transform 74
Transform: AffineTransform_float_3_3
Parameters: 0.999995 -0.000861685 -0.00305212 0.000855316 0.999997 -0.00219062 0.00305388 0.00218838 0.999993 -0.0619673 0.0306868 -0.0227763
FixedParameters: 0 0 0

#Transform 75
Transform: AffineTransform_float_3_3
Parameters: 0.999996 -0.00102536 -0.00266256 0.00101864 0.999996 -0.00238872 0.00266544 0.00238527 0.999993 -0.0898656 0.0111214 -0.0945037
FixedParameters: 0 0 0

#Transform 76
Transform: AffineTransform_float_3_3
Parameters: 0.999994 -0.00127255 -0.00300523 0.00126644 0.999997 -0.00218182 0.00300877 0.00217718 0.999993 -0.0910458 0.00317089 -0.00952002
FixedParameters: 0 0 0

#Transform 77
Transform: AffineTransform_float_3_3
Parameters: 0.999996 -0.00116938 -0.00256164 0.00116162 0.999995 -0.00287899 0.00256535 0.00287601 0.999992 -0.0714273 0.00343633 -0.144905
FixedParameters: 0 0 0

#Transform 78
Transform: AffineTransform_float_3_3
Parameters: 0.999995 -0.00127248 -0.00296022 0.00126652 0.999997 -0.00218876 0.00296278 0.00218524 0.999993 -0.0657792 -0.0284744 -0.0526451
FixedParameters: 0 0 0

#Transform 79
Transform: AffineTransform_float_3_3
Parameters: 0.999994 -0.00118829 -0.00306241 0.0011797 0.999994 -0.00303463 0.00306659 0.00303037 0.99999 -0.0968706 0.00462263 -0.10315
FixedParameters: 0 0 0

#Transform 80
Transform: AffineTransform_float_3_3
Parameters: 0.999985 -0.0026405 -0.00466451 0.0026285 0.999994 -0.0024703 0.00467049 0.0024577 0.999986 -0.0323976 -0.176689 0.0430074
FixedParameters: 0 0 0

#Transform 81
Transform: AffineTransform_float_3_3
Parameters: 0.999986 -0.00279056 -0.00435834 0.00277644 0.999992 -0.00311414 0.00436665 0.00310186 0.999985 -0.0572656 -0.00153396 0.0122805
FixedParameters: 0 0 0

#Transform 82
Transform: AffineTransform_float_3_3
Parameters: 0.999991 -0.00195024 -0.00370511 0.00193876 0.999994 -0.00303521 0.0037109 0.00302779 0.999989 -0.0616796 0.0439217 -0.0465675
FixedParameters: 0 0 0

#Transform 83
Transform: AffineTransform_float_3_3
Parameters: 0.99999 -0.00206765 -0.00377919 0.00205735 0.999994 -0.0028208 0.00378481 0.0028122 0.999989 -0.0755701 -0.0100809 -0.0293911
FixedParameters: 0 0 0

#Transform 84
Transform: AffineTransform_float_3_3
Parameters: 0.999991 -0.00199131 -0.00370441 0.00197968 0.999992 -0.00332536 0.00371159 0.00331764 0.999987 -0.0349976 0.0617221 -0.0539403
FixedParameters: 0 0 0

#Transform 85
Transform: AffineTransform_float_3_3
Parameters: 0.999991 -0.0020693 -0.00370415 0.0020577 0.999993 -0.00332165 0.00371085 0.00331435 0.999987 -0.0538619 -0.0147593 -0.0497034
FixedParameters: 0 0 0

#Transform 86
Transform: AffineTransform_float_3_3
Parameters: 0.99999 -0.00206889 -0.00382358 0.0020571 0.999993 -0.00311289 0.00383041 0.0031041 0.999988 -0.048976 0.0665285 -0.00515881
FixedParameters: 0 0 0

#Transform 87
Transform: AffineTransform_float_3_3
Parameters: 0.999991 -0.00231219 -0.00370342 0.00229982 0.999992 -0.00329055 0.00371158 0.00328245 0.999987 -0.0432294 0.0269792 -0.0518257
FixedParameters: 0 0 0

#Transform 88
Transform: AffineTransform_float_3_3
Parameters: 0.999988 -0.00261132 -0.00403505 0.00259867 0.999992 -0.00305652 0.00404295 0.00304648 0.999987 -0.0165308 -0.00892529 -0.0421627
FixedParameters: 0 0 0

#Transform 89
Transform: AffineTransform_float_3_3
Parameters: 0.999989 -0.00287885 -0.00370104 0.00286615 0.99999 -0.00347365 0.00371096 0.00346235 0.999987 0.0140539 0.0232673 -0.152828
FixedParameters: 0 0 0

#Transform 90
Transform: AffineTransform_float_3_3
Parameters: 0.999989 -0.00261099 -0.00370258 0.00259902 0.999992 -0.00323766 0.00371142 0.00322834 0.999988 -0.00412063 -0.0207808 -0.0855399
FixedParameters: 0 0 0

#Transform 91
Transform: AffineTransform_float_3_3
Parameters: 0.999989 -0.00292281 -0.00370013 0.00290919 0.999989 -0.00373181 0.00371087 0.0037212 0.999986 0.0132545 0.0692286 -0.106737
FixedParameters: 0 0 0

#Transform 92
Transform: AffineTransform_float_3_3
Parameters: 0.999988 -0.00261139 -0.00408711 0.00259961 0.999992 -0.00303466 0.00409489 0.00302334 0.999987 -0.00322462 -0.0410368 -0.100559
FixedParameters: 0 0 0

#Transform 93
Transform: AffineTransform_float_3_3
Parameters: 0.999989 -0.00261449 -0.0037001 0.00259951 0.999988 -0.00418566 0.0037109 0.00417534 0.999985 -0.00414597 0.0482593 -0.125446
FixedParameters: 0 0 0

#Transform 94
Transform: AffineTransform_float_3_3
Parameters: 0.999989 -0.0026124 -0.00370158 0.0025996 0.99999 -0.00362066 0.00371142 0.00361134 0.999986 -0.0353574 -0.0421365 -0.113049
FixedParameters: 0 0 0

#Transform 95
Transform: AffineTransform_float_3_3
Parameters: 0.999989 -0.00261195 -0.0037019 0.00259905 0.999991 -0.00349766 0.0037111 0.00348834 0.999987 -0.0161418 0.0237363 -0.150916
FixedParameters: 0 0 0

#Transform 96
Transform: AffineTransform_float_3_3
Parameters: 0.99999 -0.00254523 -0.00349841 0.00253177 0.999989 -0.00378189 0.00350759 0.00377311 0.999986 -0.0267752 -0.0357316 -0.171056
FixedParameters: 0 0 0

#Transform 97
Transform: AffineTransform_float_3_3
Parameters: 0.999992 -0.00261114 -0.00323725 0.00259886 0.999989 -0.00374844 0.00324675 0.00373955 0.999987 -0.0467853 0.0134442 -0.0922859
FixedParameters: 0 0 0

#Transform 98
Transform: AffineTransform_float_3_3
Parameters: 0.99999 -0.00261195 -0.00345424 0.00259904 0.999989 -0.00374901 0.00346476 0.00373998 0.999987 -0.00492943 -0.0330809 -0.182958
FixedParameters: 0 0 0

#Transform 99
Transform: AffineTransform_float_3_3
Parameters: 0.99999 -0.00251067 -0.00349565 0.00249933 0.999992 -0.00333977 0.00350436 0.00333123 0.999989 -0.0215974 -0.0391121 -0.113953
FixedParameters: 0 0 0

#Transform 100
Transform: AffineTransform_float_3_3
Parameters: 0.99999 -0.0024985 -0.00370126 0.0024845 0.999989 -0.00391624 0.00371075 0.00390677 0.999986 -0.0144342 0.0182814 -0.148443
FixedParameters: 0 0 0

#Transform 101
Transform: AffineTransform_float_3_3
Parameters: 0.999991 -0.00249264 -0.00341581 0.00248036 0.99999 -0.00370051 0.00342519 0.0036925 0.999988 -0.0318599 -0.0537664 -0.173151
FixedParameters: 0 0 0

#Transform 102
Transform: AffineTransform_float_3_3
Parameters: 0.999991 -0.00260046 -0.00355392 0.00258754 0.999991 -0.00350523 0.00356308 0.00349577 0.999987 -0.0139958 0.00787627 -0.151533
FixedParameters: 0 0 0

#Transform 103
Transform: AffineTransform_float_3_3
Parameters: 0.99999 -0.00289634 -0.0034475 0.00288566 0.999991 -0.00328998 0.0034565 0.00328002 0.999988 -0.0292648 -0.0609113 -0.123816
FixedParameters: 0 0 0

#Transform 104
Transform: AffineTransform_float_3_3
Parameters: 0.99999 -0.00249248 -0.0037023 0.00247853 0.99999 -0.00390822 0.00371171 0.00389979 0.999986 -0.019682 0.0170824 -0.19107
FixedParameters: 0 0 0

#Transform 105
Transform: AffineTransform_float_3_3
Parameters: 0.999989 -0.00268252 -0.00381352 0.00266847 0.99999 -0.00354722 0.00382348 0.00353678 0.999987 -0.0253335 -0.0716831 -0.144
FixedParameters: 0 0 0

#Transform 106
Transform: AffineTransform_float_3_3
Parameters: 0.99999 -0.00290224 -0.00336448 0.00288977 0.999989 -0.00363576 0.00337451 0.00362624 0.999987 -0.0198211 0.0198571 -0.148455
FixedParameters: 0 0 0

#Transform 107
Transform: AffineTransform_float_3_3
Parameters: 0.999991 -0.00275486 -0.00322876 0.00274413 0.99999 -0.00336489 0.00323824 0.00335611 0.999989 -0.0134433 -0.0671564 -0.202298
FixedParameters: 0 0 0

#Transform 108
Transform: AffineTransform_float_3_3
Parameters: 0.999991 -0.00278978 -0.00336928 0.00277821 0.99999 -0.00349739 0.00337973 0.00348761 0.999988 0.00417796 0.0212554 -0.111146
FixedParameters: 0 0 0

#Transform 109
Transform: AffineTransform_float_3_3
Parameters: 0.999991 -0.00248993 -0.00322883 0.00247807 0.99999 -0.00369403 0.00323816 0.00368597 0.999988 -0.0141766 -0.0373458 -0.195967
FixedParameters: 0 0 0

#Transform 110
Transform: AffineTransform_float_3_3
Parameters: 0.99999 -0.00280794 -0.00363481 0.00279606 0.99999 -0.0032862 0.00364419 0.0032758 0.999988 -0.00808664 -0.0149169 -0.134064
FixedParameters: 0 0 0

#Transform 111
Transform: AffineTransform_float_3_3
Parameters: 0.999992 -0.0024907 -0.00333155 0.0024783 0.999989 -0.00381029 0.00334146 0.00380171 0.999987 -0.0206936 -0.0275658 -0.218179
FixedParameters: 0 0 0

#Transform 112
Transform: AffineTransform_float_3_3
Parameters: 0.99999 -0.00292774 -0.00344506 0.00291626 0.99999 -0.00340808 0.00345494 0.00339792 0.999989 -0.000751233 -0.0551028 -0.142406
FixedParameters: 0 0 0

#Transform 113
Transform: AffineTransform_float_3_3
Parameters: 0.99999 -0.00298123 -0.00337235 0.00296777 0.999988 -0.00392105 0.00338365 0.00391095 0.999986 0.00121993 -0.0425734 -0.257223
FixedParameters: 0 0 0

#Transform 114
Transform: AffineTransform_float_3_3
Parameters: 0.99999 -0.00308358 -0.00345648 0.00307342 0.999992 -0.00277365 0.00346552 0.00276335 0.99999 0.00988635 -0.0629702 -0.177386
FixedParameters: 0 0 0

#Transform 115
Transform: AffineTransform_float_3_3
Parameters: 0.999991 -0.00267194 -0.00322815 0.00266005 0.999989 -0.00369962 0.00323885 0.00369038 0.999988 -0.0378285 -0.0086043 -0.222482
FixedParameters: 0 0 0

#Transform 116
Transform: AffineTransform_float_3_3
Parameters: 0.999991 -0.00293832 -0.00322864 0.00292768 0.99999 -0.00319548 0.00323836 0.00318551 0.999989 -0.0362308 -0.0796067 -0.127283
FixedParameters: 0 0 0

#Transform 117
Transform: AffineTransform_float_3_3
Parameters: 0.999992 -0.00264141 -0.00322707 0.00262858 0.999988 -0.00415352 0.00323893 0.00414448 0.999986 -0.0454694 -0.00377263 -0.211357
FixedParameters: 0 0 0

#Transform 118
Transform: AffineTransform_float_3_3
Parameters: 0.999993 -0.00247961 -0.00303976 0.0024664 0.999989 -0.00414253 0.00305024 0.00413547 0.999987 -0.101607 -0.0863692 -0.171337
FixedParameters: 0 0 0

#Transform 119
Transform: AffineTransform_float_3_3
Parameters: 0.999993 -0.00210341 -0.00304446 0.00209059 0.999989 -0.00407439 0.00305354 0.0040686 0.999987 -0.104151 -0.0280235 -0.176863
FixedParameters: 0 0 0

#Transform 120
Transform: AffineTransform_float_3_3
Parameters: 0.999993 -0.00195325 -0.00299103 0.00194074 0.999989 -0.00409483 0.00299897 0.00408917 0.999987 -0.141864 -0.106662 -0.223185
FixedParameters: 0 0 0

#Transform 121
Transform: AffineTransform_float_3_3
Parameters: 0.999993 -0.00243755 -0.00288713 0.00242746 0.999991 -0.00365004 0.00289587 0.00364397 0.999989 -0.105694 -0.0219684 -0.193138
FixedParameters: 0 0 0

#Transform 122
Transform: AffineTransform_float_3_3
Parameters: 0.999992 -0.00232122 -0.00321149 0.00230779 0.999989 -0.00411244 0.00322051 0.00410556 0.999987 -0.120774 -0.112844 -0.261634
FixedParameters: 0 0 0

#Transform 123
Transform: AffineTransform_float_3_3
Parameters: 0.999992 -0.00242552 -0.00315441 0.00241248 0.999989 -0.00396764 0.00316459 0.00395936 0.999987 -0.091663 -0.0729937 -0.18492
FixedParameters: 0 0 0

#Transform 124
Transform: AffineTransform_float_3_3
Parameters: 0.999993 -0.00220729 -0.00304541 0.00219371 0.999988 -0.00436071 0.00305559 0.00435429 0.999986 -0.113502 -0.0805932 -0.312876
FixedParameters: 0 0 0

#Transform 125
Transform: AffineTransform_float_3_3
Parameters: 0.999993 -0.00232911 -0.00316011 0.00231689 0.99999 -0.00382935 0.00316889 0.00382265 0.999987 -0.120845 -0.119961 -0.212392
FixedParameters: 0 0 0

#Transform 126
Transform: AffineTransform_float_3_3
Parameters: 0.999994 -0.00212175 -0.0029897 0.00210925 0.99999 -0.00392833 0.0029983 0.00392166 0.999988 -0.137211 -0.0270117 -0.209254
FixedParameters: 0 0 0

#Transform 127
Transform: AffineTransform_float_3_3
Parameters: 0.999994 -0.00228699 -0.00258231 0.00227601 0.999989 -0.0042519 0.00259169 0.0042461 0.999987 -0.158348 -0.112727 -0.238572
FixedParameters: 0 0 0

#Transform 128
Transform: AffineTransform_float_3_3
Parameters: 0.999994 -0.00232356 -0.00258254 0.00231244 0.999989 -0.004086 0.00259146 0.00408 0.999989 -0.139134 -0.0734897 -0.206577
FixedParameters: 0 0 0

#Transform 129
Transform: AffineTransform_float_3_3
Parameters: 0.999992 -0.0025203 -0.00314819 0.0025087 0.999989 -0.00390493 0.00315781 0.00389708 0.999988 -0.173703 -0.128285 -0.2755
FixedParameters: 0 0 0

#Transform 130
Transform: AffineTransform_float_3_3
Parameters: 0.999993 -0.00242146 -0.00258316 0.00241154 0.999991 -0.00365925 0.00259183 0.00365275 0.99999 -0.171497 -0.0764921 -0.209609
FixedParameters: 0 0 0

#Transform 131
Transform: AffineTransform_float_3_3
Parameters: 0.999994 -0.00187042 -0.00268408 0.00185958 0.999989 -0.00425002 0.00269192 0.00424499 0.999988 -0.238871 -0.127639 -0.271067
FixedParameters: 0 0 0

#Transform 132
Transform: AffineTransform_float_3_3
Parameters: 0.999993 -0.00228474 -0.00275495 0.00227426 0.999991 -0.00353329 0.00276304 0.00352671 0.99999 -0.194947 -0.0964983 -0.204265
FixedParameters: 0 0 0

#Transform 133
Transform: AffineTransform_float_3_3
Parameters: 0.999995 -0.0022577 -0.00249526 0.00224729 0.99999 -0.00388463 0.00250475 0.00387937 0.99999 -0.187678 -0.0901139 -0.329558
FixedParameters: 0 0 0

#Transform 134
Transform: AffineTransform_float_3_3
Parameters: 0.999994 -0.00227983 -0.00284896 0.00227117 0.999992 -0.00309849 0.00285604 0.00309151 0.999991 -0.163675 -0.10908 -0.164423
FixedParameters: 0 0 0

#Transform 135
Transform: AffineTransform_float_3_3
Parameters: 0.999992 -0.00269442 -0.00291039 0.00268358 0.99999 -0.00357784 0.00292061 0.00357016 0.99999 -0.164793 -0.05016 -0.280892
FixedParameters: 0 0 0

#Transform 136
Transform: AffineTransform_float_3_3
Parameters: 0.999993 -0.00237581 -0.00268724 0.00236719 0.999992 -0.00327638 0.00269576 0.00326962 0.999991 -0.168423 -0.13765 -0.194767
FixedParameters: 0 0 0

#Transform 137
Transform: AffineTransform_float_3_3
Parameters: 0.999994 -0.0025006 -0.00262088 0.0024914 0.99999 -0.00365955 0.00263013 0.00365245 0.99999 -0.153335 -0.0931528 -0.286194
FixedParameters: 0 0 0

#Transform 138
Transform: AffineTransform_float_3_3
Parameters: 0.999994 -0.00228091 -0.00259031 0.00227109 0.99999 -0.00382291 0.00259969 0.00381609 0.99999 -0.127971 -0.151688 -0.292443
FixedParameters: 0 0 0

#Transform 139
Transform: AffineTransform_float_3_3
Parameters: 0.999994 -0.00244228 -0.00269462 0.00243372 0.999991 -0.00344158 0.00270338 0.00343442 0.999991 -0.130911 -0.0857444 -0.178139
FixedParameters: 0 0 0

#Transform 140
Transform: AffineTransform_float_3_3
Parameters: 0.999993 -0.00260513 -0.0027564 0.00259588 0.999991 -0.00330918 0.00276459 0.00330182 0.99999 -0.152061 -0.144325 -0.208241
FixedParameters: 0 0 0

#Transform 141
Transform: AffineTransform_float_3_3
Parameters: 0.999992 -0.00272862 -0.00267924 0.00271838 0.99999 -0.00358731 0.00268976 0.00357969 0.99999 -0.119614 -0.0947102 -0.199776
FixedParameters: 0 0 0

#Transform 142
Transform: AffineTransform_float_3_3
Parameters: 0.999992 -0.00275016 -0.00284722 0.00273984 0.99999 -0.00356483 0.00285777 0.00355717 0.999989 -0.119604 -0.119847 -0.285601
FixedParameters: 0 0 0

#Transform 143
Transform: AffineTransform_float_3_3
Parameters: 0.999991 -0.00284592 -0.00293244 0.00283508 0.999989 -0.00372134 0.00294256 0.00371366 0.999989 -0.112673 -0.132676 -0.199357
FixedParameters: 0 0 0

#Transform 144
Transform: AffineTransform_float_3_3
Parameters: 0.999993 -0.00259178 -0.00294843 0.00258222 0.999991 -0.00331564 0.00295757 0.00330736 0.99999 -0.130197 -0.078934 -0.268316
FixedParameters: 0 0 0

#Transform 145
Transform: AffineTransform_float_3_3
Parameters: 0.999993 -0.00242614 -0.0028845 0.00241586 0.999991 -0.00351499 0.0028925 0.00350801 0.999989 -0.134718 -0.150262 -0.212121
FixedParameters: 0 0 0

#Transform 146
Transform: AffineTransform_float_3_3
Parameters: 0.999992 -0.002458 -0.00296008 0.00244599 0.999989 -0.00405127 0.00297092 0.00404373 0.999988 -0.128957 -0.0735903 -0.311898
FixedParameters: 0 0 0

#Transform 147
Transform: AffineTransform_float_3_3
Parameters: 0.999992 -0.00276354 -0.0028709 0.00275247 0.99999 -0.00366693 0.0028811 0.00365907 0.999989 -0.13492 -0.181044 -0.240722
FixedParameters: 0 0 0

#Transform 148
Transform: AffineTransform_float_3_3
Parameters: 0.999991 -0.00282543 -0.0029511 0.00281357 0.999988 -0.00387033 0.0029619 0.00386266 0.999988 -0.110523 -0.123181 -0.298119
FixedParameters: 0 0 0

#Transform 149
Transform: AffineTransform_float_3_3
Parameters: 0.999993 -0.00278469 -0.00277732 0.00277431 0.99999 -0.00348673 0.00278668 0.00347827 0.99999 -0.132437 -0.156581 -0.204436
FixedParameters: 0 0 0

#Transform 150
Transform: AffineTransform_float_3_3
Parameters: 0.999992 -0.00291362 -0.00293751 0.00290238 0.99999 -0.00361256 0.00294849 0.00360444 0.999989 -0.103333 -0.132946 -0.31811
FixedParameters: 0 0 0

#Transform 151
Transform: AffineTransform_float_3_3
Parameters: 0.999992 -0.00293094 -0.00289096 0.00292106 0.99999 -0.00343547 0.00290104 0.00342653 0.99999 -0.0975651 -0.173609 -0.245591
FixedParameters: 0 0 0

#Transform 152
Transform: AffineTransform_float_3_3
Parameters: 0.999992 -0.00283785 -0.00306908 0.00282615 0.999988 -0.00385971 0.00307992 0.00385129 0.999988 -0.0938099 -0.128301 -0.330367
FixedParameters: 0 0 0

#Transform 153
Transform: AffineTransform_float_3_3
Parameters: 0.999992 -0.00283162 -0.00307024 0.00282038 0.99999 -0.00345969 0.00307976 0.00345031 0.99999 -0.106796 -0.176288 -0.220957
FixedParameters: 0 0 0

#Transform 154
Transform: AffineTransform_float_3_3
Parameters: 0.99999 -0.003282 -0.00306921 0.00326999 0.999987 -0.00390807 0.00308278 0.00389792 0.999987 -0.107488 -0.0846165 -0.301257
FixedParameters: 0 0 0

#Transform 155
Transform: AffineTransform_float_3_3
Parameters: 0.999992 -0.00258842 -0.0032387 0.00257759 0.999991 -0.00321637 0.0032463 0.00320762 0.999989 -0.111577 -0.172319 -0.217122
FixedParameters: 0 0 0

#Transform 156
Transform: AffineTransform_float_3_3
Parameters: 0.999992 -0.00302334 -0.00286815 0.00301367 0.999989 -0.00360068 0.00287886 0.00359233 0.99999 -0.116016 -0.0908913 -0.244849
FixedParameters: 0 0 0

#Transform 157
Transform: AffineTransform_float_3_3
Parameters: 0.999992 -0.00290585 -0.00281386 0.00289615 0.999989 -0.00349818 0.00282414 0.00349082 0.99999 -0.145709 -0.136648 -0.216995
FixedParameters: 0 0 0

#Transform 158
Transform: AffineTransform_float_3_3
Parameters: 0.999991 -0.00292169 -0.00287821 0.00291331 0.999991 -0.00301741 0.00288679 0.00300959 0.999992 -0.149734 -0.0765909 -0.135931
FixedParameters: 0 0 0

#Transform 159
Transform: AffineTransform_float_3_3
Parameters: 0.999992 -0.00275826 -0.00266043 0.00274873 0.99999 -0.00348034 0.00266957 0.00347266 0.999991 -0.16091 -0.0842329 -0.207651
FixedParameters: 0 0 0

#Transform 160
Transform: AffineTransform_float_3_3
Parameters: 0.999992 -0.00283975 -0.00256133 0.00283025 0.99999 -0.00341327 0.00257067 0.00340673 0.999991 -0.169899 -0.107558 -0.114896
FixedParameters: 0 0 0

#Transform 161
Transform: AffineTransform_float_3_3
Parameters: 0.999991 -0.00288434 -0.00290477 0.00287365 0.999989 -0.00355838 0.00291523 0.00354962 0.99999 -0.157093 -0.0893577 -0.222813
FixedParameters: 0 0 0

#Transform 162
Transform: AffineTransform_float_3_3
Parameters: 0.999993 -0.0029368 -0.00260813 0.0029282 0.99999 -0.00336966 0.00261887 0.00336233 0.999991 -0.15172 -0.06597 -0.131017
FixedParameters: 0 0 0

#Transform 163
Transform: AffineTransform_float_3_3
Parameters: 0.999993 -0.00282445 -0.00243423 0.00281554 0.99999 -0.00346888 0.00244477 0.00346212 0.999991 -0.160368 -0.0877879 -0.225349
FixedParameters: 0 0 0

#Transform 164
Transform: AffineTransform_float_3_3
Parameters: 0.999992 -0.00310741 -0.00246369 0.00309959 0.99999 -0.00300466 0.00247331 0.00299734 0.999992 -0.177823 -0.117802 -0.182266
FixedParameters: 0 0 0

#Transform 165
Transform: AffineTransform_float_3_3
Parameters: 0.999992 -0.0030788 -0.00247008 0.00306921 0.999989 -0.00355661 0.00248092 0.00354939 0.99999 -0.193118 -0.0504864 -0.176441
FixedParameters: 0 0 0

#Transform 166
Transform: AffineTransform_float_3_3
Parameters: 0.999993 -0.00282889 -0.00220948 0.00282311 0.999993 -0.00266226 0.00221752 0.00265675 0.999994 -0.224246 -0.125922 -0.178264
FixedParameters: 0 0 0

#Transform 167
Transform: AffineTransform_float_3_3
Parameters: 0.999993 -0.00281816 -0.00238741 0.00280985 0.99999 -0.00341273 0.0023966 0.00340627 0.999992 -0.203923 -0.0283274 -0.121702
FixedParameters: 0 0 0

#Transform 168
Transform: AffineTransform_float_3_3
Parameters: 0.999993 -0.00289374 -0.00241556 0.00288526 0.99999 -0.00361499 0.00242543 0.00360801 0.99999 -0.197359 -0.120347 -0.212721
FixedParameters: 0 0 0

#Transform 169
Transform: AffineTransform_float_3_3
Parameters: 0.999993 -0.00287318 -0.00242534 0.00286482 0.99999 -0.00336997 0.00243566 0.00336303 0.999992 -0.187586 -0.0770794 -0.122771
FixedParameters: 0 0 0

#Transform 170
Transform: AffineTransform_float_3_3
Parameters: 0.999992 -0.00303339 -0.0026996 0.00302461 0.999991 -0.00310619 0.0027094 0.00309781 0.999992 -0.186945 -0.0716789 -0.158062
FixedParameters: 0 0 0

#Transform 171
Transform: AffineTransform_float_3_3
Parameters: 0.999992 -0.003006 -0.00264908 0.002999 0.999992 -0.00264097 0.00265692 0.00263303 0.999993 -0.163779 -0.0236756 -0.0586219
FixedParameters: 0 0 0

#Transform 172
Transform: AffineTransform_float_3_3
Parameters: 0.999991 -0.00300896 -0.00278829 0.00299904 0.999989 -0.00356839 0.0027997 0.00355961 0.999989 -0.16304 -0.0659423 -0.174384
FixedParameters: 0 0 0

#Transform 173
Transform: AffineTransform_float_3_3
Parameters: 0.999992 -0.00294417 -0.00279346 0.00293683 0.999993 -0.00256623 0.00280053 0.00255878 0.999993 -0.154644 -0.0846108 -0.0965901
FixedParameters: 0 0 0

#Transform 174
Transform: AffineTransform_float_3_3
Parameters: 0.999992 -0.00282575 -0.00258538 0.00281625 0.999989 -0.00376731 0.00259562 0.00376069 0.999989 -0.155722 -0.0360093 -0.192026
FixedParameters: 0 0 0

#Transform 175
Transform: AffineTransform_float_3_3
Parameters: 0.999993 -0.00284921 -0.00265722 0.00284079 0.999991 -0.00308957 0.00266578 0.00308143 0.999991 -0.152543 -0.111089 -0.108029
FixedParameters: 0 0 0

#Transform 176
Transform: AffineTransform_float_3_3
Parameters: 0.999991 -0.00333696 -0.00271001 0.00332804 0.999989 -0.00330305 0.00272099 0.00329395 0.999991 -0.130813 -0.0276251 -0.146451
FixedParameters: 0 0 0

#Transform 177
Transform: AffineTransform_float_3_3
Parameters: 0.999991 -0.00300046 -0.00296847 0.00298954 0.99999 -0.00352191 0.00297854 0.0035131 0.99999 -0.133145 -0.0696471 -0.152882
FixedParameters: 0 0 0

#Transform 178
Transform: AffineTransform_float_3_3
Parameters: 0.99999 -0.00331711 -0.00302193 0.00330689 0.999989 -0.00334603 0.00303206 0.00333598 0.99999 -0.121054 -0.00314627 -0.0584413
FixedParameters: 0 0 0

#Transform 179
Transform: AffineTransform_float_3_3
Parameters: 0.999992 -0.0030868 -0.0026307 0.00307819 0.999989 -0.00334412 0.0026413 0.00333587 0.999991 -0.12304 -0.0362915 -0.118108
FixedParameters: 0 0 0

#Transform 180
Transform: AffineTransform_float_3_3
Parameters: 0.999991 -0.00330544 -0.00290442 0.00329756 0.999991 -0.00290561 0.00291358 0.0028954 0.999991 -0.132801 -0.0279307 -0.0333892
FixedParameters: 0 0 0

#Transform 181
Transform: AffineTransform_float_3_3
Parameters: 0.999991 -0.0029537 -0.00300854 0.0029433 0.99999 -0.00355389 0.00301947 0.00354511 0.999989 -0.132256 0.00259894 -0.131373
FixedParameters: 0 0 0

#Transform 182
Transform: AffineTransform_float_3_3
Parameters: 0.999992 -0.00274024 -0.0031431 0.00272976 0.999991 -0.00325661 0.0031519 0.00324839 0.99999 -0.135 -0.0213842 0.0152532
FixedParameters: 0 0 0

#Transform 183
Transform: AffineTransform_float_3_3
Parameters: 0.99999 -0.00289282 -0.00347495 0.00287118 0.999976 -0.00626804 0.00349305 0.00625796 0.999975 -0.159305 -0.131865 -0.442908
FixedParameters: 0 0 0

#Transform 184
Transform: AffineTransform_float_3_3
Parameters: 0.999988 -0.00330467 -0.00362798 0.00328633 0.999983 -0.00486498 0.00364401 0.00485301 0.999981 -0.0977742 -0.174195 -0.253499
FixedParameters: 0 0 0

#Transform 185
Transform: AffineTransform_float_3_3
Parameters: 0.999987 -0.00340968 -0.00374708 0.00339032 0.999982 -0.00498076 0.00376391 0.00496823 0.99998 -0.127849 -0.167759 -0.184002
FixedParameters: 0 0 0

#Transform 186
Transform: AffineTransform_float_3_3
Parameters: 0.999966 -0.00626979 -0.00545706 0.00625421 0.999976 -0.00272322 0.00547395 0.00268877 0.999982 0.083929 -0.313426 -0.00712742
FixedParameters: 0 0 0

#Transform 187
Transform: AffineTransform_float_3_3
Parameters: 0.999977 -0.00409528 -0.00526813 0.00406672 0.999978 -0.00536854 0.00528986 0.00534646 0.999971 -0.0372551 -0.00240195 -0.0204901
FixedParameters: 0 0 0

#Transform 188
Transform: AffineTransform_float_3_3
