#Insight Transform File V1.0
#Transform 0
Transform: AffineTransform_float_3_3
Parameters: 0.999999 9.20732e-07 -0.000765999 -7.9267e-08 1 0.001202 0.000766 -0.001202 0.999999 0.00110515 -0.14841 0.0479316
FixedParameters: 0 0 0

#Transform 1
Transform: AffineTransform_float_3_3
Parameters: 0.999999 4.56918e-07 -0.000903 4.56918e-07 1 0.000506 0.000903 -0.000506 1 0.00841366 -0.120306 -0.0519514
FixedParameters: 0 0 0

#Transform 2
Transform: AffineTransform_float_3_3
Parameters: 1 5.39104e-05 -0.00049501 -5.40896e-05 1 -0.000180973 0.00049499 0.000181027 1 -0.0140329 -0.010774 -0.0637885
FixedParameters: 0 0 0

#Transform 3
Transform: AffineTransform_float_3_3
Parameters: 0.999999 7.92068e-05 -0.000768978 -7.97931e-05 1 0.000269061 0.000769021 -0.000268939 0.999999 0.0150763 -0.104658 -0.094047
FixedParameters: 0 0 0

#Transform 4
Transform: AffineTransform_float_3_3
Parameters: 1 6.845e-08 -0.00037 6.845e-08 1 0.000185 0.00037 -0.000185 1 -0.00273425 -0.0856754 -0.0980693
FixedParameters: 0 0 0

#Transform 5
Transform: AffineTransform_float_3_3
Parameters: 1 5.71953e-05 -0.000464976 -5.68047e-05 1 0.000420026 0.000465024 -0.000419973 1 0.00198297 -0.0980902 -0.0631618
FixedParameters: 0 0 0

#Transform 6
Transform: AffineTransform_float_3_3
Parameters: 1 1.05135e-07 -0.000489 1.05135e-07 1 0.000215 0.000489 -0.000215 1 0.00802338 -0.112579 -0.0693682
FixedParameters: 0 0 0

#Transform 7
Transform: AffineTransform_float_3_3
Parameters: 1 -2.3961e-08 -0.000489 -2.3961e-08 1 -4.9e-05 0.000489 4.9e-05 1 0.00452819 -0.0176593 -0.0710311
FixedParameters: 0 0 0

#Transform 8
Transform: AffineTransform_float_3_3
Parameters: 1 4.61947e-07 -0.000592999 4.61947e-07 0.999999 0.000778999 0.000592999 -0.000778999 0.999999 0.0129124 -0.110584 -0.0339705
FixedParameters: 0 0 0

#Transform 9
Transform: AffineTransform_float_3_3
Parameters: 1 7.5285e-08 -0.000239 7.5285e-08 1 0.000315 0.000239 -0.000315 1 -0.00430565 -0.0663141 -0.0480029
FixedParameters: 0 0 0

#Transform 10
Transform: AffineTransform_float_3_3
Parameters: 1 2.72373e-07 -0.000489 2.72373e-07 1 0.000557 0.000489 -0.000557 0.999999 0.0197866 -0.0455112 0.0201843
FixedParameters: 0 0 0

#Transform 11
Transform: AffineTransform_float_3_3
Parameters: 0.999999 5.06954e-07 -0.000739 -4.93045e-07 1 0.000686001 0.000739001 -0.000686 1 0.0268786 -0.0990046 -0.00478928
FixedParameters: 0 0 0

#Transform 12
Transform: AffineTransform_float_3_3
Parameters: 0.999999 4.48573e-07 -0.000738999 4.48573e-07 1 0.000606999 0.000738999 -0.000606999 0.999999 0.0244841 -0.036196 0.0108026
FixedParameters: 0 0 0

#Transform 13
Transform: AffineTransform_float_3_3
Parameters: 0.999999 3.70175e-07 -0.000870999 3.70175e-07 1 0.000425 0.000870999 -0.000425 0.999999 0.0422181 -0.0782361 -0.0167668
FixedParameters: 0 0 0

#Transform 14
Transform: AffineTransform_float_3_3
Parameters: 1 7.1394e-08 -0.000489 7.1394e-08 1 0.000146 0.000489 -0.000146 1 0.00861017 -0.0553539 -0.0280381
FixedParameters: 0 0 0

#Transform 15
Transform: AffineTransform_float_3_3
Parameters: 1 1.30609e-07 -0.000619 1.30609e-07 1 0.000211 0.000619 -0.000211 1 0.0288978 -0.0127938 -0.0269041
FixedParameters: 0 0 0

#Transform 16
Transform: AffineTransform_float_3_3
Parameters: 1 2.36676e-07 -0.000489 2.36676e-07 1 0.000484 0.000489 -0.000484 1 0.0220482 -0.10538 -0.0220563
FixedParameters: 0 0 0

#Transform 17
Transform: AffineTransform_float_3_3
Parameters: 0.999999 3.40679e-07 -0.000738999 3.40679e-07 1 0.000461 0.000738999 -0.000461 0.999999 0.0284119 -0.0371583 -0.02284
FixedParameters: 0 0 0

#Transform 18
Transform: AffineTransform_float_3_3
Parameters: 1 1.06288e-07 -0.000364 1.06288e-07 1 0.000292 0.000364 -0.000292 1 0.00737515 -0.0658376 4.61825e-05
FixedParameters: 0 0 0

#Transform 19
Transform: AffineTransform_float_3_3
Parameters: 1 3.9188e-08 -0.000101 3.9188e-08 1 0.000388 0.000101 -0.000388 1 0.0014996 -0.0819529 -0.0246165
FixedParameters: 0 0 0

#Transform 20
Transform: AffineTransform_float_3_3
Parameters: 1 -1.70661e-07 -0.000489 -1.70661e-07 1 -0.000349 0.000489 0.000349 1 0.0220487 0.028677 -0.0229946
FixedParameters: 0 0 0

#Transform 21
Transform: AffineTransform_float_3_3
Parameters: 1 -3.5696e-08 9.2e-05 -3.5696e-08 1 0.000388 -9.2e-05 -0.000388 1 -0.00870667 -0.0815169 -0.027139
FixedParameters: 0 0 0

#Transform 22
Transform: AffineTransform_float_3_3
Parameters: 1 -2.63835e-07 0.000195 -2.63835e-07 0.999999 0.001353 -0.000195 -0.001353 0.999999 -0.014135 -0.134175 0.0156704
FixedParameters: 0 0 0

#Transform 23
Transform: AffineTransform_float_3_3
Parameters: 1 2.632e-08 -5.6e-05 2.632e-08 1 0.00047 5.6e-05 -0.00047 1 -0.00084383 -0.0305981 -0.0135593
FixedParameters: 0 0 0

#Transform 24
Transform: AffineTransform_float_3_3
Parameters: 1 -1.269e-07 0.00027 -1.269e-07 1 0.00047 -0.00027 -0.00047 1 -0.0181015 -0.0792528 -0.0343455
FixedParameters: 0 0 0

#Transform 25
Transform: AffineTransform_float_3_3
Parameters: 1 -0.000261995 6.9017e-05 0.000262004 1 -6.49819e-05 -6.8983e-05 6.50181e-05 1 -0.0028385 -0.0149805 -0.0439095
FixedParameters: 0 0 0

#Transform 26
Transform: AffineTransform_float_3_3
Parameters: 1 -0.000203043 0.000212959 0.000202957 1 0.000203043 -0.000213041 -0.000202957 1 -0.0115371 -0.0436451 -0.00808195
FixedParameters: 0 0 0

#Transform 27
Transform: AffineTransform_float_3_3
Parameters: 1 -7.9032e-08 0.000267 -7.9032e-08 1 0.000296 -0.000267 -0.000296 1 -0.0105703 -0.071453 -0.00630845
FixedParameters: 0 0 0

#Transform 28
Transform: AffineTransform_float_3_3
Parameters: 1 -2.506e-09 -1.4e-05 -2.506e-09 1 -0.000179 1.4e-05 0.000179 1 -0.00306744 0.0237516 -0.0150107
FixedParameters: 0 0 0

#Transform 29
Transform: AffineTransform_float_3_3
Parameters: 1 -0.000117312 0.000287873 0.000116688 1 0.00108203 -0.000288127 -0.00108197 1 -0.0169853 -0.0946077 0.00732342
FixedParameters: 0 0 0

#Transform 30
Transform: AffineTransform_float_3_3
Parameters: 1 -7.917e-08 0.00039 -7.917e-08 1 0.000203 -0.00039 -0.000203 1 -0.0244682 -0.0479997 -0.00796298
FixedParameters: 0 0 0

#Transform 31
Transform: AffineTransform_float_3_3
Parameters: 1 -1.39908e-07 0.000524 -1.39908e-07 1 0.000267 -0.000524 -0.000267 1 -0.0315244 0.0058775 0.0190356
FixedParameters: 0 0 0

#Transform 32
Transform: AffineTransform_float_3_3
Parameters: 1 -4.34967e-07 0.000586999 -4.34967e-07 0.999999 0.000740999 -0.000586999 -0.000740999 0.999999 -0.0348788 -0.0758435 0.0206889
FixedParameters: 0 0 0

#Transform 33
Transform: AffineTransform_float_3_3
Parameters: 1 -1.46608e-07 0.000308 -1.46608e-07 1 0.000476 -0.000308 -0.000476 1 -0.0232149 -0.0618225 -0.0200061
FixedParameters: 0 0 0

#Transform 34
Transform: AffineTransform_float_3_3
Parameters: 1 -3.276e-07 0.00063 -3.276e-07 1 0.00052 -0.00063 -0.00052 0.999999 -0.0371735 -0.00312926 0.0164487
FixedParameters: 0 0 0

#Transform 35
Transform: AffineTransform_float_3_3
Parameters: 1 -5.7288e-07 0.00056 4.27119e-07 1 0.001023 -0.000560001 -0.001023 1 -0.0334977 -0.0980728 0.0202815
FixedParameters: 0 0 0

#Transform 36
Transform: AffineTransform_float_3_3
Parameters: 1 -0.000237124 0.000214864 0.000236876 1 0.000575051 -0.000215136 -0.000574949 1 -0.0110903 -0.0251052 0.0170629
FixedParameters: 0 0 0

#Transform 37
Transform: AffineTransform_float_3_3
Parameters: 1 -9.24577e-07 0.000658999 7.5422e-08 0.999999 0.001403 -0.000659 -0.001403 0.999999 -0.0387122 -0.100851 0.0489384
FixedParameters: 0 0 0

#Transform 38
Transform: AffineTransform_float_3_3
Parameters: 0.999999 -0.000346277 0.000646851 0.000345723 1 0.000428224 -0.000647148 -0.000428776 0.999999 -0.0136185 -0.0801379 0.0103757
FixedParameters: 0 0 0

#Transform 39
Transform: AffineTransform_float_3_3
Parameters: 1 -0.000177047 0.000544984 0.000176953 1 8.70964e-05 -0.000545015 -8.69035e-05 1 -0.0117768 0.000334646 0.0401513
FixedParameters: 0 0 0

#Transform 40
Transform: AffineTransform_float_3_3
Parameters: 1 -0.000385188 0.000571873 0.000384812 1 0.00032922 -0.000572126 -0.00032878 1 0.000404595 -0.0649408 0.028268
FixedParameters: 0 0 0

#Transform 41
Transform: AffineTransform_float_3_3
Parameters: 1 -3.62648e-07 0.000572 -3.62648e-07 1 0.000634 -0.000572 -0.000634 0.999999 -0.0163248 -0.0750412 0.0207548
FixedParameters: 0 0 0

#Transform 42
Transform: AffineTransform_float_3_3
Parameters: 1 -0.000262094 0.000371934 0.000261906 1 0.000252097 -0.000372066 -0.000251902 1 -0.00114472 -0.0339501 0.0218482
FixedParameters: 0 0 0

#Transform 43
Transform: AffineTransform_float_3_3
Parameters: 1 -0.000366461 0.000571704 0.000366538 0.999999 0.000807209 -0.000572296 -0.00080679 0.999999 -0.00996592 -0.111923 0.0234108
FixedParameters: 0 0 0

#Transform 44
Transform: AffineTransform_float_3_3
Parameters: 1 -0.000229333 0.000571866 0.000228667 1 0.000582131 -0.000572133 -0.000581869 0.999999 -0.0122706 -0.0364146 0.0184741
FixedParameters: 0 0 0

#Transform 45
Transform: AffineTransform_float_3_3
Parameters: 1 -4.719e-07 0.000572 -4.719e-07 0.999999 0.000825 -0.000572 -0.000825 1 -0.0163159 -0.0904432 0.0432888
FixedParameters: 0 0 0

#Transform 46
Transform: AffineTransform_float_3_3
Parameters: 0.999999 -0.000305678 0.000821748 0.000304321 0.999999 0.00082525 -0.000822251 -0.000824749 1 -0.0179197 -0.0778435 0.0228668
FixedParameters: 0 0 0

#Transform 47
Transform: AffineTransform_float_3_3
Parameters: 1 -0.000403389 0.000516696 0.000403611 0.999999 0.000754208 -0.000516304 -0.000753791 0.999999 -0.00637666 -0.0478709 0.0197834
FixedParameters: 0 0 0

#Transform 48
Transform: AffineTransform_float_3_3
Parameters: 0.999999 -6.78972e-07 0.000822 3.21027e-07 0.999999 0.000826001 -0.000822001 -0.000826 1 -0.025788 -0.0964105 0.00525246
FixedParameters: 0 0 0

#Transform 49
Transform: AffineTransform_float_3_3
Parameters: 1 -0.000162222 0.000571937 0.000161778 1 0.000388092 -0.000572063 -0.000387907 1 -0.0134629 -0.0304637 -0.0157869
FixedParameters: 0 0 0

#Transform 50
Transform: AffineTransform_float_3_3
Parameters: 0.999999 -0.000185679 0.000821847 0.000184321 0.999999 0.000826152 -0.000822152 -0.000825848 1 -0.0262872 -0.0664457 0.0181741
FixedParameters: 0 0 0

#Transform 51
Transform: AffineTransform_float_3_3
Parameters: 1 -3.84916e-07 0.000466 -3.84916e-07 0.999999 0.000825999 -0.000466 -0.000825999 0.999999 -0.0107476 -0.0964473 -0.0223528
FixedParameters: 0 0 0

#Transform 52
Transform: AffineTransform_float_3_3
Parameters: 1 -4.11268e-07 0.000572 -4.11268e-07 0.999999 0.000718999 -0.000572 -0.000718999 0.999999 -0.0163318 -0.0463612 0.00161377
FixedParameters: 0 0 0

#Transform 53
Transform: AffineTransform_float_3_3
Parameters: 0.999999 -9.59147e-07 0.000995999 4.0851e-08 0.999999 0.000963 -0.000996 -0.000962999 0.999999 -0.0388055 -0.0842356 0.0063136
FixedParameters: 0 0 0

#Transform 54
Transform: AffineTransform_float_3_3
Parameters: 1 -2.8028e-07 0.000572 -2.8028e-07 1 0.00049 -0.000572 -0.00049 0.999999 -0.0163723 -0.0916109 -0.0500809
FixedParameters: 0 0 0

#Transform 55
Transform: AffineTransform_float_3_3
Parameters: 1 3.8626e-08 0.000623 3.8626e-08 1 -6.2e-05 -0.000623 6.2e-05 1 -0.0190631 0.00016363 -0.0471913
FixedParameters: 0 0 0

#Transform 56
Transform: AffineTransform_float_3_3
Parameters: 1 -4.147e-07 0.000572 -4.147e-07 0.999999 0.000724999 -0.000572 -0.000724999 0.999999 -0.0163655 -0.0963762 -0.0434017
FixedParameters: 0 0 0

#Transform 57
Transform: AffineTransform_float_3_3
Parameters: 1 -2.65408e-07 0.000572 -2.65408e-07 1 0.000464 -0.000572 -0.000464 0.999999 -0.0163705 -0.0574786 -0.0520586
FixedParameters: 0 0 0

#Transform 58
Transform: AffineTransform_float_3_3
Parameters: 0.999999 -0.000421642 0.000829691 0.000423358 0.999998 -0.00163665 -0.000829308 0.00163735 0.999999 0.0700658 -0.00888439 -0.0216831
FixedParameters: 0 0 0

#Transform 59
Transform: AffineTransform_float_3_3
Parameters: 1 -0.000682289 -0.000869992 0.000680711 0.999998 -0.00148059 0.00087101 0.00148041 0.999999 0.128988 -0.0347315 -0.0618598
FixedParameters: 0 0 0

#Transform 60
Transform: AffineTransform_float_3_3
Parameters: 1 0.000201252 0.000201749 -0.000200748 0.999999 -0.00124804 -0.000202251 0.00124796 0.999999 -0.0474048 0.0535212 -0.0755788
FixedParameters: 0 0 0

#Transform 61
Transform: AffineTransform_float_3_3
Parameters: 1 -0.000218768 0.000313162 0.000219232 0.999999 -0.000740931 -0.000312838 0.000741068 0.999999 -0.0207421 0.0616231 -0.0969461
FixedParameters: 0 0 0

#Transform 62
Transform: AffineTransform_float_3_3
Parameters: 1 5.13709e-06 0.000312998 -4.8629e-06 1 -0.000438001 -0.000313002 0.000437998 1 -0.0246145 -0.00938108 -0.12178
FixedParameters: 0 0 0

#Transform 63
Transform: AffineTransform_float_3_3
Parameters: 1 -5.98814e-05 0.000313023 6.01186e-05 1 -0.000378981 -0.000312977 0.000379019 1 -0.0234868 0.0464333 -0.119499
FixedParameters: 0 0 0

#Transform 64
Transform: AffineTransform_float_3_3
Parameters: 1 -0.000104639 0.000573066 0.000104362 1 -0.00062994 -0.000573934 0.00063006 0.999999 -0.0365061 0.0650652 -0.100224
FixedParameters: 0 0 0

#Transform 65
Transform: AffineTransform_float_3_3
Parameters: 1 -7.79449e-05 0.000313014 7.80551e-05 1 -0.000175976 -0.000312986 0.000176024 1 -0.0124765 -0.00764841 -0.132225
FixedParameters: 0 0 0

#Transform 66
Transform: AffineTransform_float_3_3
Parameters: 1 1.11937e-05 0.000312993 -1.08062e-05 1 -0.000619003 -0.000313007 0.000618996 1 -0.0247623 0.0649299 -0.130066
FixedParameters: 0 0 0

#Transform 67
Transform: AffineTransform_float_3_3
Parameters: 1 2.30964e-05 0.000312993 -2.29036e-05 1 -0.000308007 -0.000313007 0.000307993 1 -0.0249104 0.0195605 -0.10762
FixedParameters: 0 0 0

#Transform 68
Transform: AffineTransform_float_3_3
Parameters: 1 5.72335e-05 0.000312957 -5.67665e-05 0.999999 -0.000746017 -0.000313042 0.000745982 0.999999 -0.0255263 0.0166258 -0.118069
FixedParameters: 0 0 0

#Transform 69
Transform: AffineTransform_float_3_3
Parameters: 1 -0.000408714 0.000313373 0.000409285 0.999999 -0.000911871 -0.000312627 0.000912127 0.999999 -0.000585417 0.0998147 -0.14176
FixedParameters: 0 0 0

#Transform 70
Transform: AffineTransform_float_3_3
Parameters: 1 -0.000220806 0.000313137 0.000220194 1 -0.000619931 -0.000312863 0.000620069 1 -0.00936843 0.013504 -0.12424
FixedParameters: 0 0 0

#Transform 71
Transform: AffineTransform_float_3_3
Parameters: 1 -0.000268661 0.000518176 0.000268339 1 -0.000653861 -0.000517824 0.000654139 0.999999 -0.0138078 0.0103836 -0.147253
FixedParameters: 0 0 0

#Transform 72
Transform: AffineTransform_float_3_3
Parameters: 1 -0.000169762 0.000313129 0.000170237 0.999999 -0.000758946 -0.000312871 0.000759053 0.999999 -0.0129475 0.0866645 -0.134446
FixedParameters: 0 0 0

#Transform 73
Transform: AffineTransform_float_3_3
Parameters: 1 -0.00023565 0.000585141 0.00023635 1 -0.000598861 -0.000584858 0.000598138 0.999999 -0.0179726 0.0169424 -0.120347
FixedParameters: 0 0 0

#Transform 74
Transform: AffineTransform_float_3_3
Parameters: 1 -0.00029752 0.000611233 0.00029848 0.999999 -0.000784817 -0.000611765 0.000785182 0.999999 -0.0182789 0.0351614 -0.118764
FixedParameters: 0 0 0

#Transform 75
Transform: AffineTransform_float_3_3
Parameters: 1 -0.000516692 0.000365435 0.000517307 0.999999 -0.00084181 -0.000364564 0.000842188 0.999999 -0.0112397 0.0832871 -0.119924
FixedParameters: 0 0 0

#Transform 76
Transform: AffineTransform_float_3_3
Parameters: 0.999999 -0.000516867 0.000715096 0.000517133 1 -0.00018563 -0.000714904 0.00018537 0.999999 -0.019973 -0.0133027 -0.13172
FixedParameters: 0 0 0

#Transform 77
Transform: AffineTransform_float_3_3
Parameters: 1 -0.000272703 0.000597136 0.000273298 1 -0.000497837 -0.000597864 0.000498163 0.999999 -0.0180032 0.0461194 -0.116356
FixedParameters: 0 0 0

#Transform 78
Transform: AffineTransform_float_3_3
Parameters: 0.999999 -0.000245728 0.000790084 0.000246272 1 -0.000343805 -0.000789915 0.000344194 0.999999 -0.0376977 0.0178534 -0.110788
FixedParameters: 0 0 0

#Transform 79
Transform: AffineTransform_float_3_3
Parameters: 1 -0.000282822 0.000962053 0.000282179 1 -0.000185729 -0.000961948 0.000185272 0.999999 -0.0393856 -0.0104166 -0.1367
FixedParameters: 0 0 0

#Transform 80
Transform: AffineTransform_float_3_3
Parameters: 0.999999 -0.00036061 0.000659213 0.00036139 1 -0.000590762 -0.000659786 0.000591238 0.999999 -0.0197632 0.0507228 -0.180168
FixedParameters: 0 0 0

#Transform 81
Transform: AffineTransform_float_3_3
Parameters: 0.999999 -0.000294812 0.000745074 0.000295188 1 -0.00025178 -0.000744925 0.00025222 0.999999 -0.0254426 -0.00686424 -0.158402
FixedParameters: 0 0 0

#Transform 82
Transform: AffineTransform_float_3_3
Parameters: 1 -0.000170997 0.000680001 0.000171003 1 -4.88372e-06 -0.000679999 5.11628e-06 1 -0.0220624 -0.0362515 -0.171928
FixedParameters: 0 0 0

#Transform 83
Transform: AffineTransform_float_3_3
Parameters: 1 -0.000284852 0.000581072 0.000284148 1 -0.000254835 -0.000581928 0.000254166 1 -0.0100924 0.0347262 -0.157188
FixedParameters: 0 0 0

#Transform 84
Transform: AffineTransform_float_3_3
Parameters: 1 -0.000265842 0.00052608 0.000266158 1 -0.00030086 -0.00052592 0.00030114 1 -0.0143316 -0.00284045 -0.138792
FixedParameters: 0 0 0

#Transform 85
Transform: AffineTransform_float_3_3
Parameters: 0.999999 -9.9868e-05 0.000737017 0.000100132 1 -0.000178926 -0.000736982 0.000179074 0.999999 -0.0284204 -0.0003496 -0.169299
FixedParameters: 0 0 0

#Transform 86
Transform: AffineTransform_float_3_3
Parameters: 0.999999 -0.000393894 0.00058907 0.000394105 1 -0.000178768 -0.000588929 0.000179232 1 -0.0154317 -0.000678311 -0.161071
FixedParameters: 0 0 0

#Transform 87
Transform: AffineTransform_float_3_3
Parameters: 1 -0.000212867 0.000311091 0.000213133 1 -0.000428934 -0.000310909 0.000429066 1 -0.00386257 -0.0238907 -0.180884
FixedParameters: 0 0 0

#Transform 88
Transform: AffineTransform_float_3_3
Parameters: 1 -0.000306821 0.000632087 0.000306179 1 -0.000282806 -0.000631913 0.000283194 1 -0.0191677 0.0385833 -0.164329
FixedParameters: 0 0 0

#Transform 89
Transform: AffineTransform_float_3_3
Parameters: 0.999999 -0.000516932 0.000871039 0.000517067 1 -7.65496e-05 -0.000870959 7.74502e-05 0.999999 -0.0217485 -0.032349 -0.173301
FixedParameters: 0 0 0

#Transform 90
Transform: AffineTransform_float_3_3
Parameters: 0.999999 -0.000167966 0.000693008 0.000168034 1 -4.88836e-05 -0.000692991 4.91164e-05 1 -0.0248965 -0.00496948 -0.172756
FixedParameters: 0 0 0

#Transform 91
Transform: AffineTransform_float_3_3
Parameters: 0.999999 -0.000175013 0.000803997 0.000174987 1 1.61407e-05 -0.000804002 -1.58593e-05 0.999999 -0.0306024 0.0219621 -0.151406
FixedParameters: 0 0 0

#Transform 92
Transform: AffineTransform_float_3_3
Parameters: 0.999999 -0.000326411 0.000848841 0.000325589 1 0.000484276 -0.000849157 -0.000483723 0.999999 -0.0212461 -0.0713006 -0.156155
FixedParameters: 0 0 0

#Transform 93
Transform: AffineTransform_float_3_3
Parameters: 1 -0.000409841 0.000535121 0.000410159 1 -0.00029678 -0.000534878 0.000297219 1 -0.00172526 0.0276212 -0.18815
FixedParameters: 0 0 0

#Transform 94
Transform: AffineTransform_float_3_3
Parameters: 0.999999 -0.000156193 0.000722958 0.000155807 1 0.000267113 -0.000723041 -0.000266887 0.999999 -0.0196119 -0.0190602 -0.178153
FixedParameters: 0 0 0

#Transform 95
Transform: AffineTransform_float_3_3
Parameters: 0.999999 -0.00032697 0.000757012 0.000327029 1 -3.87524e-05 -0.000756987 3.92475e-05 0.999999 -0.0150762 -0.00736536 -0.183497
FixedParameters: 0 0 0

#Transform 96
Transform: AffineTransform_float_3_3
Parameters: 0.999999 -0.000328098 0.000799959 0.000327901 1 0.000123262 -0.00080004 -0.000122738 0.999999 -0.0277002 0.00577279 -0.143045
FixedParameters: 0 0 0

#Transform 97
Transform: AffineTransform_float_3_3
Parameters: 1 6.77856e-05 0.000672021 -6.82143e-05 1 0.000318954 -0.000671978 -0.000319046 0.999999 -0.0199458 -0.0472726 -0.158427
FixedParameters: 0 0 0

#Transform 98
Transform: AffineTransform_float_3_3
Parameters: 0.999999 -0.000130767 0.000706043 0.000130233 1 -0.000329908 -0.000705957 0.000330092 0.999999 -0.0157434 0.0411929 -0.144904
FixedParameters: 0 0 0

#Transform 99
Transform: AffineTransform_float_3_3
Parameters: 0.999999 -0.000266275 0.000917919 0.000265724 1 0.000300244 -0.000918079 -0.000299756 0.999999 -0.0275314 -0.0273769 -0.156337
FixedParameters: 0 0 0

#Transform 100
Transform: AffineTransform_float_3_3
Parameters: 0.999999 -0.000158152 0.000988975 0.000157848 1 0.000154156 -0.000989023 -0.000153844 0.999999 -0.0242256 -0.0386546 -0.155369
FixedParameters: 0 0 0

#Transform 101
Transform: AffineTransform_float_3_3
Parameters: 0.999999 -2.69511e-05 0.000741001 2.70489e-05 1 -6.598e-05 -0.000740998 6.602e-05 0.999999 -0.0177943 0.0208343 -0.15954
FixedParameters: 0 0 0

#Transform 102
Transform: AffineTransform_float_3_3
Parameters: 0.999999 -5.54706e-05 0.000819968 5.45293e-05 1 0.000574045 -0.000820032 -0.000573955 1 -0.0160503 -0.0802707 -0.167856
FixedParameters: 0 0 0

#Transform 103
Transform: AffineTransform_float_3_3
Parameters: 0.999999 -0.000203244 0.000763934 0.000202755 1 0.000320155 -0.000764064 -0.000319845 0.999999 -0.0096903 -0.00572687 -0.161125
FixedParameters: 0 0 0

#Transform 104
Transform: AffineTransform_float_3_3
Parameters: 0.999999 0.000112859 0.00079002 -0.000113141 1 0.000178911 -0.000789979 -0.000179089 0.999999 -0.0315162 0.00197253 -0.184865
FixedParameters: 0 0 0

#Transform 105
Transform: AffineTransform_float_3_3
Parameters: 0.999999 -0.000210366 0.000870911 0.000209634 1 0.000421182 -0.000870088 -0.000420817 0.999999 -0.0275012 -0.0346145 -0.202611
FixedParameters: 0 0 0

#Transform 106
Transform: AffineTransform_float_3_3
Parameters: 0.999999 -0.000264313 0.000877905 0.000263686 1 0.000357231 -0.000878093 -0.000356768 0.999999 -0.0313252 0.021186 -0.192586
FixedParameters: 0 0 0

#Transform 107
Transform: AffineTransform_float_3_3
Parameters: 1 -1.13034e-05 0.000684995 1.06965e-05 1 0.000443007 -0.000685004 -0.000442992 0.999999 -0.0362645 -0.0292511 -0.209542
FixedParameters: 0 0 0

#Transform 108
Transform: AffineTransform_float_3_3
Parameters: 1 -8.62434e-05 0.000620966 8.57565e-05 1 0.000392053 -0.000621033 -0.000391946 0.999999 -0.0460219 -0.0216595 -0.205904
FixedParameters: 0 0 0

#Transform 109
Transform: AffineTransform_float_3_3
Parameters: 1 -0.000134095 0.000494974 0.000133905 1 0.000191066 -0.000495025 -0.000190934 1 -0.0363802 0.0395734 -0.215908
FixedParameters: 0 0 0

#Transform 110
Transform: AffineTransform_float_3_3
Parameters: 1 -0.000165545 0.00112892 0.000165456 1 0.000482187 -0.00112908 -0.000482813 0.999999 -0.069322 -0.0412892 -0.231083
FixedParameters: 0 0 0

#Transform 111
Transform: AffineTransform_float_3_3
Parameters: 1 -0.000129151 0.000675971 0.000128849 1 0.000224087 -0.000676029 -0.000223913 0.999999 -0.0459837 0.000979472 -0.209614
FixedParameters: 0 0 0

#Transform 112
Transform: AffineTransform_float_3_3
Parameters: 0.999999 -0.000292231 0.000648896 0.000292769 1 0.00035619 -0.000649104 -0.00035581 0.999999 -0.0417352 0.000420102 -0.212247
FixedParameters: 0 0 0

#Transform 113
Transform: AffineTransform_float_3_3
Parameters: 0.999999 -0.000215469 0.000923891 0.00021553 1 0.0005082 -0.00092411 -0.000507801 1 -0.0576478 -0.0483746 -0.230072
FixedParameters: 0 0 0

#Transform 114
Transform: AffineTransform_float_3_3
Parameters: 0.999999 -0.000254382 0.000854886 0.000254618 1 0.000447218 -0.000854113 -0.000446783 0.999999 -0.0533558 0.0317201 -0.221337
FixedParameters: 0 0 0

#Transform 115
Transform: AffineTransform_float_3_3
Parameters: 0.999999 -5.34081e-05 0.00073797 5.35918e-05 1 0.000553039 -0.000738029 -0.00055296 0.999999 -0.0562412 -0.0381645 -0.228744
FixedParameters: 0 0 0

#Transform 116
Transform: AffineTransform_float_3_3
Parameters: 0.999999 -6.84544e-05 0.000732957 6.75455e-05 1 0.000620049 -0.000733041 -0.00061995 0.999999 -0.0414889 0.00797317 -0.219301
FixedParameters: 0 0 0

#Transform 117
Transform: AffineTransform_float_3_3
Parameters: 0.999999 -0.000158556 0.000884901 0.000157444 1 0.00062814 -0.000885099 -0.00062786 1 -0.0565705 -0.000814079 -0.187956
FixedParameters: 0 0 0

#Transform 118
Transform: AffineTransform_float_3_3
Parameters: 0.999999 -0.000129262 0.000916962 0.000128738 1 0.000286118 -0.000917036 -0.000285881 0.999999 -0.0509657 -0.0431271 -0.224362
FixedParameters: 0 0 0

#Transform 119
Transform: AffineTransform_float_3_3
Parameters: 1 -7.82532e-05 0.000640969 7.77468e-05 1 0.00039505 -0.00064103 -0.00039495 0.999999 -0.0408469 0.016029 -0.208255
FixedParameters: 0 0 0

#Transform 120
Transform: AffineTransform_float_3_3
Parameters: 1 -0.000236489 0.000640819 0.00023551 0.999999 0.00076415 -0.00064118 -0.000763848 0.999999 -0.0422698 -0.0387416 -0.212691
FixedParameters: 0 0 0

#Transform 121
Transform: AffineTransform_float_3_3
Parameters: 1 -5.24301e-05 0.000640965 5.25698e-05 1 0.000671033 -0.000641035 -0.000670966 0.999999 -0.0455533 -0.0335819 -0.234663
FixedParameters: 0 0 0

#Transform 122
Transform: AffineTransform_float_3_3
Parameters: 1 -0.000270718 0.000953797 0.000270282 0.999999 0.000752258 -0.000954204 -0.000752742 1 -0.0581897 -0.0285323 -0.21147
FixedParameters: 0 0 0

#Transform 123
Transform: AffineTransform_float_3_3
Parameters: 1 -0.000203322 0.000640898 0.000202678 1 0.00050213 -0.000641101 -0.00050187 0.999999 -0.0427919 -0.0318438 -0.189658
FixedParameters: 0 0 0

#Transform 124
Transform: AffineTransform_float_3_3
Parameters: 1 -7.6482e-05 0.000640942 7.55179e-05 0.999999 0.000752048 -0.000641057 -0.000751951 0.999999 -0.0419803 0.00130108 -0.178479
FixedParameters: 0 0 0

#Transform 125
Transform: AffineTransform_float_3_3
Parameters: 1 -0.000148482 0.000640888 0.000148518 0.999999 0.000752095 -0.000641111 -0.000751904 0.999999 -0.0459908 -0.0453629 -0.201553
FixedParameters: 0 0 0

#Transform 126
Transform: AffineTransform_float_3_3
Parameters: 0.999999 -2.95399e-05 0.000717978 2.846e-05 0.999999 0.000752021 -0.000718022 -0.000751979 1 -0.0499895 -0.0117396 -0.21762
FixedParameters: 0 0 0

#Transform 127
Transform: AffineTransform_float_3_3
Parameters: 1 -0.000166314 0.000417875 0.000166686 0.999999 0.000752069 -0.000418125 -0.00075193 0.999999 -0.0394509 0.00473039 -0.170884
FixedParameters: 0 0 0

#Transform 128
Transform: AffineTransform_float_3_3
Parameters: 1 -5.70125e-06 0.000640994 4.29874e-06 1 0.001094 -0.000641005 -0.001094 0.999999 -0.0462841 -0.0580345 -0.201218
FixedParameters: 0 0 0

#Transform 129
Transform: AffineTransform_float_3_3
Parameters: 1 2.04577e-05 0.000641018 -2.15423e-05 0.999999 0.000845986 -0.000640982 -0.000846013 1 -0.0523517 0.0178283 -0.210766
FixedParameters: 0 0 0

#Transform 130
Transform: AffineTransform_float_3_3
Parameters: 0.999999 9.93636e-06 0.000763014 -1.10636e-05 0.999999 0.00139399 -0.000762985 -0.00139401 0.999998 -0.0530258 -0.0540656 -0.216117
FixedParameters: 0 0 0

#Transform 131
Transform: AffineTransform_float_3_3
Parameters: 1 -0.000189661 0.000640805 0.000189339 1 0.00103112 -0.000641196 -0.00103088 1 -0.033773 -0.0373515 -0.222615
FixedParameters: 0 0 0

#Transform 132
Transform: AffineTransform_float_3_3
Parameters: 0.999999 -0.000372523 0.000640696 0.000371476 0.999999 0.000817238 -0.000641304 -0.000816761 1 -0.0398982 -0.000667291 -0.189209
FixedParameters: 0 0 0

#Transform 133
Transform: AffineTransform_float_3_3
Parameters: 0.999999 1.20215e-05 0.000892013 -1.29785e-05 1 0.00109699 -0.000891986 -0.00109701 0.999999 -0.0598601 -0.0611676 -0.200143
FixedParameters: 0 0 0

#Transform 134
Transform: AffineTransform_float_3_3
Parameters: 1 -0.000218465 0.000640841 0.000218534 0.999999 0.00072614 -0.000641158 -0.00072586 0.999999 -0.0338538 -0.000246773 -0.192543
FixedParameters: 0 0 0

#Transform 135
Transform: AffineTransform_float_3_3
Parameters: 1 -0.000149542 0.000640874 0.000149458 0.999999 0.000846096 -0.000641127 -0.000845904 1 -0.0325173 -0.0367516 -0.204847
FixedParameters: 0 0 0

#Transform 136
Transform: AffineTransform_float_3_3
Parameters: 0.999999 -0.000517663 0.000640464 0.000517336 1 0.00103533 -0.000641536 -0.00103467 1 -0.0282642 -0.0587523 -0.201537
FixedParameters: 0 0 0

#Transform 137
Transform: AffineTransform_float_3_3
Parameters: 1 -0.000133614 0.000640872 0.000133386 0.999999 0.000958086 -0.000641128 -0.000957914 1 -0.0336976 -0.000664578 -0.191846
FixedParameters: 0 0 0

#Transform 138
Transform: AffineTransform_float_3_3
Parameters: 1 -0.000143816 0.000640817 0.000143183 0.999999 0.00127409 -0.000641183 -0.00127391 0.999999 -0.0353739 -0.0593433 -0.207401
FixedParameters: 0 0 0

#Transform 139
Transform: AffineTransform_float_3_3
Parameters: 1 -4.63051e-05 0.000640978 4.56949e-05 1 0.000476029 -0.000641021 -0.00047597 0.999999 -0.0456201 0.0423616 -0.231789
FixedParameters: 0 0 0

#Transform 140
Transform: AffineTransform_float_3_3
Parameters: 1 -0.000122506 0.000640903 0.000122493 0.999999 0.000790078 -0.000641096 -0.000789921 0.999999 -0.0443023 -0.0289012 -0.226223
FixedParameters: 0 0 0

#Transform 141
Transform: AffineTransform_float_3_3
Parameters: 0.999999 -0.000286571 0.000721773 0.000285428 0.999999 0.000792206 -0.000722226 -0.000791793 1 -0.0456981 -0.00903224 -0.191111
FixedParameters: 0 0 0

#Transform 142
Transform: AffineTransform_float_3_3
Parameters: 1 -0.000179725 0.000640797 0.000179275 1 0.00113112 -0.000641203 -0.00113089 0.999999 -0.0369525 -0.0269201 -0.210113
FixedParameters: 0 0 0

#Transform 143
Transform: AffineTransform_float_3_3
Parameters: 1 -0.000100604 0.000640906 9.9396e-05 0.999999 0.000942064 -0.000641094 -0.000941936 1 -0.0446632 -0.0167875 -0.208983
FixedParameters: 0 0 0

#Transform 144
Transform: AffineTransform_float_3_3
Parameters: 1 -0.000132685 0.000640859 0.000131315 1 0.00106809 -0.000641141 -0.00106792 0.999999 -0.056564 -0.0119159 -0.213757
FixedParameters: 0 0 0

#Transform 145
Transform: AffineTransform_float_3_3
Parameters: 1 0.000153959 -0.000327019 -0.000154041 1 -0.00012495 0.000326981 0.00012505 1 -0.0236456 -0.0516827 -0.107315
FixedParameters: 0 0 0

#Transform 146
Transform: AffineTransform_float_3_3
Parameters: 0.999999 0.000522273 -0.0011338 -0.000524726 0.999998 -0.00152241 0.0011332 0.00152359 0.999998 0.016743 -0.0747266 0.133781
FixedParameters: 0 0 0

#Transform 147
Transform: AffineTransform_float_3_3
Parameters: 1 0.000329149 -0.000333853 -0.000329851 1 0.00044711 0.000334147 -0.00044689 1 -0.0256885 0.0188936 -0.133139
FixedParameters: 0 0 0

#Transform 148
Transform: AffineTransform_float_3_3
Parameters: 1 0.000328624 0.000321385 -0.000329375 1 0.00116989 -0.000320615 -0.00117011 1 -0.0526938 -0.0557953 -0.200376
FixedParameters: 0 0 0

#Transform 149
Transform: AffineTransform_float_3_3
Parameters: 1 0.000141073 -4.77852e-05 -0.000140928 0.999999 0.00152301 4.72147e-05 -0.00152299 0.999999 -0.0366419 0.0225594 -0.210876
FixedParameters: 0 0 0

#Transform 150
Transform: AffineTransform_float_3_3
Parameters: 1 0.000328399 0.00036554 -0.000329601 0.999998 0.00164388 -0.000365458 -0.00164412 0.999998 -0.0618057 -0.079158 -0.221327
FixedParameters: 0 0 0

#Transform 151
Transform: AffineTransform_float_3_3
Parameters: 1 -5.43792e-05 0.000218906 5.46206e-05 0.999998 0.00173201 -0.000219095 -0.00173199 0.999998 -0.0427466 -0.041396 -0.247431
FixedParameters: 0 0 0

#Transform 152
Transform: AffineTransform_float_3_3
Parameters: 1 -9.46835e-05 0.000364823 9.33162e-05 0.999998 0.00187303 -0.000365175 -0.00187297 0.999998 -0.0543851 -0.0490221 -0.22565
FixedParameters: 0 0 0

#Transform 153
Transform: AffineTransform_float_3_3
Parameters: 1 -0.000105155 0.000563785 0.000103844 0.999998 0.00204906 -0.000564214 -0.00204894 0.999997 -0.0647912 -0.0769753 -0.241987
FixedParameters: 0 0 0

#Transform 154
Transform: AffineTransform_float_3_3
Parameters: 1 0.000105935 0.000572198 -0.000107065 0.999999 0.00186194 -0.000571802 -0.00186106 0.999998 -0.0688689 -0.0267345 -0.221925
FixedParameters: 0 0 0

#Transform 155
Transform: AffineTransform_float_3_3
Parameters: 1 0.000104054 0.000508195 -0.000104946 0.999999 0.00186195 -0.000507806 -0.00186105 0.999998 -0.0654467 -0.0867036 -0.245278
FixedParameters: 0 0 0

#Transform 156
Transform: AffineTransform_float_3_3
Parameters: 1 0.000329165 -7.62895e-05 -0.000329835 0.999997 0.00215902 7.67123e-05 -0.00215897 0.999997 -0.0471174 -0.0394518 -0.240685
FixedParameters: 0 0 0

#Transform 157
Transform: AffineTransform_float_3_3
Parameters: 1 0.00032828 0.000333709 -0.00032972 0.999997 0.00215889 -0.000333289 -0.00215811 0.999997 -0.0877699 -0.0826317 -0.240292
FixedParameters: 0 0 0

#Transform 158
Transform: AffineTransform_float_3_3
Parameters: 1 0.000328378 0.000277737 -0.00032962 0.999998 0.00224191 -0.000276262 -0.00224209 0.999998 -0.0711551 -0.0871389 -0.23879
FixedParameters: 0 0 0

#Transform 159
Transform: AffineTransform_float_3_3
Parameters: 1 0.000328254 0.000333736 -0.000329747 0.999998 0.00223889 -0.000333263 -0.00223911 0.999998 -0.0877771 -0.0664822 -0.238897
FixedParameters: 0 0 0

#Transform 160
Transform: AffineTransform_float_3_3
Parameters: 1 0.000220546 0.000184544 -0.000221453 0.999997 0.00246596 -0.000183454 -0.00246604 0.999997 -0.0655572 -0.119903 -0.265134
FixedParameters: 0 0 0

#Transform 161
Transform: AffineTransform_float_3_3
Parameters: 1 0.000329183 -8.32786e-05 -0.000329817 0.999997 0.00219203 8.37231e-05 -0.00219197 0.999997 -0.0608958 -0.0396211 -0.309483
FixedParameters: 0 0 0

#Transform 162
Transform: AffineTransform_float_3_3
Parameters: 1 0.000328953 1.88386e-05 -0.000329047 0.999996 0.00254899 -1.81613e-05 -0.002549 0.999997 -0.0668396 -0.10032 -0.26803
FixedParameters: 0 0 0

#Transform 163
Transform: AffineTransform_float_3_3
Parameters: 1 0.000328849 5.39289e-05 -0.000329151 0.999996 0.00282398 -5.30707e-05 -0.00282402 0.999996 -0.0560609 -0.113984 -0.2795
FixedParameters: 0 0 0

#Transform 164
Transform: AffineTransform_float_3_3
Parameters: 1 0.000265395 0.00022671 -0.000266603 0.999997 0.00267294 -0.000225288 -0.00267306 0.999997 -0.0727981 -0.07094 -0.265744
FixedParameters: 0 0 0

#Transform 165
Transform: AffineTransform_float_3_3
Parameters: 1 0.000272129 0.000295804 -0.000272872 0.999995 0.00294892 -0.000295196 -0.00294908 0.999995 -0.077653 -0.139353 -0.267994
FixedParameters: 0 0 0

#Transform 166
Transform: AffineTransform_float_3_3
Parameters: 1 0.000328329 0.000283779 -0.000329672 0.999997 0.00236891 -0.00028322 -0.00236909 0.999997 -0.0851285 -0.073691 -0.27103
FixedParameters: 0 0 0

#Transform 167
Transform: AffineTransform_float_3_3
Parameters: 1 0.000328925 2.88602e-05 -0.000329075 0.999996 0.00261499 -2.81396e-05 -0.00261501 0.999996 -0.0716372 -0.0918195 -0.266921
FixedParameters: 0 0 0

#Transform 168
Transform: AffineTransform_float_3_3
Parameters: 1 0.000328588 0.000139971 -0.000329412 0.999995 0.00295395 -0.000139027 -0.00295404 0.999995 -0.0775372 -0.143359 -0.27761
FixedParameters: 0 0 0

#Transform 169
Transform: AffineTransform_float_3_3
Parameters: 1 0.000328667 0.000119916 -0.000329333 0.999996 0.00278496 -0.000119083 -0.00278504 0.999996 -0.0764338 -0.062483 -0.280887
FixedParameters: 0 0 0

#Transform 170
Transform: AffineTransform_float_3_3
Parameters: 1 -5.89194e-05 0.000302823 5.80801e-05 0.999996 0.00303502 -0.000303178 -0.00303498 0.999996 -0.0795139 -0.133959 -0.32438
FixedParameters: 0 0 0

#Transform 171
Transform: AffineTransform_float_3_3
Parameters: 1 -5.77982e-05 0.000258823 5.72012e-05 0.999995 0.00308302 -0.000259178 -0.00308299 0.999995 -0.077192 -0.103836 -0.36475
FixedParameters: 0 0 0

#Transform 172
Transform: AffineTransform_float_3_3
Parameters: 1 0.000101268 0.000254293 -0.000101731 0.999996 0.00287897 -0.000253708 -0.00287902 0.999996 -0.0905297 -0.0865463 -0.332618
FixedParameters: 0 0 0

#Transform 173
Transform: AffineTransform_float_3_3
Parameters: 1 6.12172e-05 0.000247195 -6.17822e-05 0.999995 0.00316798 -0.000246805 -0.00316801 0.999995 -0.0786234 -0.146332 -0.369043
FixedParameters: 0 0 0

#Transform 174
Transform: AffineTransform_float_3_3
Parameters: 1 0.000208025 -8.40571e-06 -0.000207973 0.999996 0.002857 9.59422e-06 -0.002857 0.999996 -0.0814682 -0.094213 -0.369423
FixedParameters: 0 0 0

#Transform 175
Transform: AffineTransform_float_3_3
Parameters: 1 0.000328884 4.09441e-05 -0.000329116 0.999996 0.00286999 -4.00556e-05 -0.00287001 0.999996 -0.0895786 -0.0491211 -0.357076
FixedParameters: 0 0 0

#Transform 176
Transform: AffineTransform_float_3_3
Parameters: 1 0.00027024 0.000270761 -0.000270761 0.999996 0.00281093 -0.00027024 -0.00281107 0.999996 -0.0835793 -0.117153 -0.382827
FixedParameters: 0 0 0

#Transform 177
Transform: AffineTransform_float_3_3
Parameters: 1 0.000328517 0.000191829 -0.000329483 0.999997 0.00252194 -0.00019117 -0.00252206 0.999997 -0.0803241 -0.0929128 -0.367262
FixedParameters: 0 0 0

#Transform 178
Transform: AffineTransform_float_3_3
Parameters: 0.999999 0.000327357 0.000632852 -0.000329643 0.999996 0.00259679 -0.000632146 -0.00259721 0.999997 -0.103669 -0.052759 -0.339592
FixedParameters: 0 0 0

#Transform 179
Transform: AffineTransform_float_3_3
Parameters: 1 0.000327729 0.000383091 -0.000329271 0.999995 0.00332188 -0.000381908 -0.00332213 0.999995 -0.0904692 -0.146185 -0.36429
FixedParameters: 0 0 0

#Transform 180
Transform: AffineTransform_float_3_3
Parameters: 1 0.000328871 5.0843e-05 -0.00032913 0.999996 0.00256298 -5.01566e-05 -0.00256302 0.999996 -0.0822368 -0.0864686 -0.386851
FixedParameters: 0 0 0

#Transform 181
Transform: AffineTransform_float_3_3
Parameters: 1 -7.62524e-05 0.00010081 7.67471e-05 0.999997 0.00250101 -0.000101192 -0.00250099 0.999997 -0.0851987 -0.0609705 -0.326909
FixedParameters: 0 0 0

#Transform 182
Transform: AffineTransform_float_3_3
Parameters: 1 0.000328123 0.000382753 -0.000329877 0.999998 0.00229288 -0.000382245 -0.00229313 0.999998 -0.106703 -0.0743203 -0.345199
FixedParameters: 0 0 0

#Transform 183
Transform: AffineTransform_float_3_3
Parameters: 1 -6.80906e-06 0.000381986 6.19091e-06 0.999998 0.002118 -0.000382014 -0.002118 0.999997 -0.0936393 -0.0372343 -0.380614
FixedParameters: 0 0 0

#Transform 184
Transform: AffineTransform_float_3_3
Parameters: 0.999999 -0.000182987 0.000965192 0.000184013 1 -0.00104982 -0.000964807 0.00105018 0.999999 -0.0796443 0.153907 -0.560181
FixedParameters: 0 0 0

#Transform 185
Transform: AffineTransform_float_3_3
Parameters: 0.999998 -7.28494e-05 0.00198336 8.21487e-05 0.99999 -0.00461385 -0.00198264 0.00461416 0.999988 -0.135692 0.231115 -0.730708
FixedParameters: 0 0 0

#Transform 186
Transform: AffineTransform_float_3_3
Parameters: 0.999999 -8.12761e-05 0.00138404 8.17237e-05 1 -0.000522887 -0.00138396 0.000523113 0.999999 -0.0967564 0.0448376 -0.57172
FixedParameters: 0 0 0

#Transform 187
Transform: AffineTransform_float_3_3
Parameters: 0.999999 -0.000388224 0.00139022 0.000388776 1 -0.00055846 -0.00138978 0.00055854 0.999999 -0.098485 0.100712 -0.572419
FixedParameters: 0 0 0

#Transform 188
Transform: AffineTransform_float_3_3
Parameters: 0.999999 -8.1844e-05 0.00138001 8.21559e-05 1 -0.000112887 -0.00137999 0.000113113 0.999999 -0.103298 0.0327748 -0.554058
FixedParameters: 0 0 0

#Transform 189
Transform: AffineTransform_float_3_3
Parameters: 0.999999 -0.00048257 0.00138215 0.000483431 1 -0.000311332 -0.00138185 0.000311667 0.999999 -0.0964642 0.0253477 -0.586485
FixedParameters: 0 0 0

#Transform 190
Transform: AffineTransform_float_3_3
Parameters: 1 -8.16182e-05 0.00120803 8.23817e-05 1 -0.000315901 -0.00120797 0.000316099 0.999999 -0.0942532 0.0722986 -0.590335
FixedParameters: 0 0 0

#Transform 191
Transform: AffineTransform_float_3_3
Parameters: 0.999999 -0.000496119 0.00121395 0.000495882 1 9.76021e-05 -0.00121405 -9.73978e-05 1 -0.0873197 -0.00474984 -0.58702
FixedParameters: 0 0 0

#Transform 192
Transform: AffineTransform_float_3_3
Parameters: 0.999999 -0.000542761 0.00121511 0.000542239 1 -0.000196341 -0.00121489 0.00019666 0.999999 -0.0865647 0.0611067 -0.592674
FixedParameters: 0 0 0

#Transform 193
Transform: AffineTransform_float_3_3
Parameters: 0.999999 -0.000407048 0.00121198 0.000406951 1 4.04933e-05 -0.00121202 -3.95067e-05 1 -0.0799965 0.00916422 -0.57313
FixedParameters: 0 0 0

#Transform 194
