# transform file /out/sourcedata/freesurfer/sub-v1s13x0050017_ses-1/mri/transforms/cc_up.lta
# created by oesteban on Sun Mar  8 15:28:29 2026

type      = 0 # LINEAR_VOX_TO_VOX
nxforms   = 1
mean      = 130.0000 134.0000 114.0000
sigma     = 10000.0000
1 4 4
9.993043541908264e-01 -1.055372692644596e-02 -3.577033802866936e-02 5.628652572631836e+00 
1.054697204381227e-02 9.999443292617798e-01 -3.775314253289253e-04 1.369161033630371e+01 
3.577233105897903e-02 2.910383045673370e-11 9.993600249290466e-01 2.147563171386719e+01 
0.000000000000000e+00 0.000000000000000e+00 0.000000000000000e+00 1.000000000000000e+00 
src volume info
valid = 1  # volume info valid
filename = /out/sourcedata/freesurfer/sub-v1s13x0050017_ses-1/mri/norm.mgz
volume = 256 256 256
voxelsize = 1.000000000000000e+00 1.000000000000000e+00 1.000000000000000e+00
xras   = -9.999999403953552e-01 0.000000000000000e+00 0.000000000000000e+00
yras   = 0.000000000000000e+00 0.000000000000000e+00 -9.999999403953552e-01
zras   = 0.000000000000000e+00 9.999999403953552e-01 0.000000000000000e+00
cras   = 4.156959533691406e+00 1.050796508789062e+00 -1.854766845703125e+00
dst volume info
valid = 1  # volume info valid
filename = /out/sourcedata/freesurfer/sub-v1s13x0050017_ses-1/mri/norm.mgz
volume = 256 256 256
voxelsize = 1.000000000000000e+00 1.000000000000000e+00 1.000000000000000e+00
xras   = -9.999999403953552e-01 0.000000000000000e+00 0.000000000000000e+00
yras   = 0.000000000000000e+00 0.000000000000000e+00 -9.999999403953552e-01
zras   = 0.000000000000000e+00 9.999999403953552e-01 0.000000000000000e+00
cras   = 4.156959533691406e+00 1.050796508789062e+00 -1.854766845703125e+00
