# transform file /out/sourcedata/freesurfer/sub-v1s13x0050015_ses-1/mri/transforms/cc_up.lta
# created by oesteban on Sun Mar  8 14:22:25 2026

type      = 0 # LINEAR_VOX_TO_VOX
nxforms   = 1
mean      = 128.0000 114.0000 107.0000
sigma     = 10000.0000
1 4 4
9.978320002555847e-01 4.666772857308388e-02 -4.640321433544159e-02 -4.273553937673569e-02 
-4.661734774708748e-02 9.989103674888611e-01 2.167894737794995e-03 3.587509536743164e+01 
4.645382985472679e-02 -2.328306158982940e-10 9.989203810691833e-01 2.214384269714355e+01 
0.000000000000000e+00 0.000000000000000e+00 0.000000000000000e+00 1.000000000000000e+00 
src volume info
valid = 1  # volume info valid
filename = /out/sourcedata/freesurfer/sub-v1s13x0050015_ses-1/mri/norm.mgz
volume = 256 256 256
voxelsize = 1.000000000000000e+00 1.000000000000000e+00 1.000000000000000e+00
xras   = -9.999999403953552e-01 0.000000000000000e+00 0.000000000000000e+00
yras   = 0.000000000000000e+00 0.000000000000000e+00 -9.999999403953552e-01
zras   = 0.000000000000000e+00 9.999999403953552e-01 0.000000000000000e+00
cras   = -2.380561828613281e+00 1.050796508789062e+00 1.777191162109375e+00
dst volume info
valid = 1  # volume info valid
filename = /out/sourcedata/freesurfer/sub-v1s13x0050015_ses-1/mri/norm.mgz
volume = 256 256 256
voxelsize = 1.000000000000000e+00 1.000000000000000e+00 1.000000000000000e+00
xras   = -9.999999403953552e-01 0.000000000000000e+00 0.000000000000000e+00
yras   = 0.000000000000000e+00 0.000000000000000e+00 -9.999999403953552e-01
zras   = 0.000000000000000e+00 9.999999403953552e-01 0.000000000000000e+00
cras   = -2.380561828613281e+00 1.050796508789062e+00 1.777191162109375e+00
