#Insight Transform File V1.0
#Transform 0
Transform: AffineTransform_float_3_3
Parameters: 1 0 0 0 0.999998 0.002054 0 -0.002054 0.999998 -3e-06 -0.0245237 0.120767
FixedParameters: 0 0 0

#Transform 1
Transform: AffineTransform_float_3_3
Parameters: 1 -9.3e-05 -9.76501e-08 9.3e-05 1 0.00105 -9.76501e-08 -0.00105 1 -0.00677306 0.0332614 0.154456
FixedParameters: 0 0 0

#Transform 2
Transform: AffineTransform_float_3_3
Parameters: 1 -1.02085e-07 8.5e-05 -1.02085e-07 1 0.001201 -8.5e-05 -0.001201 1 0.00203223 -0.0432948 0.0770591
FixedParameters: 0 0 0

#Transform 3
Transform: AffineTransform_float_3_3
Parameters: 1 0 0 0 0.999999 0.001433 0 -0.001433 0.999999 4.6e-05 -0.0239668 0.0622327
FixedParameters: 0 0 0

#Transform 4
Transform: AffineTransform_float_3_3
Parameters: 1 9.727e-08 -0.000142 9.727e-08 1 0.000685 0.000142 -0.000685 1 -0.0244192 0.0378877 0.084451
FixedParameters: 0 0 0

#Transform 5
Transform: AffineTransform_float_3_3
Parameters: 1 7.62e-08 -6e-05 7.62e-08 0.999999 0.00127 6e-05 -0.00127 0.999999 -0.0114954 -0.050609 0.0821923
FixedParameters: 0 0 0

#Transform 6
Transform: AffineTransform_float_3_3
Parameters: 1 7.8761e-08 -0.000113 7.8761e-08 1 0.000697 0.000113 -0.000697 1 0.000714407 -0.0344374 0.0777273
FixedParameters: 0 0 0

#Transform 7
Transform: AffineTransform_float_3_3
Parameters: 1 3.06207e-07 -0.000297 3.06207e-07 1 0.001031 0.000297 -0.001031 1 -0.0107857 -0.00906937 0.0284653
FixedParameters: 0 0 0

#Transform 8
Transform: AffineTransform_float_3_3
Parameters: 1 4.563e-08 -0.000135 4.563e-08 1 0.000338 0.000135 -0.000338 1 -0.0103166 0.0078953 0.0773989
FixedParameters: 0 0 0

#Transform 9
Transform: AffineTransform_float_3_3
Parameters: 1 6.60828e-05 -0.00018397 -6.59172e-05 1 0.000450012 0.00018403 -0.000449988 1 0.00329853 -0.0236591 0.0499964
FixedParameters: 0 0 0

#Transform 10
Transform: AffineTransform_float_3_3
Parameters: 1 0.00011004 -0.000171974 -0.00010996 1 0.000235019 0.000172026 -0.000234981 1 -0.00378343 0.0169698 0.0942776
FixedParameters: 0 0 0

#Transform 11
Transform: AffineTransform_float_3_3
Parameters: 1 8.5869e-08 -0.000203 8.5869e-08 1 0.000423 0.000203 -0.000423 1 0.00280978 -0.0424347 0.055564
FixedParameters: 0 0 0

#Transform 12
Transform: AffineTransform_float_3_3
Parameters: 1 -1.273e-08 0.000134 -1.273e-08 1 9.5e-05 -0.000134 -9.5e-05 1 -0.0229541 0.0225397 0.0746271
FixedParameters: 0 0 0

#Transform 13
Transform: AffineTransform_float_3_3
Parameters: 1 0.000112016 -0.000137987 -0.000111984 1 0.000113015 0.000138013 -0.000112985 1 0.00239614 -0.0234814 0.0717273
FixedParameters: 0 0 0

#Transform 14
Transform: AffineTransform_float_3_3
Parameters: 1 1.5862e-07 -0.000412 1.5862e-07 1 0.000385 0.000412 -0.000385 1 0.0114539 -0.0220734 0.0592882
FixedParameters: 0 0 0

#Transform 15
Transform: AffineTransform_float_3_3
Parameters: 1 -8.1576e-08 -0.000412 -8.1576e-08 1 -0.000198 0.000412 0.000198 1 0.000712489 0.0261064 0.0409846
FixedParameters: 0 0 0

#Transform 16
Transform: AffineTransform_float_3_3
Parameters: 1 9.309e-09 8.7e-05 9.309e-09 1 -0.000107 -8.7e-05 0.000107 1 -0.00517467 0.00703947 0.0697523
FixedParameters: 0 0 0

#Transform 17
Transform: AffineTransform_float_3_3
Parameters: 1 -1.67238e-07 -0.000489 -1.67238e-07 1 -0.000342 0.000489 0.000342 1 0.0121402 -0.0109559 0.022178
FixedParameters: 0 0 0

#Transform 18
Transform: AffineTransform_float_3_3
Parameters: 1 0.000113948 -0.000489012 -0.000114052 1 -0.000106944 0.000488988 0.000107056 1 -0.00627649 0.0484033 0.0503672
FixedParameters: 0 0 0

#Transform 19
Transform: AffineTransform_float_3_3
Parameters: 1 6.0636e-08 -0.000489 6.0636e-08 1 0.000124 0.000489 -0.000124 1 -0.00535135 0.0210204 0.0437008
FixedParameters: 0 0 0

#Transform 20
Transform: AffineTransform_float_3_3
Parameters: 1 2.3472e-08 -0.000489 2.3472e-08 1 4.8e-05 0.000489 -4.8e-05 1 0.0121966 -0.0140079 0.00300075
FixedParameters: 0 0 0

#Transform 21
Transform: AffineTransform_float_3_3
Parameters: 1 6.355e-09 -4.1e-05 6.355e-09 1 0.000155 4.1e-05 -0.000155 1 -0.00383916 0.0485273 0.0793364
FixedParameters: 0 0 0

#Transform 22
Transform: AffineTransform_float_3_3
Parameters: 1 6.929e-09 -4.1e-05 6.929e-09 1 0.000169 4.1e-05 -0.000169 1 -0.00278524 -0.0249373 0.0569521
FixedParameters: 0 0 0

#Transform 23
Transform: AffineTransform_float_3_3
Parameters: 1 -1.9598e-08 -4.1e-05 -1.9598e-08 1 -0.000478 4.1e-05 0.000478 1 -0.00460846 0.0595304 0.0623593
FixedParameters: 0 0 0

#Transform 24
Transform: AffineTransform_float_3_3
Parameters: 1 2.337e-09 -4.1e-05 2.337e-09 1 5.7e-05 4.1e-05 -5.7e-05 1 -0.00158593 0.0155158 0.0737387
FixedParameters: 0 0 0

#Transform 25
Transform: AffineTransform_float_3_3
Parameters: 1 -3.5834e-08 -4.1e-05 -3.5834e-08 0.999999 -0.000873999 4.1e-05 0.000873999 0.999999 -0.0015831 0.02566 0.00480666
FixedParameters: 0 0 0

#Transform 26
Transform: AffineTransform_float_3_3
Parameters: 1 6.31358e-05 0.00012293 -6.28651e-05 0.999999 -0.00110501 -0.00012207 0.00110499 1 -0.00663122 0.0917432 0.0274518
FixedParameters: 0 0 0

#Transform 27
Transform: AffineTransform_float_3_3
Parameters: 1 8.89977e-05 -4.10049e-05 -8.90023e-05 1 -5.49964e-05 4.09951e-05 5.50036e-05 1 -0.00228887 0.0146992 -0.0365369
FixedParameters: 0 0 0

#Transform 28
Transform: AffineTransform_float_3_3
Parameters: 1 0.000255447 0.000293612 -0.000254552 0.999999 -0.00152107 -0.000294387 0.00152092 0.999999 -0.0341439 0.157924 -0.0510502
FixedParameters: 0 0 0

#Transform 29
Transform: AffineTransform_float_3_3
Parameters: 0.999999 -6.42935e-07 -0.000745 3.57064e-07 0.999999 -0.000863 0.000745001 0.000863 1 0.0207102 0.0190568 -0.176588
FixedParameters: 0 0 0

#Transform 30
Transform: AffineTransform_float_3_3
Parameters: 1 0.000184973 -2.61902e-05 -0.000185027 1 -0.001028 2.58098e-05 0.00102801 1 0.0106126 0.00940295 -0.208607
FixedParameters: 0 0 0

#Transform 31
Transform: AffineTransform_float_3_3
Parameters: 1 0.000163454 -0.000437204 -0.000163545 0.999999 -0.00124793 0.000436796 0.00124807 0.999999 0.0018924 0.074971 -0.0678043
FixedParameters: 0 0 0

#Transform 32
Transform: AffineTransform_float_3_3
Parameters: 1 -3.22666e-05 -0.00043698 3.17334e-05 1 -0.000610014 0.000437019 0.000609986 0.999999 0.0120547 -0.0169729 -0.0686297
FixedParameters: 0 0 0

#Transform 33
Transform: AffineTransform_float_3_3
Parameters: 1 0.000353687 -0.000244454 -0.000353314 0.999999 -0.00128191 0.000244547 0.00128209 0.999999 -0.0161657 0.0712747 -0.0321455
FixedParameters: 0 0 0

#Transform 34
Transform: AffineTransform_float_3_3
Parameters: 1 0.000858671 0.000308138 -0.000858331 0.999998 -0.00216927 -0.000309862 0.00216873 0.999997 -0.0101971 0.139042 -0.105481
FixedParameters: 0 0 0

#Transform 35
Transform: AffineTransform_float_3_3
Parameters: 1 0.00103799 -5.68052e-06 -0.00103801 0.999998 -0.00161899 4.31947e-06 0.00161901 0.999998 -0.00537391 0.0662881 0.0527226
FixedParameters: 0 0 0

#Transform 36
Transform: AffineTransform_float_3_3
Parameters: 0.999999 0.000785953 -8.6422e-05 -0.000786046 0.999999 -0.000536932 8.65778e-05 0.000537068 1 -0.00642317 0.0229892 0.154459
FixedParameters: 0 0 0

#Transform 37
Transform: AffineTransform_float_3_3
Parameters: 0.999999 0.00108782 -0.000585193 -0.00108918 0.999998 -0.00201436 0.000583807 0.00201464 0.999998 -0.00819865 0.0410333 0.0349948
FixedParameters: 0 0 0

#Transform 38
Transform: AffineTransform_float_3_3
Parameters: 1 0.000423143 5.79685e-05 -0.000422857 0.999997 -0.00243802 -5.90311e-05 0.00243798 0.999997 -0.00849457 0.054189 -0.0370298
FixedParameters: 0 0 0

#Transform 39
Transform: AffineTransform_float_3_3
Parameters: 1 0.000470518 0.00022291 -0.000470482 0.999997 -0.00231811 -0.000224091 0.0023179 0.999998 -0.0135365 0.100301 0.00805404
FixedParameters: 0 0 0

#Transform 40
Transform: AffineTransform_float_3_3
Parameters: 1 0.000216531 -0.000583547 -0.00021847 0.999997 -0.00251887 0.000583451 0.00251913 0.999996 0.0151309 0.0237893 -0.0397489
FixedParameters: 0 0 0

#Transform 41
Transform: AffineTransform_float_3_3
Parameters: 1 0.000217571 -0.000180518 -0.00021843 0.999997 -0.00237896 0.000180481 0.00237904 0.999997 0.0173397 0.0601059 -0.0388604
FixedParameters: 0 0 0

#Transform 42
Transform: AffineTransform_float_3_3
Parameters: 1 -2.12467e-05 -8.99421e-05 2.07531e-05 0.999996 -0.002742 9.00573e-05 0.002742 0.999996 0.0100381 0.121883 -0.0162827
FixedParameters: 0 0 0

#Transform 43
Transform: AffineTransform_float_3_3
Parameters: 1 0.000217769 -9.05575e-05 -0.000218232 0.999996 -0.00255898 9.04418e-05 0.00255902 0.999996 0.0130569 0.0530796 -0.0404392
FixedParameters: 0 0 0

#Transform 44
Transform: AffineTransform_float_3_3
Parameters: 1 0.000217448 -0.00017469 -0.000218553 0.999995 -0.00316696 0.000174309 0.00316704 0.999995 -0.000216206 0.106889 -0.0181366
FixedParameters: 0 0 0

#Transform 45
Transform: AffineTransform_float_3_3
Parameters: 1 -0.000270277 -8.91639e-05 0.000270723 0.999995 -0.00309503 8.98383e-05 0.00309498 0.999995 0.0157986 0.0688795 -0.00932879
FixedParameters: 0 0 0

#Transform 46
Transform: AffineTransform_float_3_3
Parameters: 1 -0.000242255 -8.93104e-05 0.000241746 0.999996 -0.00284802 8.96888e-05 0.00284798 0.999996 0.0216205 0.0657132 -0.0427987
FixedParameters: 0 0 0

#Transform 47
Transform: AffineTransform_float_3_3
Parameters: 1 -0.000198585 -0.000167308 0.000197416 0.999994 -0.00349003 0.00016769 0.00348997 0.999994 0.0233778 0.182475 -0.0942955
FixedParameters: 0 0 0

#Transform 48
Transform: AffineTransform_float_3_3
Parameters: 1 -0.000797179 -0.000581022 0.000795821 0.999992 -0.00374146 0.000583981 0.00374053 0.999993 0.0669251 0.119878 0.0747672
FixedParameters: 0 0 0

#Transform 49
Transform: AffineTransform_float_3_3
Parameters: 1 -0.000199284 -0.000349271 0.000197717 0.999993 -0.00367207 0.000349728 0.00367193 0.999993 0.0330255 0.286088 -0.0426084
FixedParameters: 0 0 0

#Transform 50
Transform: AffineTransform_float_3_3
Parameters: 1 -1.22802e-05 -0.000562974 1.07197e-05 0.999998 -0.00227401 0.000563026 0.00227399 0.999998 0.0567119 0.0575989 -0.096507
FixedParameters: 0 0 0

#Transform 51
Transform: AffineTransform_float_3_3
Parameters: 1 2.66765e-05 0.000209915 -2.63232e-05 0.999995 -0.003222 -0.000210086 0.00322199 0.999995 0.0265962 0.18685 -0.0949316
FixedParameters: 0 0 0

#Transform 52
Transform: AffineTransform_float_3_3
Parameters: 0.999999 0.000718217 -0.000414359 -0.000718782 0.999998 -0.0018917 0.000412641 0.0018913 0.999998 0.0378848 -0.0887068 0.19342
FixedParameters: 0 0 0

#Transform 53
Transform: AffineTransform_float_3_3
Parameters: 0.999998 0.00133663 0.000983792 -0.00133537 0.999997 -0.00165332 -0.000986208 0.00165168 0.999998 0.0614394 -0.0106224 -0.00215167
FixedParameters: 0 0 0

#Transform 54
Transform: AffineTransform_float_3_3
Parameters: 0.999999 0.000595507 0.00146017 -0.000590494 0.999995 -0.00308487 -0.00146183 0.00308413 0.999994 0.0354963 0.105299 -0.273675
FixedParameters: 0 0 0

#Transform 55
Transform: AffineTransform_float_3_3
Parameters: 0.999998 0.000174216 0.00189653 -0.000168787 0.999996 -0.00274932 -0.00189647 0.00274967 0.999994 -0.000454764 0.0285052 -0.400324
FixedParameters: 0 0 0

#Transform 56
Transform: AffineTransform_float_3_3
Parameters: 0.999998 0.000225728 0.00189644 -0.000220272 0.999997 -0.00249342 -0.00189656 0.00249258 0.999995 -0.0205855 0.0479781 -0.395643
FixedParameters: 0 0 0

#Transform 57
Transform: AffineTransform_float_3_3
Parameters: 0.999999 -0.000331563 0.00128963 0.000334437 0.999998 -0.00189057 -0.00128837 0.00189043 0.999998 0.0257613 -0.00711991 -0.384844
FixedParameters: 0 0 0

#Transform 58
Transform: AffineTransform_float_3_3
Parameters: 0.999999 -0.00059175 0.00137241 0.000595248 0.999997 -0.00236819 -0.00137059 0.00236981 0.999997 0.0368674 0.0580801 -0.502388
FixedParameters: 0 0 0

#Transform 59
Transform: AffineTransform_float_3_3
Parameters: 0.999999 -0.00061354 0.0012557 0.000616461 0.999996 -0.00275723 -0.00125431 0.00275777 0.999996 0.0344885 0.0652364 -0.505081
FixedParameters: 0 0 0

#Transform 60
Transform: AffineTransform_float_3_3
Parameters: 0.999999 -0.000692993 0.00111687 0.000696008 0.999996 -0.00269422 -0.00111513 0.00269477 0.999995 0.0473219 0.0177764 -0.554834
FixedParameters: 0 0 0

#Transform 61
Transform: AffineTransform_float_3_3
Parameters: 0.999999 -0.000484107 0.00173865 0.000489892 0.999994 -0.00339115 -0.00173635 0.00339185 0.999992 0.0110143 0.104546 -0.522549
FixedParameters: 0 0 0

#Transform 62
Transform: AffineTransform_float_3_3
Parameters: 0.999998 -0.000686803 0.00148195 0.000691196 0.999995 -0.00283298 -0.00148005 0.00283402 0.999995 0.0367892 0.0347252 -0.570527
FixedParameters: 0 0 0

#Transform 63
Transform: AffineTransform_float_3_3
Parameters: 0.999998 -0.00033514 0.00166081 0.000343861 0.999985 -0.00533744 -0.00165919 0.00533756 0.999985 0.0222068 0.0928988 -0.607129
FixedParameters: 0 0 0

#Transform 64
Transform: AffineTransform_float_3_3
Parameters: 0.999998 -0.000339262 0.00159302 0.000343737 0.999996 -0.00297446 -0.00159198 0.00297555 0.999995 0.0227367 0.063332 -0.531445
FixedParameters: 0 0 0

#Transform 65
Transform: AffineTransform_float_3_3
Parameters: 0.999999 -0.000338037 0.00179613 0.000343964 0.999995 -0.00332139 -0.00179487 0.00332161 0.999993 0.00678485 0.0338313 -0.579398
FixedParameters: 0 0 0

#Transform 66
Transform: AffineTransform_float_3_3
Parameters: 0.999999 -0.000525753 0.00148551 0.000530246 0.999996 -0.00286021 -0.00148349 0.00286078 0.999995 0.0123974 0.0632367 -0.531247
FixedParameters: 0 0 0

#Transform 67
Transform: AffineTransform_float_3_3
Parameters: 0.999999 -0.000560211 0.00145047 0.000563791 0.999997 -0.00261319 -0.00144953 0.00261382 0.999995 0.0201846 -0.00553089 -0.597578
FixedParameters: 0 0 0

#Transform 68
Transform: AffineTransform_float_3_3
Parameters: 0.999997 -0.000473998 0.00207261 0.000481003 0.999994 -0.00337901 -0.00207139 0.00337999 0.999992 -0.0118153 0.0761999 -0.559708
FixedParameters: 0 0 0

#Transform 69
Transform: AffineTransform_float_3_3
Parameters: 0.999999 -0.000339203 0.00151408 0.000343796 0.999995 -0.00316848 -0.00151292 0.00316952 0.999994 0.00289066 0.0213769 -0.601854
FixedParameters: 0 0 0

#Transform 70
Transform: AffineTransform_float_3_3
Parameters: 0.999998 -0.000236997 0.00207169 0.000243005 0.999996 -0.0028985 -0.0020713 0.0028985 0.999993 -0.0377715 0.0239101 -0.56916
FixedParameters: 0 0 0

#Transform 71
Transform: AffineTransform_float_3_3
Parameters: 0.999999 -0.000115881 0.00146717 0.00011812 0.999999 -0.00144483 -0.00146683 0.00144417 0.999998 -0.0178664 -0.0278395 -0.544127
FixedParameters: 0 0 0

#Transform 72
Transform: AffineTransform_float_3_3
Parameters: 0.999998 -0.000337582 0.00207206 0.000343417 0.999995 -0.0030973 -0.00207095 0.00309871 0.999993 -0.0156068 0.0380705 -0.603731
FixedParameters: 0 0 0

#Transform 73
Transform: AffineTransform_float_3_3
Parameters: 0.999999 -0.000117585 0.00174637 0.000122414 0.999995 -0.00310079 -0.00174563 0.00310121 0.999993 -0.0203857 0.0286398 -0.617473
FixedParameters: 0 0 0

#Transform 74
Transform: AffineTransform_float_3_3
Parameters: 0.999998 -0.000336077 0.0020723 0.000343922 0.999992 -0.00382429 -0.0020707 0.0038247 0.99999 -0.0210471 0.117779 -0.561642
FixedParameters: 0 0 0

#Transform 75
Transform: AffineTransform_float_3_3
Parameters: 0.999998 -0.0003364 0.00199829 0.000343599 0.999992 -0.00380432 -0.00199671 0.00380468 0.999991 -0.0218793 0.0991552 -0.637611
FixedParameters: 0 0 0

#Transform 76
Transform: AffineTransform_float_3_3
Parameters: 0.999999 -0.000336207 0.00183545 0.00034379 0.999991 -0.00424638 -0.00183356 0.00424762 0.99999 -0.0238432 0.0480214 -0.659447
FixedParameters: 0 0 0

#Transform 77
Transform: AffineTransform_float_3_3
Parameters: 0.999997 0.00244374 0.000723497 -0.00243926 0.999984 -0.00512078 -0.000736498 0.00511921 0.999986 -0.242209 0.11398 -0.772511
FixedParameters: 0 0 0

#Transform 78
Transform: AffineTransform_float_3_3
Parameters: 0.999997 0.00246 -6.55961e-06 -0.00246 0.999986 -0.004699 -5.55962e-06 0.004699 0.999989 -0.181386 0.0124408 -0.860969
FixedParameters: 0 0 0

#Transform 79
Transform: AffineTransform_float_3_3
Parameters: 0.999999 0.00152889 0.00019723 -0.00152811 0.999989 -0.00442931 -0.00020377 0.00442869 0.99999 -0.145455 0.118413 -0.814235
FixedParameters: 0 0 0

#Transform 80
Transform: AffineTransform_float_3_3
Parameters: 0.999999 0.00152861 0.000134191 -0.00152739 0.999989 -0.00445521 -0.000140807 0.00445579 0.99999 -0.137979 0.0458828 -0.862335
FixedParameters: 0 0 0

#Transform 81
Transform: AffineTransform_float_3_3
Parameters: 0.999999 0.00152863 0.000134035 -0.00152737 0.999989 -0.00455721 -0.000140961 0.00455679 0.999989 -0.141571 0.0533205 -0.913416
FixedParameters: 0 0 0

#Transform 82
Transform: AffineTransform_float_3_3
Parameters: 0.999999 0.00117774 0.000739075 -0.00117326 0.999986 -0.00503887 -0.000744921 0.00503813 0.999987 -0.147307 0.0852208 -0.917815
FixedParameters: 0 0 0

#Transform 83
Transform: AffineTransform_float_3_3
Parameters: 1 0.000855513 0.000740964 -0.000852488 0.999989 -0.00472763 -0.000745038 0.00472637 0.999988 -0.120433 0.0778514 -0.887584
FixedParameters: 0 0 0

#Transform 84
Transform: AffineTransform_float_3_3
Parameters: 0.999999 0.00103745 0.000731128 -0.00103455 0.999989 -0.00470376 -0.000736874 0.00470324 0.999988 -0.138529 0.0509338 -0.944654
FixedParameters: 0 0 0

#Transform 85
Transform: AffineTransform_float_3_3
Parameters: 1 0.000856417 0.00081438 -0.000852585 0.999985 -0.0054087 -0.000818624 0.0054083 0.999985 -0.155366 0.131871 -0.890661
FixedParameters: 0 0 0

#Transform 86
Transform: AffineTransform_float_3_3
Parameters: 0.999999 0.00085426 0.00045478 -0.000851739 0.999988 -0.00494639 -0.000459218 0.00494561 0.999987 -0.145327 0.0324544 -0.933439
FixedParameters: 0 0 0

#Transform 87
Transform: AffineTransform_float_3_3
Parameters: 1 0.000855164 0.000612608 -0.000851835 0.999987 -0.00514552 -0.000617392 0.00514547 0.999986 -0.149746 0.06333 -0.959155
FixedParameters: 0 0 0

#Transform 88
Transform: AffineTransform_float_3_3
Parameters: 1 0.00085653 0.000814262 -0.000852473 0.999985 -0.0055467 -0.000818741 0.00554631 0.999985 -0.155393 0.129005 -0.923619
FixedParameters: 0 0 0

#Transform 89
Transform: AffineTransform_float_3_3
Parameters: 1 0.000855296 0.000637603 -0.000852703 0.999987 -0.00515055 -0.0006424 0.00514945 0.999986 -0.140102 0.0573726 -0.953022
FixedParameters: 0 0 0

#Transform 90
Transform: AffineTransform_float_3_3
Parameters: 1 0.000854745 0.000575948 -0.000852256 0.999989 -0.00474849 -0.000580054 0.00474851 0.999988 -0.148676 0.0596559 -0.975038
FixedParameters: 0 0 0

#Transform 91
Transform: AffineTransform_float_3_3
Parameters: 1 0.000855964 0.000772631 -0.000852034 0.999986 -0.00511666 -0.00077737 0.00511633 0.999986 -0.151561 0.11285 -0.918537
FixedParameters: 0 0 0

#Transform 92
Transform: AffineTransform_float_3_3
Parameters: 1 0.000855814 0.000735587 -0.000852185 0.999987 -0.00516863 -0.000740415 0.00516837 0.999987 -0.137513 0.0308503 -0.993147
FixedParameters: 0 0 0

#Transform 93
Transform: AffineTransform_float_3_3
Parameters: 0.999999 0.00107471 0.000973733 -0.00106929 0.999983 -0.00584805 -0.00098027 0.00584696 0.999983 -0.161756 0.138175 -0.958684
FixedParameters: 0 0 0

#Transform 94
Transform: AffineTransform_float_3_3
Parameters: 0.999999 0.000857603 0.000975101 -0.000852392 0.999983 -0.00573184 -0.000980902 0.00573117 0.999983 -0.127928 0.0761429 -0.931766
FixedParameters: 0 0 0

#Transform 95
Transform: AffineTransform_float_3_3
Parameters: 0.999999 0.000855407 0.000539636 -0.00085259 0.99998 -0.00628346 -0.000545367 0.00628254 0.99998 -0.100995 0.0590404 -1.03125
FixedParameters: 0 0 0

#Transform 96
Transform: AffineTransform_float_3_3
Parameters: 0.999998 0.000763607 0.00149664 -0.000755391 0.999983 -0.00574314 -0.00150136 0.00574187 0.999983 -0.197431 0.120988 -0.815281
FixedParameters: 0 0 0

#Transform 97
Transform: AffineTransform_float_3_3
Parameters: 0.999999 0.000857239 0.00122234 -0.000851763 0.999991 -0.00428005 -0.00122566 0.00427896 0.99999 -0.254983 0.101889 -0.812407
FixedParameters: 0 0 0

#Transform 98
Transform: AffineTransform_float_3_3
Parameters: 0.999999 0.00136211 0.000377463 -0.00135989 0.999983 -0.00553752 -0.000384535 0.00553648 0.999984 -0.305966 0.0262919 -0.834655
FixedParameters: 0 0 0

#Transform 99
Transform: AffineTransform_float_3_3
Parameters: 1 0.000701513 0.000946673 -0.000697486 0.999989 -0.00475867 -0.00095033 0.00475834 0.999988 -0.260091 0.0610056 -0.83388
FixedParameters: 0 0 0

#Transform 100
Transform: AffineTransform_float_3_3
Parameters: 0.999999 0.00122169 0.000256061 -0.00122031 0.999978 -0.00650332 -0.000263942 0.00650368 0.999979 -0.299172 0.0852235 -1.03761
FixedParameters: 0 0 0

#Transform 101
Transform: AffineTransform_float_3_3
Parameters: 0.999999 0.00100931 0.000944356 -0.00100369 0.999984 -0.00560695 -0.000949642 0.00560604 0.999984 -0.26033 0.0893468 -1.05395
FixedParameters: 0 0 0

#Transform 102
Transform: AffineTransform_float_3_3
Parameters: 0.999999 0.00106238 0.000943985 -0.00105763 0.999984 -0.005676 -0.000950017 0.005675 0.999983 -0.250822 0.100208 -1.10657
FixedParameters: 0 0 0

#Transform 103
Transform: AffineTransform_float_3_3
Parameters: 0.999999 0.000937973 0.000799202 -0.000933024 0.999981 -0.00619876 -0.0008058 0.00619825 0.999981 -0.278621 0.18918 -1.09777
FixedParameters: 0 0 0

#Transform 104
Transform: AffineTransform_float_3_3
Parameters: 1 0.001035 0.000523112 -0.001032 0.999983 -0.00569754 -0.000529889 0.00569745 0.999983 -0.255452 0.107428 -1.09648
FixedParameters: 0 0 0

#Transform 105
Transform: AffineTransform_float_3_3
Parameters: 1 0.000694709 0.000725467 -0.000691289 0.999987 -0.0050995 -0.000729535 0.00509949 0.999986 -0.258711 0.1601 -1.47131
FixedParameters: 0 0 0

#Transform 106
Transform: AffineTransform_float_3_3
Parameters: 0.999998 0.000705187 0.00192988 -0.000691813 0.999973 -0.00734135 -0.00193513 0.00734065 0.999971 -0.266025 0.285287 -1.57705
FixedParameters: 0 0 0

#Transform 107
Transform: AffineTransform_float_3_3
Parameters: 0.999998 0.000708359 0.00192871 -0.00069164 0.99996 -0.00898535 -0.00193529 0.00898465 0.999958 -0.265307 0.224084 -1.67701
FixedParameters: 0 0 0

#Transform 108
Transform: AffineTransform_float_3_3
Parameters: 0.999998 0.000771492 0.00192731 -0.0007525 0.999949 -0.0100945 -0.00193569 0.0100925 0.999947 -0.2634 0.235144 -1.78033
FixedParameters: 0 0 0

#Transform 109
Transform: AffineTransform_float_3_3
Parameters: 0.999998 0.000708561 0.00152496 -0.000691437 0.999934 -0.0114861 -0.00153304 0.0114849 0.999933 -0.258303 0.307286 -1.79033
FixedParameters: 0 0 0

#Transform 110
Transform: AffineTransform_float_3_3
Parameters: 0.999998 0.000799921 0.00176555 -0.000780083 0.999942 -0.0106924 -0.00177344 0.0106906 0.999942 -0.262086 0.30821 -1.78433
FixedParameters: 0 0 0

#Transform 111
Transform: AffineTransform_float_3_3
Parameters: 0.999997 0.000920669 0.00216107 -0.000897332 0.99994 -0.010928 -0.00217094 0.010926 0.999938 -0.278895 0.270666 -1.86392
FixedParameters: 0 0 0

#Transform 112
Transform: AffineTransform_float_3_3
Parameters: 0.999997 0.000713201 0.00205242 -0.000691801 0.999941 -0.0107984 -0.00205959 0.0107965 0.999939 -0.269619 0.279615 -1.87135
FixedParameters: 0 0 0

#Transform 113
Transform: AffineTransform_float_3_3
Parameters: 0.999998 0.000707523 0.00174539 -0.000691481 0.999955 -0.00944922 -0.00175161 0.00944778 0.999954 -0.265676 0.372048 -1.78856
FixedParameters: 0 0 0

#Transform 114
Transform: AffineTransform_float_3_3
Parameters: 0.999997 0.000975029 0.00254208 -0.000969967 0.999997 -0.00197947 -0.00254492 0.00197652 0.999995 -0.295215 0.275194 -1.65063
FixedParameters: 0 0 0

#Transform 115
Transform: AffineTransform_float_3_3
Parameters: 0.999996 0.00133577 0.00273231 -0.00132223 0.999987 -0.00503464 -0.00273869 0.00503137 0.999983 -0.341118 0.420017 -1.62064
FixedParameters: 0 0 0

#Transform 116
Transform: AffineTransform_float_3_3
Parameters: 0.999998 0.00118496 0.00197127 -0.00117204 0.999978 -0.00656132 -0.00197873 0.00655867 0.999976 -0.309822 0.420302 -1.62261
FixedParameters: 0 0 0

#Transform 117
Transform: AffineTransform_float_3_3
Parameters: 0.999998 0.00114259 0.0019689 -0.0011254 0.999959 -0.00891424 -0.00197911 0.00891176 0.999959 -0.306409 0.454169 -1.70481
FixedParameters: 0 0 0

#Transform 118
Transform: AffineTransform_float_3_3
Parameters: 0.999998 0.00109692 0.00196912 -0.00107908 0.999958 -0.00907815 -0.00197888 0.00907585 0.999957 -0.317451 0.52122 -1.65596
FixedParameters: 0 0 0

#Transform 119
Transform: AffineTransform_float_3_3
Parameters: 0.999998 0.000711556 0.00218341 -0.000691447 0.999955 -0.00940153 -0.0021896 0.00939947 0.999954 -0.307381 0.426172 -1.7362
FixedParameters: 0 0 0

#Transform 120
Transform: AffineTransform_float_3_3
Parameters: 0.999997 0.00114278 0.00224003 -0.00111922 0.999944 -0.0105875 -0.00225197 0.0105845 0.999942 -0.325814 0.51622 -1.73998
FixedParameters: 0 0 0

#Transform 121
Transform: AffineTransform_float_3_3
Parameters: 0.999999 0.000702825 0.00125646 -0.00069117 0.999955 -0.00938688 -0.00126354 0.00938612 0.999955 -0.272388 0.501282 -1.68565
FixedParameters: 0 0 0

#Transform 122
Transform: AffineTransform_float_3_3
Parameters: 0.999998 0.000711009 0.00199297 -0.000690991 0.999949 -0.0100224 -0.00200002 0.0100216 0.999948 -0.296467 0.477314 -1.75608
FixedParameters: 0 0 0

#Transform 123
Transform: AffineTransform_float_3_3
Parameters: 0.999997 -0.000131567 0.00247061 0.000158426 0.999939 -0.0111066 -0.00246839 0.0111074 0.999936 -0.241806 0.410912 -1.85926
FixedParameters: 0 0 0

#Transform 124
Transform: AffineTransform_float_3_3
Parameters: 0.999999 0.000900015 0.00109968 -0.000890991 0.999966 -0.00817099 -0.00110632 0.00817001 0.999966 -0.245873 0.340287 -1.64521
FixedParameters: 0 0 0

#Transform 125
Transform: AffineTransform_float_3_3
Parameters: 0.999948 0.00958419 -0.00354359 -0.00959881 0.999947 -0.00390219 0.00350541 0.0039358 0.999986 -0.962459 0.140621 -0.974817
FixedParameters: 0 0 0

#Transform 126
Transform: AffineTransform_float_3_3
Parameters: 0.999977 0.00539231 -0.00393788 -0.00541369 0.99997 -0.00551881 0.00390812 0.0055402 0.999977 -0.530216 0.278986 -1.11861
FixedParameters: 0 0 0

#Transform 127
Transform: AffineTransform_float_3_3
Parameters: 0.999977 0.00537667 -0.00418177 -0.00540233 0.999967 -0.00606855 0.00414923 0.00609145 0.999973 -0.5028 0.150351 -1.14445
FixedParameters: 0 0 0

#Transform 128
Transform: AffineTransform_float_3_3
Parameters: 0.999974 0.00585701 -0.00405822 -0.00588399 0.999961 -0.00667029 0.00401876 0.00669471 0.999969 -0.515175 0.227222 -1.04939
FixedParameters: 0 0 0

#Transform 129
Transform: AffineTransform_float_3_3
Parameters: 0.999987 0.0033422 -0.00387727 -0.0033688 0.999971 -0.00692703 0.00385374 0.00693998 0.999969 -0.29166 0.227215 -0.792196
FixedParameters: 0 0 0

#Transform 130
Transform: AffineTransform_float_3_3
Parameters: 0.99999 0.00297537 -0.00340502 -0.00299663 0.999975 -0.00636586 0.00338598 0.00637614 0.999974 -0.245454 0.22839 -0.842554
FixedParameters: 0 0 0

#Transform 131
Transform: AffineTransform_float_3_3
Parameters: 0.999992 0.00238586 -0.00300411 -0.00240614 0.999975 -0.00671982 0.00298789 0.00672718 0.999973 -0.22003 0.251656 -0.976017
FixedParameters: 0 0 0

#Transform 132
Transform: AffineTransform_float_3_3
Parameters: 0.999991 0.0032549 -0.00272038 -0.0032711 0.999977 -0.00593615 0.00270061 0.00594484 0.999978 -0.240199 -0.101358 -1.07917
FixedParameters: 0 0 0

#Transform 133
Transform: AffineTransform_float_3_3
Parameters: 0.999984 0.00201734 -0.00541718 -0.00205566 0.999973 -0.00695498 0.00540282 0.00696601 0.999961 0.0121375 0.262518 -0.840261
FixedParameters: 0 0 0

#Transform 134
Transform: AffineTransform_float_3_3
Parameters: 0.999976 0.00370053 -0.00581602 -0.00373747 0.999972 -0.00644542 0.005792 0.00646659 0.999963 -0.134485 0.141062 -0.799464
FixedParameters: 0 0 0

#Transform 135
Transform: AffineTransform_float_3_3
Parameters: 0.999978 0.00387257 -0.00527801 -0.00389743 0.999981 -0.00462653 0.00525999 0.00464647 0.999976 -0.205399 0.0733755 -0.786561
FixedParameters: 0 0 0

#Transform 136
Transform: AffineTransform_float_3_3
Parameters: 0.999981 0.00429757 -0.00445463 -0.00432443 0.999971 -0.00616685 0.00442737 0.00618614 0.999971 -0.232691 0.224338 -0.86742
FixedParameters: 0 0 0

#Transform 137
Transform: AffineTransform_float_3_3
Parameters: 0.999985 0.0041333 -0.00377778 -0.00415371 0.999977 -0.00548939 0.00375522 0.00550461 0.999978 -0.271377 0.156274 -0.92818
FixedParameters: 0 0 0

#Transform 138
Transform: AffineTransform_float_3_3
Parameters: 0.999984 0.00427387 -0.00369358 -0.00429513 0.999975 -0.00573023 0.00366941 0.00574677 0.999977 -0.269759 0.161782 -1.00637
FixedParameters: 0 0 0

#Transform 139
Transform: AffineTransform_float_3_3
Parameters: 0.999983 0.00443425 -0.00381711 -0.00445975 0.999967 -0.00676309 0.00378689 0.00677991 0.99997 -0.285164 0.217731 -1.01833
FixedParameters: 0 0 0

#Transform 140
Transform: AffineTransform_float_3_3
Parameters: 0.999984 0.00424359 -0.00370662 -0.00427042 0.999964 -0.00741929 0.00367538 0.00743571 0.999965 -0.277388 0.208181 -1.1807
FixedParameters: 0 0 0

#Transform 141
Transform: AffineTransform_float_3_3
Parameters: 0.999985 0.00403735 -0.00389304 -0.00406765 0.99996 -0.00789829 0.00386096 0.00791371 0.999961 -0.254395 0.15822 -1.16783
FixedParameters: 0 0 0

#Transform 142
Transform: AffineTransform_float_3_3
Parameters: 0.999986 0.00398058 -0.00365707 -0.00400842 0.999963 -0.00752045 0.00362693 0.00753555 0.999965 -0.277552 0.181507 -1.10232
FixedParameters: 0 0 0

#Transform 143
Transform: AffineTransform_float_3_3
Parameters: 0.999986 0.00414731 -0.00335872 -0.00417268 0.999964 -0.00737709 0.00332728 0.00739191 0.999967 -0.285404 0.24505 -0.920062
FixedParameters: 0 0 0

#Transform 144
Transform: AffineTransform_float_3_3
Parameters: 0.999987 0.00401071 -0.00335724 -0.00403529 0.999966 -0.00726056 0.00332776 0.00727445 0.999968 -0.271025 0.173202 -0.968367
FixedParameters: 0 0 0

#Transform 145
Transform: AffineTransform_float_3_3
Parameters: 0.999986 0.00405405 -0.00336441 -0.00408494 0.999951 -0.00894138 0.00332758 0.00895561 0.999955 -0.254624 0.266666 -1.00386
FixedParameters: 0 0 0

#Transform 146
Transform: AffineTransform_float_3_3
Parameters: 0.999987 0.00367109 -0.00335656 -0.0036969 0.999963 -0.00774469 0.00332744 0.00775732 0.999965 -0.263121 0.212712 -1.00573
FixedParameters: 0 0 0

#Transform 147
Transform: AffineTransform_float_3_3
Parameters: 0.99999 0.00339489 -0.00268123 -0.00341711 0.99996 -0.00828491 0.00265276 0.00829408 0.999962 -0.275155 0.228816 -1.05996
FixedParameters: 0 0 0

#Transform 148
Transform: AffineTransform_float_3_3
Parameters: 0.99999 0.00358577 -0.0027212 -0.00360722 0.999963 -0.00783626 0.0026928 0.00784573 0.999965 -0.265968 0.259371 -1.01007
FixedParameters: 0 0 0

#Transform 149
Transform: AffineTransform_float_3_3
Parameters: 0.999991 0.0032694 -0.00278118 -0.0032936 0.999955 -0.00888792 0.00275182 0.00889708 0.999956 -0.256929 0.237204 -1.09134
FixedParameters: 0 0 0

#Transform 150
Transform: AffineTransform_float_3_3
Parameters: 0.99999 0.00339217 -0.00287358 -0.00341684 0.999957 -0.00868227 0.00284443 0.00869174 0.999958 -0.255114 0.288418 -1.03831
FixedParameters: 0 0 0

#Transform 151
Transform: AffineTransform_float_3_3
Parameters: 0.999991 0.0031015 -0.00291124 -0.0031255 0.999963 -0.00810298 0.00288575 0.00811203 0.999963 -0.246729 0.203964 -1.08548
FixedParameters: 0 0 0

#Transform 152
Transform: AffineTransform_float_3_3
Parameters: 0.99999 0.0033911 -0.00296093 -0.00341689 0.999955 -0.00878697 0.00293007 0.00879702 0.999957 -0.243756 0.289423 -1.14698
FixedParameters: 0 0 0

#Transform 153
Transform: AffineTransform_float_3_3
Parameters: 0.99999 0.00338836 -0.00271513 -0.00341764 0.999938 -0.0106138 0.00267886 0.0106232 0.99994 -0.300926 0.286839 -1.20014
FixedParameters: 0 0 0

#Transform 154
Transform: AffineTransform_float_3_3
Parameters: 0.999991 0.00321801 -0.00252231 -0.00323999 0.999957 -0.00876391 0.00249369 0.0087721 0.999959 -0.288122 0.231778 -0.990935
FixedParameters: 0 0 0

#Transform 155
Transform: AffineTransform_float_3_3
Parameters: 0.999992 0.00318936 -0.00265643 -0.00321164 0.999958 -0.00856454 0.00262858 0.00857346 0.99996 -0.320753 0.199858 -1.02988
FixedParameters: 0 0 0

#Transform 156
Transform: AffineTransform_float_3_3
Parameters: 0.999993 0.00306205 -0.00207129 -0.00307895 0.999962 -0.00823268 0.00204571 0.00823832 0.999964 -0.280986 0.20756 -1.02168
FixedParameters: 0 0 0

#Transform 157
Transform: AffineTransform_float_3_3
Parameters: 0.999995 0.00292272 -0.000215581 -0.00292527 0.99993 -0.0114844 0.000181417 0.0114846 0.999934 -0.342579 0.349991 -1.21789
FixedParameters: 0 0 0

#Transform 158
Transform: AffineTransform_float_3_3
Parameters: 0.999996 0.00259622 0.000367288 -0.00259278 0.999936 -0.011068 -0.00039572 0.011067 0.999938 -0.354452 0.308319 -1.27742
FixedParameters: 0 0 0

#Transform 159
Transform: AffineTransform_float_3_3
Parameters: 0.999997 0.00251556 3.16921e-05 -0.00251544 0.999924 -0.0120491 -6.1313e-05 0.0120489 0.999928 -0.335823 0.398765 -1.21777
FixedParameters: 0 0 0

#Transform 160
Transform: AffineTransform_float_3_3
Parameters: 0.999995 0.00295319 8.4382e-05 -0.0029518 0.999927 -0.0117243 -0.000119615 0.0117237 0.999932 -0.347733 0.366296 -1.22558
FixedParameters: 0 0 0

#Transform 161
Transform: AffineTransform_float_3_3
Parameters: 0.999997 0.00245878 -0.000428902 -0.00246222 0.999968 -0.00768197 0.000410096 0.00768303 0.99997 -0.371562 0.349746 -1.19743
FixedParameters: 0 0 0

#Transform 162
Transform: AffineTransform_float_3_3
Parameters: 0.999995 0.00314042 -7.3483e-05 -0.00314057 0.999945 -0.0100238 4.15206e-05 0.0100242 0.99995 -0.396022 0.405393 -1.23274
FixedParameters: 0 0 0

#Transform 163
Transform: AffineTransform_float_3_3
Parameters: 0.999994 0.00331755 0.000100811 -0.00331646 0.999913 -0.0127194 -0.000142193 0.0127186 0.999919 -0.400277 0.514366 -1.22983
FixedParameters: 0 0 0

#Transform 164
Transform: AffineTransform_float_3_3
Parameters: 0.999995 0.0033162 0.000254322 -0.00331281 0.999927 -0.0116689 -0.000292676 0.0116681 0.999932 -0.3861 0.353062 -1.26324
FixedParameters: 0 0 0

#Transform 165
Transform: AffineTransform_float_3_3
Parameters: 0.999994 0.00326471 0.000444947 -0.00325929 0.99992 -0.0122795 -0.000485058 0.0122785 0.999925 -0.400767 0.426169 -1.23129
FixedParameters: 0 0 0

#Transform 166
Transform: AffineTransform_float_3_3
Parameters: 0.999995 0.00335788 0.000464334 -0.00335213 0.999921 -0.0121216 -0.000504666 0.0121194 0.999927 -0.400937 0.42417 -1.19276
FixedParameters: 0 0 0

#Transform 167
Transform: AffineTransform_float_3_3
Parameters: 0.999996 0.0029984 0.00058952 -0.00299059 0.999922 -0.0121818 -0.000626472 0.0121792 0.999925 -0.381107 0.359047 -1.2657
FixedParameters: 0 0 0

#Transform 168
Transform: AffineTransform_float_3_3
Parameters: 0.999994 0.00313551 0.000837617 -0.00312549 0.99992 -0.0122627 -0.000876389 0.0122603 0.999924 -0.406223 0.440621 -1.22318
FixedParameters: 0 0 0

#Transform 169
Transform: AffineTransform_float_3_3
Parameters: 0.999994 0.0032241 0.000690816 -0.0032149 0.999913 -0.0127923 -0.000732184 0.0127907 0.999918 -0.411328 0.404802 -1.42219
FixedParameters: 0 0 0

#Transform 170
Transform: AffineTransform_float_3_3
Parameters: 0.999996 0.00275806 0.000427578 -0.00275193 0.999904 -0.0135832 -0.000465421 0.0135818 0.999907 -0.391678 0.462096 -1.43053
FixedParameters: 0 0 0

#Transform 171
Transform: AffineTransform_float_3_3
Parameters: 0.999997 0.00235404 -0.000148344 -0.00235596 0.999884 -0.0150067 0.000112657 0.0150073 0.999888 -0.386685 0.536175 -1.55343
FixedParameters: 0 0 0

#Transform 172
Transform: AffineTransform_float_3_3
Parameters: 0.999996 0.00256525 -0.00108018 -0.00258174 0.999886 -0.0148363 0.00104181 0.0148387 0.99989 -0.368359 0.394769 -1.46085
FixedParameters: 0 0 0

#Transform 173
Transform: AffineTransform_float_3_3
Parameters: 0.999996 0.00256507 -0.00113472 -0.00258193 0.999895 -0.0142681 0.00109827 0.0142709 0.999897 -0.344121 0.387729 -1.42768
FixedParameters: 0 0 0

#Transform 174
Transform: AffineTransform_float_3_3
Parameters: 0.999996 0.00288796 -0.000969627 -0.00290004 0.999915 -0.0126542 0.000933374 0.0126568 0.99992 -0.371042 0.33838 -1.3976
FixedParameters: 0 0 0

#Transform 175
Transform: AffineTransform_float_3_3
Parameters: 0.999994 0.00339904 -0.000711264 -0.00340796 0.999909 -0.0130037 0.000666735 0.0130063 0.999915 -0.393067 0.417274 -1.40476
FixedParameters: 0 0 0

#Transform 176
Transform: AffineTransform_float_3_3
Parameters: 0.999995 0.00325983 -0.000666323 -0.00326817 0.999915 -0.0126589 0.000624675 0.0126611 0.999919 -0.380299 0.315228 -1.4925
FixedParameters: 0 0 0

#Transform 177
Transform: AffineTransform_float_3_3
Parameters: 0.999993 0.00349804 -0.000774437 -0.00350796 0.999906 -0.0132544 0.000728561 0.0132576 0.999912 -0.395771 0.399817 -1.48705
FixedParameters: 0 0 0

#Transform 178
Transform: AffineTransform_float_3_3
Parameters: 0.999994 0.00344336 -0.000772303 -0.00345264 0.999911 -0.0128464 0.000728703 0.0128486 0.999917 -0.378724 0.345225 -1.47825
FixedParameters: 0 0 0

#Transform 179
Transform: AffineTransform_float_3_3
Parameters: 0.999994 0.00358552 -0.000571306 -0.00359248 0.999924 -0.011787 0.000528689 0.011789 0.999931 -0.385377 0.333096 -1.5308
FixedParameters: 0 0 0

#Transform 180
Transform: AffineTransform_float_3_3
Parameters: 0.999994 0.00346226 -0.00110886 -0.00347575 0.999914 -0.0126402 0.00106514 0.0126438 0.999919 -0.412352 0.424534 -1.38978
FixedParameters: 0 0 0

#Transform 181
Transform: AffineTransform_float_3_3
Parameters: 0.999996 0.00253394 -0.00035615 -0.00253805 0.999926 -0.0118881 0.00032585 0.0118889 0.99993 -0.337597 0.324902 -1.5729
FixedParameters: 0 0 0

#Transform 182
Transform: AffineTransform_float_3_3
Parameters: 0.999998 0.00231731 -0.000149119 -0.00231969 0.999919 -0.0125607 0.000119871 0.0125613 0.999921 -0.371334 0.304914 -1.55192
FixedParameters: 0 0 0

#Transform 183
Transform: AffineTransform_float_3_3
Parameters: 0.999996 0.00301681 -0.000337219 -0.00301919 0.999973 -0.00669902 0.00031678 0.00669999 0.999978 -0.388787 0.337884 -1.20069
FixedParameters: 0 0 0

#Transform 184
Transform: AffineTransform_float_3_3
Parameters: 0.999996 0.0026497 0.000809989 -0.0026463 0.999986 -0.00453716 -0.000822012 0.00453484 0.99999 -0.368231 0.31539 -1.18276
FixedParameters: 0 0 0

#Transform 185
Transform: AffineTransform_float_3_3
Parameters: 0.999993 0.00358738 0.000194076 -0.00358461 0.999931 -0.0111328 -0.000233921 0.0111322 0.999938 -0.453214 0.536968 -1.41186
FixedParameters: 0 0 0

#Transform 186
Transform: AffineTransform_float_3_3
Parameters: 0.999993 0.00368089 -0.000447274 -0.00368611 0.999921 -0.0120184 0.000402726 0.0120196 0.999927 -0.480477 0.445949 -1.31986
FixedParameters: 0 0 0

#Transform 187
Transform: AffineTransform_float_3_3
Parameters: 0.999995 0.00310523 0.000109483 -0.00310377 0.999947 -0.00982938 -0.000140513 0.00982861 0.999951 -0.45209 0.245999 -1.50399
FixedParameters: 0 0 0

#Transform 188
Transform: AffineTransform_float_3_3
Parameters: 0.999996 0.00271142 0.000403313 -0.00270658 0.999941 -0.0105891 -0.000431683 0.0105879 0.999944 -0.450652 0.286646 -1.37103
FixedParameters: 0 0 0

#Transform 189
Transform: AffineTransform_float_3_3
Parameters: 0.999992 0.00401829 0.000113995 -0.0040167 0.999945 -0.00970853 -0.000153 0.00970746 0.999953 -0.518625 0.363922 -1.27336
FixedParameters: 0 0 0

#Transform 190
Transform: AffineTransform_float_3_3
Parameters: 0.999992 0.00393936 -0.000167442 -0.00394064 0.999928 -0.0112784 0.000123564 0.0112786 0.999937 -0.497294 0.479905 -1.56414
FixedParameters: 0 0 0

#Transform 191
Transform: AffineTransform_float_3_3
Parameters: 0.999996 0.00301908 0.00028282 -0.00301592 0.999942 -0.0103329 -0.000314179 0.0103321 0.999946 -0.442383 0.372414 -1.72088
FixedParameters: 0 0 0

#Transform 192
Transform: AffineTransform_float_3_3
