# transform file /out/sourcedata/freesurfer/sub-v1s13x0050051_ses-1/mri/transforms/cc_up.lta
# created by oesteban on Sun Mar  8 18:21:10 2026

type      = 0 # LINEAR_VOX_TO_VOX
nxforms   = 1
mean      = 130.0000 129.0000 112.0000
sigma     = 10000.0000
1 4 4
9.999751448631287e-01 6.943971384316683e-03 -1.155725796706975e-03 -1.626568078994751e+00 
-6.943966727703810e-03 9.999758005142212e-01 8.025521310628392e-06 1.989751625061035e+01 
1.155753736384213e-03 -9.094945933527110e-13 9.999992847442627e-01 1.785098266601562e+01 
0.000000000000000e+00 0.000000000000000e+00 0.000000000000000e+00 1.000000000000000e+00 
src volume info
valid = 1  # volume info valid
filename = /out/sourcedata/freesurfer/sub-v1s13x0050051_ses-1/mri/norm.mgz
volume = 256 256 256
voxelsize = 1.000000000000000e+00 1.000000000000000e+00 1.000000000000000e+00
xras   = -9.999999403953552e-01 0.000000000000000e+00 0.000000000000000e+00
yras   = 0.000000000000000e+00 0.000000000000000e+00 -9.999999403953552e-01
zras   = 0.000000000000000e+00 9.999999403953552e-01 0.000000000000000e+00
cras   = 2.687294006347656e+00 1.050796508789062e+00 -9.760620117187500e+00
dst volume info
valid = 1  # volume info valid
filename = /out/sourcedata/freesurfer/sub-v1s13x0050051_ses-1/mri/norm.mgz
volume = 256 256 256
voxelsize = 1.000000000000000e+00 1.000000000000000e+00 1.000000000000000e+00
xras   = -9.999999403953552e-01 0.000000000000000e+00 0.000000000000000e+00
yras   = 0.000000000000000e+00 0.000000000000000e+00 -9.999999403953552e-01
zras   = 0.000000000000000e+00 9.999999403953552e-01 0.000000000000000e+00
cras   = 2.687294006347656e+00 1.050796508789062e+00 -9.760620117187500e+00
