#Insight Transform File V1.0
#Transform 0
Transform: AffineTransform_float_3_3
Parameters: 0.999998 0.000423193 0.00166619 -0.000416808 0.99999 -0.0043147 -0.00166781 0.0043143 0.99999 -0.232527 0.310505 -0.248629
FixedParameters: 0 0 0

#Transform 1
Transform: AffineTransform_float_3_3
Parameters: 0.999999 0.000616092 0.0013833 -0.000609908 0.99999 -0.00440085 -0.0013857 0.00439915 0.99999 -0.206444 0.294763 -0.350466
FixedParameters: 0 0 0

#Transform 2
Transform: AffineTransform_float_3_3
Parameters: 0.999999 6.16909e-06 0.00138599 1.69152e-07 0.99999 -0.00445101 -0.00138601 0.004451 0.999989 -0.198173 0.363182 -0.350897
FixedParameters: 0 0 0

#Transform 3
Transform: AffineTransform_float_3_3
Parameters: 1 0.0010496 8.41503e-05 -0.0010504 0.999988 0.00490592 -7.88477e-05 -0.00490609 0.999988 -0.0581381 -0.487237 -0.000243011
FixedParameters: 0 0 0

#Transform 4
Transform: AffineTransform_float_3_3
Parameters: 1 0.000396038 0.000245559 -0.00039696 0.999992 0.0039309 -0.000243441 -0.0039311 0.999992 0.0112907 -0.468965 0.0227919
FixedParameters: 0 0 0

#Transform 5
Transform: AffineTransform_float_3_3
Parameters: 1 -0.000100566 0.00019571 0.000100434 0.999996 0.00288802 -0.000196291 -0.00288798 0.999996 0.0480245 -0.344256 -0.0371649
FixedParameters: 0 0 0

#Transform 6
Transform: AffineTransform_float_3_3
Parameters: 1 -0.000106114 0.000462746 0.000104886 0.999997 0.00240605 -0.000463254 -0.00240595 0.999997 0.0486404 -0.353104 -0.121729
FixedParameters: 0 0 0

#Transform 7
Transform: AffineTransform_float_3_3
Parameters: 1 -0.000179261 0.000293841 0.000178739 0.999999 0.000887052 -0.000294159 -0.000886947 0.999999 0.0766671 -0.182907 -0.142961
FixedParameters: 0 0 0

#Transform 8
Transform: AffineTransform_float_3_3
Parameters: 1 -0.000413223 0.00029669 0.000412777 0.999999 0.000751122 -0.00029631 -0.000750877 0.999999 0.0822103 -0.208673 -0.159751
FixedParameters: 0 0 0

#Transform 9
Transform: AffineTransform_float_3_3
Parameters: 1 -0.000272257 0.000338793 0.000272742 0.999999 0.000759092 -0.000339207 -0.000758907 0.999999 0.0777583 -0.189077 -0.130617
FixedParameters: 0 0 0

#Transform 10
Transform: AffineTransform_float_3_3
Parameters: 1 -0.000509028 0.000217934 0.000508971 1 0.000130111 -0.000218066 -0.000129889 1 0.087998 -0.12149 -0.112758
FixedParameters: 0 0 0

#Transform 11
Transform: AffineTransform_float_3_3
Parameters: 1 -0.000272176 0.000592919 0.000271824 1 0.000297161 -0.00059308 -0.000296839 1 0.0409403 -0.155585 -0.141439
FixedParameters: 0 0 0

#Transform 12
Transform: AffineTransform_float_3_3
Parameters: 1 -0.000219056 0.000542977 0.000218945 1 0.000102119 -0.000543022 -0.000102881 1 0.0385466 -0.0831758 -0.0944771
FixedParameters: 0 0 0

#Transform 13
Transform: AffineTransform_float_3_3
Parameters: 1 -0.000271925 0.000398051 0.000272075 1 -0.000188892 -0.000397948 0.000189108 1 0.0473864 -0.0693828 -0.021841
FixedParameters: 0 0 0

#Transform 14
Transform: AffineTransform_float_3_3
Parameters: 1 -0.000272236 0.000435852 0.000271764 1 0.000542118 -0.000435147 -0.000541881 1 0.043569 -0.196709 0.0709929
FixedParameters: 0 0 0

#Transform 15
Transform: AffineTransform_float_3_3
Parameters: 1 -0.000272196 0.000218756 0.000271804 0.999999 0.000895059 -0.000219243 -0.00089494 0.999999 0.0105949 -0.233462 0.023268
FixedParameters: 0 0 0

#Transform 16
Transform: AffineTransform_float_3_3
Parameters: 1 -0.000272261 0.000481852 0.000272739 1 0.000542131 -0.000482148 -0.000541869 0.999999 -0.016748 -0.197446 -0.0704597
FixedParameters: 0 0 0

#Transform 17
Transform: AffineTransform_float_3_3
Parameters: 1 -4.0012e-05 -7.69938e-05 3.9988e-05 1 -0.000156003 7.70062e-05 0.000155997 1 0.00499221 -0.0103499 -0.0477998
FixedParameters: 0 0 0

#Transform 18
Transform: AffineTransform_float_3_3
Parameters: 1 8.80067e-05 3.2982e-05 -8.79933e-05 1 -0.000204003 -3.3018e-05 0.000203997 1 -0.00486453 -0.0139362 -0.0597453
FixedParameters: 0 0 0

#Transform 19
Transform: AffineTransform_float_3_3
Parameters: 1 -0.000271984 -7.70558e-05 0.000272016 1 0.000204979 7.69442e-05 -0.000205021 1 -0.00463979 -0.0577181 -0.0705124
FixedParameters: 0 0 0

#Transform 20
Transform: AffineTransform_float_3_3
Parameters: 1 -8.80157e-05 -7.6982e-05 8.79843e-05 1 -0.000204007 7.70179e-05 0.000203993 1 0.00859135 0.00960182 -0.038725
FixedParameters: 0 0 0

#Transform 21
Transform: AffineTransform_float_3_3
Parameters: 1 0.000719146 -0.000817118 -0.000716856 0.999997 0.00262259 0.000818883 -0.00262241 0.999996 -0.00688892 -0.225923 -0.0194391
FixedParameters: 0 0 0

#Transform 22
Transform: AffineTransform_float_3_3
Parameters: 1 0.000677947 1.16482e-05 -0.000678055 0.999986 0.00538099 -8.3515e-06 -0.00538101 0.999985 0.0513746 -0.657512 0.127485
FixedParameters: 0 0 0

#Transform 23
Transform: AffineTransform_float_3_3
Parameters: 1 0.000338308 -0.000130202 -0.000337692 0.999997 0.00236004 0.000130797 -0.00235996 0.999997 0.0601777 -0.360991 0.184482
FixedParameters: 0 0 0

#Transform 24
Transform: AffineTransform_float_3_3
Parameters: 1 0.000447393 -0.000495746 -0.000445609 0.999996 0.00280622 0.000496252 -0.00280578 0.999996 0.054033 -0.37132 0.152346
FixedParameters: 0 0 0

#Transform 25
Transform: AffineTransform_float_3_3
Parameters: 1 0.000633673 -0.000258355 -0.000633327 0.999996 0.00259716 0.000259645 -0.00259683 0.999996 0.0178251 -0.317066 0.190331
FixedParameters: 0 0 0

#Transform 26
Transform: AffineTransform_float_3_3
Parameters: 1 0.000503189 -0.000495796 -0.000501813 0.999997 0.00239525 0.000496203 -0.00239475 0.999997 0.0112752 -0.339921 0.120356
FixedParameters: 0 0 0

#Transform 27
Transform: AffineTransform_float_3_3
Parameters: 1 0.000304872 -0.000496466 -0.000304129 0.999999 0.00175515 0.000496535 -0.00175585 0.999999 0.0366172 -0.297899 0.0843958
FixedParameters: 0 0 0

#Transform 28
Transform: AffineTransform_float_3_3
Parameters: 1 0.000359016 -3.5837e-05 -0.000358984 1 0.000454013 3.5163e-05 -0.000453987 1 0.0093184 -0.166715 0.0620025
FixedParameters: 0 0 0

#Transform 29
Transform: AffineTransform_float_3_3
Parameters: 1 0.000472833 0.00010277 -0.000473167 0.999998 0.00162795 -0.00010223 -0.00162805 0.999998 -0.00635943 -0.236525 0.0480871
FixedParameters: 0 0 0

#Transform 30
Transform: AffineTransform_float_3_3
Parameters: 1 0.000564127 -0.000165567 -0.000563872 0.999999 0.000767093 0.000166432 -0.000766906 0.999999 0.0180235 -0.190989 0.0748046
FixedParameters: 0 0 0

#Transform 31
Transform: AffineTransform_float_3_3
Parameters: 1 0.000564269 -0.000351567 -0.00056373 0.999999 0.000767198 0.000351432 -0.000766801 0.999999 0.0246469 -0.157524 0.123308
FixedParameters: 0 0 0

#Transform 32
Transform: AffineTransform_float_3_3
Parameters: 1 0.000359126 -0.000135667 -0.000358873 0.999999 0.000928048 0.000136333 -0.00092795 0.999999 0.0151298 -0.218191 0.0997774
FixedParameters: 0 0 0

#Transform 33
Transform: AffineTransform_float_3_3
Parameters: 1 0.000229977 -0.00017503 -0.000230023 1 -0.00012896 0.00017497 0.00012904 1 0.030773 -0.119564 0.147043
FixedParameters: 0 0 0

#Transform 34
Transform: AffineTransform_float_3_3
Parameters: 1 0.000224995 -0.000137008 -0.000225005 1 -3.59692e-05 0.000136992 3.60308e-05 1 0.0170528 -0.11675 0.180162
FixedParameters: 0 0 0

#Transform 35
Transform: AffineTransform_float_3_3
Parameters: 1 0.000162121 -0.000242919 -0.000161879 1 0.000498039 0.000243081 -0.00049796 1 0.0150537 -0.198853 0.131185
FixedParameters: 0 0 0

#Transform 36
Transform: AffineTransform_float_3_3
Parameters: 1 0.000162119 -0.000201904 -0.000161881 1 0.000591032 0.000202096 -0.000590967 1 0.0137955 -0.187338 0.0478942
FixedParameters: 0 0 0

#Transform 37
Transform: AffineTransform_float_3_3
Parameters: 1 0.000161986 -8.60266e-05 -0.000162014 1 -0.000163986 8.59734e-05 0.000164014 1 0.0282179 -0.0731514 0.0973294
FixedParameters: 0 0 0

#Transform 38
Transform: AffineTransform_float_3_3
Parameters: 1 -9.40019e-05 1.49878e-05 9.3998e-05 1 0.000130001 -1.50122e-05 -0.000129999 1 0.0317854 -0.148833 0.077367
FixedParameters: 0 0 0

#Transform 39
Transform: AffineTransform_float_3_3
Parameters: 1 -7.09484e-05 -4.20872e-05 7.10515e-05 0.999999 0.001228 4.19128e-05 -0.001228 0.999999 0.0392417 -0.267277 0.0233064
FixedParameters: 0 0 0

#Transform 40
Transform: AffineTransform_float_3_3
Parameters: 1 0.000161947 0.00010608 -0.000162053 1 0.000496983 -0.000105919 -0.000497017 1 0.0133982 -0.177178 -0.0806419
FixedParameters: 0 0 0

#Transform 41
Transform: AffineTransform_float_3_3
Parameters: 1 0.000161993 -7.00164e-05 -0.000162007 1 -0.000100989 6.99836e-05 0.000101011 1 0.0297596 -0.112029 -0.0826956
FixedParameters: 0 0 0

#Transform 42
Transform: AffineTransform_float_3_3
Parameters: 1 0.000162219 0.000307884 -0.000161781 0.999999 -0.000712049 -0.000308115 0.00071195 0.999999 0.0159091 -0.073584 -0.00543821
FixedParameters: 0 0 0

#Transform 43
Transform: AffineTransform_float_3_3
Parameters: 0.999999 0.000162965 0.000789801 -0.000162034 0.999999 -0.00122213 -0.000790198 0.00122187 0.999999 -0.0530588 -0.0470677 -0.0208999
FixedParameters: 0 0 0

#Transform 44
Transform: AffineTransform_float_3_3
Parameters: 1 0.000162403 0.000448855 -0.000161597 0.999999 -0.000897073 -0.000449145 0.000896927 1 -0.0698151 -0.0373042 -0.100859
FixedParameters: 0 0 0

#Transform 45
Transform: AffineTransform_float_3_3
Parameters: 0.999999 0.000586846 0.000447894 -0.000586154 0.999998 -0.00188626 -0.000449107 0.00188674 0.999998 -0.0994104 0.0624482 -0.0731905
FixedParameters: 0 0 0

#Transform 46
Transform: AffineTransform_float_3_3
Parameters: 1 0.000956705 0.000447497 -0.000956296 0.999999 -0.00157143 -0.000449503 0.00157057 0.999998 -0.0926934 0.113372 0.033533
FixedParameters: 0 0 0

#Transform 47
Transform: AffineTransform_float_3_3
Parameters: 1 0.0010627 0.000447331 -0.0010623 0.999998 -0.00157148 -0.000449669 0.00157052 0.999998 -0.0744414 0.0968891 0.00020992
FixedParameters: 0 0 0

#Transform 48
Transform: AffineTransform_float_3_3
Parameters: 1 0.000570129 0.000802199 -0.000568872 0.999999 -0.00140646 -0.000802801 0.00140654 0.999998 -0.0840342 0.045397 -0.0745304
FixedParameters: 0 0 0

#Transform 49
Transform: AffineTransform_float_3_3
Parameters: 0.999999 0.000659115 0.000709965 -0.000657883 0.999998 -0.00157147 -0.000711034 0.00157053 0.999998 -0.0827561 0.0393237 -0.132719
FixedParameters: 0 0 0

#Transform 50
Transform: AffineTransform_float_3_3
Parameters: 1 0.000451176 0.000891406 -0.000449825 0.999999 -0.0013184 -0.000891594 0.0013186 0.999998 -0.0778527 0.0451363 -0.158277
FixedParameters: 0 0 0

#Transform 51
Transform: AffineTransform_float_3_3
Parameters: 1 0.000961296 0.000710251 -0.000959705 0.999998 -0.00182168 -0.00071175 0.00182132 0.999998 -0.0869093 0.0933679 -0.0860045
FixedParameters: 0 0 0

#Transform 52
Transform: AffineTransform_float_3_3
Parameters: 0.999999 0.00136005 0.000709984 -0.00135895 0.999998 -0.00148297 -0.000712015 0.00148203 0.999998 -0.137687 0.0707149 -0.0751484
FixedParameters: 0 0 0

#Transform 53
Transform: AffineTransform_float_3_3
Parameters: 0.999999 0.00135969 0.000545291 -0.00135931 0.999999 -0.00125774 -0.00054671 0.00125726 0.999999 -0.128294 0.0334206 -0.171266
FixedParameters: 0 0 0

#Transform 54
Transform: AffineTransform_float_3_3
Parameters: 0.999999 0.0013597 0.000305898 -0.0013593 0.999997 -0.00228242 -0.000309104 0.00228258 0.999998 -0.114363 0.131292 -0.122358
FixedParameters: 0 0 0

#Transform 55
Transform: AffineTransform_float_3_3
Parameters: 0.999999 0.00135975 0.000305684 -0.00135925 0.999996 -0.00243942 -0.000308316 0.00243858 0.999997 -0.114285 0.165553 -0.027669
FixedParameters: 0 0 0

#Transform 56
Transform: AffineTransform_float_3_3
Parameters: 0.999998 0.00136141 0.000977653 -0.00135859 0.999996 -0.00246133 -0.000981346 0.00245967 0.999997 -0.153086 0.157147 -0.011227
FixedParameters: 0 0 0

#Transform 57
Transform: AffineTransform_float_3_3
Parameters: 0.999998 0.00136129 0.00110318 -0.00135871 0.999997 -0.0020755 -0.00110582 0.0020735 0.999997 -0.16039 0.125326 -0.0537057
FixedParameters: 0 0 0

#Transform 58
Transform: AffineTransform_float_3_3
Parameters: 0.999999 0.00135955 0.000725975 -0.00135845 0.999999 -0.000754987 -0.000727025 0.000754013 1 -0.160341 0.0494444 -0.142902
FixedParameters: 0 0 0

#Transform 59
Transform: AffineTransform_float_3_3
Parameters: 0.999998 0.00160852 0.000545463 -0.00160748 0.999999 -0.000955879 -0.000547536 0.000955121 1 -0.149043 0.103815 -0.0981598
FixedParameters: 0 0 0

#Transform 60
Transform: AffineTransform_float_3_3
Parameters: 0.999999 0.00136001 0.000544474 -0.00135899 0.999998 -0.00185874 -0.000547525 0.00185726 0.999998 -0.128139 0.151162 -0.0267443
FixedParameters: 0 0 0

#Transform 61
Transform: AffineTransform_float_3_3
Parameters: 0.999999 0.000828064 0.00102814 -0.000826936 0.999999 -0.00103485 -0.00102886 0.00103415 0.999999 -0.124842 0.0787376 -0.101533
FixedParameters: 0 0 0

#Transform 62
Transform: AffineTransform_float_3_3
Parameters: 1 0.000958593 0.000566999 -0.000957407 0.999999 -0.00104554 -0.000568001 0.00104446 1 -0.0965777 0.0635706 -0.144048
FixedParameters: 0 0 0

#Transform 63
Transform: AffineTransform_float_3_3
Parameters: 0.999999 0.00093549 0.00088042 -0.000933511 0.999998 -0.00169082 -0.00088158 0.00169018 0.999998 -0.120921 0.163209 -0.102141
FixedParameters: 0 0 0

#Transform 64
Transform: AffineTransform_float_3_3
Parameters: 1 0.000934942 0.000772863 -0.000934058 0.999999 -0.00121772 -0.000774138 0.00121728 0.999999 -0.119304 0.103918 -0.115555
FixedParameters: 0 0 0

#Transform 65
Transform: AffineTransform_float_3_3
Parameters: 0.999999 0.00088211 0.000881892 -0.00088089 0.999999 -0.00125778 -0.000883109 0.00125722 0.999999 -0.128064 0.10633 -0.149415
FixedParameters: 0 0 0

#Transform 66
Transform: AffineTransform_float_3_3
Parameters: 0.999999 0.000935032 0.000859879 -0.000933969 0.999999 -0.0011998 -0.000860121 0.0011992 0.999999 -0.131085 0.139475 -0.112887
FixedParameters: 0 0 0

#Transform 67
Transform: AffineTransform_float_3_3
Parameters: 1 0.000934613 0.000663139 -0.000933389 0.999999 -0.00092262 -0.000663862 0.000922381 1 -0.145311 0.0556792 -0.162517
FixedParameters: 0 0 0

#Transform 68
Transform: AffineTransform_float_3_3
Parameters: 0.999999 0.00098926 0.000802451 -0.000987741 0.999999 -0.0015678 -0.00080455 0.00156721 0.999999 -0.148692 0.122647 -0.155852
FixedParameters: 0 0 0

#Transform 69
Transform: AffineTransform_float_3_3
Parameters: 0.999998 0.00125731 0.00106245 -0.00125569 0.999999 -0.00123534 -0.00106355 0.00123366 0.999998 -0.156555 0.157743 -0.081448
FixedParameters: 0 0 0

#Transform 70
Transform: AffineTransform_float_3_3
Parameters: 0.999998 0.00128766 0.00101717 -0.00128734 0.999999 -0.00064531 -0.00101783 0.00064469 1 -0.154377 0.108849 -0.109429
FixedParameters: 0 0 0

#Transform 71
Transform: AffineTransform_float_3_3
Parameters: 0.999999 0.00116578 0.000871965 -0.00116422 0.999999 -0.000889016 -0.000873035 0.000887983 0.999999 -0.165575 0.123061 -0.126651
FixedParameters: 0 0 0

#Transform 72
Transform: AffineTransform_float_3_3
Parameters: 0.999998 0.00116293 0.00114905 -0.00116107 0.999998 -0.00167534 -0.00115095 0.00167366 0.999998 -0.160262 0.168263 -0.0870657
FixedParameters: 0 0 0

#Transform 73
Transform: AffineTransform_float_3_3
Parameters: 0.999999 0.00111361 0.000961137 -0.00111239 0.999998 -0.00167507 -0.000962864 0.00167393 0.999998 -0.15238 0.168264 -0.0870164
FixedParameters: 0 0 0

#Transform 74
Transform: AffineTransform_float_3_3
Parameters: 0.999999 0.000935487 0.00107671 -0.000933513 0.999998 -0.00138101 -0.00107729 0.00137999 0.999999 -0.165122 0.14175 -0.111374
FixedParameters: 0 0 0

#Transform 75
Transform: AffineTransform_float_3_3
Parameters: 0.999999 0.000935614 0.00124979 -0.000933386 0.999998 -0.00129217 -0.00125021 0.00129083 0.999999 -0.168458 0.102941 -0.155458
FixedParameters: 0 0 0

#Transform 76
Transform: AffineTransform_float_3_3
Parameters: 0.999999 0.000935907 0.00109738 -0.000934094 0.999998 -0.00173703 -0.00109862 0.00173597 0.999998 -0.172082 0.153914 -0.161441
FixedParameters: 0 0 0

#Transform 77
Transform: AffineTransform_float_3_3
Parameters: 0.999999 0.000935696 0.00106852 -0.000933306 0.999999 -0.001586 -0.00106948 0.001585 0.999998 -0.180702 0.132971 -0.117092
FixedParameters: 0 0 0

#Transform 78
Transform: AffineTransform_float_3_3
Parameters: 0.999999 0.00093645 0.000947586 -0.00093355 0.999996 -0.00258189 -0.000950413 0.00258111 0.999996 -0.178569 0.190364 -0.113038
FixedParameters: 0 0 0

#Transform 79
Transform: AffineTransform_float_3_3
Parameters: 0.999999 0.000765164 0.00123566 -0.000763835 0.999998 -0.00175095 -0.00123734 0.00175005 0.999997 -0.19286 0.0923005 -0.169327
FixedParameters: 0 0 0

#Transform 80
Transform: AffineTransform_float_3_3
Parameters: 0.999999 0.000936038 0.00111629 -0.000933962 0.999998 -0.00182504 -0.00111771 0.00182396 0.999997 -0.188527 0.0784596 -0.224123
FixedParameters: 0 0 0

#Transform 81
Transform: AffineTransform_float_3_3
Parameters: 0.999999 0.000936038 0.00111629 -0.000933962 0.999998 -0.00182504 -0.00111771 0.00182396 0.999997 -0.179649 0.115577 -0.178093
FixedParameters: 0 0 0

#Transform 82
Transform: AffineTransform_float_3_3
Parameters: 0.999999 0.00110098 0.00111605 -0.00109902 0.999998 -0.00177323 -0.00111795 0.00177177 0.999998 -0.200073 0.126862 -0.144601
FixedParameters: 0 0 0

#Transform 83
Transform: AffineTransform_float_3_3
Parameters: 0.999999 0.000936466 0.00111594 -0.000933534 0.999997 -0.00220804 -0.00111806 0.00220696 0.999997 -0.188421 0.163704 -0.200505
FixedParameters: 0 0 0

#Transform 84
Transform: AffineTransform_float_3_3
Parameters: 0.999999 0.000936677 0.00111576 -0.000933322 0.999996 -0.00239704 -0.00111824 0.00239695 0.999996 -0.1884 0.1909 -0.204885
FixedParameters: 0 0 0

#Transform 85
Transform: AffineTransform_float_3_3
Parameters: 0.999998 0.0011346 0.00111536 -0.0011314 0.999996 -0.00233226 -0.00111764 0.00233073 0.999996 -0.214028 0.186878 -0.139452
FixedParameters: 0 0 0

#Transform 86
Transform: AffineTransform_float_3_3
Parameters: 0.999998 0.00118768 0.00111516 -0.00118532 0.999997 -0.00239733 -0.00111785 0.00239668 0.999997 -0.213256 0.19059 -0.164277
FixedParameters: 0 0 0

#Transform 87
Transform: AffineTransform_float_3_3
Parameters: 0.999998 0.00138312 0.00138188 -0.00138088 0.999997 -0.00225591 -0.00138512 0.00225409 0.999996 -0.238969 0.182275 -0.183302
FixedParameters: 0 0 0

#Transform 88
Transform: AffineTransform_float_3_3
Parameters: 0.999998 0.000938503 0.0016194 -0.000933498 0.999995 -0.00277952 -0.0016216 0.00277748 0.999995 -0.225139 0.240706 -0.148678
FixedParameters: 0 0 0

#Transform 89
Transform: AffineTransform_float_3_3
Parameters: 0.999999 0.000936732 0.0010636 -0.000933267 0.999997 -0.002566 -0.0010664 0.002565 0.999996 -0.202537 0.236974 -0.163445
FixedParameters: 0 0 0

#Transform 90
Transform: AffineTransform_float_3_3
Parameters: 0.999999 0.00112916 0.0013183 -0.00112684 0.999997 -0.00239749 -0.00132171 0.00239651 0.999997 -0.197752 0.163701 -0.216395
FixedParameters: 0 0 0

#Transform 91
Transform: AffineTransform_float_3_3
Parameters: 0.999999 0.000938025 0.00122994 -0.000933975 0.999994 -0.00326915 -0.00123306 0.00326785 0.999994 -0.193496 0.277082 -0.130702
FixedParameters: 0 0 0

#Transform 92
Transform: AffineTransform_float_3_3
Parameters: 0.999998 0.000938581 0.00127665 -0.000933422 0.999993 -0.0035832 -0.00127935 0.0035828 0.999993 -0.192495 0.262469 -0.115751
FixedParameters: 0 0 0

#Transform 93
Transform: AffineTransform_float_3_3
Parameters: 0.999999 0.000814753 0.00134774 -0.000810247 0.999996 -0.0027821 -0.00135026 0.0027819 0.999995 -0.191964 0.173582 -0.188572
FixedParameters: 0 0 0

#Transform 94
Transform: AffineTransform_float_3_3
Parameters: 0.999999 0.000818317 0.00106947 -0.000814685 0.999995 -0.00309787 -0.00107153 0.00309712 0.999994 -0.17545 0.219705 -0.192589
FixedParameters: 0 0 0

#Transform 95
Transform: AffineTransform_float_3_3
Parameters: 0.999999 0.000936955 0.00112054 -0.000934046 0.999996 -0.00263505 -0.00112246 0.00263395 0.999996 -0.187859 0.1804 -0.186298
FixedParameters: 0 0 0

#Transform 96
Transform: AffineTransform_float_3_3
Parameters: 0.999999 0.000937105 0.00118655 -0.000933893 0.999996 -0.00261511 -0.00118945 0.00261389 0.999996 -0.176917 0.165628 -0.215608
FixedParameters: 0 0 0

#Transform 97
Transform: AffineTransform_float_3_3
Parameters: 0.999999 0.000937066 0.000918883 -0.000933937 0.999994 -0.00333186 -0.000921116 0.00333014 0.999994 -0.179271 0.220634 -0.208959
FixedParameters: 0 0 0

#Transform 98
Transform: AffineTransform_float_3_3
Parameters: 0.999999 0.000937627 0.0011691 -0.000933374 0.999995 -0.00309809 -0.0011719 0.0030979 0.999994 -0.179227 0.223765 -0.176428
FixedParameters: 0 0 0

#Transform 99
Transform: AffineTransform_float_3_3
Parameters: 0.999999 0.000740607 0.00134502 -0.000736393 0.999996 -0.00267999 -0.00134698 0.002679 0.999995 -0.180538 0.150244 -0.247535
FixedParameters: 0 0 0

#Transform 100
Transform: AffineTransform_float_3_3
Parameters: 0.999999 0.000937137 0.00116949 -0.000933864 0.999996 -0.00268009 -0.00117151 0.0026789 0.999995 -0.163837 0.171137 -0.263432
FixedParameters: 0 0 0

#Transform 101
Transform: AffineTransform_float_3_3
Parameters: 0.999999 0.000528809 0.00142059 -0.000525193 0.999997 -0.00267975 -0.00142141 0.00267925 0.999996 -0.159997 0.170904 -0.23129
FixedParameters: 0 0 0

#Transform 102
Transform: AffineTransform_float_3_3
Parameters: 0.999999 0.000767056 0.00117 -0.000764943 0.999997 -0.0026109 -0.001172 0.0026091 0.999996 -0.155076 0.123254 -0.26971
FixedParameters: 0 0 0

#Transform 103
Transform: AffineTransform_float_3_3
Parameters: 0.999999 0.000644091 0.00134352 -0.00064091 0.999997 -0.00229986 -0.00134448 0.00229914 0.999996 -0.163432 0.105534 -0.288403
FixedParameters: 0 0 0

#Transform 104
Transform: AffineTransform_float_3_3
Parameters: 0.999999 0.000574876 0.00117059 -0.000572124 0.999997 -0.00245667 -0.00117141 0.00245533 0.999997 -0.14595 0.151118 -0.240481
FixedParameters: 0 0 0

#Transform 105
Transform: AffineTransform_float_3_3
Parameters: 0.999999 0.000679751 0.00117041 -0.000677251 0.999997 -0.00234879 -0.00117159 0.0023482 0.999996 -0.153871 0.15457 -0.250912
FixedParameters: 0 0 0

#Transform 106
Transform: AffineTransform_float_3_3
Parameters: 0.999999 0.000783029 0.00116998 -0.000779974 0.999997 -0.00258692 -0.00117102 0.00258609 0.999996 -0.161942 0.168225 -0.256367
FixedParameters: 0 0 0

#Transform 107
Transform: AffineTransform_float_3_3
Parameters: 0.999999 0.000629138 0.00117032 -0.000625863 0.999996 -0.00267973 -0.00117168 0.00267927 0.999995 -0.153083 0.214966 -0.211773
FixedParameters: 0 0 0

#Transform 108
Transform: AffineTransform_float_3_3
Parameters: 0.999999 0.000569139 0.00117048 -0.000565863 0.999996 -0.00267966 -0.00117152 0.00267934 0.999995 -0.152318 0.187765 -0.23686
FixedParameters: 0 0 0

#Transform 109
Transform: AffineTransform_float_3_3
Parameters: 0.999999 0.000524514 0.00117043 -0.000520489 0.999996 -0.00299961 -0.00117157 0.00299939 0.999995 -0.148334 0.235163 -0.222763
FixedParameters: 0 0 0

#Transform 110
Transform: AffineTransform_float_3_3
Parameters: 1 0.000344359 0.00117102 -0.000340642 0.999996 -0.0028664 -0.00117198 0.0028666 0.999995 -0.149192 0.192927 -0.222726
FixedParameters: 0 0 0

#Transform 111
Transform: AffineTransform_float_3_3
Parameters: 0.999999 0.000406536 0.00117078 -0.000402467 0.999996 -0.00301847 -0.00117122 0.00301853 0.999995 -0.150099 0.178457 -0.261509
FixedParameters: 0 0 0

#Transform 112
Transform: AffineTransform_float_3_3
Parameters: 1 0.000285697 0.00117111 -0.000281304 0.999995 -0.00315533 -0.00117189 0.00315567 0.999995 -0.131706 0.235492 -0.19722
FixedParameters: 0 0 0

#Transform 113
Transform: AffineTransform_float_3_3
Parameters: 1 0.000284139 0.00117124 -0.000280862 0.999997 -0.00267933 -0.00117176 0.00267867 0.999995 -0.133413 0.206665 -0.202065
FixedParameters: 0 0 0

#Transform 114
Transform: AffineTransform_float_3_3
Parameters: 0.999999 0.000303112 0.00123324 -0.000299889 0.999997 -0.00252237 -0.00123376 0.00252263 0.999996 -0.143138 0.173136 -0.24755
FixedParameters: 0 0 0

#Transform 115
Transform: AffineTransform_float_3_3
Parameters: 0.999999 0.000181576 0.00133452 -0.000178423 0.999996 -0.00267924 -0.00133548 0.00267876 0.999995 -0.137052 0.203408 -0.225474
FixedParameters: 0 0 0

#Transform 116
Transform: AffineTransform_float_3_3
Parameters: 1 0.000257139 0.00117132 -0.000253862 0.999997 -0.0026793 -0.00117168 0.0026787 0.999995 -0.1176 0.17901 -0.263546
FixedParameters: 0 0 0

#Transform 117
Transform: AffineTransform_float_3_3
Parameters: 1 0.000171139 0.00117155 -0.000167862 0.999997 -0.0026792 -0.00117145 0.0026788 0.999995 -0.125952 0.198492 -0.2545
FixedParameters: 0 0 0

#Transform 118
Transform: AffineTransform_float_3_3
Parameters: 0.999998 6.50847e-05 0.00170681 -5.99144e-05 0.999995 -0.00297911 -0.00170719 0.00297889 0.999994 -0.143948 0.215781 -0.224055
FixedParameters: 0 0 0

#Transform 119
Transform: AffineTransform_float_3_3
Parameters: 0.999999 0.000116389 0.00154467 -0.000112613 0.999996 -0.00284118 -0.00154433 0.00284082 0.999995 -0.132869 0.179607 -0.222108
FixedParameters: 0 0 0

#Transform 120
Transform: AffineTransform_float_3_3
Parameters: 1 0.000115484 0.00117166 -0.000112518 0.999995 -0.00297313 -0.00117134 0.00297287 0.999995 -0.115722 0.207437 -0.248772
FixedParameters: 0 0 0

#Transform 121
Transform: AffineTransform_float_3_3
Parameters: 0.999999 -0.00016582 0.00151757 0.000171178 0.999994 -0.00341374 -0.00151642 0.00341426 0.999993 -0.120532 0.240981 -0.224994
FixedParameters: 0 0 0

#Transform 122
Transform: AffineTransform_float_3_3
Parameters: 1 0.000116189 0.00117159 -0.000112813 0.999993 -0.00357513 -0.00117141 0.00357486 0.999993 -0.104468 0.250174 -0.247414
FixedParameters: 0 0 0

#Transform 123
Transform: AffineTransform_float_3_3
Parameters: 0.999998 0.000118515 0.00173157 -0.000112485 0.999993 -0.0037612 -0.00173244 0.0037618 0.999992 -0.154063 0.272594 -0.220604
FixedParameters: 0 0 0

#Transform 124
Transform: AffineTransform_float_3_3
Parameters: 0.999998 -1.3883e-05 0.00173207 2.11166e-05 0.999991 -0.00410897 -0.00173193 0.00410903 0.99999 -0.162548 0.302713 -0.172057
FixedParameters: 0 0 0

#Transform 125
Transform: AffineTransform_float_3_3
Parameters: 0.999998 0.000118892 0.00173154 -0.000112107 0.999992 -0.0039792 -0.00173246 0.0039798 0.99999 -0.156814 0.289816 -0.181986
FixedParameters: 0 0 0

#Transform 126
Transform: AffineTransform_float_3_3
Parameters: 0.999999 0.000117242 0.00147859 -0.000112756 0.999993 -0.00354517 -0.00147941 0.00354483 0.999992 -0.141995 0.240913 -0.22227
FixedParameters: 0 0 0

#Transform 127
Transform: AffineTransform_float_3_3
Parameters: 0.999998 0.000118801 0.00173155 -0.000112199 0.999993 -0.0039262 -0.00173245 0.0039268 0.999991 -0.145315 0.287828 -0.196159
FixedParameters: 0 0 0

#Transform 128
Transform: AffineTransform_float_3_3
Parameters: 0.999998 0.000118892 0.00173154 -0.000112107 0.999992 -0.0039792 -0.00173246 0.0039798 0.99999 -0.156676 0.277062 -0.201106
FixedParameters: 0 0 0

#Transform 129
Transform: AffineTransform_float_3_3
Parameters: 0.999999 -3.91751e-05 0.00149516 4.48242e-05 0.999993 -0.00389594 -0.00149484 0.00389607 0.999992 -0.147165 0.256973 -0.245182
FixedParameters: 0 0 0

#Transform 130
Transform: AffineTransform_float_3_3
Parameters: 0.999998 -0.000110107 0.00173245 0.000116891 0.999992 -0.0039788 -0.00173155 0.0039792 0.99999 -0.142845 0.282009 -0.238468
FixedParameters: 0 0 0

#Transform 131
Transform: AffineTransform_float_3_3
Parameters: 0.999998 -0.000160396 0.00161557 0.000165605 0.999994 -0.00346874 -0.00161543 0.00346926 0.999992 -0.123711 0.219232 -0.260415
FixedParameters: 0 0 0

#Transform 132
Transform: AffineTransform_float_3_3
Parameters: 0.999999 0.000116474 0.0012896 -0.000112524 0.999994 -0.00346915 -0.0012904 0.00346885 0.999993 -0.10803 0.20657 -0.276713
FixedParameters: 0 0 0

#Transform 133
Transform: AffineTransform_float_3_3
Parameters: 0.999999 -0.000172579 0.00129074 0.000178422 0.999991 -0.00420078 -0.00129026 0.00420123 0.999991 -0.0978782 0.25869 -0.251951
FixedParameters: 0 0 0

#Transform 134
Transform: AffineTransform_float_3_3
Parameters: 0.999999 0.000116878 0.00128957 -0.00011212 0.999993 -0.00378215 -0.00129043 0.00378185 0.999992 -0.0895006 0.180899 -0.28004
FixedParameters: 0 0 0

#Transform 135
Transform: AffineTransform_float_3_3
Parameters: 0.999998 -0.000328926 0.00166941 0.000336077 0.999991 -0.00423944 -0.00166859 0.00423955 0.999989 -0.109611 0.216408 -0.286393
FixedParameters: 0 0 0

#Transform 136
Transform: AffineTransform_float_3_3
Parameters: 0.999999 -0.000284694 0.00150521 0.000291306 0.999991 -0.00419157 -0.00150379 0.00419143 0.99999 -0.0933019 0.239309 -0.248394
FixedParameters: 0 0 0

#Transform 137
Transform: AffineTransform_float_3_3
Parameters: 0.999999 -0.000285374 0.00138317 0.000291626 0.999991 -0.0040696 -0.00138182 0.0040694 0.999991 -0.0915045 0.216588 -0.270926
FixedParameters: 0 0 0

#Transform 138
Transform: AffineTransform_float_3_3
Parameters: 0.999998 -0.000209996 0.00160779 0.000216006 0.999993 -0.00373566 -0.0016072 0.00373534 0.999991 -0.10554 0.228718 -0.234498
FixedParameters: 0 0 0

#Transform 139
Transform: AffineTransform_float_3_3
Parameters: 0.999998 -0.000158231 0.00160758 0.00016477 0.999993 -0.00358874 -0.00160742 0.00358926 0.999993 -0.12603 0.227599 -0.205289
FixedParameters: 0 0 0

#Transform 140
Transform: AffineTransform_float_3_3
Parameters: 0.999998 -0.000285526 0.00160798 0.000291473 0.999994 -0.00340454 -0.00160702 0.00340546 0.999993 -0.122133 0.18095 -0.2342
FixedParameters: 0 0 0

#Transform 141
Transform: AffineTransform_float_3_3
Parameters: 0.999999 -0.000286297 0.00141996 0.000291704 0.999995 -0.00331359 -0.00141904 0.00331341 0.999993 -0.103817 0.189285 -0.204268
FixedParameters: 0 0 0

#Transform 142
Transform: AffineTransform_float_3_3
Parameters: 0.999999 -0.000284987 0.00143621 0.000291011 0.999991 -0.00418759 -0.00143479 0.00418842 0.99999 -0.0727841 0.268227 -0.156294
FixedParameters: 0 0 0

#Transform 143
Transform: AffineTransform_float_3_3
Parameters: 0.999999 -0.000462467 0.00168281 0.000468535 0.999993 -0.00388422 -0.00168119 0.00388478 0.999991 -0.0842773 0.250446 -0.0544697
FixedParameters: 0 0 0

#Transform 144
Transform: AffineTransform_float_3_3
Parameters: 0.999999 -0.000285515 0.00168194 0.000291485 0.999994 -0.00326151 -0.00168106 0.00326248 0.999994 -0.101951 0.162241 -0.090453
FixedParameters: 0 0 0

#Transform 145
Transform: AffineTransform_float_3_3
Parameters: 0.999999 -0.000285584 0.00144208 0.000291415 0.999993 -0.00375658 -0.00144092 0.00375741 0.999992 -0.073166 0.202248 -0.166675
FixedParameters: 0 0 0

#Transform 146
Transform: AffineTransform_float_3_3
Parameters: 0.999998 -0.000285091 0.00168201 0.000290908 0.999994 -0.00351352 -0.00168099 0.00351449 0.999993 -0.0871089 0.193818 -0.21122
FixedParameters: 0 0 0

#Transform 147
Transform: AffineTransform_float_3_3
Parameters: 0.999998 -0.000284978 0.00168203 0.000291022 0.999993 -0.00358151 -0.00168097 0.00358148 0.999992 -0.0793507 0.247096 -0.11626
FixedParameters: 0 0 0

#Transform 148
Transform: AffineTransform_float_3_3
Parameters: 1 -0.000287018 0.00104011 0.000290982 0.999992 -0.0038307 -0.00103889 0.0038303 0.999992 -0.0321123 0.233338 -0.121872
FixedParameters: 0 0 0

#Transform 149
Transform: AffineTransform_float_3_3
Parameters: 0.999999 -0.000660325 0.00131536 0.000664674 0.999994 -0.00355713 -0.00131264 0.00355787 0.999993 -0.026347 0.129883 -0.206289
FixedParameters: 0 0 0

#Transform 150
Transform: AffineTransform_float_3_3
Parameters: 0.999999 -0.000541297 0.00137786 0.000546704 0.999994 -0.00341525 -0.00137614 0.00341575 0.999993 -0.0287047 0.136531 -0.224903
FixedParameters: 0 0 0

#Transform 151
Transform: AffineTransform_float_3_3
Parameters: 1 -0.000287738 0.00103991 0.000291263 0.999995 -0.0031387 -0.00103909 0.0031383 0.999994 3.6262e-05 0.148957 -0.160366
FixedParameters: 0 0 0

#Transform 152
Transform: AffineTransform_float_3_3
Parameters: 1 -0.000633736 0.00104099 0.000637264 0.999995 -0.00313834 -0.001039 0.00313866 0.999994 0.00957803 0.14397 -0.176673
FixedParameters: 0 0 0

#Transform 153
Transform: AffineTransform_float_3_3
Parameters: 1 -0.000287912 0.00103986 0.000291088 0.999995 -0.0029707 -0.00103914 0.0029713 0.999995 -0.0127164 0.0863059 -0.239138
FixedParameters: 0 0 0

#Transform 154
Transform: AffineTransform_float_3_3
Parameters: 1 -0.000287712 0.00110786 0.000291285 0.999995 -0.00296868 -0.00110614 0.00296932 0.999995 -0.00736203 0.0683018 -0.266174
FixedParameters: 0 0 0

#Transform 155
Transform: AffineTransform_float_3_3
Parameters: 0.999999 -0.000390981 0.000900317 0.000394019 0.999995 -0.00335665 -0.000898682 0.00335635 0.999994 -0.00332485 0.156092 -0.225915
FixedParameters: 0 0 0

#Transform 156
Transform: AffineTransform_float_3_3
Parameters: 0.999999 1.06992e-06 0.001245 3.06991e-06 0.999994 -0.003269 -0.001245 0.003269 0.999994 -0.0898779 0.229458 -0.170451
FixedParameters: 0 0 0

#Transform 157
Transform: AffineTransform_float_3_3
Parameters: 0.999999 0.000863653 0.00156499 -0.000860347 0.999997 -0.00233335 -0.00156701 0.00233165 0.999996 -0.205608 0.408618 -0.576613
FixedParameters: 0 0 0

#Transform 158
Transform: AffineTransform_float_3_3
Parameters: 0.999998 0.000917933 0.00134096 -0.000912065 0.99999 -0.00441923 -0.00134504 0.00441777 0.99999 -0.228966 0.578345 -0.519271
FixedParameters: 0 0 0

#Transform 159
Transform: AffineTransform_float_3_3
Parameters: 0.999998 0.000869857 0.00177119 -0.000860144 0.999984 -0.00555854 -0.00177581 0.00555647 0.999983 -0.253079 0.671852 -0.556217
FixedParameters: 0 0 0

#Transform 160
Transform: AffineTransform_float_3_3
Parameters: 0.999998 0.00097583 0.00182826 -0.000965172 0.999982 -0.00591478 -0.00183374 0.00591322 0.999981 -0.234968 0.685144 -0.604439
FixedParameters: 0 0 0

#Transform 161
Transform: AffineTransform_float_3_3
Parameters: 0.999998 0.000873294 0.00215265 -0.00086071 0.99998 -0.00616886 -0.00215735 0.00616713 0.999978 -0.239818 0.748803 -0.568829
FixedParameters: 0 0 0

#Transform 162
Transform: AffineTransform_float_3_3
Parameters: 0.999999 0.000869974 0.00164777 -0.000860025 0.999982 -0.00604443 -0.00165323 0.00604258 0.999981 -0.195133 0.709947 -0.617219
FixedParameters: 0 0 0

#Transform 163
Transform: AffineTransform_float_3_3
Parameters: 0.999998 0.000595611 0.00188537 -0.000584385 0.999981 -0.00615311 -0.00188963 0.00615189 0.99998 -0.188988 0.70596 -0.628332
FixedParameters: 0 0 0

#Transform 164
Transform: AffineTransform_float_3_3
Parameters: 0.999998 0.000454496 0.00200399 -0.000441504 0.999978 -0.0067299 -0.00200702 0.00672911 0.999976 -0.177579 0.761797 -0.639772
FixedParameters: 0 0 0

#Transform 165
Transform: AffineTransform_float_3_3
Parameters: 0.999998 0.000341254 0.00208872 -0.000327744 0.999976 -0.00682069 -0.00209128 0.0068203 0.999974 -0.166521 0.778152 -0.631732
FixedParameters: 0 0 0

#Transform 166
Transform: AffineTransform_float_3_3
Parameters: 0.999998 0.000204765 0.00233567 -0.000188234 0.999977 -0.00674746 -0.00233733 0.00674754 0.999975 -0.176089 0.802182 -0.554413
FixedParameters: 0 0 0

#Transform 167
Transform: AffineTransform_float_3_3
Parameters: 0.999998 0.000455569 0.0020378 -0.00044143 0.999975 -0.00714392 -0.00204121 0.00714309 0.999973 -0.172821 0.793774 -0.603876
FixedParameters: 0 0 0

#Transform 168
Transform: AffineTransform_float_3_3
Parameters: 0.999997 0.000327065 0.00216163 -0.00031094 0.999973 -0.00742769 -0.00216337 0.00742731 0.99997 -0.174669 0.837827 -0.585364
FixedParameters: 0 0 0

#Transform 169
Transform: AffineTransform_float_3_3
Parameters: 0.999997 0.000456607 0.00207663 -0.00044139 0.999971 -0.00750993 -0.00208037 0.00750906 0.999969 -0.178806 0.836736 -0.57405
FixedParameters: 0 0 0

#Transform 170
Transform: AffineTransform_float_3_3
Parameters: 0.999999 0.000454635 0.00169841 -0.000441359 0.999967 -0.00802076 -0.0017026 0.00801924 0.999967 -0.16414 0.883289 -0.605007
FixedParameters: 0 0 0

#Transform 171
Transform: AffineTransform_float_3_3
Parameters: 0.999997 0.000113272 0.00215316 -9.6729e-05 0.999968 -0.00802023 -0.00215385 0.00801978 0.999966 -0.171565 0.898379 -0.543093
FixedParameters: 0 0 0

#Transform 172
Transform: AffineTransform_float_3_3
Parameters: 0.999997 0.000164543 0.00218675 -0.000146455 0.999968 -0.00802034 -0.00218825 0.00801966 0.999966 -0.172111 0.864129 -0.554505
FixedParameters: 0 0 0

#Transform 173
Transform: AffineTransform_float_3_3
Parameters: 0.999999 -2.94898e-05 0.00185031 4.55158e-05 0.999965 -0.00838293 -0.00185068 0.00838307 0.999963 -0.134771 0.898747 -0.53108
FixedParameters: 0 0 0

#Transform 174
Transform: AffineTransform_float_3_3
Parameters: 0.999998 1.80745e-05 0.00202392 -1.92478e-06 0.999968 -0.00794202 -0.00202408 0.00794198 0.999967 -0.139598 0.878518 -0.516093
FixedParameters: 0 0 0

#Transform 175
Transform: AffineTransform_float_3_3
Parameters: 0.999998 1.44561e-05 0.00161594 -1.54344e-06 0.999971 -0.00770801 -0.00161606 0.00770799 0.999969 -0.101172 0.820243 -0.513176
FixedParameters: 0 0 0

#Transform 176
Transform: AffineTransform_float_3_3
Parameters: 0.999999 -4.935e-05 0.00181646 6.36462e-05 0.999968 -0.0080659 -0.00181555 0.00806611 0.999966 -0.10984 0.889157 -0.473061
FixedParameters: 0 0 0

#Transform 177
Transform: AffineTransform_float_3_3
Parameters: 0.999999 1.70861e-05 0.00178992 -1.91325e-06 0.999965 -0.00842802 -0.00179008 0.00842799 0.999963 -0.119022 0.883936 -0.535637
FixedParameters: 0 0 0

#Transform 178
Transform: AffineTransform_float_3_3
Parameters: 0.999998 -0.000104249 0.00163194 0.000117751 0.999964 -0.00842782 -0.00163107 0.00842818 0.999963 -0.103038 0.882175 -0.465827
FixedParameters: 0 0 0

#Transform 179
Transform: AffineTransform_float_3_3
Parameters: 0.999998 1.5223e-05 0.00170393 -1.77648e-06 0.99997 -0.00776002 -0.00170407 0.00775999 0.999969 -0.113931 0.859743 -0.410558
FixedParameters: 0 0 0

#Transform 180
Transform: AffineTransform_float_3_3
Parameters: 0.999998 1.7544e-05 0.00191092 -2.4553e-06 0.999967 -0.00813402 -0.00191108 0.00813398 0.999965 -0.119453 0.805588 -0.482437
FixedParameters: 0 0 0

#Transform 181
Transform: AffineTransform_float_3_3
Parameters: 0.999997 -0.000314872 0.00218769 0.000333131 0.999966 -0.0082913 -0.00218531 0.00829172 0.999963 -0.103239 0.797473 -0.482924
FixedParameters: 0 0 0

#Transform 182
Transform: AffineTransform_float_3_3
Parameters: 0.999997 -0.000396699 0.00231675 0.000418303 0.999957 -0.00920105 -0.00231325 0.00920194 0.999955 -0.117335 0.887202 -0.440222
FixedParameters: 0 0 0

#Transform 183
Transform: AffineTransform_float_3_3
Parameters: 0.999999 -0.000256803 0.00174231 0.000272205 0.999962 -0.00872854 -0.00174069 0.00872846 0.999961 -0.0757996 0.839631 -0.452601
FixedParameters: 0 0 0

#Transform 184
Transform: AffineTransform_float_3_3
Parameters: 0.999998 -0.000311572 0.00193355 0.000326425 0.999968 -0.00798439 -0.00193046 0.00798462 0.999967 -0.0965213 0.749288 -0.495131
FixedParameters: 0 0 0

#Transform 185
Transform: AffineTransform_float_3_3
Parameters: 0.999998 1.94763e-05 0.00208291 -1.52293e-06 0.999965 -0.00839002 -0.00208308 0.00838997 0.999962 -0.142537 0.86065 -0.37727
FixedParameters: 0 0 0

#Transform 186
Transform: AffineTransform_float_3_3
Parameters: 0.999998 1.794e-05 0.00199792 -2.05934e-06 0.999968 -0.00797802 -0.00199808 0.00797798 0.999966 -0.0974868 0.818258 -0.398996
FixedParameters: 0 0 0

#Transform 187
Transform: AffineTransform_float_3_3
Parameters: 0.999999 -0.000170987 0.0017874 0.00018501 0.999969 -0.00784268 -0.0017856 0.00784332 0.999967 -0.0893138 0.819349 -0.398048
FixedParameters: 0 0 0

#Transform 188
Transform: AffineTransform_float_3_3
Parameters: 0.999998 -0.000636229 0.00197648 0.000653766 0.999963 -0.00849572 -0.00197052 0.00849727 0.999962 -0.0740956 0.86416 -0.45024
FixedParameters: 0 0 0

#Transform 189
Transform: AffineTransform_float_3_3
