#Insight Transform File V1.0
#Transform 0
Transform: AffineTransform_float_3_3
Parameters: 0.999999 0.00026403 -0.00150835 -0.00026597 0.999999 -0.0013056 0.00150865 0.0013064 0.999998 0.00314769 0.0247638 0.0239987
FixedParameters: 0 0 0

#Transform 1
Transform: AffineTransform_float_3_3
Parameters: 1 0.000438888 -0.00106188 -0.000441112 0.999998 -0.00198953 0.00106113 0.00199047 0.999998 -0.01202 0.0787468 -0.115199
FixedParameters: 0 0 0

#Transform 2
Transform: AffineTransform_float_3_3
Parameters: 1 0.000671999 5.12163e-06 -0.000672001 1 0.000180997 -4.87837e-06 -0.000181003 1 -0.0363213 0.0430136 0.100477
FixedParameters: 0 0 0

#Transform 3
Transform: AffineTransform_float_3_3
Parameters: 1 0.000224476 -0.000308382 -0.000224523 0.999998 -0.00169993 0.000307619 0.00170007 0.999998 -0.00228021 0.0465071 -0.0678443
FixedParameters: 0 0 0

#Transform 4
Transform: AffineTransform_float_3_3
Parameters: 0.999999 -2.20796e-07 -0.000763999 -2.20796e-07 1 -0.000289 0.000763999 0.000289 0.999999 0.0210688 0.0570928 -0.0268355
FixedParameters: 0 0 0

#Transform 5
Transform: AffineTransform_float_3_3
Parameters: 1 0.000186947 -6.31555e-05 -0.000187052 0.999999 -0.000831988 6.28444e-05 0.000832011 0.999999 0.00335776 0.0585988 -0.125392
FixedParameters: 0 0 0

#Transform 6
Transform: AffineTransform_float_3_3
Parameters: 1 -5.17104e-07 -0.000567 4.82895e-07 0.999999 -0.000912 0.000567001 0.000912 1 0.0127537 0.0408612 -0.0149736
FixedParameters: 0 0 0

#Transform 7
Transform: AffineTransform_float_3_3
Parameters: 1 0.000250615 -0.000455212 -0.000250385 0.999999 -0.000844885 0.000455788 0.000845114 0.999999 0.00654583 0.0496763 -0.114376
FixedParameters: 0 0 0

#Transform 8
Transform: AffineTransform_float_3_3
Parameters: 1 0.000363858 -0.000142365 -0.000364142 1 -0.00100195 0.000141635 0.00100205 0.999999 -0.00555569 0.0452643 -0.0307242
FixedParameters: 0 0 0

#Transform 9
Transform: AffineTransform_float_3_3
Parameters: 1 0.000355628 -0.0004403 -0.000356371 0.999999 -0.000844842 0.000439699 0.000845156 0.999999 -0.00578367 0.0414294 -0.13254
FixedParameters: 0 0 0

#Transform 10
Transform: AffineTransform_float_3_3
Parameters: 1 -1.23984e-07 -0.000432 -1.23984e-07 1 -0.000287 0.000432 0.000287 1 2.14453e-05 0.0337919 -0.0770979
FixedParameters: 0 0 0

#Transform 11
Transform: AffineTransform_float_3_3
Parameters: 1 0.000400625 -0.000328459 -0.000401376 1 -0.00114387 0.000328541 0.00114413 1 -0.0196284 0.0644605 -0.125555
FixedParameters: 0 0 0

#Transform 12
Transform: AffineTransform_float_3_3
Parameters: 0.999999 0.000530663 -0.000670266 -0.000531336 0.999999 -0.000501644 0.000669733 0.000502355 0.999999 -0.00749687 0.0176297 -0.0586708
FixedParameters: 0 0 0

#Transform 13
Transform: AffineTransform_float_3_3
Parameters: 0.999999 -0.000956027 -8.28012e-06 0.000955973 0.999996 -0.00284501 1.07198e-05 0.00284499 0.999996 0.123279 0.045356 -0.304553
FixedParameters: 0 0 0

#Transform 14
Transform: AffineTransform_float_3_3
Parameters: 0.999997 -0.00198728 0.00129647 0.00199572 0.999975 -0.00675943 -0.00128254 0.00676157 0.999977 0.138604 -0.0125867 -0.273802
FixedParameters: 0 0 0

#Transform 15
Transform: AffineTransform_float_3_3
Parameters: 0.999999 -0.000502496 0.000527396 0.000505502 0.999989 -0.00475774 -0.0005246 0.00475827 0.999988 0.0574014 0.0306342 -0.221474
FixedParameters: 0 0 0

#Transform 16
Transform: AffineTransform_float_3_3
Parameters: 0.999999 -0.000439309 0.00085339 0.000442689 0.999995 -0.00315562 -0.000851607 0.00315537 0.999994 0.0326212 0.0218177 -0.0722136
FixedParameters: 0 0 0

#Transform 17
Transform: AffineTransform_float_3_3
Parameters: 1 -0.000441997 -0.000227006 0.000442003 1 1.28997e-05 0.000226994 -1.31003e-05 1 0.0284883 0.0239433 -0.0826
FixedParameters: 0 0 0

#Transform 18
Transform: AffineTransform_float_3_3
Parameters: 1 -0.000441789 -0.00101809 0.000442212 1 0.00020755 0.00101791 -0.00020745 1 0.020083 0.00479513 -0.0851643
FixedParameters: 0 0 0

#Transform 19
Transform: AffineTransform_float_3_3
Parameters: 0.999999 0.000115605 -0.00100493 -0.000115395 1 0.000602116 0.00100507 -0.000601884 1 0.0221615 0.00197786 -0.263022
FixedParameters: 0 0 0

#Transform 20
Transform: AffineTransform_float_3_3
Parameters: 1 -0.00024616 0.000133706 0.00024584 1 0.00119303 -0.000134293 -0.00119297 1 0.00330683 0.00404255 0.0352267
FixedParameters: 0 0 0

#Transform 21
Transform: AffineTransform_float_3_3
Parameters: 1 -0.000169636 0.000357173 0.000170364 1 -0.00101894 -0.000356827 0.00101906 1 0.000924747 0.0522525 -0.115888
FixedParameters: 0 0 0

#Transform 22
Transform: AffineTransform_float_3_3
Parameters: 1 -0.000441643 0.000357442 0.000442357 1 -0.000999843 -0.000356558 0.00100016 1 0.0280142 -0.0143217 -0.1187
FixedParameters: 0 0 0

#Transform 23
Transform: AffineTransform_float_3_3
Parameters: 1 -0.000389094 0.000357987 0.000389905 0.999996 -0.00253286 -0.000357013 0.00253314 0.999996 0.0271692 0.045215 -0.201715
FixedParameters: 0 0 0

#Transform 24
Transform: AffineTransform_float_3_3
Parameters: 1 -0.000441744 0.000153737 0.000442256 0.999998 -0.00166793 -0.000153262 0.00166807 0.999998 0.0450505 -0.00866307 -0.137906
FixedParameters: 0 0 0

#Transform 25
Transform: AffineTransform_float_3_3
Parameters: 1 -0.000442772 -0.000275765 0.00044223 0.999996 -0.00279212 0.000276236 0.00279188 0.999996 0.0292447 0.0387644 -0.224758
FixedParameters: 0 0 0

#Transform 26
Transform: AffineTransform_float_3_3
Parameters: 1 -0.000442695 -0.000275887 0.000442304 0.999996 -0.00251612 0.000277114 0.00251588 0.999997 0.0264117 -0.00448757 -0.144698
FixedParameters: 0 0 0

#Transform 27
Transform: AffineTransform_float_3_3
Parameters: 1 2.13925e-05 0.000108924 -2.06072e-05 0.999993 -0.003602 -0.000109075 0.00360199 0.999993 -0.00836633 0.0597441 -0.201832
FixedParameters: 0 0 0

#Transform 28
Transform: AffineTransform_float_3_3
Parameters: 1 3.28372e-05 0.000229882 -3.21624e-05 0.999994 -0.00364101 -0.000230119 0.003641 0.999994 -0.00601557 -0.00489821 -0.153332
FixedParameters: 0 0 0

#Transform 29
Transform: AffineTransform_float_3_3
Parameters: 1 -0.000340236 -0.000275481 0.000338766 0.99999 -0.00447309 0.000276518 0.00447291 0.99999 0.00732826 0.0371495 -0.225014
FixedParameters: 0 0 0

#Transform 30
Transform: AffineTransform_float_3_3
Parameters: 1 -0.000322135 -0.000515673 0.000320865 0.999992 -0.00413317 0.000517331 0.00413384 0.999992 0.0215666 -0.00926696 -0.16898
FixedParameters: 0 0 0

#Transform 31
Transform: AffineTransform_float_3_3
Parameters: 0.999999 -0.000661653 -0.00111643 0.000659348 0.999997 -0.00237474 0.00111757 0.00237426 0.999996 0.0369998 -0.00322675 -0.015809
FixedParameters: 0 0 0

#Transform 32
Transform: AffineTransform_float_3_3
Parameters: 0.999998 -0.00142097 -0.00132589 0.00141902 0.999998 -0.00148988 0.00132811 0.00148712 0.999998 0.0507782 -1.59349e-05 -0.209044
FixedParameters: 0 0 0

#Transform 33
Transform: AffineTransform_float_3_3
Parameters: 0.999995 -0.00090477 0.00300341 0.000886227 0.99998 0.00624469 -0.00300959 -0.00624231 0.999976 0.348795 -0.277028 -0.674941
FixedParameters: 0 0 0

#Transform 34
Transform: AffineTransform_float_3_3
Parameters: 0.999969 -0.00785546 0.000567501 0.00785654 0.999968 -0.000952571 -0.000559504 0.000956425 1 0.78201 -0.995348 0.510265
FixedParameters: 0 0 0

#Transform 35
Transform: AffineTransform_float_3_3
Parameters: 0.999972 -0.00676034 -0.00300239 0.00672866 0.999924 -0.0103305 0.0030716 0.0103095 0.999942 0.688065 -2.35667 1.18486
FixedParameters: 0 0 0

#Transform 36
Transform: AffineTransform_float_3_3
Parameters: 0.999995 -0.00264232 -0.00136417 0.00261668 0.999817 -0.0189517 0.00141384 0.0189484 0.99982 0.5473 -1.71333 -0.813106
FixedParameters: 0 0 0

#Transform 37
Transform: AffineTransform_float_3_3
Parameters: 0.999998 -0.000761406 -0.00197413 0.000745586 0.99997 -0.00779349 0.00198087 0.00779151 0.999967 0.134689 -0.38138 -0.611903
FixedParameters: 0 0 0

#Transform 38
Transform: AffineTransform_float_3_3
Parameters: 1 0.000422276 -0.00110958 -0.000428728 0.999982 -0.00606753 0.00110742 0.00606747 0.999981 0.0391259 -0.342115 -0.38986
FixedParameters: 0 0 0

#Transform 39
Transform: AffineTransform_float_3_3
Parameters: 0.999999 6.65019e-05 -0.00100145 -7.3495e-05 0.999979 -0.00648993 0.00100054 0.00649007 0.999979 0.0559495 -0.252435 -0.476243
FixedParameters: 0 0 0

#Transform 40
Transform: AffineTransform_float_3_3
Parameters: 1 -2.50669e-05 -0.00058584 2.0932e-05 0.999976 -0.00694101 0.000586159 0.00694098 0.999975 0.0580193 -0.241743 -0.491798
FixedParameters: 0 0 0

#Transform 41
Transform: AffineTransform_float_3_3
Parameters: 1 -4.4693e-05 -0.000273574 4.13126e-05 0.999951 -0.009836 0.000273419 0.00983598 0.999951 0.0579096 -0.243424 -0.616611
FixedParameters: 0 0 0

#Transform 42
Transform: AffineTransform_float_3_3
Parameters: 0.999999 0.000182234 -0.000936952 -0.000191766 0.999945 -0.0104338 0.00093505 0.0104342 0.999945 0.04945 -0.218987 -0.687311
FixedParameters: 0 0 0

#Transform 43
Transform: AffineTransform_float_3_3
Parameters: 0.999999 -2.68541e-05 -0.0015318 1.11439e-05 0.999947 -0.010349 0.0015322 0.010349 0.999946 0.0331221 -0.265653 -0.744608
FixedParameters: 0 0 0

#Transform 44
Transform: AffineTransform_float_3_3
Parameters: 1 -0.000239604 -0.000464157 0.00023639 0.99997 -0.00774811 0.000466846 0.00774889 0.99997 0.0429054 -0.263806 -0.542096
FixedParameters: 0 0 0

#Transform 45
Transform: AffineTransform_float_3_3
Parameters: 1 -0.00117214 -6.40107e-06 0.00117187 0.999941 -0.010749 1.85975e-05 0.010749 0.999942 0.113752 -0.25449 -0.72309
FixedParameters: 0 0 0

#Transform 46
Transform: AffineTransform_float_3_3
Parameters: 1 -0.00114086 -0.000173135 0.00113914 0.999945 -0.0104082 0.000184866 0.0104078 0.999946 0.114757 -0.233633 -0.644013
FixedParameters: 0 0 0

#Transform 47
Transform: AffineTransform_float_3_3
Parameters: 0.999998 -0.00158488 -0.000346694 0.00158111 0.999939 -0.0109326 0.000364306 0.0109314 0.99994 0.150063 -0.223756 -0.706364
FixedParameters: 0 0 0

#Transform 48
Transform: AffineTransform_float_3_3
Parameters: 0.999996 -0.00215475 -0.00192239 0.00213724 0.99996 -0.00867415 0.00194161 0.00866986 0.999961 0.265848 -0.247721 -0.684182
FixedParameters: 0 0 0

#Transform 49
Transform: AffineTransform_float_3_3
Parameters: 0.999996 -0.00217002 -0.00212677 0.00214898 0.99995 -0.00983462 0.00214824 0.00983039 0.99995 0.235841 -0.259275 -0.811574
FixedParameters: 0 0 0

#Transform 50
Transform: AffineTransform_float_3_3
Parameters: 0.999995 -0.00217431 -0.00194507 0.00214869 0.999914 -0.0129202 0.00197292 0.0129158 0.999914 0.182021 -0.318413 -1.01863
FixedParameters: 0 0 0

#Transform 51
Transform: AffineTransform_float_3_3
Parameters: 0.999997 -0.00216233 -0.00116051 0.00214868 0.999933 -0.0113635 0.00118449 0.0113605 0.999935 0.195826 -0.358228 -0.921059
FixedParameters: 0 0 0

#Transform 52
Transform: AffineTransform_float_3_3
Parameters: 0.999999 -0.00167888 -0.000472999 0.00167412 0.999947 -0.0101418 0.000490004 0.0101412 0.999949 0.147609 -0.276706 -0.745938
FixedParameters: 0 0 0

#Transform 53
Transform: AffineTransform_float_3_3
Parameters: 0.999997 -0.00215175 -0.00026237 0.00214926 0.999947 -0.0100586 0.000283631 0.0100574 0.99995 0.162356 -0.249473 -0.723378
FixedParameters: 0 0 0

#Transform 54
Transform: AffineTransform_float_3_3
Parameters: 0.999998 -0.00187467 -0.000568617 0.00186932 0.99995 -0.00982108 0.000587386 0.00981991 0.999951 0.151153 -0.22994 -0.643958
FixedParameters: 0 0 0

#Transform 55
Transform: AffineTransform_float_3_3
Parameters: 0.999999 -0.00132938 -0.000272657 0.00132763 0.999962 -0.00854037 0.000283348 0.00853963 0.999964 0.123793 -0.238817 -0.598784
FixedParameters: 0 0 0

#Transform 56
Transform: AffineTransform_float_3_3
Parameters: 0.999999 -0.00148178 -0.000269124 0.00147822 0.999949 -0.0100484 0.000283867 0.0100476 0.99995 0.136625 -0.179761 -0.709466
FixedParameters: 0 0 0

#Transform 57
Transform: AffineTransform_float_3_3
Parameters: 0.999998 -0.00179734 0.000758417 0.00180566 0.999946 -0.0102237 -0.000739577 0.0102254 0.999948 0.196199 -0.260091 -0.710172
FixedParameters: 0 0 0

#Transform 58
Transform: AffineTransform_float_3_3
Parameters: 0.99997 -0.00146481 0.00750978 0.00147819 0.999997 -0.00188395 -0.00750722 0.00189505 0.99997 0.390404 -0.0760485 -0.947063
FixedParameters: 0 0 0

#Transform 59
Transform: AffineTransform_float_3_3
Parameters: 0.999973 0.00133915 0.00712821 -0.00137785 0.999985 0.00530832 -0.00712077 -0.00531767 0.99996 0.547374 -0.336374 -1.32434
FixedParameters: 0 0 0

#Transform 60
Transform: AffineTransform_float_3_3
Parameters: 0.999994 0.00100558 0.00328515 -0.00106041 0.999861 0.0166046 -0.00326784 -0.0166084 0.999856 0.374511 -0.727154 -1.45145
FixedParameters: 0 0 0

#Transform 61
Transform: AffineTransform_float_3_3
Parameters: 0.999998 -0.000964254 -0.00171711 0.000967746 0.999997 0.00218234 0.00171489 -0.00218366 0.999996 0.180113 -0.262004 -0.669268
FixedParameters: 0 0 0

#Transform 62
Transform: AffineTransform_float_3_3
Parameters: 0.999997 -0.000534551 -0.00230611 0.000534448 1 0.000193768 0.0023059 -0.000195233 0.999998 0.101706 -0.223577 -0.682784
FixedParameters: 0 0 0

#Transform 63
Transform: AffineTransform_float_3_3
Parameters: 0.999998 -0.00035383 -0.00208502 0.00034817 0.999996 -0.00279573 0.00208598 0.00279527 0.999994 0.114707 -0.239569 -0.724941
FixedParameters: 0 0 0

#Transform 64
Transform: AffineTransform_float_3_3
Parameters: 0.999998 -0.000567909 -0.00154448 0.000561093 0.99999 -0.00446987 0.00154652 0.00446913 0.999989 0.116911 -0.196893 -0.744925
FixedParameters: 0 0 0

#Transform 65
Transform: AffineTransform_float_3_3
Parameters: 0.999972 -0.00054773 0.00745498 0.000561269 0.999999 -0.00177787 -0.00745401 0.00178213 0.99997 0.332944 -0.450098 0.236277
FixedParameters: 0 0 0

#Transform 66
Transform: AffineTransform_float_3_3
Parameters: 0.999995 -0.000511805 0.00288393 0.000517194 0.999998 -0.00180052 -0.00288307 0.00180248 0.999994 0.189523 -0.415667 -0.597899
FixedParameters: 0 0 0

#Transform 67
Transform: AffineTransform_float_3_3
Parameters: 1 0.000380336 0.000334487 -0.000379662 0.999992 -0.00398413 -0.000336515 0.00398387 0.999992 0.0734049 -0.213558 -0.378268
FixedParameters: 0 0 0

#Transform 68
Transform: AffineTransform_float_3_3
Parameters: 0.999999 -0.000785388 0.00015513 0.000785611 0.999992 -0.00398388 -0.000151871 0.00398412 0.999992 0.136699 -0.217646 -0.363553
FixedParameters: 0 0 0

#Transform 69
Transform: AffineTransform_float_3_3
Parameters: 0.999997 -0.00190947 0.00136617 0.00191653 0.999986 -0.00479339 -0.00135683 0.0047966 0.999987 0.240209 -0.215452 -0.478104
FixedParameters: 0 0 0

#Transform 70
Transform: AffineTransform_float_3_3
Parameters: 0.999965 -0.00220604 0.00800224 0.00219596 0.999997 0.00126262 -0.00800476 -0.00124538 0.999967 0.367305 -0.778462 -0.867419
FixedParameters: 0 0 0

#Transform 71
Transform: AffineTransform_float_3_3
Parameters: 0.999991 0.000275557 0.00417979 -0.000315449 0.999956 0.00943977 -0.00417721 -0.00944023 0.999946 0.178188 -0.330717 -0.751401
FixedParameters: 0 0 0

#Transform 72
Transform: AffineTransform_float_3_3
Parameters: 0.999989 -0.0019155 0.00412656 0.0019215 0.999998 -0.00133008 -0.00412344 0.00133791 0.99999 0.231145 -0.819984 2.91049
FixedParameters: 0 0 0

#Transform 73
Transform: AffineTransform_float_3_3
Parameters: 0.999903 0.000694681 0.0139648 -0.000767313 0.999987 0.00517379 -0.0139602 -0.00518421 0.999889 0.195719 -0.319335 3.98486
FixedParameters: 0 0 0

#Transform 74
Transform: AffineTransform_float_3_3
Parameters: 0.999984 -0.000137862 0.00554931 0.000150139 0.999997 -0.0021872 -0.00554868 0.0021878 0.999982 0.236478 0.215726 1.27771
FixedParameters: 0 0 0

#Transform 75
Transform: AffineTransform_float_3_3
Parameters: 0.999992 -0.00309171 0.00277353 0.0031103 0.999974 -0.00661643 -0.00275347 0.00662557 0.999975 0.352156 -0.185132 0.0843519
FixedParameters: 0 0 0

#Transform 76
Transform: AffineTransform_float_3_3
Parameters: 0.99999 -0.00165961 -0.004104 0.00166739 0.999997 0.00179817 0.004101 -0.00180482 0.99999 0.226693 -0.798253 -1.15695
FixedParameters: 0 0 0

#Transform 77
Transform: AffineTransform_float_3_3
Parameters: 0.99999 0.00429309 -0.00138852 -0.00423693 0.999239 0.0387913 0.00155351 -0.0387848 0.999247 0.12489 -1.35672 -1.43861
FixedParameters: 0 0 0

#Transform 78
Transform: AffineTransform_float_3_3
Parameters: 0.999999 -0.000130568 -0.00133849 0.00015444 0.999847 0.0175208 0.0013365 -0.0175212 0.999846 0.300704 -1.09693 -1.51919
FixedParameters: 0 0 0

#Transform 79
Transform: AffineTransform_float_3_3
Parameters: 0.999997 -0.00149374 -0.00225649 0.00150525 0.999987 0.00499462 0.00224851 -0.00499838 0.999985 0.336657 -0.672585 -0.965416
FixedParameters: 0 0 0

#Transform 80
Transform: AffineTransform_float_3_3
Parameters: 0.999992 -0.00329858 -0.00230454 0.00330742 0.999986 0.00409441 0.00229147 -0.00410159 0.999989 0.415778 -0.574358 -0.536718
FixedParameters: 0 0 0

#Transform 81
Transform: AffineTransform_float_3_3
Parameters: 0.999985 -0.00265853 -0.00490278 0.00267147 0.999993 0.00253794 0.00489622 -0.00255106 0.999985 0.37669 -0.401394 -0.409955
FixedParameters: 0 0 0

#Transform 82
Transform: AffineTransform_float_3_3
Parameters: 0.999987 -0.00209217 -0.00480498 0.00209983 0.999997 0.00141693 0.00480202 -0.00142707 0.999987 0.333205 -0.319569 -0.383271
FixedParameters: 0 0 0

#Transform 83
Transform: AffineTransform_float_3_3
Parameters: 0.999996 -0.0014433 -0.0023666 0.00144171 0.999999 -0.000970416 0.0023674 0.000967587 0.999996 0.257083 -0.256841 -0.264299
FixedParameters: 0 0 0

#Transform 84
Transform: AffineTransform_float_3_3
Parameters: 0.999996 -0.00217563 -0.00168089 0.00217337 0.999997 -0.000970657 0.00168311 0.000967342 0.999998 0.265822 -0.265571 -0.311083
FixedParameters: 0 0 0

#Transform 85
Transform: AffineTransform_float_3_3
Parameters: 0.999996 -0.00220768 -0.00129544 0.00220432 0.999996 -0.00206686 0.00129956 0.00206414 0.999997 0.246592 -0.24918 -0.306856
FixedParameters: 0 0 0

#Transform 86
Transform: AffineTransform_float_3_3
Parameters: 0.999997 -0.0016067 -0.00146113 0.0016053 0.999998 -0.00116435 0.00146287 0.00116165 0.999999 0.204967 -0.223878 -0.279222
FixedParameters: 0 0 0

#Transform 87
Transform: AffineTransform_float_3_3
Parameters: 0.999999 -0.00140706 -0.00104455 0.00140294 0.999991 -0.00387747 0.00104945 0.00387653 0.999992 0.161384 -0.219966 -0.209508
FixedParameters: 0 0 0

#Transform 88
Transform: AffineTransform_float_3_3
Parameters: 0.999998 -0.00126225 -0.00169035 0.00125575 0.999993 -0.00369613 0.00169465 0.00369387 0.999991 0.16202 -0.160766 -0.106292
FixedParameters: 0 0 0

#Transform 89
Transform: AffineTransform_float_3_3
Parameters: 0.999995 -0.00213692 -0.00228362 0.00212808 0.999991 -0.00346488 0.00229138 0.00346012 0.999992 0.22371 -0.163203 -0.102019
FixedParameters: 0 0 0

#Transform 90
Transform: AffineTransform_float_3_3
Parameters: 0.999987 -0.00259042 -0.00425049 0.00258258 0.999995 -0.001751 0.00425451 0.00174 0.99999 0.226866 -0.217354 -0.0705067
FixedParameters: 0 0 0

#Transform 91
Transform: AffineTransform_float_3_3
Parameters: 0.999992 -0.00171605 -0.00380338 0.00170796 0.999997 -0.00211752 0.00380662 0.00211149 0.999991 0.18166 -0.131841 -0.150023
FixedParameters: 0 0 0

#Transform 92
Transform: AffineTransform_float_3_3
Parameters: 0.999996 -0.0017314 -0.00252827 0.00172259 0.999993 -0.00332237 0.00253473 0.00331763 0.999992 0.176883 -0.159416 -0.1164
FixedParameters: 0 0 0

#Transform 93
Transform: AffineTransform_float_3_3
Parameters: 0.999994 -0.00203051 -0.00278765 0.00201949 0.999989 -0.00412565 0.00279535 0.00412034 0.999987 0.207223 -0.12494 -0.167488
FixedParameters: 0 0 0

#Transform 94
Transform: AffineTransform_float_3_3
Parameters: 0.999996 -0.00161899 -0.00260042 0.00161001 0.999992 -0.0034552 0.00260657 0.00345079 0.99999 0.165181 -0.191105 -0.0745206
FixedParameters: 0 0 0

#Transform 95
Transform: AffineTransform_float_3_3
Parameters: 0.999993 -0.00216762 -0.00299691 0.00215437 0.999989 -0.00420948 0.00300609 0.00420251 0.999986 0.202982 -0.149311 -0.17209
FixedParameters: 0 0 0

#Transform 96
Transform: AffineTransform_float_3_3
Parameters: 0.999994 -0.00216441 -0.00273458 0.00215459 0.999992 -0.00343991 0.00274142 0.00343309 0.999991 0.213378 -0.202187 -0.114565
FixedParameters: 0 0 0

#Transform 97
Transform: AffineTransform_float_3_3
Parameters: 0.999993 -0.00383314 0.000617274 0.00384688 0.999697 -0.0242848 -0.000524729 0.0242872 0.999705 0.425267 -0.431317 -0.923314
FixedParameters: 0 0 0

#Transform 98
Transform: AffineTransform_float_3_3
Parameters: 0.999978 -0.00401216 -0.0053058 0.00409984 0.999856 0.0164576 0.00523919 -0.0164794 0.999851 0.349713 -0.749102 0.693742
FixedParameters: 0 0 0

#Transform 99
Transform: AffineTransform_float_3_3
Parameters: 0.999952 -0.00107166 -0.00971738 0.00148332 0.999095 0.0425256 0.00966266 -0.0425384 0.999048 0.257689 -1.17958 -1.02959
FixedParameters: 0 0 0

#Transform 100
Transform: AffineTransform_float_3_3
Parameters: 0.999909 0.000590466 -0.0134646 0.000687508 0.995501 0.0947484 0.0134604 -0.0947487 0.99541 0.20252 -1.42488 -0.761247
FixedParameters: 0 0 0

#Transform 101
Transform: AffineTransform_float_3_3
Parameters: 0.999986 -0.00218642 -0.00476796 0.00220758 0.999988 0.00452454 0.00475805 -0.00453547 0.999979 0.160442 -0.623825 -0.545955
FixedParameters: 0 0 0

#Transform 102
Transform: AffineTransform_float_3_3
Parameters: 0.999972 -0.00221126 -0.00718093 0.00222373 0.999996 0.00176608 0.00717606 -0.00178192 0.999972 0.1285 -0.427833 -0.246473
FixedParameters: 0 0 0

#Transform 103
Transform: AffineTransform_float_3_3
Parameters: 0.999984 -0.00151706 -0.00545199 0.00151694 0.999999 -1.42706e-05 0.00545202 6.72908e-06 0.999985 0.102437 -0.315667 -0.267351
FixedParameters: 0 0 0

#Transform 104
Transform: AffineTransform_float_3_3
Parameters: 0.999985 -0.00165506 -0.00521071 0.00165094 0.999999 -0.000783615 0.00521229 0.000774385 0.999986 0.12508 -0.290172 -0.303638
FixedParameters: 0 0 0

#Transform 105
Transform: AffineTransform_float_3_3
Parameters: 0.999989 -0.00204241 -0.00437941 0.00203859 0.999997 -0.000783937 0.00438059 0.000775062 0.99999 0.125301 -0.26975 -0.305115
FixedParameters: 0 0 0

#Transform 106
Transform: AffineTransform_float_3_3
Parameters: 0.999985 -0.00184214 -0.00514431 0.00182886 0.999995 -0.00255845 0.00514868 0.00254855 0.999983 0.134674 -0.245916 -0.474506
FixedParameters: 0 0 0

#Transform 107
Transform: AffineTransform_float_3_3
Parameters: 0.999989 -0.00178302 -0.00416688 0.00177099 0.999995 -0.00288541 0.00417112 0.00287859 0.999987 0.1063 -0.275003 -0.356684
FixedParameters: 0 0 0

#Transform 108
Transform: AffineTransform_float_3_3
Parameters: 0.99999 -0.00248744 -0.0039087 0.00246756 0.999984 -0.0049697 0.0039213 0.0049603 0.99998 0.188063 -0.272148 -0.611611
FixedParameters: 0 0 0

#Transform 109
Transform: AffineTransform_float_3_3
Parameters: 0.999977 -0.00548526 0.00415727 0.00552275 0.999943 -0.00912226 -0.00410772 0.00914575 0.999949 0.662264 -0.344622 1.99546
FixedParameters: 0 0 0

#Transform 110
Transform: AffineTransform_float_3_3
Parameters: 0.999949 -0.00327013 0.00949367 0.00343286 0.999847 -0.0171903 -0.00943533 0.0172217 0.999807 0.418854 -0.176738 2.61906
FixedParameters: 0 0 0

#Transform 111
Transform: AffineTransform_float_3_3
Parameters: 0.999996 -0.00148386 0.00246114 0.00149414 0.999991 -0.00412434 -0.00245486 0.00412766 0.999989 0.199479 0.0824782 1.90226
FixedParameters: 0 0 0

#Transform 112
Transform: AffineTransform_float_3_3
Parameters: 0.999997 -0.000463902 -0.00233725 0.000455095 0.999992 -0.00380807 0.00233975 0.00380692 0.99999 0.0761547 0.0955722 0.644518
FixedParameters: 0 0 0

#Transform 113
Transform: AffineTransform_float_3_3
Parameters: 0.999992 -0.000833894 -0.00392798 0.000805104 0.999972 -0.00735222 0.00393402 0.00734878 0.999966 0.217853 -0.0827192 0.0877273
FixedParameters: 0 0 0

#Transform 114
Transform: AffineTransform_float_3_3
Parameters: 0.999992 -0.00113837 -0.00378901 0.00110863 0.999968 -0.00800826 0.003798 0.00800374 0.999961 0.192596 -0.0277956 0.0386234
FixedParameters: 0 0 0

#Transform 115
Transform: AffineTransform_float_3_3
Parameters: 0.999993 -0.0013199 -0.00364114 0.0012981 0.999981 -0.00601077 0.00364887 0.00600523 0.999976 0.136101 -0.114928 0.238034
FixedParameters: 0 0 0

#Transform 116
Transform: AffineTransform_float_3_3
Parameters: 0.999987 -0.00218761 -0.00448808 0.00216338 0.999982 -0.00548178 0.00449991 0.00547222 0.999975 0.180505 -0.0583304 0.0662628
FixedParameters: 0 0 0

#Transform 117
Transform: AffineTransform_float_3_3
Parameters: 0.999993 -0.00187613 -0.00338064 0.00184987 0.999969 -0.00771532 0.00339537 0.0077097 0.999965 0.147852 -0.0912556 0.148404
FixedParameters: 0 0 0

#Transform 118
Transform: AffineTransform_float_3_3
Parameters: 0.999995 -0.00152395 -0.00293618 0.00149905 0.999963 -0.00848144 0.00294882 0.00847755 0.999959 0.13972 -0.0636024 -0.00106457
FixedParameters: 0 0 0

#Transform 119
Transform: AffineTransform_float_3_3
Parameters: 0.999995 -0.00161573 -0.00293824 0.00159528 0.999977 -0.00670373 0.00294876 0.00669928 0.999973 0.1463 -0.116495 0.144397
FixedParameters: 0 0 0

#Transform 120
Transform: AffineTransform_float_3_3
Parameters: 0.999994 -0.00175026 -0.00293643 0.00172874 0.999973 -0.00722812 0.00294857 0.00722288 0.999969 0.164645 -0.0448024 0.0807428
FixedParameters: 0 0 0

#Transform 121
Transform: AffineTransform_float_3_3
Parameters: 0.999994 -0.0019238 -0.00293677 0.00190521 0.999978 -0.00639063 0.00294823 0.00638537 0.999976 0.167402 -0.0708004 0.152626
FixedParameters: 0 0 0

#Transform 122
Transform: AffineTransform_float_3_3
Parameters: 0.999993 -0.00182401 -0.00324116 0.00180099 0.999974 -0.00708789 0.00325384 0.00708211 0.999969 0.160536 -0.0216875 0.016887
FixedParameters: 0 0 0

#Transform 123
Transform: AffineTransform_float_3_3
Parameters: 0.999994 -0.00174886 -0.00293727 0.00172914 0.999975 -0.00675012 0.00294873 0.00674488 0.999973 0.140443 -0.100657 0.11475
FixedParameters: 0 0 0

#Transform 124
Transform: AffineTransform_float_3_3
Parameters: 0.999994 -0.00175077 -0.00293613 0.00172923 0.999971 -0.00740012 0.00294887 0.00739488 0.999969 0.140422 -0.0435257 0.0884072
FixedParameters: 0 0 0

#Transform 125
Transform: AffineTransform_float_3_3
Parameters: 0.999995 -0.00174958 -0.00268772 0.00172942 0.99997 -0.00763869 0.00270129 0.00763432 0.999967 0.139372 -0.0794624 0.0304349
FixedParameters: 0 0 0

#Transform 126
Transform: AffineTransform_float_3_3
Parameters: 0.999994 -0.00175298 -0.00317086 0.00172903 0.99997 -0.00754853 0.00318314 0.00754247 0.999966 0.141518 -0.0543145 0.121696
FixedParameters: 0 0 0

#Transform 127
Transform: AffineTransform_float_3_3
Parameters: 0.999995 -0.00175022 -0.00268227 0.00172878 0.999968 -0.00789468 0.00269573 0.00788933 0.999965 0.139225 -0.057732 0.0271223
FixedParameters: 0 0 0

#Transform 128
Transform: AffineTransform_float_3_3
Parameters: 0.999993 -0.00371999 -0.000261035 0.00371801 0.999967 -0.00725102 0.000287965 0.00724998 0.999973 0.314318 -0.516812 1.36229
FixedParameters: 0 0 0

#Transform 129
Transform: AffineTransform_float_3_3
Parameters: 0.999987 -0.0050977 5.57308e-05 0.0050983 0.999909 -0.0125009 7.73009e-06 0.0125001 0.999922 0.176781 -1.22935 1.771
FixedParameters: 0 0 0

#Transform 130
Transform: AffineTransform_float_3_3
Parameters: 0.99998 -0.00541407 -0.00330329 0.00540192 0.999978 -0.00365392 0.00332371 0.00363608 0.999988 0.517117 -0.386538 0.700653
FixedParameters: 0 0 0

#Transform 131
Transform: AffineTransform_float_3_3
Parameters: 0.999984 -0.00341245 -0.00450659 0.00338755 0.999979 -0.00542235 0.00452441 0.00540665 0.999975 0.266851 -0.244838 0.755352
FixedParameters: 0 0 0

#Transform 132
Transform: AffineTransform_float_3_3
Parameters: 0.999991 -0.00291889 -0.00303147 0.00291012 0.999992 -0.00293185 0.00303953 0.00292316 0.999991 0.231068 -0.170224 0.810909
FixedParameters: 0 0 0

#Transform 133
Transform: AffineTransform_float_3_3
Parameters: 0.999994 -0.00238481 -0.00258565 0.00237919 0.999994 -0.00224817 0.00259035 0.00224184 0.999994 0.140547 -0.137946 1.03688
FixedParameters: 0 0 0

#Transform 134
Transform: AffineTransform_float_3_3
Parameters: 0.999985 -0.00290271 -0.00459851 0.00289429 0.999994 -0.00190034 0.00460349 0.00188666 0.999987 0.161632 -0.163316 1.0837
FixedParameters: 0 0 0

#Transform 135
Transform: AffineTransform_float_3_3
Parameters: 0.999978 -0.00413853 -0.00530102 0.00412648 0.999989 -0.00218292 0.00530998 0.00216107 0.999983 0.205184 -0.0676472 0.99975
FixedParameters: 0 0 0

#Transform 136
Transform: AffineTransform_float_3_3
Parameters: 0.999989 -0.00304449 -0.00342146 0.00303551 0.999993 -0.00248341 0.00342853 0.00247259 0.999991 0.175582 -0.158684 1.12953
FixedParameters: 0 0 0

#Transform 137
Transform: AffineTransform_float_3_3
Parameters: 0.999986 -0.00536807 0.000822597 0.00536693 0.999983 0.00249945 -0.000835403 -0.00249455 0.999996 0.516611 -0.404852 1.47094
FixedParameters: 0 0 0

#Transform 138
Transform: AffineTransform_float_3_3
Parameters: 0.999936 -0.00546744 0.00996707 0.00530456 0.999852 0.0163519 -0.0100549 -0.0162971 0.999816 0.674071 -0.312056 2.17143
FixedParameters: 0 0 0

#Transform 139
Transform: AffineTransform_float_3_3
Parameters: 0.999939 -0.00411413 0.0102468 0.00393987 0.999849 0.0169564 -0.0103152 -0.0169146 0.999803 0.518495 -0.0124753 1.56065
FixedParameters: 0 0 0

#Transform 140
Transform: AffineTransform_float_3_3
Parameters: 0.999956 -0.00250024 0.00903907 0.00231975 0.9998 0.0198969 -0.00908693 -0.0198742 0.999761 0.394531 -0.0904657 1.64029
FixedParameters: 0 0 0

#Transform 141
Transform: AffineTransform_float_3_3
Parameters: 0.999988 -0.002086 0.00456158 0.002034 0.999933 0.0113744 -0.00458543 -0.0113656 0.999925 0.279526 -0.0731193 1.57155
FixedParameters: 0 0 0

#Transform 142
Transform: AffineTransform_float_3_3
Parameters: 0.999987 -0.00296227 0.00416509 0.00291373 0.999929 0.0115463 -0.00419991 -0.0115347 0.999924 0.318555 -0.0215572 1.49059
FixedParameters: 0 0 0

#Transform 143
Transform: AffineTransform_float_3_3
Parameters: 0.999988 -0.00277203 0.0041757 0.00273197 0.99995 0.00956052 -0.0042023 -0.00954946 0.999945 0.301914 -0.0502211 1.55525
FixedParameters: 0 0 0

#Transform 144
Transform: AffineTransform_float_3_3
Parameters: 0.999989 -0.00258702 0.00396401 0.00255298 0.99996 0.00856322 -0.003986 -0.00855279 0.999956 0.28923 -0.0319317 1.51194
FixedParameters: 0 0 0

#Transform 145
Transform: AffineTransform_float_3_3
Parameters: 0.999993 -0.00283761 0.00210949 0.00282339 0.999972 0.006895 -0.00212951 -0.006889 0.999974 0.253294 0.0124999 1.48072
FixedParameters: 0 0 0

#Transform 146
Transform: AffineTransform_float_3_3
Parameters: 0.999995 -0.00269635 0.00176175 0.00268565 0.999976 0.00641376 -0.00177925 -0.00640823 0.999978 0.235416 -0.0353211 1.5131
FixedParameters: 0 0 0

#Transform 147
Transform: AffineTransform_float_3_3
Parameters: 0.999996 -0.00246261 0.000762424 0.00245839 0.999986 0.00470489 -0.00077357 -0.00470211 0.999988 0.195252 -0.01458 1.25852
FixedParameters: 0 0 0

#Transform 148
Transform: AffineTransform_float_3_3
Parameters: 0.999997 -0.00212305 0.00108221 0.00211695 0.999983 0.00556431 -0.00109379 -0.00556169 0.999984 0.182103 -0.0969764 1.42577
FixedParameters: 0 0 0

#Transform 149
Transform: AffineTransform_float_3_3
Parameters: 0.999997 -0.00213398 0.000461944 0.00213202 0.999988 0.00424599 -0.000471056 -0.004245 0.999991 0.176864 -0.0398272 1.36332
FixedParameters: 0 0 0

#Transform 150
Transform: AffineTransform_float_3_3
Parameters: 0.999996 -0.00265886 0.000753511 0.00265514 0.999983 0.00507802 -0.00076649 -0.00507598 0.999987 0.226139 -0.0630008 1.48083
FixedParameters: 0 0 0

#Transform 151
Transform: AffineTransform_float_3_3
Parameters: 0.999994 -0.00344521 0.00125651 0.00344079 0.999988 0.00333834 -0.00126848 -0.00333365 0.999993 0.288875 -0.0364962 1.32893
FixedParameters: 0 0 0

#Transform 152
Transform: AffineTransform_float_3_3
Parameters: 0.999993 -0.00336144 0.00115919 0.00335656 0.999987 0.00381392 -0.0011718 -0.00380909 0.999992 0.27143 -0.056246 1.43554
FixedParameters: 0 0 0

#Transform 153
Transform: AffineTransform_float_3_3
Parameters: 0.999997 -0.00245833 0.000270134 0.00245667 0.999986 0.00482868 -0.000281866 -0.00482832 0.999989 0.215821 -0.000463741 1.41809
FixedParameters: 0 0 0

#Transform 154
Transform: AffineTransform_float_3_3
Parameters: 0.999996 -0.0028534 0.00108795 0.0028476 0.999984 0.00493012 -0.00110205 -0.00492688 0.999988 0.228367 -0.0368008 1.4906
FixedParameters: 0 0 0

#Transform 155
Transform: AffineTransform_float_3_3
Parameters: 0.999993 -0.00356692 0.00124165 0.00356408 0.999991 0.00234444 -0.00125035 -0.00233956 0.999997 0.295885 -0.014159 1.27676
FixedParameters: 0 0 0

#Transform 156
Transform: AffineTransform_float_3_3
Parameters: 0.999991 -0.00424259 0.000697424 0.00423941 0.999985 0.00367399 -0.000712574 -0.00367101 0.999993 0.326402 -0.0720579 1.49098
FixedParameters: 0 0 0

#Transform 157
Transform: AffineTransform_float_3_3
Parameters: 0.99999 -0.00445162 -0.000613342 0.00445038 0.999986 -0.00262076 0.000624661 0.00261825 0.999997 0.317667 -0.0710415 1.20289
FixedParameters: 0 0 0

#Transform 158
Transform: AffineTransform_float_3_3
Parameters: 0.999992 -0.00414692 0.000371971 0.00414609 0.999989 0.00241956 -0.000382032 -0.00241844 0.999997 0.304375 -0.0608108 1.44625
FixedParameters: 0 0 0

#Transform 159
Transform: AffineTransform_float_3_3
Parameters: 0.999993 -0.00358756 0.000878724 0.00358644 0.999994 0.000636156 -0.000881276 -0.000632843 1 0.26824 -0.0218974 1.25216
FixedParameters: 0 0 0

#Transform 160
Transform: AffineTransform_float_3_3
Parameters: 0.999996 -0.002778 -1.46222e-05 0.002778 0.999996 0.00022396 1.43777e-05 -0.000224041 1 0.206984 -0.0819976 1.34742
FixedParameters: 0 0 0

#Transform 161
Transform: AffineTransform_float_3_3
Parameters: 0.999998 -0.00197244 -0.000195566 0.00197156 0.999995 -0.00224839 0.000199432 0.00224761 0.999998 0.185444 -0.0453513 1.25485
FixedParameters: 0 0 0

#Transform 162
Transform: AffineTransform_float_3_3
Parameters: 0.999996 -0.00244731 -0.000727967 0.00244769 0.999997 -0.000422783 0.000729033 0.000421217 0.999999 0.187117 -0.0531915 1.3523
FixedParameters: 0 0 0

#Transform 163
Transform: AffineTransform_float_3_3
Parameters: 0.999997 -0.0021169 -0.000287751 0.0021171 0.999997 0.000354391 0.00028725 -0.000354609 1 0.191941 -0.0658215 1.30839
FixedParameters: 0 0 0

#Transform 164
Transform: AffineTransform_float_3_3
Parameters: 0.999997 -0.00244753 -0.000453162 0.00244747 0.999997 -0.00116011 0.000455838 0.00115889 0.999999 0.220471 -0.0496652 1.26299
FixedParameters: 0 0 0

#Transform 165
Transform: AffineTransform_float_3_3
Parameters: 0.999997 -0.00244702 -0.000163632 0.00244698 0.999997 -0.000150401 0.000164367 0.000149598 1 0.206762 -0.0706228 1.35164
FixedParameters: 0 0 0

#Transform 166
Transform: AffineTransform_float_3_3
Parameters: 0.999997 -0.00244674 -0.000499254 0.00244726 0.999997 0.00051178 0.000498748 -0.000512222 0.999999 0.207879 -0.00543996 1.26086
FixedParameters: 0 0 0

#Transform 167
Transform: AffineTransform_float_3_3
Parameters: 0.999997 -0.00244701 3.1026e-05 0.00244699 0.999997 0.000398077 -3.19738e-05 -0.000397923 1 0.184471 -0.0857716 1.34477
FixedParameters: 0 0 0

#Transform 168
Transform: AffineTransform_float_3_3
Parameters: 0.999996 -0.00262888 0.000239371 0.00262912 0.999997 -0.000521373 -0.000237629 0.000521627 1 0.217976 -0.0323107 1.25756
FixedParameters: 0 0 0

#Transform 169
Transform: AffineTransform_float_3_3
Parameters: 0.999997 -0.00268586 -0.000216705 0.00268614 0.999996 0.00063442 0.000214294 -0.000635578 1 0.214728 -0.0736121 1.37395
FixedParameters: 0 0 0

#Transform 170
Transform: AffineTransform_float_3_3
Parameters: 0.999996 -0.00288293 0.000348572 0.00288207 0.999996 -0.000197996 -0.000348428 0.000199005 1 0.190678 -0.0417723 0.869274
FixedParameters: 0 0 0

#Transform 171
Transform: AffineTransform_float_3_3
Parameters: 0.999994 -0.00316287 0.00137921 0.00316614 0.999993 -0.00227665 -0.00137179 0.00228135 0.999997 0.104131 -0.101175 0.509587
FixedParameters: 0 0 0

#Transform 172
Transform: AffineTransform_float_3_3
Parameters: 0.999996 -0.00299739 -0.00071521 0.00299661 0.999993 -0.00193315 0.000720791 0.00193085 0.999998 0.19433 -0.0435846 0.486173
FixedParameters: 0 0 0

#Transform 173
Transform: AffineTransform_float_3_3
Parameters: 0.999995 -0.00304441 -0.000959537 0.00304359 0.999995 -0.00146793 0.000964465 0.00146507 0.999999 0.199652 -0.105475 0.665778
FixedParameters: 0 0 0

#Transform 174
Transform: AffineTransform_float_3_3
Parameters: 0.999995 -0.00304466 -0.000772495 0.00304334 0.999993 -0.00213836 0.000779508 0.00213664 0.999998 0.200555 -0.0718045 0.641833
FixedParameters: 0 0 0

#Transform 175
Transform: AffineTransform_float_3_3
Parameters: 0.999997 -0.00226629 -0.000882705 0.00226571 0.999997 -0.001455 0.000886295 0.001453 0.999998 0.162436 -0.0984019 0.636644
FixedParameters: 0 0 0

#Transform 176
Transform: AffineTransform_float_3_3
Parameters: 0.999997 -0.00195659 -0.00155099 0.0019544 0.999997 -0.00102903 0.00155301 0.00102596 0.999999 0.12321 -0.0713222 0.735786
FixedParameters: 0 0 0

#Transform 177
Transform: AffineTransform_float_3_3
Parameters: 0.999998 -0.00175293 -0.000719731 0.00175207 0.999997 -0.00129526 0.000722269 0.00129374 0.999999 0.113125 -0.0813295 0.642404
FixedParameters: 0 0 0

#Transform 178
Transform: AffineTransform_float_3_3
Parameters: 0.999998 -0.00131138 -0.00134665 0.00130962 0.999998 -0.00102776 0.00134835 0.00102623 0.999998 0.0974267 -0.0834908 0.702731
FixedParameters: 0 0 0

#Transform 179
Transform: AffineTransform_float_3_3
Parameters: 0.999998 -0.00120571 -0.00123033 0.00120429 0.999999 -0.00138848 0.00123167 0.00138652 0.999999 0.0925644 -0.0760735 0.664172
FixedParameters: 0 0 0

#Transform 180
Transform: AffineTransform_float_3_3
Parameters: 0.999998 -0.00116659 -0.0015428 0.00116541 0.999999 -0.0010278 0.0015442 0.0010262 0.999999 0.081611 -0.0837493 0.742672
FixedParameters: 0 0 0

#Transform 181
Transform: AffineTransform_float_3_3
Parameters: 0.999998 -0.00146214 -0.000651455 0.00146086 0.999998 -0.00174196 0.000654545 0.00174105 0.999999 0.0993624 -0.0796986 0.612923
FixedParameters: 0 0 0

#Transform 182
Transform: AffineTransform_float_3_3
Parameters: 0.999998 -0.000994956 -0.00183094 0.000993044 0.999999 -0.00106882 0.00183206 0.00106718 0.999998 0.0745321 -0.0872948 0.744404
FixedParameters: 0 0 0

#Transform 183
Transform: AffineTransform_float_3_3
Parameters: 0.999999 -0.00125746 -0.00133669 0.00125554 0.999997 -0.00184068 0.00133931 0.00183932 0.999998 0.0849668 -0.0723578 0.600581
FixedParameters: 0 0 0

#Transform 184
Transform: AffineTransform_float_3_3
Parameters: 0.999999 -0.00100526 -0.00144613 0.00100375 0.999999 -0.000868453 0.00144687 0.000866547 0.999998 0.0793793 -0.0849864 0.697254
FixedParameters: 0 0 0

#Transform 185
Transform: AffineTransform_float_3_3
Parameters: 0.999997 -0.00138941 -0.00195759 0.00138559 0.999997 -0.00174072 0.00195941 0.00173728 0.999996 0.0889541 -0.0445175 0.703269
FixedParameters: 0 0 0

#Transform 186
Transform: AffineTransform_float_3_3
Parameters: 0.999998 -0.00174922 -0.000797331 0.00174778 0.999998 -0.0015274 0.000800671 0.0015266 0.999999 0.0970836 -0.0804789 0.670729
FixedParameters: 0 0 0

#Transform 187
Transform: AffineTransform_float_3_3
Parameters: 0.999999 -0.00129925 -0.00123864 0.00129675 0.999998 -0.00181661 0.00124136 0.00181539 0.999997 0.0888263 -0.0669164 0.712194
FixedParameters: 0 0 0

#Transform 188
Transform: AffineTransform_float_3_3
Parameters: 0.999998 -0.00133853 -0.00150675 0.00133547 0.999997 -0.00168102 0.00150925 0.00167898 0.999998 0.0871724 -0.068018 0.655546
FixedParameters: 0 0 0

#Transform 189
Transform: AffineTransform_float_3_3
Parameters: 0.999998 -0.00122066 -0.00162575 0.00121934 0.999998 -0.00102398 0.00162725 0.00102202 0.999998 0.0706999 -0.0743828 0.733909
FixedParameters: 0 0 0
