# transform file /out/sourcedata/freesurfer/sub-v1s13x0050056_ses-1/mri/transforms/cc_up.lta
# created by oesteban on Sun Mar  8 18:10:33 2026

type      = 0 # LINEAR_VOX_TO_VOX
nxforms   = 1
mean      = 127.0000 122.0000 103.0000
sigma     = 10000.0000
1 4 4
9.994842410087585e-01 -4.426527768373489e-03 -3.181019797921181e-02 4.908123493194580e+00 
4.424287937581539e-03 9.999902844429016e-01 -1.408100943081081e-04 2.345410728454590e+01 
3.181051090359688e-02 -1.455191696309033e-11 9.994940757751465e-01 2.901960945129395e+01 
0.000000000000000e+00 0.000000000000000e+00 0.000000000000000e+00 1.000000000000000e+00 
src volume info
valid = 1  # volume info valid
filename = /out/sourcedata/freesurfer/sub-v1s13x0050056_ses-1/mri/norm.mgz
volume = 256 256 256
voxelsize = 1.000000000000000e+00 1.000000000000000e+00 1.000000000000000e+00
xras   = -9.999999403953552e-01 0.000000000000000e+00 0.000000000000000e+00
yras   = 0.000000000000000e+00 0.000000000000000e+00 -9.999999403953552e-01
zras   = 0.000000000000000e+00 9.999999403953552e-01 0.000000000000000e+00
cras   = 1.251388549804688e+00 1.050796508789062e+00 -1.420346069335938e+01
dst volume info
valid = 1  # volume info valid
filename = /out/sourcedata/freesurfer/sub-v1s13x0050056_ses-1/mri/norm.mgz
volume = 256 256 256
voxelsize = 1.000000000000000e+00 1.000000000000000e+00 1.000000000000000e+00
xras   = -9.999999403953552e-01 0.000000000000000e+00 0.000000000000000e+00
yras   = 0.000000000000000e+00 0.000000000000000e+00 -9.999999403953552e-01
zras   = 0.000000000000000e+00 9.999999403953552e-01 0.000000000000000e+00
cras   = 1.251388549804688e+00 1.050796508789062e+00 -1.420346069335938e+01
