#!ascii label  , from subject sub-v1s13x0050005_ses-1 vox2ras=TkReg
1699
49570  -34.303  -23.441  48.596 0.0000000000
66254  -48.689  -5.051  29.609 0.0000000000
108601  -40.081  -15.550  36.906 0.0000000000
38908  -4.982  -34.009  41.785 0.0000000000
40722  -21.886  -31.046  47.240 0.0000000000
50555  -6.238  -22.602  47.572 0.0000000000
110309  -2.891  -25.970  52.015 0.0000000000
62686  -43.226  -10.151  33.602 0.0000000000
48739  -7.388  -24.047  40.425 0.0000000000
130017  -5.009  -38.985  47.991 0.0000000000
50619  -35.974  -23.020  41.548 0.0000000000
46877  -31.377  -25.663  46.198 0.0000000000
42856  -28.986  -28.948  49.264 0.0000000000
68977  -51.272  -1.707  27.200 0.0000000000
108622  -43.274  -14.753  34.227 0.0000000000
41869  -17.369  -30.334  43.357 0.0000000000
53763  -5.157  -20.183  41.108 0.0000000000
44780  -4.762  -28.697  45.428 0.0000000000
44807  -8.198  -29.054  44.329 0.0000000000
40855  -4.948  -32.748  39.523 0.0000000000
37924  -8.039  -34.521  52.864 0.0000000000
37916  -4.781  -34.853  53.982 0.0000000000
55688  -37.468  -16.478  40.002 0.0000000000
40669  -26.849  -31.196  51.357 0.0000000000
123599  -24.410  -30.798  44.138 0.0000000000
49571  -4.237  -24.423  49.363 0.0000000000
129046  -3.851  -30.133  46.613 0.0000000000
65382  -44.851  -5.239  31.076 0.0000000000
40672  -9.986  -31.940  50.993 0.0000000000
41801  -14.375  -30.453  47.401 0.0000000000
50586  -7.091  -22.447  43.745 0.0000000000
44829  -11.354  -28.366  41.646 0.0000000000
44700  -4.084  -28.737  55.215 0.0000000000
40671  -4.610  -32.623  50.851 0.0000000000
115454  -5.401  -36.064  45.573 0.0000000000
51587  -36.799  -21.261  47.251 0.0000000000
113180  -35.003  -23.442  45.836 0.0000000000
49604  -36.351  -22.914  45.424 0.0000000000
46856  -33.372  -24.620  47.427 0.0000000000
45880  -33.272  -25.549  44.015 0.0000000000
46830  -32.262  -25.302  49.830 0.0000000000
68071  -50.428  -3.258  29.056 0.0000000000
64530  -45.965  -6.866  28.432 0.0000000000
66262  -47.324  -5.014  27.061 0.0000000000
67208  -47.953  -3.795  26.227 0.0000000000
56664  -41.926  -15.718  35.083 0.0000000000
110284  -36.536  -16.644  36.406 0.0000000000
55752  -38.331  -15.761  34.836 0.0000000000
130772  -40.644  -16.464  33.281 0.0000000000
124610  -4.377  -31.068  43.606 0.0000000000
42899  -4.630  -30.813  42.865 0.0000000000
39827  -4.563  -33.266  40.813 0.0000000000
119000  -4.977  -35.447  37.820 0.0000000000
37245  -5.180  -36.204  39.174 0.0000000000
128975  -8.129  -35.456  50.471 0.0000000000
127697  -7.858  -37.021  51.521 0.0000000000
55678  -36.324  -16.749  41.875 0.0000000000
52616  -34.931  -20.804  44.051 0.0000000000
51656  -34.122  -22.046  41.299 0.0000000000
53759  -33.906  -19.156  41.912 0.0000000000
121768  -34.904  -17.859  40.332 0.0000000000
43783  -28.823  -29.621  53.228 0.0000000000
43833  -27.603  -27.974  46.253 0.0000000000
41824  -26.422  -29.919  47.035 0.0000000000
69868  -49.813  -0.855  23.171 0.0000000000
70668  -50.961  0.404  22.238 0.0000000000
112287  -3.255  -25.064  50.641 0.0000000000
45842  -2.730  -27.512  47.638 0.0000000000
109253  -1.986  -28.390  49.042 0.0000000000
65374  -43.678  -6.637  33.227 0.0000000000
60105  -41.843  -13.023  31.934 0.0000000000
61860  -41.329  -10.625  31.508 0.0000000000
63631  -42.351  -8.431  29.777 0.0000000000
112037  -11.307  -31.925  53.339 0.0000000000
41727  -13.198  -31.206  52.174 0.0000000000
52588  -4.504  -20.559  45.883 0.0000000000
51611  -4.571  -21.092  44.048 0.0000000000
50566  -7.334  -22.775  46.171 0.0000000000
123129  -7.983  -30.694  41.044 0.0000000000
44809  -10.282  -28.254  43.422 0.0000000000
43880  -9.855  -30.426  40.017 0.0000000000
43756  -5.302  -29.531  54.489 0.0000000000
110273  -4.738  -37.270  51.355 0.0000000000
111868  -4.122  -33.480  52.537 0.0000000000
37976  -4.998  -35.683  49.124 0.0000000000
38868  -5.017  -34.111  47.730 0.0000000000
113088  -4.857  -38.385  46.767 0.0000000000
51616  -35.855  -21.381  44.672 0.0000000000
43792  -30.434  -28.313  51.674 0.0000000000
44752  -31.010  -27.169  50.790 0.0000000000
45846  -29.882  -26.634  48.015 0.0000000000
70638  -53.185  0.012  26.437 0.0000000000
68991  -49.367  -1.983  24.893 0.0000000000
60955  -43.577  -12.381  33.800 0.0000000000
56708  -41.756  -16.051  32.403 0.0000000000
41857  -21.535  -31.213  44.080 0.0000000000
41839  -19.871  -30.243  45.804 0.0000000000
130710  -3.471  -23.434  40.955 0.0000000000
46849  -5.726  -26.306  47.769 0.0000000000
46869  -7.927  -26.224  46.734 0.0000000000
44794  -6.344  -28.918  44.647 0.0000000000
42909  -5.999  -30.799  41.883 0.0000000000
41968  -6.442  -32.538  38.464 0.0000000000
39739  -8.007  -33.375  54.816 0.0000000000
40620  -6.159  -32.739  54.791 0.0000000000
37075  -6.909  -35.026  53.066 0.0000000000
35426  -5.893  -37.058  51.936 0.0000000000
56629  -38.516  -15.886  38.238 0.0000000000
111022  -35.815  -17.258  38.330 0.0000000000
40690  -24.109  -30.800  49.245 0.0000000000
41772  -27.568  -30.352  49.798 0.0000000000
40726  -25.161  -30.693  47.506 0.0000000000
129573  -23.555  -31.485  45.112 0.0000000000
53664  -4.331  -19.954  47.239 0.0000000000
51575  -4.015  -21.233  49.258 0.0000000000
49581  -5.187  -23.706  48.587 0.0000000000
46847  -4.076  -26.635  47.976 0.0000000000
44790  -4.200  -29.959  45.780 0.0000000000
40773  -4.428  -31.439  44.516 0.0000000000
65390  -47.534  -5.312  30.152 0.0000000000
63634  -44.628  -7.544  28.720 0.0000000000
39741  -9.506  -32.736  54.611 0.0000000000
38847  -8.853  -33.449  51.532 0.0000000000
38863  -8.471  -34.010  48.634 0.0000000000
108552  -18.150  -29.709  47.272 0.0000000000
41767  -16.576  -29.930  48.941 0.0000000000
41756  -14.318  -31.011  50.757 0.0000000000
41762  -11.511  -31.036  49.078 0.0000000000
40719  -9.946  -31.930  47.479 0.0000000000
53739  -6.258  -19.476  42.844 0.0000000000
50593  -4.086  -22.115  42.026 0.0000000000
49631  -7.202  -22.991  42.067 0.0000000000
48681  -9.488  -24.898  45.266 0.0000000000
48700  -10.745  -24.921  43.589 0.0000000000
47835  -11.254  -24.390  41.833 0.0000000000
45744  -3.133  -27.285  54.466 0.0000000000
39743  -4.396  -32.659  54.004 0.0000000000
42838  -4.353  -31.030  52.831 0.0000000000
43796  -3.379  -29.618  50.782 0.0000000000
41780  -3.659  -30.956  48.644 0.0000000000
39786  -4.624  -32.546  46.067 0.0000000000
38053  -5.424  -34.961  44.154 0.0000000000
33662  -4.207  -40.550  46.298 0.0000000000
34619  -4.465  -39.970  44.468 0.0000000000
35592  -6.296  -37.935  40.965 0.0000000000
50552  -35.544  -22.362  47.517 0.0000000000
50540  -34.708  -22.091  48.579 0.0000000000
48657  -34.565  -23.527  47.392 0.0000000000
48667  -35.830  -23.234  46.372 0.0000000000
47766  -34.025  -23.948  47.943 0.0000000000
46858  -34.378  -23.636  46.266 0.0000000000
49569  -33.966  -23.614  49.454 0.0000000000
47756  -33.224  -24.565  49.344 0.0000000000
67185  -49.378  -4.484  29.488 0.0000000000
65401  -47.600  -5.794  29.297 0.0000000000
65412  -46.446  -6.563  27.572 0.0000000000
66256  -48.530  -5.167  28.924 0.0000000000
67200  -48.432  -4.378  27.619 0.0000000000
56654  -41.330  -15.604  35.659 0.0000000000
57498  -42.744  -15.480  36.982 0.0000000000
117614  -41.853  -15.518  36.966 0.0000000000
55737  -37.298  -16.214  36.088 0.0000000000
121847  -39.526  -15.544  35.743 0.0000000000
56662  -40.132  -15.609  35.020 0.0000000000
40808  -4.427  -32.065  42.961 0.0000000000
40828  -4.487  -32.398  42.180 0.0000000000
38907  -4.695  -33.574  41.282 0.0000000000
38108  -5.087  -34.671  39.908 0.0000000000
38109  -5.300  -35.241  40.140 0.0000000000
37977  -7.844  -35.746  48.778 0.0000000000
37111  -7.917  -36.698  49.362 0.0000000000
54713  -35.059  -18.659  44.618 0.0000000000
109415  -34.265  -19.379  43.460 0.0000000000
54723  -34.910  -18.216  43.693 0.0000000000
54742  -35.156  -17.691  41.851 0.0000000000
70649  -52.573  0.302  24.654 0.0000000000
113229  -50.334  -0.223  22.533 0.0000000000
71452  -52.679  1.233  22.728 0.0000000000
47734  -2.991  -25.610  50.976 0.0000000000
111593  -2.701  -26.242  50.059 0.0000000000
108543  -2.601  -26.678  51.021 0.0000000000
64485  -43.551  -7.656  33.595 0.0000000000
64486  -44.236  -7.115  34.171 0.0000000000
60966  -42.505  -11.635  32.814 0.0000000000
122881  -41.599  -12.145  31.780 0.0000000000
62698  -42.398  -9.787  32.793 0.0000000000
116355  -41.884  -8.934  31.959 0.0000000000
41709  -13.551  -31.437  53.714 0.0000000000
41728  -13.731  -31.278  52.871 0.0000000000
113922  -21.862  -30.738  48.567 0.0000000000
40721  -21.333  -30.836  47.789 0.0000000000
129655  -5.702  -24.329  39.801 0.0000000000
51596  -4.923  -21.067  46.496 0.0000000000
51604  -5.444  -21.396  45.510 0.0000000000
111307  -6.952  -22.812  46.931 0.0000000000
42942  -8.168  -31.586  39.152 0.0000000000
42922  -8.598  -30.700  40.556 0.0000000000
109546  -8.996  -31.205  39.179 0.0000000000
44714  -6.188  -28.621  54.210 0.0000000000
114883  -6.553  -30.363  54.601 0.0000000000
120343  -5.204  -37.867  49.654 0.0000000000
114998  -4.379  -36.145  50.686 0.0000000000
35493  -5.155  -37.761  48.814 0.0000000000
37124  -5.263  -36.856  47.797 0.0000000000
35508  -4.766  -38.898  47.175 0.0000000000
51601  -36.898  -21.202  46.171 0.0000000000
50589  -36.355  -22.119  44.584 0.0000000000
52600  -36.781  -20.566  45.855 0.0000000000
53722  -36.351  -20.089  45.600 0.0000000000
46839  -32.024  -25.370  48.484 0.0000000000
45836  -30.493  -26.363  49.165 0.0000000000
45864  -30.620  -26.040  47.139 0.0000000000
44784  -28.853  -26.902  46.967 0.0000000000
69838  -52.598  -0.653  27.062 0.0000000000
110573  -49.594  -2.622  26.473 0.0000000000
127652  -48.395  -2.762  25.111 0.0000000000
68988  -49.846  -2.093  25.823 0.0000000000
69858  -51.151  -1.048  25.361 0.0000000000
120460  -43.884  -13.732  34.283 0.0000000000
60074  -44.438  -12.673  34.943 0.0000000000
59242  -44.365  -13.505  34.891 0.0000000000
109641  -42.040  -16.144  33.775 0.0000000000
55786  -41.200  -16.517  32.309 0.0000000000
57539  -42.618  -15.285  33.195 0.0000000000
59263  -43.028  -14.093  33.252 0.0000000000
52666  -4.669  -20.931  39.713 0.0000000000
51661  -3.366  -22.390  40.123 0.0000000000
52637  -3.534  -21.597  41.368 0.0000000000
45873  -5.188  -28.062  45.875 0.0000000000
121935  -5.982  -27.851  46.140 0.0000000000
45888  -5.305  -28.573  45.145 0.0000000000
41922  -4.551  -31.966  41.377 0.0000000000
42900  -5.359  -30.488  42.651 0.0000000000
41923  -5.024  -31.800  40.662 0.0000000000
116675  -5.758  -31.836  40.063 0.0000000000
128947  -5.254  -32.683  39.208 0.0000000000
125442  -5.233  -33.845  38.171 0.0000000000
38840  -7.743  -33.954  53.990 0.0000000000
37915  -7.492  -34.131  54.160 0.0000000000
37919  -7.642  -34.424  53.507 0.0000000000
35451  -7.148  -38.313  50.267 0.0000000000
35441  -6.623  -37.650  51.597 0.0000000000
35440  -6.278  -38.008  51.240 0.0000000000
34519  -5.847  -38.012  50.984 0.0000000000
55699  -37.666  -16.414  39.296 0.0000000000
55697  -36.087  -17.074  39.545 0.0000000000
54768  -35.188  -17.610  38.650 0.0000000000
55707  -36.335  -16.931  38.858 0.0000000000
55708  -37.005  -16.561  38.713 0.0000000000
110856  -25.792  -31.217  51.987 0.0000000000
40680  -24.871  -30.673  50.614 0.0000000000
109535  -25.091  -30.657  49.986 0.0000000000
43797  -29.816  -28.900  50.643 0.0000000000
42843  -29.412  -29.421  51.132 0.0000000000
42848  -28.767  -29.575  49.835 0.0000000000
41859  -25.304  -30.444  45.367 0.0000000000
40743  -26.108  -30.414  47.819 0.0000000000
40762  -24.739  -30.765  45.988 0.0000000000
40740  -24.615  -30.901  46.566 0.0000000000
109818  -24.188  -31.170  44.372 0.0000000000
124401  -23.004  -31.452  43.679 0.0000000000
49556  -3.824  -23.773  50.240 0.0000000000
113460  -4.285  -22.900  49.217 0.0000000000
118112  -4.382  -22.285  48.755 0.0000000000
49580  -4.719  -23.943  48.939 0.0000000000
47769  -4.651  -25.765  48.385 0.0000000000
47768  -3.920  -26.011  48.534 0.0000000000
44763  -2.975  -28.523  47.291 0.0000000000
45853  -3.349  -28.108  47.237 0.0000000000
43825  -4.089  -30.182  46.126 0.0000000000
42876  -4.276  -30.607  45.539 0.0000000000
41832  -4.240  -30.876  45.745 0.0000000000
126252  -46.880  -4.782  30.922 0.0000000000
66233  -47.567  -4.382  31.538 0.0000000000
66231  -46.765  -4.187  32.333 0.0000000000
119288  -43.149  -6.810  30.538 0.0000000000
64516  -43.586  -7.773  29.271 0.0000000000
65388  -44.866  -5.869  29.996 0.0000000000
65400  -46.067  -6.249  29.259 0.0000000000
40626  -10.849  -31.632  55.238 0.0000000000
113019  -11.226  -31.661  52.044 0.0000000000
39753  -9.757  -32.532  52.813 0.0000000000
39755  -9.359  -32.577  51.326 0.0000000000
39757  -8.901  -33.082  50.781 0.0000000000
39763  -9.261  -32.474  49.617 0.0000000000
41855  -18.954  -29.970  44.484 0.0000000000
108713  -19.081  -29.870  46.077 0.0000000000
41838  -17.462  -29.798  45.646 0.0000000000
41818  -14.876  -30.358  46.669 0.0000000000
108554  -16.506  -29.703  47.428 0.0000000000
109477  -15.100  -30.140  48.192 0.0000000000
41766  -15.325  -30.447  49.584 0.0000000000
114695  -14.048  -30.626  49.223 0.0000000000
41764  -13.307  -30.786  49.636 0.0000000000
41800  -13.323  -30.729  47.838 0.0000000000
111597  -10.927  -31.652  46.228 0.0000000000
53727  -6.659  -19.412  43.443 0.0000000000
50584  -5.613  -21.619  44.041 0.0000000000
51622  -4.570  -21.242  43.279 0.0000000000
50595  -5.309  -21.747  43.027 0.0000000000
128523  -5.211  -22.671  41.979 0.0000000000
49619  -7.660  -22.856  43.067 0.0000000000
45876  -7.938  -27.695  45.996 0.0000000000
47782  -8.490  -25.478  46.455 0.0000000000
45890  -9.484  -27.518  45.015 0.0000000000
113639  -10.853  -28.707  42.065 0.0000000000
45904  -10.653  -27.327  43.733 0.0000000000
46922  -11.453  -26.272  42.969 0.0000000000
48709  -10.807  -24.545  42.921 0.0000000000
47826  -11.662  -25.879  42.446 0.0000000000
46945  -12.225  -26.127  41.276 0.0000000000
44711  -3.294  -28.073  54.797 0.0000000000
37911  -5.066  -34.147  54.410 0.0000000000
40629  -5.489  -32.686  54.675 0.0000000000
109858  -4.545  -33.335  54.408 0.0000000000
39754  -4.509  -33.088  51.731 0.0000000000
114309  -4.550  -32.222  52.847 0.0000000000
41739  -4.476  -31.543  51.651 0.0000000000
42841  -3.909  -29.963  51.700 0.0000000000
41738  -4.184  -31.006  50.943 0.0000000000
119885  -3.468  -30.541  49.475 0.0000000000
41761  -4.047  -31.535  49.481 0.0000000000
38007  -5.317  -35.377  46.611 0.0000000000
130283  -4.896  -33.454  47.221 0.0000000000
38019  -5.370  -35.156  45.809 0.0000000000
108236  -5.228  -34.159  44.560 0.0000000000
128894  -5.474  -35.790  44.642 0.0000000000
31972  -3.694  -42.386  44.843 0.0000000000
33676  -4.076  -40.816  45.432 0.0000000000
52586  -37.495  -20.332  47.320 0.0000000000
46901  -34.961  -23.979  44.125 0.0000000000
47798  -35.533  -23.501  44.784 0.0000000000
48674  -36.015  -23.474  45.910 0.0000000000
50562  -36.578  -21.876  46.726 0.0000000000
46855  -32.575  -25.195  47.595 0.0000000000
46880  -33.376  -24.414  46.304 0.0000000000
46882  -34.536  -23.678  45.156 0.0000000000
46831  -32.645  -25.042  49.135 0.0000000000
68961  -50.603  -2.717  28.384 0.0000000000
64550  -45.457  -6.606  26.443 0.0000000000
66270  -46.075  -5.315  26.064 0.0000000000
121189  -46.679  -4.032  25.121 0.0000000000
67199  -47.857  -4.404  26.922 0.0000000000
67201  -48.889  -3.682  27.324 0.0000000000
57516  -42.941  -15.373  34.695 0.0000000000
58359  -44.363  -14.255  35.506 0.0000000000
58358  -44.044  -14.898  35.855 0.0000000000
58350  -44.366  -15.058  37.133 0.0000000000
54795  -35.199  -17.458  35.997 0.0000000000
54796  -35.900  -16.912  35.773 0.0000000000
108835  -37.033  -16.353  34.536 0.0000000000
55763  -37.407  -16.342  33.538 0.0000000000
55764  -38.381  -16.405  33.105 0.0000000000
56693  -38.936  -16.200  33.521 0.0000000000
108318  -41.313  -16.132  34.144 0.0000000000
43831  -4.417  -29.967  44.647 0.0000000000
43837  -4.671  -29.905  43.773 0.0000000000
42898  -4.380  -30.933  43.421 0.0000000000
119657  -4.474  -32.217  41.817 0.0000000000
40853  -4.578  -32.983  40.312 0.0000000000
39847  -5.135  -34.202  38.200 0.0000000000
38924  -4.985  -34.502  39.208 0.0000000000
109625  -4.965  -36.104  38.518 0.0000000000
37935  -8.269  -34.876  51.704 0.0000000000
37084  -7.843  -36.084  52.272 0.0000000000
37101  -8.098  -36.399  50.466 0.0000000000
55679  -36.835  -16.565  41.176 0.0000000000
51636  -35.495  -21.968  42.974 0.0000000000
120021  -35.084  -22.642  41.178 0.0000000000
51635  -34.567  -21.510  42.619 0.0000000000
51645  -33.864  -21.191  42.065 0.0000000000
53758  -33.461  -19.788  41.397 0.0000000000
54750  -34.260  -18.512  40.950 0.0000000000
55677  -35.837  -17.056  41.211 0.0000000000
41723  -27.875  -30.917  52.653 0.0000000000
43819  -28.214  -28.323  47.755 0.0000000000
42864  -28.030  -29.093  48.404 0.0000000000
42877  -26.810  -29.320  46.611 0.0000000000
42885  -25.979  -29.850  44.886 0.0000000000
69875  -48.478  -1.355  21.598 0.0000000000
70667  -49.914  -0.316  21.677 0.0000000000
70670  -49.893  -0.187  20.695 0.0000000000
70673  -50.098  -0.021  19.593 0.0000000000
48650  -3.406  -25.332  49.899 0.0000000000
47759  -3.551  -25.871  48.879 0.0000000000
47746  -2.958  -25.946  49.461 0.0000000000
45830  -2.164  -27.456  48.456 0.0000000000
109444  -2.757  -29.126  47.460 0.0000000000
65381  -44.074  -5.582  31.685 0.0000000000
66226  -44.794  -5.145  33.389 0.0000000000
60125  -40.800  -12.563  30.225 0.0000000000
129490  -40.667  -11.920  29.400 0.0000000000
61888  -41.738  -10.042  28.876 0.0000000000
61859  -41.244  -9.804  30.732 0.0000000000
64504  -42.527  -7.361  31.245 0.0000000000
40632  -12.044  -31.705  54.772 0.0000000000
40635  -12.082  -31.773  54.271 0.0000000000
119459  -11.693  -31.596  52.838 0.0000000000
40661  -11.680  -31.267  51.200 0.0000000000
41836  -14.607  -30.816  44.857 0.0000000000
41816  -12.605  -31.030  46.338 0.0000000000
125332  -5.141  -19.222  45.254 0.0000000000
53709  -4.927  -19.524  44.408 0.0000000000
52594  -4.449  -20.525  44.891 0.0000000000
50571  -5.875  -21.618  44.999 0.0000000000
50573  -7.264  -22.423  45.354 0.0000000000
43854  -8.208  -29.883  42.822 0.0000000000
44808  -9.533  -28.707  43.801 0.0000000000
43855  -9.181  -29.670  42.572 0.0000000000
43856  -10.191  -29.340  42.146 0.0000000000
44828  -10.890  -29.130  41.487 0.0000000000
45756  -6.449  -27.279  53.533 0.0000000000
44713  -5.521  -28.232  54.523 0.0000000000
43755  -4.660  -29.250  54.778 0.0000000000
37082  -4.709  -36.556  52.541 0.0000000000
37921  -4.177  -34.781  53.682 0.0000000000
37933  -4.185  -35.926  51.536 0.0000000000
37944  -4.265  -35.297  50.780 0.0000000000
117551  -4.575  -33.835  50.014 0.0000000000
109019  -4.672  -33.558  49.014 0.0000000000
37975  -5.111  -35.015  48.317 0.0000000000
111935  -5.293  -36.229  47.192 0.0000000000
36333  -5.037  -37.796  46.343 0.0000000000
50611  -36.177  -23.088  42.314 0.0000000000
119860  -36.092  -23.205  44.252 0.0000000000
50600  -36.140  -22.286  43.777 0.0000000000
125297  -35.799  -22.240  42.971 0.0000000000
52606  -35.900  -20.782  44.981 0.0000000000
53721  -36.022  -19.935  45.405 0.0000000000
43801  -30.127  -28.293  50.109 0.0000000000
45829  -31.723  -25.916  50.140 0.0000000000
44757  -30.159  -27.188  49.437 0.0000000000
44756  -29.659  -27.772  49.095 0.0000000000
44771  -28.503  -27.663  47.473 0.0000000000
68097  -47.379  -2.664  23.770 0.0000000000
69857  -49.732  -1.463  24.312 0.0000000000
70648  -51.840  -0.387  24.978 0.0000000000
61839  -43.451  -11.000  33.782 0.0000000000
62676  -44.361  -9.877  34.745 0.0000000000
61834  -44.405  -10.761  34.850 0.0000000000
125576  -39.317  -17.038  31.935 0.0000000000
58412  -42.152  -14.895  32.266 0.0000000000
60967  -42.979  -12.631  33.195 0.0000000000
41841  -21.332  -31.128  45.061 0.0000000000
41821  -20.594  -30.651  46.364 0.0000000000
41856  -20.590  -30.764  44.483 0.0000000000
109787  -19.717  -30.272  43.890 0.0000000000
48735  -3.722  -23.882  39.951 0.0000000000
48737  -4.886  -23.980  40.642 0.0000000000
48662  -6.123  -24.507  48.141 0.0000000000
48668  -6.877  -24.458  47.622 0.0000000000
46868  -7.103  -26.449  47.150 0.0000000000
45875  -6.848  -27.995  46.068 0.0000000000
44795  -7.306  -28.775  44.896 0.0000000000
43838  -5.298  -29.712  43.609 0.0000000000
43839  -6.510  -29.766  43.431 0.0000000000
43853  -7.244  -30.078  42.852 0.0000000000
109229  -7.045  -30.883  41.279 0.0000000000
42791  -6.504  -31.570  54.968 0.0000000000
110331  -7.149  -33.281  55.077 0.0000000000
38835  -6.614  -33.949  54.545 0.0000000000
37071  -5.830  -34.792  53.490 0.0000000000
37080  -7.325  -35.712  52.566 0.0000000000
36251  -6.191  -36.513  52.137 0.0000000000
37078  -5.133  -36.056  52.969 0.0000000000
36256  -5.014  -37.350  51.789 0.0000000000
35449  -5.350  -37.960  50.468 0.0000000000
34546  -5.456  -38.780  48.762 0.0000000000
56642  -39.377  -15.628  37.720 0.0000000000
57473  -40.692  -15.641  38.464 0.0000000000
56631  -40.028  -15.718  39.099 0.0000000000
50642  -34.999  -23.106  40.232 0.0000000000
54787  -35.049  -17.644  36.942 0.0000000000
55721  -37.821  -16.113  37.642 0.0000000000
109536  -23.697  -30.700  49.922 0.0000000000
40723  -23.156  -30.988  47.761 0.0000000000
42836  -29.637  -29.040  52.314 0.0000000000
41750  -28.384  -30.486  51.678 0.0000000000
40683  -27.111  -30.714  50.251 0.0000000000
112609  -27.227  -29.986  48.536 0.0000000000
40710  -26.673  -30.475  49.257 0.0000000000
115039  -25.936  -30.615  49.335 0.0000000000
40725  -24.745  -30.845  48.044 0.0000000000
109763  -23.585  -31.159  46.883 0.0000000000
118799  -22.805  -31.358  46.195 0.0000000000
41858  -22.532  -31.477  44.238 0.0000000000
70674  -50.148  0.775  18.737 0.0000000000
70678  -50.293  1.079  17.959 0.0000000000
71479  -51.035  1.574  17.523 0.0000000000
53677  -4.351  -20.035  46.393 0.0000000000
51588  -4.819  -21.235  47.347 0.0000000000
52575  -4.192  -20.644  48.127 0.0000000000
107851  -4.563  -21.877  48.155 0.0000000000
50554  -5.492  -22.527  48.001 0.0000000000
48661  -5.324  -24.664  48.498 0.0000000000
46848  -4.851  -26.473  47.900 0.0000000000
45872  -4.535  -28.299  46.225 0.0000000000
46863  -3.310  -27.347  47.554 0.0000000000
45871  -4.145  -28.467  46.623 0.0000000000
44791  -4.354  -29.685  45.409 0.0000000000
43830  -4.351  -30.269  45.002 0.0000000000
41865  -4.395  -31.246  43.924 0.0000000000
39808  -4.541  -32.382  43.375 0.0000000000
66245  -48.296  -5.041  30.268 0.0000000000
61889  -42.361  -9.396  28.590 0.0000000000
62758  -42.931  -8.837  28.300 0.0000000000
61900  -43.528  -8.495  27.841 0.0000000000
64529  -45.297  -7.220  28.582 0.0000000000
115255  -47.025  -5.909  29.409 0.0000000000
39740  -8.653  -33.074  54.693 0.0000000000
39748  -8.946  -33.068  53.662 0.0000000000
39746  -10.540  -32.347  53.993 0.0000000000
39752  -8.984  -33.161  53.069 0.0000000000
38845  -8.480  -33.994  52.659 0.0000000000
37960  -8.056  -34.781  49.164 0.0000000000
41820  -19.852  -30.204  46.731 0.0000000000
41802  -18.882  -29.959  47.993 0.0000000000
41768  -17.973  -29.952  49.077 0.0000000000
124010  -16.830  -29.678  46.824 0.0000000000
109507  -16.976  -29.716  48.171 0.0000000000
115064  -17.271  -30.040  49.668 0.0000000000
41758  -16.757  -30.458  50.501 0.0000000000
41743  -15.586  -30.889  51.446 0.0000000000
41729  -14.547  -31.145  52.630 0.0000000000
41741  -13.715  -31.120  51.421 0.0000000000
41754  -12.440  -31.061  50.635 0.0000000000
40686  -10.680  -31.312  49.651 0.0000000000
41798  -11.541  -31.110  47.613 0.0000000000
40720  -10.637  -31.371  47.930 0.0000000000
40703  -9.837  -31.792  49.202 0.0000000000
39780  -8.891  -33.230  48.236 0.0000000000
111578  -5.881  -19.808  41.469 0.0000000000
53724  -4.550  -19.923  43.768 0.0000000000
52624  -4.217  -20.838  42.660 0.0000000000
124578  -3.902  -20.989  41.703 0.0000000000
49628  -3.874  -22.768  41.746 0.0000000000
125766  -4.584  -23.409  41.382 0.0000000000
48720  -7.717  -23.695  41.071 0.0000000000
126892  -7.994  -24.008  46.689 0.0000000000
49591  -8.263  -23.827  46.203 0.0000000000
48689  -9.122  -24.097  44.959 0.0000000000
45891  -10.211  -27.203  44.471 0.0000000000
119978  -9.999  -25.125  44.836 0.0000000000
49611  -9.298  -23.711  43.814 0.0000000000
49621  -9.221  -23.586  42.890 0.0000000000
48707  -8.949  -23.528  42.020 0.0000000000
48741  -9.318  -23.696  40.993 0.0000000000
119933  -10.869  -23.933  41.300 0.0000000000
41688  -5.980  -31.454  54.732 0.0000000000
118989  -4.817  -30.894  54.385 0.0000000000
42819  -4.105  -30.084  54.375 0.0000000000
39751  -4.145  -32.946  53.108 0.0000000000
116959  -4.291  -31.124  53.412 0.0000000000
43786  -3.907  -30.119  53.924 0.0000000000
43790  -3.408  -29.040  53.108 0.0000000000
111318  -3.114  -28.646  52.304 0.0000000000
45791  -2.543  -27.377  51.525 0.0000000000
108544  -2.540  -28.888  50.064 0.0000000000
42847  -2.998  -29.965  48.647 0.0000000000
41797  -3.788  -30.993  47.361 0.0000000000
40702  -4.415  -32.307  48.065 0.0000000000
40718  -4.279  -31.748  47.299 0.0000000000
40734  -4.252  -31.306  46.019 0.0000000000
39793  -4.630  -32.413  45.210 0.0000000000
38894  -5.008  -33.712  43.745 0.0000000000
38066  -5.345  -34.789  42.464 0.0000000000
34571  -4.833  -39.759  47.442 0.0000000000
32797  -4.434  -40.831  46.542 0.0000000000
34570  -4.474  -39.890  47.114 0.0000000000
115369  -4.469  -39.163  46.633 0.0000000000
110880  -4.633  -38.663  46.160 0.0000000000
112818  -4.644  -39.360  44.770 0.0000000000
34632  -4.640  -39.992  43.814 0.0000000000
36365  -5.304  -37.488  44.696 0.0000000000
36379  -5.372  -37.597  43.344 0.0000000000
38067  -5.612  -35.944  42.746 0.0000000000
38083  -5.611  -35.619  41.779 0.0000000000
37246  -5.498  -36.771  39.551 0.0000000000
35608  -5.237  -37.971  38.728 0.0000000000
50551  -34.840  -22.764  48.077 0.0000000000
117309  -35.239  -22.026  47.994 0.0000000000
49578  -34.680  -23.285  47.782 0.0000000000
116455  -35.209  -22.920  47.464 0.0000000000
48656  -34.142  -23.757  48.239 0.0000000000
48649  -33.779  -24.027  49.027 0.0000000000
115915  -34.391  -22.891  48.927 0.0000000000
67179  -50.205  -4.071  30.167 0.0000000000
65410  -48.066  -5.599  29.167 0.0000000000
56653  -40.379  -15.540  35.885 0.0000000000
57496  -41.048  -15.540  36.654 0.0000000000
56652  -39.400  -15.565  36.619 0.0000000000
56651  -38.714  -15.607  36.185 0.0000000000
38900  -4.725  -33.279  42.163 0.0000000000
39814  -4.568  -32.649  42.551 0.0000000000
38917  -5.000  -34.308  40.796 0.0000000000
115316  -7.694  -36.605  48.396 0.0000000000
47722  -3.033  -25.018  52.077 0.0000000000
62699  -43.054  -9.217  33.399 0.0000000000
63566  -43.618  -8.646  33.900 0.0000000000
61838  -42.768  -10.825  33.191 0.0000000000
61848  -42.025  -10.703  32.428 0.0000000000
124003  -42.476  -8.849  32.720 0.0000000000
108770  -14.809  -31.185  54.156 0.0000000000
125099  -14.094  -31.392  54.149 0.0000000000
41710  -14.319  -31.271  53.486 0.0000000000
121385  -22.269  -30.912  47.819 0.0000000000
111354  -6.448  -24.199  40.142 0.0000000000
48756  -6.206  -24.514  39.243 0.0000000000
128100  -5.804  -21.915  47.240 0.0000000000
124466  -6.295  -22.000  46.701 0.0000000000
42808  -7.193  -30.489  54.873 0.0000000000
120310  -5.239  -38.515  48.602 0.0000000000
127486  -4.927  -37.215  49.784 0.0000000000
36309  -5.189  -37.599  48.132 0.0000000000
35492  -5.055  -38.501  47.911 0.0000000000
52593  -37.251  -20.246  46.462 0.0000000000
53706  -37.074  -19.780  46.240 0.0000000000
46854  -31.821  -25.439  47.497 0.0000000000
45847  -30.817  -25.918  47.835 0.0000000000
69837  -52.117  -1.222  27.670 0.0000000000
68976  -50.401  -2.177  26.777 0.0000000000
111865  -51.716  -1.178  26.551 0.0000000000
58383  -43.561  -14.314  34.121 0.0000000000
58373  -44.148  -14.011  34.818 0.0000000000
57526  -42.825  -15.127  33.778 0.0000000000
56697  -42.531  -15.578  33.510 0.0000000000
57540  -42.983  -14.775  33.632 0.0000000000
58393  -43.116  -14.529  33.463 0.0000000000
53764  -6.143  -19.949  40.493 0.0000000000
112311  -5.389  -20.409  40.051 0.0000000000
52652  -3.920  -21.063  40.848 0.0000000000
52653  -4.601  -20.600  40.690 0.0000000000
44792  -4.868  -29.033  44.707 0.0000000000
41946  -4.768  -32.398  40.335 0.0000000000
41947  -5.171  -32.329  39.824 0.0000000000
40866  -5.143  -33.012  38.842 0.0000000000
40875  -5.219  -33.417  38.476 0.0000000000
37920  -7.879  -34.227  53.380 0.0000000000
37923  -7.725  -34.852  52.984 0.0000000000
109666  -6.966  -38.109  51.076 0.0000000000
56611  -38.275  -16.268  39.884 0.0000000000
56610  -38.059  -16.218  40.574 0.0000000000
49663  -36.237  -23.562  41.067 0.0000000000
40656  -27.113  -31.360  52.087 0.0000000000
40668  -26.131  -31.110  51.352 0.0000000000
40681  -25.683  -30.750  50.510 0.0000000000
42849  -29.529  -28.991  49.920 0.0000000000
40797  -24.640  -30.711  44.677 0.0000000000
40781  -25.013  -30.648  45.957 0.0000000000
40779  -24.691  -30.780  45.233 0.0000000000
40778  -24.536  -30.982  45.168 0.0000000000
110963  -24.526  -30.864  44.541 0.0000000000
40796  -23.886  -31.066  43.713 0.0000000000
48638  -3.887  -24.580  49.885 0.0000000000
50532  -3.911  -22.840  49.921 0.0000000000
49557  -4.159  -23.707  49.656 0.0000000000
130759  -4.477  -23.571  49.179 0.0000000000
48659  -4.125  -25.150  48.989 0.0000000000
43812  -3.329  -29.734  47.234 0.0000000000
43818  -3.733  -29.680  46.763 0.0000000000
130627  -4.112  -30.487  46.095 0.0000000000
113431  -45.744  -4.722  31.638 0.0000000000
125680  -44.240  -5.799  30.770 0.0000000000
65387  -43.978  -6.410  30.191 0.0000000000
66244  -45.782  -5.267  30.479 0.0000000000
40660  -10.750  -31.651  51.377 0.0000000000
40659  -10.169  -32.125  51.937 0.0000000000
39758  -9.302  -32.473  50.466 0.0000000000
40685  -9.912  -31.842  50.103 0.0000000000
109089  -17.975  -30.108  44.140 0.0000000000
108549  -18.324  -29.803  45.230 0.0000000000
41854  -17.502  -29.993  44.832 0.0000000000
124116  -14.155  -30.637  46.566 0.0000000000
41785  -14.829  -30.392  48.993 0.0000000000
108617  -14.150  -30.479  48.401 0.0000000000
41784  -13.268  -30.734  48.776 0.0000000000
109484  -6.161  -19.309  44.059 0.0000000000
50596  -6.192  -22.026  43.432 0.0000000000
108240  -6.678  -22.510  42.798 0.0000000000
44796  -8.345  -28.252  45.215 0.0000000000
45877  -8.780  -27.368  45.690 0.0000000000
44797  -9.107  -28.486  44.507 0.0000000000
44817  -11.156  -28.052  42.303 0.0000000000
45905  -11.282  -26.998  43.088 0.0000000000
45920  -11.328  -27.405  42.521 0.0000000000
46933  -11.594  -26.757  42.442 0.0000000000
45928  -11.658  -27.440  41.842 0.0000000000
46944  -11.927  -26.457  41.809 0.0000000000
45941  -11.824  -27.979  41.076 0.0000000000
44701  -4.352  -27.976  55.324 0.0000000000
44712  -3.603  -28.371  55.115 0.0000000000
111828  -4.825  -33.938  54.573 0.0000000000
109058  -4.563  -34.823  54.116 0.0000000000
40658  -4.629  -32.217  51.619 0.0000000000
41752  -4.356  -31.732  50.638 0.0000000000
41751  -3.873  -31.048  50.045 0.0000000000
40684  -4.426  -32.401  49.796 0.0000000000
116087  -5.349  -36.108  46.086 0.0000000000
38036  -5.435  -35.230  45.020 0.0000000000
37166  -5.392  -36.608  45.059 0.0000000000
108682  -3.863  -44.140  44.515 0.0000000000
109249  -3.818  -42.948  45.138 0.0000000000
115696  -3.745  -43.164  44.468 0.0000000000
47787  -35.002  -23.508  45.022 0.0000000000
117030  -35.685  -23.390  45.189 0.0000000000
47788  -35.831  -23.406  45.741 0.0000000000
116380  -36.197  -22.075  47.118 0.0000000000
49587  -36.178  -22.621  46.600 0.0000000000
51595  -37.079  -21.183  46.786 0.0000000000
115817  -32.981  -24.917  47.002 0.0000000000
46900  -34.687  -24.140  44.208 0.0000000000
46841  -33.189  -24.803  48.392 0.0000000000
126249  -33.047  -24.733  49.108 0.0000000000
46840  -32.834  -25.124  48.264 0.0000000000
128823  -51.262  -2.199  28.626 0.0000000000
118366  -51.152  -2.582  29.240 0.0000000000
63648  -45.284  -7.511  28.074 0.0000000000
63665  -44.756  -7.789  26.995 0.0000000000
64532  -45.833  -7.130  27.739 0.0000000000
65417  -46.798  -5.825  27.250 0.0000000000
65416  -46.182  -6.437  26.980 0.0000000000
116290  -46.124  -5.875  26.570 0.0000000000
66261  -46.663  -5.187  26.515 0.0000000000
67193  -49.079  -3.990  28.062 0.0000000000
68070  -49.717  -3.361  27.998 0.0000000000
56665  -42.394  -15.754  34.518 0.0000000000
57504  -43.319  -15.316  35.470 0.0000000000
57503  -42.613  -15.545  35.240 0.0000000000
57499  -43.586  -15.346  36.481 0.0000000000
57488  -43.670  -15.379  37.667 0.0000000000
54788  -35.827  -17.134  36.664 0.0000000000
114447  -37.539  -16.040  35.129 0.0000000000
111120  -36.717  -16.494  35.476 0.0000000000
55762  -36.472  -16.530  33.934 0.0000000000
56679  -38.061  -15.963  34.083 0.0000000000
56680  -39.042  -15.879  34.212 0.0000000000
56663  -41.119  -15.774  34.910 0.0000000000
56682  -40.659  -15.924  34.443 0.0000000000
128698  -41.829  -15.985  34.467 0.0000000000
42892  -4.371  -30.914  43.744 0.0000000000
43849  -4.385  -30.684  43.833 0.0000000000
40841  -4.479  -32.723  41.289 0.0000000000
40842  -4.548  -32.509  40.809 0.0000000000
123044  -4.771  -33.596  39.802 0.0000000000
38137  -5.107  -35.379  39.174 0.0000000000
37252  -4.846  -36.541  38.146 0.0000000000
36411  -4.962  -36.785  38.476 0.0000000000
122149  -8.256  -34.799  50.939 0.0000000000
37945  -8.182  -35.620  51.195 0.0000000000
52632  -34.835  -21.366  43.250 0.0000000000
110955  -35.158  -21.953  42.644 0.0000000000
53748  -33.977  -19.664  42.830 0.0000000000
52631  -34.093  -20.715  42.829 0.0000000000
52630  -33.624  -20.143  42.177 0.0000000000
52644  -33.424  -20.443  41.574 0.0000000000
116088  -33.723  -19.257  41.047 0.0000000000
55670  -35.640  -17.251  42.290 0.0000000000
42834  -28.335  -30.405  52.916 0.0000000000
125660  -28.072  -28.006  47.114 0.0000000000
43827  -27.577  -28.649  47.136 0.0000000000
43826  -27.097  -28.707  46.211 0.0000000000
69867  -49.045  -1.154  22.505 0.0000000000
70669  -49.291  -0.686  20.880 0.0000000000
71458  -50.514  0.348  21.346 0.0000000000
48637  -3.559  -24.513  50.463 0.0000000000
45821  -2.043  -27.503  49.348 0.0000000000
46818  -2.446  -26.675  49.129 0.0000000000
44755  -2.217  -28.343  47.871 0.0000000000
43799  -2.345  -29.174  48.238 0.0000000000
65377  -43.442  -6.251  32.150 0.0000000000
65378  -44.080  -5.688  32.798 0.0000000000
65375  -44.373  -6.082  33.849 0.0000000000
59277  -41.356  -13.494  31.186 0.0000000000
60980  -41.130  -11.425  31.216 0.0000000000
121197  -41.166  -12.354  31.107 0.0000000000
60998  -40.989  -10.581  30.412 0.0000000000
64497  -42.924  -7.213  32.472 0.0000000000
63599  -42.325  -8.091  32.091 0.0000000000
64505  -42.991  -6.673  31.500 0.0000000000
40633  -12.871  -31.584  54.701 0.0000000000
40640  -12.743  -31.383  53.083 0.0000000000
40648  -12.208  -31.319  52.134 0.0000000000
41835  -13.708  -30.972  45.203 0.0000000000
53692  -4.434  -19.919  45.602 0.0000000000
120666  -4.679  -19.674  45.054 0.0000000000
50564  -6.130  -21.655  45.844 0.0000000000
50572  -6.548  -21.934  45.359 0.0000000000
42910  -7.852  -30.474  41.704 0.0000000000
43864  -8.540  -30.157  42.094 0.0000000000
42911  -8.677  -30.415  41.305 0.0000000000
42923  -9.200  -30.689  40.011 0.0000000000
43871  -9.519  -30.336  40.752 0.0000000000
107970  -10.271  -29.768  41.216 0.0000000000
112254  -10.407  -30.044  40.375 0.0000000000
43881  -10.433  -30.274  39.567 0.0000000000
43757  -6.132  -29.802  54.426 0.0000000000
121425  -5.554  -28.915  54.496 0.0000000000
112659  -4.736  -28.710  54.902 0.0000000000
37090  -4.536  -36.765  51.893 0.0000000000
37926  -4.275  -36.073  52.472 0.0000000000
127951  -4.413  -36.677  51.245 0.0000000000
37110  -4.703  -36.390  49.857 0.0000000000
37958  -4.580  -35.477  50.005 0.0000000000
38849  -4.515  -34.703  50.193 0.0000000000
38855  -4.780  -34.586  49.305 0.0000000000
110003  -5.273  -35.837  47.806 0.0000000000
36322  -5.186  -37.394  46.999 0.0000000000
37146  -5.269  -36.707  46.520 0.0000000000
127246  -36.501  -24.162  41.563 0.0000000000
111365  -36.333  -23.700  42.112 0.0000000000
126802  -36.006  -23.436  45.099 0.0000000000
47799  -35.633  -23.580  44.230 0.0000000000
48686  -36.157  -23.324  44.968 0.0000000000
51617  -36.165  -21.526  44.856 0.0000000000
51626  -36.076  -21.826  44.308 0.0000000000
50610  -36.001  -22.473  43.017 0.0000000000
50599  -35.929  -21.933  43.783 0.0000000000
52618  -35.679  -21.408  44.381 0.0000000000
122846  -32.779  -25.727  44.271 0.0000000000
44751  -30.583  -27.699  50.535 0.0000000000
46817  -32.274  -25.470  50.276 0.0000000000
45827  -30.697  -26.577  49.816 0.0000000000
44765  -29.902  -27.002  48.809 0.0000000000
44764  -29.230  -27.625  48.475 0.0000000000
43820  -28.627  -27.968  48.097 0.0000000000
44772  -29.056  -27.207  47.784 0.0000000000
45878  -28.705  -26.777  45.883 0.0000000000
71423  -53.896  0.792  26.240 0.0000000000
68094  -47.473  -3.570  25.331 0.0000000000
109808  -48.600  -2.381  24.655 0.0000000000
68095  -47.874  -2.864  24.619 0.0000000000
68997  -48.974  -1.813  23.996 0.0000000000
70637  -52.222  -0.583  25.969 0.0000000000
109109  -52.678  -0.055  25.497 0.0000000000
129696  -43.628  -11.678  33.929 0.0000000000
112800  -43.933  -11.271  34.348 0.0000000000
60935  -44.930  -12.213  35.637 0.0000000000
61827  -44.882  -11.200  35.571 0.0000000000
59222  -45.032  -13.761  36.284 0.0000000000
55765  -39.324  -16.580  32.915 0.0000000000
55783  -38.796  -16.870  32.300 0.0000000000
55766  -40.222  -16.654  32.822 0.0000000000
56717  -41.378  -16.097  31.680 0.0000000000
56718  -41.918  -15.583  32.229 0.0000000000
60092  -43.154  -13.514  33.320 0.0000000000
60954  -43.178  -11.683  33.440 0.0000000000
115062  -19.968  -30.349  43.123 0.0000000000
52679  -4.302  -21.311  38.804 0.0000000000
50623  -3.108  -22.767  40.691 0.0000000000
126707  -3.173  -22.956  40.027 0.0000000000
49655  -3.460  -23.612  40.486 0.0000000000
48736  -4.239  -23.978  40.294 0.0000000000
48717  -4.349  -23.750  40.960 0.0000000000
47771  -6.302  -25.400  47.856 0.0000000000
46867  -6.129  -26.922  47.304 0.0000000000
45874  -5.933  -28.262  45.566 0.0000000000
44781  -6.609  -28.506  45.298 0.0000000000
44782  -7.412  -28.302  45.538 0.0000000000
43850  -4.510  -30.488  43.574 0.0000000000
43851  -5.003  -30.150  43.227 0.0000000000
116240  -5.677  -30.015  43.201 0.0000000000
43852  -6.284  -30.271  42.707 0.0000000000
43863  -7.033  -30.458  42.121 0.0000000000
41967  -5.904  -32.292  39.255 0.0000000000
41948  -6.542  -31.788  39.695 0.0000000000
38936  -5.030  -34.729  38.308 0.0000000000
38945  -5.123  -34.869  37.744 0.0000000000
38202  -5.210  -35.528  37.416 0.0000000000
40622  -7.340  -32.548  55.297 0.0000000000
38833  -7.581  -33.538  54.902 0.0000000000
37918  -7.412  -34.530  53.595 0.0000000000
37914  -7.056  -34.302  54.237 0.0000000000
37917  -6.709  -34.682  53.564 0.0000000000
37913  -6.254  -34.327  54.013 0.0000000000
37074  -6.245  -35.210  52.985 0.0000000000
37081  -7.610  -35.530  52.627 0.0000000000
37083  -7.345  -36.253  52.328 0.0000000000
36258  -6.415  -37.140  51.832 0.0000000000
36248  -5.797  -35.889  52.643 0.0000000000
36250  -5.435  -36.557  52.250 0.0000000000
36249  -4.945  -36.644  52.426 0.0000000000
35432  -5.356  -37.636  51.543 0.0000000000
34527  -6.070  -38.458  50.190 0.0000000000
34518  -5.697  -38.124  50.599 0.0000000000
34526  -5.722  -38.554  49.536 0.0000000000
124788  -5.428  -38.307  49.401 0.0000000000
122976  -39.873  -15.636  38.367 0.0000000000
56630  -39.225  -15.764  38.744 0.0000000000
50629  -35.533  -23.093  40.761 0.0000000000
54778  -35.188  -17.587  37.867 0.0000000000
55709  -37.785  -16.290  38.520 0.0000000000
55720  -37.097  -16.491  37.911 0.0000000000
40679  -24.454  -30.686  49.941 0.0000000000
40689  -23.266  -30.789  49.260 0.0000000000
40707  -23.658  -30.891  48.509 0.0000000000
42845  -28.874  -29.875  50.719 0.0000000000
42842  -28.851  -29.997  51.549 0.0000000000
118805  -28.334  -30.363  51.017 0.0000000000
41749  -27.895  -30.750  51.345 0.0000000000
41760  -27.642  -30.592  50.442 0.0000000000
42870  -27.220  -29.393  47.549 0.0000000000
42863  -27.563  -29.503  48.232 0.0000000000
41807  -26.876  -29.950  47.918 0.0000000000
124593  -25.324  -30.614  47.449 0.0000000000
40728  -26.287  -30.479  48.599 0.0000000000
40727  -25.724  -30.598  48.087 0.0000000000
40709  -26.020  -30.586  48.835 0.0000000000
122875  -25.372  -30.699  48.840 0.0000000000
120669  -25.498  -30.673  48.245 0.0000000000
40760  -24.335  -31.119  45.995 0.0000000000
40739  -24.358  -30.957  47.090 0.0000000000
40759  -23.709  -31.359  45.833 0.0000000000
40758  -22.880  -31.489  45.163 0.0000000000
40794  -22.975  -31.222  42.974 0.0000000000
71466  -50.819  0.884  19.584 0.0000000000
72355  -51.915  2.534  18.191 0.0000000000
52581  -4.516  -20.548  47.028 0.0000000000
130770  -4.666  -20.797  46.621 0.0000000000
128938  -3.829  -21.259  50.170 0.0000000000
52566  -4.066  -20.445  48.888 0.0000000000
50541  -4.676  -22.804  48.681 0.0000000000
121721  -5.033  -22.951  48.521 0.0000000000
50553  -4.942  -22.137  47.987 0.0000000000
46865  -4.382  -27.247  47.443 0.0000000000
45855  -4.155  -27.841  46.964 0.0000000000
46845  -3.012  -26.691  47.931 0.0000000000
46833  -3.370  -26.328  48.396 0.0000000000
113075  -4.029  -29.658  46.442 0.0000000000
45870  -3.808  -28.521  46.894 0.0000000000
44778  -4.213  -29.130  46.208 0.0000000000
41848  -4.345  -30.962  45.044 0.0000000000
41864  -4.377  -31.055  44.455 0.0000000000
40790  -4.442  -31.770  43.712 0.0000000000
39802  -4.555  -32.220  44.306 0.0000000000
67165  -48.660  -4.508  31.043 0.0000000000
66234  -47.913  -4.721  30.839 0.0000000000
57474  -41.879  -15.591  38.599 0.0000000000
62745  -41.978  -9.538  29.203 0.0000000000
62746  -42.462  -8.940  29.176 0.0000000000
64517  -44.256  -7.492  29.113 0.0000000000
62747  -43.054  -8.635  28.689 0.0000000000
62748  -43.496  -8.391  28.455 0.0000000000
62759  -43.504  -8.480  28.175 0.0000000000
63646  -44.033  -8.060  28.407 0.0000000000
63647  -44.651  -7.768  28.289 0.0000000000
65389  -46.592  -5.545  29.911 0.0000000000
111039  -47.803  -5.516  29.767 0.0000000000
39735  -9.328  -32.683  55.106 0.0000000000
39744  -8.807  -33.067  54.222 0.0000000000
40638  -11.332  -32.028  53.870 0.0000000000
40634  -11.267  -32.019  54.373 0.0000000000
118211  -9.412  -32.801  52.022 0.0000000000
127494  -8.978  -33.360  52.388 0.0000000000
122150  -8.545  -34.160  52.043 0.0000000000
39762  -8.863  -33.191  50.026 0.0000000000
38856  -8.523  -33.973  49.613 0.0000000000
108550  -18.242  -29.690  46.305 0.0000000000
109637  -19.017  -29.843  47.042 0.0000000000
41787  -18.681  -30.130  48.847 0.0000000000
109085  -17.930  -29.825  48.231 0.0000000000
125092  -16.578  -29.902  46.027 0.0000000000
109508  -16.065  -29.855  48.159 0.0000000000
127245  -17.361  -29.835  48.828 0.0000000000
115065  -16.129  -30.364  49.754 0.0000000000
116565  -14.986  -30.711  50.196 0.0000000000
41757  -15.781  -30.725  50.561 0.0000000000
109791  -15.077  -30.972  50.894 0.0000000000
41730  -15.387  -30.974  52.370 0.0000000000
41742  -14.658  -31.065  51.650 0.0000000000
126160  -13.978  -31.183  52.132 0.0000000000
41763  -12.459  -30.885  49.309 0.0000000000
114294  -12.641  -30.898  50.039 0.0000000000
41753  -11.731  -31.057  50.071 0.0000000000
41833  -11.842  -31.427  45.735 0.0000000000
41799  -12.477  -30.964  47.277 0.0000000000
41815  -11.688  -31.196  46.700 0.0000000000
40736  -10.063  -32.057  46.623 0.0000000000
40737  -10.767  -31.469  47.090 0.0000000000
40704  -10.588  -31.300  48.761 0.0000000000
119587  -9.867  -31.844  48.325 0.0000000000
39773  -9.276  -32.487  48.727 0.0000000000
125837  -9.377  -32.548  47.880 0.0000000000
53740  -7.106  -19.461  42.807 0.0000000000
53751  -6.925  -19.530  42.068 0.0000000000
124534  -6.438  -19.645  41.712 0.0000000000
53750  -5.928  -19.614  42.197 0.0000000000
52601  -4.426  -20.655  44.117 0.0000000000
53723  -4.415  -20.325  43.901 0.0000000000
51621  -4.377  -21.409  42.698 0.0000000000
113535  -4.187  -21.272  42.517 0.0000000000
52625  -4.260  -20.511  42.360 0.0000000000
51632  -3.943  -21.823  42.034 0.0000000000
51641  -3.461  -22.010  41.574 0.0000000000
49630  -6.062  -22.702  41.977 0.0000000000
49643  -5.259  -23.156  41.629 0.0000000000
49644  -6.261  -23.292  41.490 0.0000000000
49645  -7.175  -23.419  41.406 0.0000000000
47781  -7.768  -25.407  46.955 0.0000000000
48669  -7.591  -24.391  47.085 0.0000000000
47792  -9.184  -25.622  45.880 0.0000000000
48680  -8.857  -24.536  45.886 0.0000000000
49601  -8.558  -23.574  45.400 0.0000000000
43842  -9.807  -29.033  43.047 0.0000000000
45903  -9.923  -27.942  44.173 0.0000000000
47804  -10.768  -25.664  43.940 0.0000000000
46907  -10.570  -26.507  44.262 0.0000000000
48691  -10.350  -24.963  44.213 0.0000000000
48690  -9.660  -24.387  44.414 0.0000000000
48699  -10.062  -24.211  43.472 0.0000000000
110202  -10.828  -24.257  42.294 0.0000000000
48708  -9.991  -23.812  42.399 0.0000000000
121602  -9.422  -23.624  41.641 0.0000000000
48722  -10.290  -23.787  41.674 0.0000000000
46770  -2.876  -26.659  53.720 0.0000000000
41675  -6.361  -32.140  54.906 0.0000000000
41674  -5.872  -32.200  54.729 0.0000000000
40628  -4.764  -32.475  54.433 0.0000000000
41687  -5.258  -31.771  54.555 0.0000000000
41686  -4.672  -31.547  54.245 0.0000000000
42804  -4.447  -30.103  54.470 0.0000000000
41685  -4.387  -30.817  54.148 0.0000000000
38844  -3.922  -34.470  52.792 0.0000000000
109542  -3.954  -33.835  53.411 0.0000000000
41726  -4.555  -31.555  52.453 0.0000000000
41708  -4.473  -31.688  53.146 0.0000000000
42830  -4.051  -30.399  53.391 0.0000000000
43785  -3.632  -29.442  53.861 0.0000000000
126712  -3.790  -29.784  53.076 0.0000000000
118795  -3.639  -29.510  52.386 0.0000000000
43793  -3.275  -29.163  51.583 0.0000000000
45772  -2.765  -27.643  52.364 0.0000000000
44748  -2.722  -28.225  51.441 0.0000000000
44750  -2.435  -28.284  50.646 0.0000000000
108948  -2.845  -28.835  50.907 0.0000000000
111001  -3.045  -29.778  49.747 0.0000000000
42854  -3.335  -30.368  47.807 0.0000000000
38862  -4.876  -34.038  48.464 0.0000000000
110458  -4.485  -32.776  48.868 0.0000000000
39771  -4.679  -33.161  47.941 0.0000000000
38874  -4.902  -33.321  46.503 0.0000000000
39779  -4.682  -32.768  46.921 0.0000000000
40735  -4.425  -31.964  46.524 0.0000000000
40754  -4.442  -31.862  45.672 0.0000000000
38889  -4.851  -33.179  44.642 0.0000000000
124524  -5.271  -34.463  43.327 0.0000000000
33649  -4.722  -40.244  47.055 0.0000000000
32815  -4.144  -41.322  45.983 0.0000000000
113725  -4.097  -41.980  45.801 0.0000000000
33648  -4.361  -40.310  46.804 0.0000000000
34579  -4.240  -39.869  46.621 0.0000000000
33688  -4.190  -40.560  44.763 0.0000000000
34605  -4.318  -39.882  45.266 0.0000000000
111942  -4.679  -38.891  45.415 0.0000000000
34620  -4.804  -39.320  44.128 0.0000000000
35561  -5.158  -38.515  43.780 0.0000000000
36366  -5.306  -37.620  44.110 0.0000000000
35579  -5.368  -38.331  42.885 0.0000000000
36380  -5.647  -37.433  42.493 0.0000000000
36394  -6.068  -37.180  41.529 0.0000000000
37211  -5.883  -36.293  41.137 0.0000000000
38110  -5.576  -35.577  40.890 0.0000000000
51586  -36.024  -21.455  47.768 0.0000000000
51585  -35.282  -21.302  48.516 0.0000000000
48666  -35.161  -23.388  46.555 0.0000000000
47776  -35.769  -23.429  46.001 0.0000000000
48658  -35.268  -23.259  46.994 0.0000000000
49579  -35.746  -22.790  47.013 0.0000000000
47765  -33.402  -24.498  48.519 0.0000000000
46842  -33.778  -24.219  47.490 0.0000000000
47767  -34.485  -23.646  46.958 0.0000000000
47745  -33.506  -24.289  49.636 0.0000000000
115957  -34.116  -22.819  49.599 0.0000000000
112176  -49.622  -3.925  28.839 0.0000000000
68058  -51.045  -3.192  29.786 0.0000000000
115178  -50.302  -3.773  29.697 0.0000000000
64520  -46.810  -6.280  28.856 0.0000000000
64533  -46.611  -6.522  28.265 0.0000000000
65409  -47.369  -6.028  28.737 0.0000000000
65414  -47.831  -5.630  28.492 0.0000000000
66258  -47.548  -5.451  27.767 0.0000000000
66263  -47.861  -4.867  27.522 0.0000000000
66259  -48.191  -5.065  28.146 0.0000000000
67192  -48.857  -4.540  28.527 0.0000000000
122925  -42.893  -15.482  35.993 0.0000000000
57497  -42.068  -15.517  36.037 0.0000000000
57486  -42.131  -15.553  37.661 0.0000000000
55738  -38.077  -15.747  35.674 0.0000000000
56661  -39.096  -15.627  35.122 0.0000000000
108843  -4.400  -31.522  43.340 0.0000000000
108659  -4.419  -31.864  42.688 0.0000000000
39820  -4.548  -32.959  41.721 0.0000000000
38916  -4.817  -33.948  40.298 0.0000000000
37959  -7.983  -35.662  49.724 0.0000000000
53735  -34.727  -19.713  44.254 0.0000000000
52615  -34.383  -20.305  43.498 0.0000000000
54722  -34.506  -18.839  43.812 0.0000000000
54731  -34.356  -18.729  42.908 0.0000000000
54741  -34.541  -18.310  41.935 0.0000000000
54732  -34.936  -17.941  42.695 0.0000000000
43784  -29.172  -28.773  53.512 0.0000000000
43832  -26.955  -28.393  45.405 0.0000000000
70654  -51.490  -0.123  24.111 0.0000000000
70659  -50.258  -0.463  23.009 0.0000000000
70660  -51.054  0.049  23.206 0.0000000000
72317  -53.524  1.524  23.314 0.0000000000
112574  -3.167  -24.837  51.341 0.0000000000
130678  -3.061  -25.637  50.148 0.0000000000
46805  -2.247  -27.088  50.042 0.0000000000
60106  -42.237  -12.417  32.438 0.0000000000
60981  -41.753  -11.499  32.090 0.0000000000
62716  -41.593  -9.805  31.816 0.0000000000
63600  -42.912  -8.258  33.096 0.0000000000
41696  -13.555  -31.489  54.453 0.0000000000
40688  -22.355  -30.697  49.334 0.0000000000
48754  -4.319  -24.304  39.289 0.0000000000
47851  -4.709  -24.518  38.473 0.0000000000
48755  -5.252  -24.543  38.980 0.0000000000
111596  -4.865  -21.121  45.617 0.0000000000
51597  -5.564  -21.422  46.394 0.0000000000
50565  -6.797  -22.194  46.077 0.0000000000
42921  -7.706  -31.058  40.488 0.0000000000
42932  -8.470  -31.088  39.821 0.0000000000
127663  -9.093  -30.930  39.600 0.0000000000
43771  -6.569  -29.398  54.259 0.0000000000
111424  -4.934  -37.539  50.645 0.0000000000
37100  -4.595  -36.911  50.645 0.0000000000
36310  -5.144  -36.790  48.840 0.0000000000
119443  -5.112  -37.998  47.422 0.0000000000
50570  -36.557  -22.226  45.899 0.0000000000
50577  -36.509  -22.241  45.288 0.0000000000
129081  -36.627  -21.779  45.705 0.0000000000
51608  -36.506  -21.455  45.391 0.0000000000
52608  -36.219  -20.905  45.320 0.0000000000
52607  -35.896  -20.654  45.149 0.0000000000
52599  -36.448  -20.147  45.728 0.0000000000
45881  -33.810  -25.298  43.747 0.0000000000
120852  -32.167  -25.300  49.249 0.0000000000
45837  -31.329  -25.750  49.417 0.0000000000
45848  -31.080  -25.741  48.554 0.0000000000
124727  -30.357  -26.293  48.516 0.0000000000
45863  -29.707  -26.468  47.154 0.0000000000
68092  -48.662  -3.338  26.418 0.0000000000
123682  -48.219  -3.177  25.543 0.0000000000
127924  -49.101  -2.932  26.363 0.0000000000
68992  -50.198  -1.568  25.157 0.0000000000
69849  -50.746  -1.630  26.123 0.0000000000
60084  -43.551  -13.228  33.747 0.0000000000
60945  -43.963  -12.122  34.386 0.0000000000
60073  -43.964  -12.990  34.348 0.0000000000
59231  -44.875  -13.225  35.696 0.0000000000
55767  -40.995  -16.557  32.806 0.0000000000
56696  -41.685  -16.275  32.932 0.0000000000
56709  -42.232  -15.840  33.063 0.0000000000
125508  -42.258  -15.600  32.743 0.0000000000
113323  -42.485  -15.207  32.767 0.0000000000
127823  -42.791  -14.807  33.099 0.0000000000
59252  -43.446  -13.961  33.686 0.0000000000
41886  -21.434  -31.055  43.065 0.0000000000
52664  -3.860  -21.901  39.536 0.0000000000
52665  -4.164  -21.565  39.954 0.0000000000
52651  -3.520  -21.789  40.555 0.0000000000
51651  -3.200  -22.148  40.983 0.0000000000
45857  -5.609  -27.575  46.695 0.0000000000
45889  -5.913  -28.626  45.020 0.0000000000
41900  -4.603  -31.461  42.250 0.0000000000
42908  -5.029  -31.041  42.041 0.0000000000
42919  -4.830  -31.551  41.519 0.0000000000
110757  -5.377  -31.315  41.308 0.0000000000
42920  -6.130  -31.208  41.105 0.0000000000
127918  -5.724  -31.516  40.690 0.0000000000
40867  -5.570  -32.803  38.630 0.0000000000
40876  -5.404  -33.270  38.218 0.0000000000
113198  -5.328  -33.782  37.910 0.0000000000
38837  -7.651  -33.734  54.523 0.0000000000
36278  -7.554  -37.799  50.664 0.0000000000
36267  -7.416  -37.416  51.466 0.0000000000
35439  -5.669  -37.805  51.406 0.0000000000
34520  -6.188  -38.189  50.783 0.0000000000
56620  -38.535  -16.088  39.169 0.0000000000
123006  -38.898  -15.962  39.854 0.0000000000
108168  -33.516  -21.818  40.626 0.0000000000
54752  -35.622  -17.334  40.301 0.0000000000
54760  -35.228  -17.617  39.499 0.0000000000
54761  -35.763  -17.293  38.965 0.0000000000
55719  -36.424  -16.878  38.117 0.0000000000
40667  -25.399  -30.859  51.309 0.0000000000
40691  -24.868  -30.718  49.348 0.0000000000
43794  -29.978  -28.760  51.341 0.0000000000
43791  -29.817  -28.911  51.915 0.0000000000
42846  -29.342  -29.402  50.462 0.0000000000
41773  -27.848  -29.917  49.428 0.0000000000
41843  -25.612  -30.400  46.450 0.0000000000
41823  -26.061  -30.373  47.454 0.0000000000
40763  -25.224  -30.578  46.886 0.0000000000
40742  -24.883  -30.709  46.788 0.0000000000
40741  -24.825  -30.757  46.804 0.0000000000
40761  -24.661  -30.868  46.036 0.0000000000
40777  -23.918  -31.366  45.084 0.0000000000
40776  -23.439  -31.484  44.421 0.0000000000
40795  -23.655  -31.251  43.531 0.0000000000
69015  -48.324  -1.637  20.123 0.0000000000
107943  -4.115  -22.127  49.288 0.0000000000
48660  -4.660  -24.931  48.767 0.0000000000
44770  -3.612  -28.987  46.873 0.0000000000
126432  -4.294  -30.401  45.440 0.0000000000
40753  -4.369  -31.339  45.324 0.0000000000
63628  -42.810  -7.659  29.979 0.0000000000
63632  -43.079  -8.292  29.203 0.0000000000
64507  -43.703  -7.159  29.684 0.0000000000
64508  -44.511  -6.812  29.494 0.0000000000
111516  -44.851  -7.154  29.063 0.0000000000
64509  -45.259  -6.522  29.328 0.0000000000
111436  -45.723  -5.842  29.682 0.0000000000
40630  -10.225  -32.322  54.977 0.0000000000
40647  -10.790  -31.986  52.780 0.0000000000
39750  -10.596  -32.222  53.463 0.0000000000
39772  -8.817  -33.209  49.148 0.0000000000
108548  -19.210  -29.947  45.289 0.0000000000
41819  -15.612  -30.180  46.291 0.0000000000
108555  -15.538  -29.969  47.259 0.0000000000
41786  -15.673  -30.159  48.945 0.0000000000
124163  -14.655  -30.570  49.597 0.0000000000
41765  -14.109  -30.746  49.986 0.0000000000
41783  -12.285  -30.931  48.317 0.0000000000
39787  -9.608  -32.854  46.209 0.0000000000
39781  -9.439  -32.647  47.063 0.0000000000
51610  -4.461  -21.030  43.621 0.0000000000
50583  -4.880  -21.382  43.612 0.0000000000
50594  -4.624  -21.697  42.597 0.0000000000
49629  -4.875  -22.233  42.224 0.0000000000
49618  -5.739  -22.200  42.487 0.0000000000
46888  -8.524  -26.605  46.230 0.0000000000
46889  -9.399  -26.568  45.597 0.0000000000
44816  -10.564  -28.549  42.675 0.0000000000
45919  -10.900  -27.767  42.961 0.0000000000
46921  -11.054  -26.401  43.571 0.0000000000
47815  -11.248  -25.502  43.172 0.0000000000
47825  -11.407  -24.985  42.453 0.0000000000
47836  -11.884  -25.369  41.749 0.0000000000
39737  -5.817  -33.234  54.674 0.0000000000
39736  -5.110  -33.390  54.663 0.0000000000
109814  -4.519  -32.653  52.402 0.0000000000
40646  -4.658  -32.000  52.226 0.0000000000
42837  -4.085  -30.302  52.560 0.0000000000
41725  -4.251  -30.872  51.916 0.0000000000
127460  -4.002  -30.371  51.113 0.0000000000
42844  -3.653  -30.406  50.340 0.0000000000
127718  -3.739  -31.025  49.431 0.0000000000
124898  -4.034  -31.554  48.806 0.0000000000
37992  -5.247  -35.103  47.439 0.0000000000
120724  -5.141  -34.192  46.958 0.0000000000
113804  -5.188  -34.149  46.155 0.0000000000
38881  -4.884  -33.213  45.644 0.0000000000
108212  -5.226  -34.100  45.305 0.0000000000
31966  -3.932  -42.471  45.425 0.0000000000
32826  -3.833  -41.799  45.205 0.0000000000
130314  -3.668  -41.971  44.705 0.0000000000
32838  -3.906  -41.390  44.598 0.0000000000
34634  -5.540  -39.006  42.265 0.0000000000
46916  -34.857  -24.766  43.371 0.0000000000
46917  -35.136  -24.599  43.236 0.0000000000
48685  -35.903  -23.442  45.630 0.0000000000
48675  -36.074  -23.470  45.584 0.0000000000
125860  -36.156  -23.080  46.207 0.0000000000
49596  -36.285  -23.029  45.922 0.0000000000
50563  -36.712  -21.766  46.387 0.0000000000
111784  -37.293  -20.573  46.755 0.0000000000
46878  -32.001  -25.355  46.293 0.0000000000
46879  -32.579  -25.059  46.428 0.0000000000
119641  -33.015  -24.729  45.968 0.0000000000
46898  -33.372  -24.694  44.961 0.0000000000
46857  -33.735  -24.120  46.652 0.0000000000
46881  -33.833  -23.963  45.592 0.0000000000
128479  -32.550  -25.011  49.583 0.0000000000
111519  -50.915  -2.226  27.775 0.0000000000
68962  -51.649  -1.712  28.236 0.0000000000
64538  -45.784  -7.015  27.053 0.0000000000
64549  -44.669  -7.006  26.220 0.0000000000
65424  -44.793  -6.328  25.786 0.0000000000
67206  -46.396  -4.715  25.741 0.0000000000
67207  -47.215  -4.389  26.154 0.0000000000
108189  -48.340  -3.922  26.902 0.0000000000
68085  -49.332  -3.130  26.969 0.0000000000
68975  -50.079  -2.703  27.397 0.0000000000
129641  -43.012  -15.088  34.303 0.0000000000
58372  -43.806  -14.439  34.791 0.0000000000
124126  -43.513  -14.926  34.893 0.0000000000
58351  -44.772  -14.409  36.659 0.0000000000
55751  -36.131  -16.717  34.866 0.0000000000
109852  -36.846  -16.516  33.093 0.0000000000
56681  -39.934  -15.875  34.345 0.0000000000
56695  -40.649  -16.205  33.870 0.0000000000
56683  -42.612  -15.569  34.183 0.0000000000
113560  -4.540  -29.376  45.037 0.0000000000
122896  -4.582  -29.675  44.350 0.0000000000
116115  -4.467  -30.219  44.031 0.0000000000
42907  -4.432  -31.287  42.903 0.0000000000
41879  -4.390  -31.310  43.202 0.0000000000
41899  -4.464  -31.731  42.439 0.0000000000
40854  -4.735  -32.818  39.895 0.0000000000
39841  -5.085  -33.597  38.676 0.0000000000
40864  -4.832  -33.286  39.416 0.0000000000
39834  -4.951  -33.944  38.882 0.0000000000
115416  -4.988  -35.403  38.431 0.0000000000
38164  -4.864  -36.039  37.969 0.0000000000
37928  -8.210  -34.760  52.328 0.0000000000
37927  -8.206  -35.376  52.470 0.0000000000
37934  -8.128  -35.565  51.985 0.0000000000
37092  -8.048  -36.457  51.520 0.0000000000
36279  -7.906  -37.404  50.034 0.0000000000
36268  -7.970  -37.160  50.986 0.0000000000
35452  -7.545  -38.035  49.979 0.0000000000
128228  -37.335  -16.442  40.620 0.0000000000
56602  -37.713  -16.178  41.274 0.0000000000
51637  -35.647  -22.320  42.622 0.0000000000
50618  -35.716  -22.872  41.434 0.0000000000
111012  -35.461  -22.412  42.166 0.0000000000
51646  -34.786  -22.063  42.057 0.0000000000
51655  -33.399  -21.099  41.203 0.0000000000
112484  -33.136  -20.226  40.924 0.0000000000
52657  -32.818  -20.001  40.157 0.0000000000
53771  -33.319  -19.640  40.615 0.0000000000
53772  -33.803  -19.069  40.295 0.0000000000
54751  -35.012  -17.779  41.108 0.0000000000
40657  -27.486  -31.117  51.739 0.0000000000
43813  -28.328  -28.599  48.264 0.0000000000
42855  -28.471  -28.899  48.695 0.0000000000
42871  -27.886  -28.930  47.993 0.0000000000
42886  -26.559  -29.234  45.615 0.0000000000
41844  -26.123  -29.942  45.946 0.0000000000
40798  -24.861  -30.569  44.654 0.0000000000
40817  -24.650  -30.619  44.120 0.0000000000
69877  -48.517  -1.321  20.890 0.0000000000
70658  -49.698  -0.669  22.412 0.0000000000
69876  -49.055  -0.928  21.488 0.0000000000
69878  -48.823  -1.156  20.519 0.0000000000
112303  -48.765  -1.428  19.865 0.0000000000
70672  -49.295  -0.864  19.974 0.0000000000
71462  -50.686  0.569  20.539 0.0000000000
71460  -52.568  1.436  21.911 0.0000000000
48651  -3.752  -25.256  49.380 0.0000000000
47758  -3.321  -25.779  49.243 0.0000000000
46832  -2.994  -26.217  48.679 0.0000000000
120438  -2.588  -26.782  48.246 0.0000000000
66229  -44.763  -5.007  32.250 0.0000000000
59292  -40.737  -13.518  30.186 0.0000000000
115820  -41.147  -10.583  29.364 0.0000000000
61883  -41.385  -9.917  29.687 0.0000000000
62735  -41.690  -9.082  30.004 0.0000000000
62715  -41.483  -9.114  31.074 0.0000000000
63618  -41.957  -8.279  30.847 0.0000000000
65380  -43.549  -6.162  31.104 0.0000000000
40636  -12.825  -31.605  54.013 0.0000000000
40639  -12.014  -31.705  53.592 0.0000000000
41868  -16.473  -30.453  43.441 0.0000000000
41853  -16.158  -30.452  44.307 0.0000000000
123508  -15.687  -30.455  45.251 0.0000000000
110670  -14.602  -30.619  45.841 0.0000000000
112008  -13.402  -30.805  46.900 0.0000000000
41817  -13.515  -30.833  46.039 0.0000000000
41834  -12.804  -31.150  45.485 0.0000000000
53710  -5.657  -19.249  44.630 0.0000000000
53707  -4.453  -20.184  44.669 0.0000000000
51602  -4.466  -20.865  44.308 0.0000000000
51603  -4.526  -20.922  44.879 0.0000000000
51612  -4.983  -21.314  44.677 0.0000000000
50585  -6.581  -22.025  44.499 0.0000000000
129279  -7.415  -22.471  44.530 0.0000000000
128736  -8.951  -28.979  44.087 0.0000000000
43841  -8.814  -29.350  43.494 0.0000000000
43865  -9.436  -29.992  41.696 0.0000000000
44844  -11.473  -28.786  40.989 0.0000000000
45747  -5.943  -27.829  54.185 0.0000000000
45746  -5.244  -27.558  54.709 0.0000000000
44702  -4.934  -28.134  54.921 0.0000000000
37922  -4.589  -35.460  53.682 0.0000000000
37925  -4.169  -35.413  53.078 0.0000000000
37932  -3.991  -35.193  52.181 0.0000000000
37943  -4.080  -34.973  51.421 0.0000000000
38846  -4.154  -34.133  51.776 0.0000000000
38848  -4.355  -34.404  50.865 0.0000000000
39756  -4.530  -33.512  50.937 0.0000000000
111121  -4.582  -33.071  50.240 0.0000000000
39761  -4.564  -33.111  49.580 0.0000000000
117563  -5.214  -36.021  48.361 0.0000000000
37156  -5.244  -37.094  45.816 0.0000000000
49650  -36.385  -23.736  41.438 0.0000000000
50620  -36.138  -23.177  41.704 0.0000000000
46918  -35.372  -24.541  43.087 0.0000000000
48703  -35.864  -23.801  43.103 0.0000000000
49614  -36.354  -22.810  44.747 0.0000000000
49625  -36.204  -22.737  43.972 0.0000000000
49637  -36.164  -23.302  42.690 0.0000000000
110871  -35.905  -22.693  42.295 0.0000000000
51625  -35.669  -21.915  43.407 0.0000000000
52617  -35.488  -21.432  44.012 0.0000000000
52605  -35.449  -20.484  44.734 0.0000000000
53720  -35.350  -19.529  45.005 0.0000000000
43800  -29.614  -28.408  49.438 0.0000000000
45819  -31.385  -26.361  50.500 0.0000000000
45828  -31.207  -26.154  49.954 0.0000000000
44754  -30.747  -27.002  50.281 0.0000000000
44753  -30.408  -27.436  49.990 0.0000000000
126107  -30.018  -27.859  49.606 0.0000000000
43806  -29.100  -28.345  48.881 0.0000000000
43814  -28.709  -28.304  48.479 0.0000000000
44783  -28.298  -27.467  46.621 0.0000000000
67212  -46.906  -3.273  24.264 0.0000000000
113247  -46.770  -2.812  23.297 0.0000000000
69861  -49.381  -1.309  23.489 0.0000000000
69862  -50.112  -0.996  23.926 0.0000000000
127758  -50.421  -1.171  24.588 0.0000000000
70647  -50.909  -0.711  24.419 0.0000000000
62675  -43.729  -9.567  34.108 0.0000000000
61833  -43.845  -10.437  34.250 0.0000000000
60946  -44.407  -11.700  34.928 0.0000000000
123832  -44.592  -13.802  35.375 0.0000000000
59278  -42.098  -14.055  32.155 0.0000000000
58392  -42.689  -14.563  32.859 0.0000000000
59262  -42.612  -13.510  32.736 0.0000000000
123566  -21.972  -31.232  46.524 0.0000000000
41805  -21.248  -31.012  46.882 0.0000000000
41822  -21.268  -31.082  45.987 0.0000000000
41840  -20.582  -30.703  45.431 0.0000000000
109072  -19.826  -30.296  44.891 0.0000000000
41870  -20.643  -30.739  43.555 0.0000000000
109506  -18.705  -30.112  43.627 0.0000000000
122004  -18.057  -30.259  43.310 0.0000000000
110649  -4.977  -24.234  39.956 0.0000000000
48738  -5.637  -24.056  40.509 0.0000000000
49583  -6.638  -23.519  47.742 0.0000000000
47780  -7.058  -25.365  47.407 0.0000000000
45858  -6.544  -27.421  46.732 0.0000000000
46887  -7.517  -27.146  46.591 0.0000000000
44804  -5.054  -29.364  44.095 0.0000000000
44805  -5.912  -29.366  43.989 0.0000000000
125391  -5.833  -29.701  43.546 0.0000000000
44806  -6.987  -29.301  44.165 0.0000000000
43840  -7.673  -29.614  43.531 0.0000000000
110738  -7.789  -30.237  42.328 0.0000000000
41924  -6.611  -31.409  40.439 0.0000000000
41949  -7.445  -31.487  39.767 0.0000000000
40621  -6.734  -32.696  55.062 0.0000000000
39732  -6.501  -33.202  54.855 0.0000000000
38836  -7.247  -33.836  54.707 0.0000000000
38832  -6.782  -33.585  54.838 0.0000000000
39738  -6.180  -33.568  54.629 0.0000000000
38834  -5.809  -33.967  54.351 0.0000000000
37912  -5.412  -34.465  53.959 0.0000000000
129489  -5.151  -35.000  53.618 0.0000000000
37076  -7.611  -34.958  52.932 0.0000000000
36259  -7.027  -36.986  51.996 0.0000000000
36252  -6.895  -36.459  52.259 0.0000000000
37079  -6.679  -35.819  52.522 0.0000000000
37073  -5.418  -35.397  53.192 0.0000000000
37072  -4.812  -35.502  53.485 0.0000000000
37077  -4.770  -36.092  53.187 0.0000000000
36266  -4.920  -37.857  51.202 0.0000000000
35431  -5.254  -37.709  51.538 0.0000000000
56643  -40.353  -15.563  37.646 0.0000000000
56621  -39.368  -15.804  39.527 0.0000000000
50643  -35.459  -23.426  40.112 0.0000000000
50641  -34.494  -23.129  39.580 0.0000000000
55728  -36.462  -16.796  37.294 0.0000000000
55729  -37.178  -16.396  37.025 0.0000000000
56641  -38.567  -15.727  37.229 0.0000000000
40678  -24.002  -30.634  50.652 0.0000000000
125533  -23.313  -30.626  50.463 0.0000000000
109879  -22.886  -30.669  50.001 0.0000000000
40706  -22.772  -30.843  48.541 0.0000000000
42835  -29.209  -29.557  52.507 0.0000000000
42840  -29.410  -29.416  51.742 0.0000000000
42839  -28.928  -29.889  52.128 0.0000000000
110238  -28.782  -30.023  52.590 0.0000000000
41736  -28.075  -30.796  52.076 0.0000000000
40682  -26.780  -30.823  50.495 0.0000000000
41791  -27.849  -29.564  48.748 0.0000000000
129263  -27.416  -30.065  48.984 0.0000000000
41806  -26.522  -30.311  48.280 0.0000000000
123546  -26.900  -30.305  48.878 0.0000000000
41790  -27.239  -30.312  49.347 0.0000000000
40694  -27.146  -30.524  49.784 0.0000000000
40693  -26.723  -30.616  49.831 0.0000000000
40692  -26.221  -30.675  49.975 0.0000000000
109534  -25.543  -30.649  49.648 0.0000000000
40708  -24.546  -30.828  48.486 0.0000000000
109511  -24.803  -30.796  47.259 0.0000000000
123083  -24.595  -30.863  47.708 0.0000000000
40724  -24.010  -30.961  47.739 0.0000000000
124501  -22.614  -31.136  47.084 0.0000000000
40738  -22.042  -31.356  45.617 0.0000000000
41842  -22.059  -31.380  44.817 0.0000000000
41871  -22.288  -31.331  43.394 0.0000000000
69881  -49.546  -0.825  18.914 0.0000000000
70677  -50.239  -0.181  18.505 0.0000000000
70681  -50.500  -0.423  17.631 0.0000000000
71480  -51.864  1.607  17.116 0.0000000000
53678  -4.493  -19.608  46.508 0.0000000000
51589  -5.289  -21.593  47.288 0.0000000000
51581  -4.249  -21.575  48.551 0.0000000000
109036  -4.437  -21.168  47.812 0.0000000000
49582  -5.891  -23.508  48.253 0.0000000000
47770  -5.472  -25.550  48.186 0.0000000000
46866  -5.208  -27.118  47.364 0.0000000000
45856  -4.771  -27.706  46.726 0.0000000000
46846  -3.501  -26.723  47.959 0.0000000000
46864  -3.782  -27.325  47.547 0.0000000000
45854  -3.726  -27.921  47.171 0.0000000000
44779  -4.416  -28.956  45.823 0.0000000000
43836  -4.405  -30.561  44.237 0.0000000000
42891  -4.389  -30.865  44.059 0.0000000000
42884  -4.377  -30.678  44.791 0.0000000000
108609  -4.731  -33.063  43.051 0.0000000000
66246  -48.724  -4.959  30.052 0.0000000000
67178  -49.384  -4.577  30.109 0.0000000000
67166  -49.109  -4.588  30.555 0.0000000000
63567  -44.279  -9.010  34.614 0.0000000000
57485  -41.326  -15.571  37.664 0.0000000000
61898  -41.807  -10.036  28.342 0.0000000000
61016  -41.785  -10.028  28.125 0.0000000000
113534  -42.349  -9.487  28.119 0.0000000000
61912  -42.527  -9.261  27.868 0.0000000000
61899  -42.928  -8.902  27.985 0.0000000000
62770  -44.010  -8.221  27.639 0.0000000000
64518  -45.364  -6.933  28.932 0.0000000000
64519  -46.078  -6.565  28.891 0.0000000000
65402  -48.203  -5.384  29.718 0.0000000000
38838  -8.086  -33.471  54.354 0.0000000000
38841  -8.214  -33.582  53.792 0.0000000000
38843  -8.359  -33.773  53.201 0.0000000000
40631  -11.119  -31.939  54.811 0.0000000000
39742  -10.391  -32.362  54.485 0.0000000000
39745  -9.697  -32.687  54.127 0.0000000000
39749  -9.780  -32.618  53.564 0.0000000000
38850  -8.564  -33.928  50.615 0.0000000000
37946  -8.182  -34.739  50.092 0.0000000000
37978  -8.104  -34.870  48.175 0.0000000000
41804  -20.569  -30.632  47.272 0.0000000000
41789  -20.486  -30.553  48.157 0.0000000000
41803  -19.774  -30.221  47.677 0.0000000000
41788  -19.614  -30.307  48.651 0.0000000000
41769  -18.394  -30.208  49.702 0.0000000000
41837  -16.759  -30.175  45.049 0.0000000000
108551  -17.439  -29.658  46.571 0.0000000000
129919  -16.220  -29.808  46.746 0.0000000000
108553  -17.323  -29.654  47.417 0.0000000000
41759  -17.731  -30.309  50.485 0.0000000000
109509  -17.267  -30.555  51.220 0.0000000000
128778  -15.563  -30.582  50.022 0.0000000000
109510  -16.441  -30.692  51.260 0.0000000000
41744  -16.212  -30.763  52.109 0.0000000000
41755  -13.332  -30.991  50.536 0.0000000000
41740  -12.776  -31.138  51.349 0.0000000000
40673  -10.755  -31.423  50.594 0.0000000000
41782  -11.327  -31.103  48.346 0.0000000000
129313  -9.001  -33.153  47.482 0.0000000000
38869  -8.574  -34.009  47.565 0.0000000000
53765  -6.907  -19.652  41.093 0.0000000000
124119  -5.450  -19.387  44.054 0.0000000000
53725  -5.015  -19.572  43.634 0.0000000000
53738  -5.335  -19.573  42.908 0.0000000000
52610  -4.346  -20.846  43.247 0.0000000000
53736  -4.360  -20.377  43.168 0.0000000000
53737  -4.606  -19.895  43.018 0.0000000000
53749  -4.893  -19.821  42.097 0.0000000000
52638  -4.314  -20.475  41.543 0.0000000000
49641  -3.461  -22.990  41.342 0.0000000000
112060  -4.434  -22.941  41.827 0.0000000000
49642  -3.848  -23.352  41.297 0.0000000000
48718  -5.331  -23.669  41.096 0.0000000000
48719  -6.575  -23.778  40.914 0.0000000000
49589  -7.209  -23.668  47.261 0.0000000000
48670  -8.233  -24.570  46.594 0.0000000000
49600  -7.884  -23.102  45.811 0.0000000000
49609  -8.079  -22.813  44.954 0.0000000000
108109  -7.992  -22.764  44.017 0.0000000000
46906  -10.093  -26.560  44.986 0.0000000000
47803  -10.360  -25.752  44.669 0.0000000000
47793  -9.856  -25.745  45.309 0.0000000000
49610  -8.763  -23.362  44.415 0.0000000000
49620  -8.576  -23.218  43.427 0.0000000000
49632  -8.297  -23.276  42.493 0.0000000000
48706  -8.021  -23.434  41.686 0.0000000000
48721  -8.628  -23.638  41.325 0.0000000000
48740  -8.338  -23.827  40.679 0.0000000000
109888  -10.199  -23.702  41.007 0.0000000000
48742  -10.891  -23.772  40.554 0.0000000000
48723  -11.629  -24.480  41.194 0.0000000000
46781  -2.759  -26.262  52.969 0.0000000000
42807  -6.485  -30.911  54.838 0.0000000000
42806  -5.862  -30.464  54.514 0.0000000000
117207  -5.401  -30.951  54.522 0.0000000000
42805  -5.064  -30.181  54.424 0.0000000000
43754  -4.143  -29.504  54.817 0.0000000000
38842  -4.380  -34.123  54.195 0.0000000000
39747  -4.168  -33.228  53.837 0.0000000000
40637  -4.267  -32.406  53.489 0.0000000000
41695  -4.363  -31.681  53.853 0.0000000000
42831  -4.162  -30.708  53.858 0.0000000000
110006  -3.806  -29.306  54.693 0.0000000000
43770  -3.477  -28.732  54.584 0.0000000000
44726  -3.257  -28.327  53.943 0.0000000000
45755  -2.948  -27.478  53.399 0.0000000000
46793  -2.673  -26.833  52.109 0.0000000000
45808  -2.347  -27.586  50.768 0.0000000000
108416  -2.049  -27.959  50.014 0.0000000000
126348  -2.471  -29.251  49.150 0.0000000000
43805  -2.964  -29.749  47.645 0.0000000000
42862  -3.549  -30.210  47.103 0.0000000000
114564  -4.273  -32.051  48.876 0.0000000000
109690  -4.519  -32.387  47.323 0.0000000000
41781  -4.098  -31.614  48.154 0.0000000000
40717  -4.154  -31.303  46.657 0.0000000000
41814  -3.999  -30.706  46.456 0.0000000000
113607  -4.483  -31.816  44.996 0.0000000000
108267  -4.678  -32.862  43.809 0.0000000000
38901  -5.010  -33.811  42.744 0.0000000000
34559  -4.867  -39.106  47.949 0.0000000000
32816  -4.467  -41.640  46.236 0.0000000000
32798  -4.866  -40.817  46.702 0.0000000000
34558  -4.802  -39.352  47.488 0.0000000000
127515  -4.470  -39.507  47.026 0.0000000000
121149  -4.144  -40.090  45.952 0.0000000000
34593  -4.320  -39.436  46.024 0.0000000000
36345  -4.922  -38.130  45.795 0.0000000000
36357  -5.133  -37.890  45.246 0.0000000000
33698  -4.270  -40.665  44.136 0.0000000000
35560  -5.048  -38.545  44.612 0.0000000000
37178  -5.451  -36.390  44.281 0.0000000000
37179  -5.469  -36.663  43.534 0.0000000000
128755  -5.554  -36.829  42.884 0.0000000000
38054  -5.496  -35.464  43.466 0.0000000000
38082  -5.284  -34.818  41.297 0.0000000000
37232  -5.596  -36.142  40.174 0.0000000000
36417  -4.958  -37.606  38.346 0.0000000000
32850  -4.154  -41.435  43.743 0.0000000000
35433  -6.008  -37.686  51.648 0.0000000000
35438  -5.354  -38.059  51.087 0.0000000000
36257  -5.164  -36.951  52.007 0.0000000000
37091  -7.611  -36.747  51.895 0.0000000000
37192  -5.797  -36.513  42.116 0.0000000000
38839  -4.717  -34.446  54.369 0.0000000000
40655  -26.517  -31.419  52.062 0.0000000000
40670  -27.300  -30.914  50.932 0.0000000000
40780  -24.897  -30.622  45.178 0.0000000000
40865  -4.972  -33.110  39.112 0.0000000000
41676  -6.877  -31.986  55.158 0.0000000000
41724  -28.448  -30.431  52.402 0.0000000000
41737  -28.557  -30.365  52.007 0.0000000000
44741  -3.078  -28.211  53.013 0.0000000000
44793  -5.513  -28.942  44.568 0.0000000000
46853  -31.371  -25.671  47.015 0.0000000000
47757  -33.651  -24.200  48.631 0.0000000000
47775  -35.250  -23.387  46.160 0.0000000000
47809  -35.286  -23.958  43.784 0.0000000000
48695  -35.798  -23.523  43.808 0.0000000000
48716  -3.715  -23.678  40.696 0.0000000000
48757  -7.119  -24.371  39.560 0.0000000000
49588  -36.420  -22.464  46.300 0.0000000000
49590  -7.637  -23.475  46.618 0.0000000000
49654  -3.235  -23.179  40.893 0.0000000000
49669  -3.219  -23.371  40.294 0.0000000000
50605  -4.248  -22.381  41.981 0.0000000000
50614  -3.269  -22.561  41.238 0.0000000000
51647  -35.755  -22.664  42.024 0.0000000000
53708  -4.533  -19.924  44.380 0.0000000000
53726  -5.747  -19.421  43.516 0.0000000000
55784  -39.684  -16.869  32.289 0.0000000000
61913  -42.990  -8.776  27.637 0.0000000000
62760  -44.074  -8.208  28.037 0.0000000000
63633  -43.820  -8.012  28.804 0.0000000000
63658  -45.169  -7.601  27.519 0.0000000000
65413  -47.157  -6.093  28.034 0.0000000000
68987  -48.937  -2.642  25.653 0.0000000000
69823  -52.251  -1.151  28.629 0.0000000000
70653  -50.580  -0.528  23.640 0.0000000000
71490  -51.765  0.674  16.826 0.0000000000
108076  -31.685  -25.742  49.951 0.0000000000
108560  -24.222  -31.125  46.452 0.0000000000
110037  -3.903  -21.320  42.044 0.0000000000
110673  -28.371  -29.388  49.145 0.0000000000
110814  -27.533  -31.166  52.309 0.0000000000
111930  -5.469  -33.679  54.580 0.0000000000
112117  -36.042  -23.281  43.358 0.0000000000
112166  -36.145  -22.824  43.161 0.0000000000
112608  -4.497  -36.038  53.144 0.0000000000
112834  -3.282  -29.204  47.104 0.0000000000
112838  -26.368  -30.895  50.738 0.0000000000
115713  -9.225  -23.886  44.380 0.0000000000
116354  -3.624  -22.403  41.642 0.0000000000
116907  -28.145  -30.133  50.208 0.0000000000
119560  -26.347  -30.575  49.428 0.0000000000
121276  -6.484  -26.127  47.571 0.0000000000
122926  -29.391  -29.379  52.129 0.0000000000
127914  -5.092  -33.812  54.621 0.0000000000
128968  -35.961  -23.477  45.821 0.0000000000
129163  -43.928  -14.605  35.240 0.0000000000
129506  -35.541  -23.336  46.375 0.0000000000
129643  -36.038  -23.312  44.626 0.0000000000
