#!ascii label  , from subject sub-v1s13x0050005_ses-1 vox2ras=TkReg
1070
37137  -7.908  -35.999  46.878 0.0000000000
44881  -35.305  -28.481  37.857 0.0000000000
50716  -31.607  -23.177  35.380 0.0000000000
44818  -26.533  -27.684  42.754 0.0000000000
60184  -36.677  -11.806  25.466 0.0000000000
53915  -33.477  -18.861  27.926 0.0000000000
45898  -35.151  -25.451  42.763 0.0000000000
45943  -31.513  -26.142  40.275 0.0000000000
62776  -42.806  -8.854  27.324 0.0000000000
67210  -45.347  -4.563  24.619 0.0000000000
69007  -47.308  -2.116  22.037 0.0000000000
54794  -34.396  -17.911  36.192 0.0000000000
52779  -30.111  -20.324  31.301 0.0000000000
55781  -36.640  -16.738  32.321 0.0000000000
55822  -39.675  -16.523  29.898 0.0000000000
41928  -20.768  -30.930  40.193 0.0000000000
34529  -6.853  -38.656  49.674 0.0000000000
48807  -35.082  -25.185  36.399 0.0000000000
52670  -32.667  -20.676  39.611 0.0000000000
41997  -23.158  -30.384  37.675 0.0000000000
45993  -26.380  -26.810  35.931 0.0000000000
65492  -45.739  -6.033  15.865 0.0000000000
69880  -48.998  -1.443  19.229 0.0000000000
56757  -36.343  -16.744  27.073 0.0000000000
60148  -40.570  -11.874  28.647 0.0000000000
39803  -10.182  -34.036  44.067 0.0000000000
31140  -5.313  -43.671  46.090 0.0000000000
64548  -44.151  -7.221  26.065 0.0000000000
124851  -34.804  -17.165  34.015 0.0000000000
41972  -18.849  -31.807  38.600 0.0000000000
35494  -7.381  -37.972  48.519 0.0000000000
46012  -35.702  -27.245  35.019 0.0000000000
47000  -36.477  -26.584  36.668 0.0000000000
43882  -24.544  -29.121  39.566 0.0000000000
43916  -24.689  -29.072  36.150 0.0000000000
45954  -26.137  -26.829  39.032 0.0000000000
44863  -33.423  -28.139  39.220 0.0000000000
45971  -31.522  -27.784  37.758 0.0000000000
43906  -32.623  -29.141  36.462 0.0000000000
42901  -25.404  -29.774  43.217 0.0000000000
124398  -23.541  -30.135  40.511 0.0000000000
65461  -40.110  -6.787  20.430 0.0000000000
66329  -44.444  -5.486  17.600 0.0000000000
69015  -48.324  -1.637  20.123 0.0000000000
53908  -31.719  -18.595  29.694 0.0000000000
54887  -35.362  -18.418  27.289 0.0000000000
58427  -40.049  -14.388  29.372 0.0000000000
40812  -15.192  -31.449  42.249 0.0000000000
41850  -13.836  -31.180  44.355 0.0000000000
41833  -11.842  -31.427  45.735 0.0000000000
39815  -12.329  -33.058  42.605 0.0000000000
31148  -6.486  -43.667  45.464 0.0000000000
44853  -35.475  -27.470  40.792 0.0000000000
47853  -36.982  -25.377  39.870 0.0000000000
115375  -36.131  -23.786  42.643 0.0000000000
45893  -28.649  -26.320  44.848 0.0000000000
109173  -28.179  -25.898  41.858 0.0000000000
125516  -31.699  -25.909  43.586 0.0000000000
44811  -33.815  -26.540  41.777 0.0000000000
61926  -39.391  -10.258  26.377 0.0000000000
63685  -40.139  -7.840  25.193 0.0000000000
65436  -42.039  -5.643  23.969 0.0000000000
67229  -43.059  -4.354  21.774 0.0000000000
67241  -44.612  -3.681  20.615 0.0000000000
110329  -45.653  -3.460  23.312 0.0000000000
52728  -31.561  -20.422  35.628 0.0000000000
50734  -30.392  -22.337  33.634 0.0000000000
53870  -31.913  -18.734  33.641 0.0000000000
54827  -32.664  -17.813  31.872 0.0000000000
111969  -34.892  -17.788  30.257 0.0000000000
109611  -37.242  -18.273  28.788 0.0000000000
55811  -38.230  -17.571  30.951 0.0000000000
41903  -19.094  -30.546  41.809 0.0000000000
41925  -16.910  -31.408  40.775 0.0000000000
68156  -49.507  -2.790  14.350 0.0000000000
33606  -5.827  -39.007  49.035 0.0000000000
47026  -34.902  -26.213  33.859 0.0000000000
49729  -33.830  -24.522  36.264 0.0000000000
49687  -35.507  -24.243  38.904 0.0000000000
50669  -33.918  -23.519  38.034 0.0000000000
51714  -32.556  -22.343  37.344 0.0000000000
53811  -33.295  -19.196  38.016 0.0000000000
46978  -28.644  -25.802  38.420 0.0000000000
41888  -22.909  -30.965  42.206 0.0000000000
41975  -22.509  -30.831  38.717 0.0000000000
67258  -46.011  -3.644  18.336 0.0000000000
67266  -46.941  -3.655  17.172 0.0000000000
68142  -48.404  -3.254  15.826 0.0000000000
69887  -50.085  -1.305  17.052 0.0000000000
36358  -8.708  -37.458  44.587 0.0000000000
34594  -7.574  -38.925  45.849 0.0000000000
57589  -35.918  -15.040  26.477 0.0000000000
55838  -38.132  -17.038  28.332 0.0000000000
58443  -38.867  -14.890  28.250 0.0000000000
116821  -38.907  -12.628  27.005 0.0000000000
61028  -41.438  -10.270  27.902 0.0000000000
38882  -8.822  -34.650  45.878 0.0000000000
115336  -6.647  -40.403  46.555 0.0000000000
32785  -6.279  -40.087  47.456 0.0000000000
32798  -4.866  -40.817  46.702 0.0000000000
36311  -7.413  -37.333  47.896 0.0000000000
44896  -34.732  -28.819  37.139 0.0000000000
116890  -35.683  -27.869  36.102 0.0000000000
45983  -36.032  -27.835  37.658 0.0000000000
43872  -25.307  -28.618  41.016 0.0000000000
43895  -24.879  -28.394  39.012 0.0000000000
44847  -26.227  -27.218  41.002 0.0000000000
118396  -34.160  -28.427  39.091 0.0000000000
44878  -32.702  -28.506  38.283 0.0000000000
44895  -33.870  -29.131  37.412 0.0000000000
43917  -33.395  -29.236  35.859 0.0000000000
43844  -26.795  -28.115  44.463 0.0000000000
42894  -26.446  -28.959  44.745 0.0000000000
42913  -25.763  -29.072  42.745 0.0000000000
42925  -25.015  -29.383  41.470 0.0000000000
65477  -43.322  -6.201  18.146 0.0000000000
122799  -32.565  -24.743  34.615 0.0000000000
49756  -31.818  -24.362  34.268 0.0000000000
123141  -32.745  -18.704  28.584 0.0000000000
124327  -32.822  -19.538  27.415 0.0000000000
54886  -34.915  -18.614  27.386 0.0000000000
40811  -14.561  -31.904  42.083 0.0000000000
40792  -14.142  -31.401  43.517 0.0000000000
40810  -13.712  -32.291  42.154 0.0000000000
40791  -12.671  -32.320  43.293 0.0000000000
39816  -13.006  -32.921  41.922 0.0000000000
45924  -35.283  -26.529  41.766 0.0000000000
46948  -36.200  -26.054  41.921 0.0000000000
46929  -35.679  -24.875  42.695 0.0000000000
46896  -30.319  -25.908  45.559 0.0000000000
109569  -29.654  -25.708  44.167 0.0000000000
109640  -31.348  -25.742  45.164 0.0000000000
45882  -34.419  -25.085  43.543 0.0000000000
111998  -33.601  -26.178  42.503 0.0000000000
44813  -34.852  -26.563  41.762 0.0000000000
115809  -34.872  -26.972  41.190 0.0000000000
61929  -41.621  -9.432  27.017 0.0000000000
62785  -40.378  -9.062  26.229 0.0000000000
63671  -41.761  -8.215  26.067 0.0000000000
65430  -44.167  -6.095  25.235 0.0000000000
64568  -43.007  -6.437  24.965 0.0000000000
65438  -43.690  -5.479  24.565 0.0000000000
65444  -42.334  -5.056  23.239 0.0000000000
66289  -43.751  -4.255  23.198 0.0000000000
109311  -44.283  -3.800  22.649 0.0000000000
67216  -45.103  -3.983  23.840 0.0000000000
53842  -33.066  -18.758  35.782 0.0000000000
110371  -31.844  -19.597  35.053 0.0000000000
127487  -33.276  -18.345  35.198 0.0000000000
121297  -35.115  -16.824  33.363 0.0000000000
123337  -34.016  -17.367  33.430 0.0000000000
55793  -34.626  -17.088  31.911 0.0000000000
54848  -33.990  -17.653  30.592 0.0000000000
55794  -35.463  -17.226  31.313 0.0000000000
55809  -36.213  -17.659  30.675 0.0000000000
55796  -37.385  -17.169  31.629 0.0000000000
41905  -20.914  -30.669  41.739 0.0000000000
115062  -19.968  -30.349  43.123 0.0000000000
41904  -20.008  -30.519  41.794 0.0000000000
41950  -17.796  -31.658  39.517 0.0000000000
69894  -50.236  -1.813  15.326 0.0000000000
111017  -50.903  -1.392  14.801 0.0000000000
34528  -6.386  -38.672  49.669 0.0000000000
47007  -36.108  -26.355  35.309 0.0000000000
47018  -35.495  -26.427  34.490 0.0000000000
47891  -35.815  -25.741  35.162 0.0000000000
48830  -34.350  -25.406  34.989 0.0000000000
48806  -34.458  -24.882  36.328 0.0000000000
49664  -36.502  -24.214  40.640 0.0000000000
48762  -36.483  -24.881  39.568 0.0000000000
50630  -35.929  -23.397  40.763 0.0000000000
108168  -33.516  -21.818  40.626 0.0000000000
50641  -34.494  -23.129  39.580 0.0000000000
51683  -33.072  -22.146  38.808 0.0000000000
50668  -33.252  -23.069  37.733 0.0000000000
51702  -32.490  -21.414  38.405 0.0000000000
52698  -32.253  -20.484  37.985 0.0000000000
53795  -32.683  -19.846  39.309 0.0000000000
44909  -25.195  -28.310  35.767 0.0000000000
124173  -30.296  -25.492  41.499 0.0000000000
110872  -28.623  -25.438  40.335 0.0000000000
46957  -30.726  -25.865  39.874 0.0000000000
45994  -29.707  -26.911  36.044 0.0000000000
130560  -23.668  -31.018  43.103 0.0000000000
41977  -23.293  -30.053  38.871 0.0000000000
41953  -22.874  -30.466  39.625 0.0000000000
41995  -22.594  -31.049  37.718 0.0000000000
111863  -22.009  -31.490  37.283 0.0000000000
68116  -46.220  -2.755  21.001 0.0000000000
67247  -44.964  -3.724  19.634 0.0000000000
68122  -46.358  -2.855  19.990 0.0000000000
112303  -48.765  -1.428  19.865 0.0000000000
68124  -47.645  -2.455  19.266 0.0000000000
69020  -48.333  -2.192  18.787 0.0000000000
68133  -48.189  -3.157  16.522 0.0000000000
68131  -48.483  -2.798  16.935 0.0000000000
69027  -49.200  -2.553  16.009 0.0000000000
69884  -49.857  -1.003  17.957 0.0000000000
51773  -29.964  -21.449  32.470 0.0000000000
50733  -30.063  -22.499  32.660 0.0000000000
57606  -35.489  -15.550  25.746 0.0000000000
56756  -35.749  -16.102  26.379 0.0000000000
54865  -38.875  -17.519  29.438 0.0000000000
55828  -37.989  -17.802  28.518 0.0000000000
55830  -39.173  -16.670  29.281 0.0000000000
59308  -40.321  -12.813  28.806 0.0000000000
57577  -39.463  -14.910  28.928 0.0000000000
59324  -39.895  -13.475  28.410 0.0000000000
59339  -39.139  -13.402  27.536 0.0000000000
60164  -40.234  -12.101  27.801 0.0000000000
61026  -40.482  -11.244  27.730 0.0000000000
61015  -41.143  -10.733  28.266 0.0000000000
39795  -10.781  -32.486  45.085 0.0000000000
39794  -9.974  -33.025  45.356 0.0000000000
38870  -8.994  -33.440  46.749 0.0000000000
130277  -9.692  -34.271  44.571 0.0000000000
38037  -9.388  -35.728  43.915 0.0000000000
38056  -10.130  -34.951  43.338 0.0000000000
33677  -7.664  -40.474  45.264 0.0000000000
108743  -7.361  -39.697  45.854 0.0000000000
127765  -7.438  -41.050  45.421 0.0000000000
31141  -5.816  -43.443  46.018 0.0000000000
31960  -6.017  -41.815  46.456 0.0000000000
31133  -5.535  -42.445  46.357 0.0000000000
32784  -5.269  -40.428  47.071 0.0000000000
31139  -4.971  -42.625  46.225 0.0000000000
108127  -32.522  -25.319  45.407 0.0000000000
63657  -44.601  -7.930  27.692 0.0000000000
63673  -43.456  -7.858  26.274 0.0000000000
63666  -45.351  -7.429  27.160 0.0000000000
108329  -34.574  -17.656  35.386 0.0000000000
129864  -20.590  -31.407  38.779 0.0000000000
108688  -20.224  -31.228  39.411 0.0000000000
36279  -7.906  -37.404  50.034 0.0000000000
34561  -7.152  -38.475  48.815 0.0000000000
44915  -35.341  -27.957  35.420 0.0000000000
45996  -36.167  -27.080  35.865 0.0000000000
47886  -36.209  -25.864  36.783 0.0000000000
53772  -33.803  -19.069  40.295 0.0000000000
42945  -23.393  -29.935  38.119 0.0000000000
42954  -23.564  -30.253  37.119 0.0000000000
43894  -24.392  -29.036  38.492 0.0000000000
130626  -25.248  -27.894  38.457 0.0000000000
44892  -25.926  -27.082  37.554 0.0000000000
44848  -32.734  -26.987  39.503 0.0000000000
109363  -31.548  -26.452  39.391 0.0000000000
44877  -32.158  -27.816  38.408 0.0000000000
44893  -31.745  -28.533  37.153 0.0000000000
43929  -32.624  -29.271  35.164 0.0000000000
41889  -25.208  -30.191  43.826 0.0000000000
40834  -24.002  -30.549  42.623 0.0000000000
41910  -24.288  -30.244  42.324 0.0000000000
41955  -23.973  -29.977  40.702 0.0000000000
64585  -39.586  -6.767  21.366 0.0000000000
65485  -44.768  -6.017  16.871 0.0000000000
69866  -48.388  -1.508  22.299 0.0000000000
69013  -47.413  -2.025  21.088 0.0000000000
53900  -31.015  -18.980  30.146 0.0000000000
54897  -34.930  -18.569  26.407 0.0000000000
55849  -36.125  -17.518  27.183 0.0000000000
121375  -40.809  -15.305  30.829 0.0000000000
129589  -39.759  -15.669  29.739 0.0000000000
58422  -41.119  -14.411  30.940 0.0000000000
41868  -16.473  -30.453  43.441 0.0000000000
41867  -15.590  -30.684  43.546 0.0000000000
41817  -13.515  -30.833  46.039 0.0000000000
124605  -12.306  -31.570  45.020 0.0000000000
39810  -11.849  -32.812  43.532 0.0000000000
39809  -11.012  -33.372  43.772 0.0000000000
38902  -10.708  -34.734  42.630 0.0000000000
128500  -11.570  -34.375  41.812 0.0000000000
45958  -35.473  -28.165  39.423 0.0000000000
120325  -36.503  -27.216  38.544 0.0000000000
45947  -36.849  -26.892  40.656 0.0000000000
47842  -36.573  -24.791  41.397 0.0000000000
44819  -26.978  -27.167  43.123 0.0000000000
45931  -27.170  -26.598  41.902 0.0000000000
46934  -28.269  -25.919  42.843 0.0000000000
46936  -30.656  -25.522  42.265 0.0000000000
46937  -31.810  -25.922  41.960 0.0000000000
122846  -32.779  -25.727  44.271 0.0000000000
45922  -32.695  -26.229  42.608 0.0000000000
45934  -32.948  -26.472  41.054 0.0000000000
44833  -34.134  -26.956  40.924 0.0000000000
44851  -34.403  -27.526  40.456 0.0000000000
44799  -28.046  -27.374  45.821 0.0000000000
61044  -37.862  -11.009  25.980 0.0000000000
61051  -36.927  -10.766  24.268 0.0000000000
124167  -38.056  -9.757  25.201 0.0000000000
63683  -38.500  -8.773  24.270 0.0000000000
63692  -39.253  -7.551  23.665 0.0000000000
63686  -43.068  -7.466  25.749 0.0000000000
64566  -40.680  -6.691  24.297 0.0000000000
64575  -39.647  -6.691  22.503 0.0000000000
65443  -40.818  -5.729  22.223 0.0000000000
66296  -41.831  -5.026  21.323 0.0000000000
120287  -42.751  -4.778  20.267 0.0000000000
66314  -43.091  -5.070  19.433 0.0000000000
67240  -43.881  -4.057  20.763 0.0000000000
67230  -44.896  -3.429  22.119 0.0000000000
68101  -46.729  -2.552  22.415 0.0000000000
67212  -46.906  -3.273  24.264 0.0000000000
68996  -48.088  -2.185  23.681 0.0000000000
50695  -31.340  -22.117  35.444 0.0000000000
50715  -31.052  -22.580  34.825 0.0000000000
51740  -30.981  -21.464  34.758 0.0000000000
52757  -30.732  -20.168  33.704 0.0000000000
53869  -31.218  -19.294  33.331 0.0000000000
54809  -33.528  -17.775  34.033 0.0000000000
53883  -32.469  -18.160  32.883 0.0000000000
53892  -31.214  -18.828  31.412 0.0000000000
54837  -32.062  -18.150  31.203 0.0000000000
54847  -33.398  -17.930  29.843 0.0000000000
109169  -34.213  -18.191  29.245 0.0000000000
54860  -34.917  -18.384  28.732 0.0000000000
54849  -35.860  -18.068  29.915 0.0000000000
54851  -37.813  -17.979  30.076 0.0000000000
54853  -39.406  -17.347  30.117 0.0000000000
55799  -40.585  -16.779  31.603 0.0000000000
55814  -40.846  -16.364  31.217 0.0000000000
122806  -18.470  -30.263  42.971 0.0000000000
130532  -19.110  -31.061  40.389 0.0000000000
41902  -17.680  -30.871  41.391 0.0000000000
41882  -17.787  -30.497  42.459 0.0000000000
40813  -15.952  -31.176  41.940 0.0000000000
48829  -33.397  -25.112  34.824 0.0000000000
49727  -32.372  -23.715  35.793 0.0000000000
46980  -36.886  -26.349  38.209 0.0000000000
48792  -36.183  -25.453  38.193 0.0000000000
49698  -35.306  -24.743  38.059 0.0000000000
50654  -34.886  -23.734  38.896 0.0000000000
49711  -34.571  -24.635  37.012 0.0000000000
50682  -33.664  -23.683  37.315 0.0000000000
50681  -32.970  -23.215  37.058 0.0000000000
50696  -31.850  -22.815  36.080 0.0000000000
51713  -31.919  -21.479  36.899 0.0000000000
115234  -32.230  -19.848  36.643 0.0000000000
53812  -33.463  -18.929  37.128 0.0000000000
53785  -33.885  -18.911  39.406 0.0000000000
54777  -34.546  -18.046  38.230 0.0000000000
45942  -26.731  -26.420  40.571 0.0000000000
114059  -27.705  -25.949  39.042 0.0000000000
46988  -27.506  -26.289  37.017 0.0000000000
112021  -30.204  -26.312  38.178 0.0000000000
46999  -29.187  -26.348  36.799 0.0000000000
41887  -22.205  -31.074  42.447 0.0000000000
123022  -21.946  -30.696  41.030 0.0000000000
40847  -23.073  -30.495  41.298 0.0000000000
108547  -22.310  -30.766  40.005 0.0000000000
108546  -21.967  -30.986  39.214 0.0000000000
41994  -21.182  -31.780  37.520 0.0000000000
66323  -44.185  -5.043  18.382 0.0000000000
66324  -44.850  -4.663  18.063 0.0000000000
66331  -45.766  -4.644  16.933 0.0000000000
68123  -47.111  -2.612  19.603 0.0000000000
67259  -46.763  -3.414  18.049 0.0000000000
67271  -46.414  -4.219  16.649 0.0000000000
66340  -46.598  -4.516  15.915 0.0000000000
67292  -47.484  -4.262  15.130 0.0000000000
67293  -47.958  -4.102  14.568 0.0000000000
68143  -48.899  -2.922  15.547 0.0000000000
69028  -49.695  -2.169  15.695 0.0000000000
36346  -8.246  -37.317  45.501 0.0000000000
36334  -7.707  -37.521  46.336 0.0000000000
35532  -8.319  -38.147  45.003 0.0000000000
49754  -30.501  -23.327  33.253 0.0000000000
60173  -36.226  -13.273  26.095 0.0000000000
54888  -36.280  -18.127  27.921 0.0000000000
54899  -36.780  -17.769  27.909 0.0000000000
112307  -37.189  -17.151  27.816 0.0000000000
57576  -39.246  -15.551  29.072 0.0000000000
57575  -38.310  -15.735  28.207 0.0000000000
57590  -37.472  -15.770  27.676 0.0000000000
108387  -36.904  -14.958  27.287 0.0000000000
59337  -37.095  -13.234  26.774 0.0000000000
60175  -37.805  -12.478  26.649 0.0000000000
61035  -39.513  -11.152  26.786 0.0000000000
61919  -40.557  -10.207  27.118 0.0000000000
61921  -42.394  -9.303  27.620 0.0000000000
37978  -8.104  -34.870  48.175 0.0000000000
38869  -8.574  -34.009  47.565 0.0000000000
38008  -8.415  -35.215  46.360 0.0000000000
111588  -8.896  -36.037  44.816 0.0000000000
130084  -9.255  -37.232  43.043 0.0000000000
35523  -7.288  -38.272  46.581 0.0000000000
123891  -6.692  -39.052  47.310 0.0000000000
34560  -6.819  -38.936  47.939 0.0000000000
31961  -6.579  -41.958  45.978 0.0000000000
32801  -6.265  -40.264  47.027 0.0000000000
33624  -6.114  -39.558  48.114 0.0000000000
33623  -6.087  -39.769  48.099 0.0000000000
32769  -5.451  -39.998  47.542 0.0000000000
110604  -4.728  -43.960  45.953 0.0000000000
31959  -4.648  -42.251  46.115 0.0000000000
37125  -7.812  -35.778  47.834 0.0000000000
37136  -7.621  -36.540  47.596 0.0000000000
44897  -35.505  -28.239  36.917 0.0000000000
43873  -25.788  -27.942  41.492 0.0000000000
44846  -25.601  -27.787  40.533 0.0000000000
44830  -26.497  -27.363  41.904 0.0000000000
44880  -34.423  -28.814  38.163 0.0000000000
44879  -33.545  -28.784  38.336 0.0000000000
43858  -26.650  -27.894  43.562 0.0000000000
43857  -26.242  -28.452  43.131 0.0000000000
43867  -26.025  -28.173  42.346 0.0000000000
43866  -25.546  -28.847  41.911 0.0000000000
48828  -32.066  -24.049  35.091 0.0000000000
49744  -31.378  -23.540  34.624 0.0000000000
107840  -32.357  -19.230  28.016 0.0000000000
53925  -33.532  -19.554  27.019 0.0000000000
53926  -34.246  -19.003  27.204 0.0000000000
54874  -34.581  -18.581  27.961 0.0000000000
40829  -14.210  -32.331  41.376 0.0000000000
125701  -13.563  -32.775  41.444 0.0000000000
45914  -35.439  -25.964  42.336 0.0000000000
46938  -35.748  -25.631  42.333 0.0000000000
46928  -35.424  -25.205  42.725 0.0000000000
46876  -30.495  -25.962  46.300 0.0000000000
45897  -34.836  -25.658  42.819 0.0000000000
45896  -34.249  -25.880  42.855 0.0000000000
45912  -34.798  -26.308  42.188 0.0000000000
44814  -34.971  -26.576  41.747 0.0000000000
62775  -42.317  -9.184  27.197 0.0000000000
62786  -41.287  -8.905  26.454 0.0000000000
62787  -42.149  -8.760  26.646 0.0000000000
66275  -44.860  -5.409  25.134 0.0000000000
66274  -44.252  -5.292  24.656 0.0000000000
66280  -43.997  -4.750  24.021 0.0000000000
66281  -44.620  -4.661  24.299 0.0000000000
67215  -44.419  -4.128  23.522 0.0000000000
53843  -33.797  -18.141  35.615 0.0000000000
111268  -36.002  -16.623  33.194 0.0000000000
55779  -34.592  -16.970  32.845 0.0000000000
55780  -35.532  -16.798  32.289 0.0000000000
55795  -36.405  -17.163  31.463 0.0000000000
109503  -21.252  -30.739  40.972 0.0000000000
109504  -20.380  -30.759  41.019 0.0000000000
69891  -50.834  -1.129  15.757 0.0000000000
35451  -7.148  -38.313  50.267 0.0000000000
35450  -6.622  -38.350  50.504 0.0000000000
34547  -6.398  -39.109  49.130 0.0000000000
48820  -35.605  -25.499  35.852 0.0000000000
48819  -35.051  -25.390  35.576 0.0000000000
112136  -36.334  -24.005  40.361 0.0000000000
52658  -32.978  -20.919  40.421 0.0000000000
51667  -33.175  -21.869  39.752 0.0000000000
51682  -32.681  -21.362  39.088 0.0000000000
52685  -32.426  -20.530  38.820 0.0000000000
42014  -23.132  -31.410  36.107 0.0000000000
42015  -23.422  -30.934  36.348 0.0000000000
45932  -31.440  -25.849  41.230 0.0000000000
109703  -30.592  -25.637  40.731 0.0000000000
41976  -22.885  -30.514  38.577 0.0000000000
41996  -22.988  -30.858  37.118 0.0000000000
68108  -46.796  -2.433  21.488 0.0000000000
69021  -48.721  -1.904  18.612 0.0000000000
69023  -48.506  -2.451  17.836 0.0000000000
111656  -48.961  -1.998  17.805 0.0000000000
69883  -49.282  -1.545  18.342 0.0000000000
110598  -30.145  -20.506  32.215 0.0000000000
51788  -29.790  -21.224  31.527 0.0000000000
116683  -35.292  -17.975  26.141 0.0000000000
55861  -35.291  -17.358  25.429 0.0000000000
55848  -35.593  -17.056  26.276 0.0000000000
112981  -39.376  -17.041  29.588 0.0000000000
113940  -38.851  -17.195  29.040 0.0000000000
60147  -40.260  -12.574  28.301 0.0000000000
126827  -40.025  -12.844  27.978 0.0000000000
60165  -40.593  -11.542  28.079 0.0000000000
39804  -10.475  -33.187  44.571 0.0000000000
38883  -9.773  -33.784  44.893 0.0000000000
38038  -9.641  -34.790  44.290 0.0000000000
31953  -5.261  -41.579  46.574 0.0000000000
54796  -35.900  -16.912  35.773 0.0000000000
41973  -19.822  -31.643  38.503 0.0000000000
36297  -7.716  -37.377  48.842 0.0000000000
129077  -7.869  -37.410  49.412 0.0000000000
116718  -7.612  -37.921  49.343 0.0000000000
44926  -34.619  -28.408  34.987 0.0000000000
45997  -36.117  -27.466  36.756 0.0000000000
47008  -36.373  -26.266  36.018 0.0000000000
42946  -23.864  -29.629  39.028 0.0000000000
42955  -23.845  -29.574  37.830 0.0000000000
44859  -25.480  -27.644  39.390 0.0000000000
44876  -25.717  -27.309  38.358 0.0000000000
44891  -25.410  -27.741  37.492 0.0000000000
44849  -33.203  -27.310  39.745 0.0000000000
44862  -32.752  -27.727  39.009 0.0000000000
108214  -33.004  -29.090  37.490 0.0000000000
44894  -32.297  -28.883  37.367 0.0000000000
108710  -31.984  -28.947  36.619 0.0000000000
42893  -26.108  -29.408  44.208 0.0000000000
42885  -25.979  -29.850  44.886 0.0000000000
41873  -25.618  -29.876  44.039 0.0000000000
41872  -25.332  -30.290  44.550 0.0000000000
41911  -24.825  -30.102  42.813 0.0000000000
42936  -24.770  -29.229  40.560 0.0000000000
42924  -24.421  -29.723  41.061 0.0000000000
42935  -24.232  -29.671  40.151 0.0000000000
53899  -30.541  -19.710  29.833 0.0000000000
53907  -31.094  -19.197  29.218 0.0000000000
53936  -34.605  -18.989  26.580 0.0000000000
54898  -35.796  -18.065  27.235 0.0000000000
111987  -41.683  -14.444  31.689 0.0000000000
112014  -40.796  -11.467  30.093 0.0000000000
41880  -15.795  -30.829  42.730 0.0000000000
41851  -14.520  -30.999  44.132 0.0000000000
41834  -12.804  -31.150  45.485 0.0000000000
41849  -12.995  -31.384  44.672 0.0000000000
123810  -12.270  -32.030  44.232 0.0000000000
38896  -11.512  -33.562  42.956 0.0000000000
38903  -11.246  -34.260  42.439 0.0000000000
38904  -11.850  -33.817  42.188 0.0000000000
44865  -35.512  -27.826  40.117 0.0000000000
45959  -36.083  -27.677  39.444 0.0000000000
113839  -36.146  -27.368  40.343 0.0000000000
47831  -36.318  -24.830  42.031 0.0000000000
46949  -36.508  -25.383  41.747 0.0000000000
48714  -36.367  -24.272  42.071 0.0000000000
45892  -27.874  -26.810  44.423 0.0000000000
45906  -27.619  -26.605  43.476 0.0000000000
45907  -28.472  -26.087  43.829 0.0000000000
46927  -30.962  -25.649  43.822 0.0000000000
110047  -30.453  -25.582  43.265 0.0000000000
109096  -31.687  -25.927  42.882 0.0000000000
46897  -32.870  -25.132  45.111 0.0000000000
113505  -33.880  -26.444  42.034 0.0000000000
45910  -33.414  -26.223  42.528 0.0000000000
45923  -33.445  -26.410  42.185 0.0000000000
107937  -32.959  -26.410  41.862 0.0000000000
44820  -33.545  -26.602  41.433 0.0000000000
44821  -33.971  -26.665  41.610 0.0000000000
44835  -35.145  -27.115  41.132 0.0000000000
44852  -34.949  -27.528  40.638 0.0000000000
129538  -35.166  -27.774  40.467 0.0000000000
109372  -34.805  -28.090  39.948 0.0000000000
45878  -28.705  -26.777  45.883 0.0000000000
117328  -28.146  -27.019  45.222 0.0000000000
61045  -38.667  -10.729  26.182 0.0000000000
61925  -37.911  -10.349  25.573 0.0000000000
62783  -38.655  -9.912  25.792 0.0000000000
62799  -39.838  -8.508  25.541 0.0000000000
62798  -39.085  -8.735  25.149 0.0000000000
63684  -39.325  -8.063  24.616 0.0000000000
63693  -39.999  -7.345  24.458 0.0000000000
63674  -43.999  -7.701  26.315 0.0000000000
64547  -43.701  -7.337  25.928 0.0000000000
64567  -42.299  -6.234  24.633 0.0000000000
113545  -41.405  -6.106  24.093 0.0000000000
64576  -40.551  -6.244  23.144 0.0000000000
124091  -40.108  -6.196  22.116 0.0000000000
65435  -41.451  -5.635  23.154 0.0000000000
66287  -42.366  -4.711  22.088 0.0000000000
107999  -42.531  -4.673  21.145 0.0000000000
66307  -42.083  -5.123  20.477 0.0000000000
126489  -43.217  -4.391  20.916 0.0000000000
128829  -43.610  -4.105  21.466 0.0000000000
67222  -44.945  -3.606  23.006 0.0000000000
67223  -45.551  -3.192  22.470 0.0000000000
68100  -46.168  -2.976  22.826 0.0000000000
51724  -31.297  -21.181  35.380 0.0000000000
52744  -31.277  -20.448  34.925 0.0000000000
53858  -32.198  -18.817  34.453 0.0000000000
52758  -31.405  -19.627  34.258 0.0000000000
54811  -34.730  -17.388  34.622 0.0000000000
54810  -33.876  -17.807  34.816 0.0000000000
54820  -34.274  -17.457  34.108 0.0000000000
54828  -33.177  -17.610  32.441 0.0000000000
113963  -33.274  -17.688  33.228 0.0000000000
117899  -31.853  -18.401  32.141 0.0000000000
126501  -34.311  -17.927  29.891 0.0000000000
108303  -35.012  -18.146  29.518 0.0000000000
55810  -37.170  -17.692  30.806 0.0000000000
54850  -36.893  -18.101  30.014 0.0000000000
54852  -38.684  -17.725  30.076 0.0000000000
54839  -39.225  -17.383  30.799 0.0000000000
55786  -41.200  -16.517  32.309 0.0000000000
55800  -41.123  -16.442  31.720 0.0000000000
55813  -40.478  -16.668  31.059 0.0000000000
57557  -41.344  -15.721  31.520 0.0000000000
41884  -19.587  -30.353  42.475 0.0000000000
115063  -19.183  -30.196  43.071 0.0000000000
109506  -18.705  -30.112  43.627 0.0000000000
41883  -18.724  -30.383  42.444 0.0000000000
41951  -19.233  -31.331  39.459 0.0000000000
109548  -18.467  -31.294  40.026 0.0000000000
41926  -17.724  -31.308  40.454 0.0000000000
41901  -16.830  -30.919  41.686 0.0000000000
112687  -5.604  -39.243  48.431 0.0000000000
47017  -34.933  -26.911  33.646 0.0000000000
109839  -34.642  -25.776  34.186 0.0000000000
48818  -34.284  -25.077  35.812 0.0000000000
48817  -33.643  -24.819  35.622 0.0000000000
49745  -32.876  -24.433  35.383 0.0000000000
49728  -33.151  -24.145  36.071 0.0000000000
46981  -37.034  -26.463  38.917 0.0000000000
126067  -37.091  -25.895  38.814 0.0000000000
49688  -36.139  -24.646  39.269 0.0000000000
48779  -36.433  -25.239  38.966 0.0000000000
48778  -35.915  -25.011  38.478 0.0000000000
48791  -35.812  -25.403  37.537 0.0000000000
50653  -34.290  -23.364  38.850 0.0000000000
50670  -34.471  -23.834  38.251 0.0000000000
49696  -34.209  -24.037  37.536 0.0000000000
50697  -32.677  -23.422  36.436 0.0000000000
50680  -32.216  -22.508  36.690 0.0000000000
51725  -31.607  -21.567  36.087 0.0000000000
122012  -32.608  -19.652  37.401 0.0000000000
53827  -32.883  -19.230  36.493 0.0000000000
54759  -34.391  -18.343  39.899 0.0000000000
126492  -34.582  -17.958  37.535 0.0000000000
43904  -24.076  -29.750  36.664 0.0000000000
42966  -23.859  -30.546  35.958 0.0000000000
43924  -24.408  -29.866  35.426 0.0000000000
45930  -26.770  -26.695  41.335 0.0000000000
46946  -27.559  -25.940  41.079 0.0000000000
46968  -28.667  -25.543  39.405 0.0000000000
46967  -27.558  -25.747  40.046 0.0000000000
46977  -27.714  -26.142  38.048 0.0000000000
45957  -31.610  -26.978  38.514 0.0000000000
45956  -30.696  -26.234  38.915 0.0000000000
45970  -30.915  -26.883  38.000 0.0000000000
41906  -21.729  -30.776  41.696 0.0000000000
41907  -22.407  -30.806  41.589 0.0000000000
41909  -23.840  -30.305  41.802 0.0000000000
40833  -23.527  -30.525  42.011 0.0000000000
41932  -23.436  -30.289  41.206 0.0000000000
129425  -22.614  -30.629  39.046 0.0000000000
108712  -22.696  -30.550  40.426 0.0000000000
109802  -22.543  -30.679  39.513 0.0000000000
108692  -21.243  -31.380  38.521 0.0000000000
41974  -21.979  -31.272  38.163 0.0000000000
67246  -44.208  -4.127  19.869 0.0000000000
66315  -43.811  -4.686  19.178 0.0000000000
67248  -45.792  -3.406  19.347 0.0000000000
67257  -45.262  -3.952  18.643 0.0000000000
67264  -45.532  -4.281  17.740 0.0000000000
69014  -48.013  -1.620  20.868 0.0000000000
68118  -47.670  -2.102  20.104 0.0000000000
68129  -47.447  -3.178  17.768 0.0000000000
68128  -47.260  -2.867  18.694 0.0000000000
67265  -46.222  -3.926  17.436 0.0000000000
67272  -47.089  -3.815  16.384 0.0000000000
67273  -47.792  -3.525  16.129 0.0000000000
67283  -47.953  -3.673  15.444 0.0000000000
68154  -48.617  -3.317  15.052 0.0000000000
69025  -49.581  -1.989  16.512 0.0000000000
69890  -50.200  -1.582  16.155 0.0000000000
69888  -50.705  -0.788  16.682 0.0000000000
35544  -8.758  -38.278  44.102 0.0000000000
118720  -30.695  -22.136  34.297 0.0000000000
121788  -30.813  -22.995  34.110 0.0000000000
57607  -35.461  -14.785  25.543 0.0000000000
58470  -35.477  -14.108  25.304 0.0000000000
58471  -35.717  -14.078  26.005 0.0000000000
54861  -35.796  -18.337  28.999 0.0000000000
54875  -35.553  -18.394  28.082 0.0000000000
54876  -36.544  -18.278  28.529 0.0000000000
55829  -38.330  -17.376  28.625 0.0000000000
55837  -37.697  -17.595  28.250 0.0000000000
117022  -40.109  -15.281  30.001 0.0000000000
56736  -39.443  -16.008  29.519 0.0000000000
57565  -39.645  -15.184  29.352 0.0000000000
116992  -38.852  -15.678  28.715 0.0000000000
57591  -37.999  -14.968  27.736 0.0000000000
59338  -38.195  -13.325  27.193 0.0000000000
61034  -38.550  -11.679  26.507 0.0000000000
60176  -39.431  -12.002  26.989 0.0000000000
61027  -40.927  -10.846  27.922 0.0000000000
61036  -40.267  -10.891  27.284 0.0000000000
61037  -40.935  -10.457  27.605 0.0000000000
61920  -41.711  -9.792  27.552 0.0000000000
61911  -42.047  -9.727  27.879 0.0000000000
38875  -8.665  -34.352  46.583 0.0000000000
37157  -8.464  -36.372  45.543 0.0000000000
38020  -8.734  -35.425  45.526 0.0000000000
37180  -9.329  -36.644  43.231 0.0000000000
35531  -7.840  -38.163  45.769 0.0000000000
33651  -6.808  -39.695  46.537 0.0000000000
34580  -7.035  -39.014  46.506 0.0000000000
33650  -6.463  -39.648  47.233 0.0000000000
31968  -6.860  -42.819  45.321 0.0000000000
32800  -5.914  -40.883  46.719 0.0000000000
32817  -6.385  -41.090  46.470 0.0000000000
33637  -6.333  -39.612  47.733 0.0000000000
32770  -5.583  -40.031  47.509 0.0000000000
32799  -5.176  -40.973  46.706 0.0000000000
118515  -4.795  -40.345  47.117 0.0000000000
33636  -5.193  -39.688  47.724 0.0000000000
30253  -4.434  -43.721  45.716 0.0000000000
31138  -4.553  -43.027  45.900 0.0000000000
44914  -34.911  -28.544  36.082 0.0000000000
45984  -36.574  -26.947  37.490 0.0000000000
43883  -25.056  -28.454  40.043 0.0000000000
44860  -26.033  -26.967  40.065 0.0000000000
124075  -33.398  -29.225  36.767 0.0000000000
43907  -34.135  -29.118  36.452 0.0000000000
43843  -26.382  -28.710  43.928 0.0000000000
42902  -25.960  -29.281  43.531 0.0000000000
42912  -25.211  -29.573  42.354 0.0000000000
65462  -40.848  -6.038  20.291 0.0000000000
65478  -43.857  -5.706  17.968 0.0000000000
47908  -33.021  -25.388  33.822 0.0000000000
109657  -31.918  -18.864  28.790 0.0000000000
53914  -31.359  -19.730  28.243 0.0000000000
53924  -32.060  -20.003  27.439 0.0000000000
40793  -14.941  -31.206  42.960 0.0000000000
129281  -14.739  -31.579  42.479 0.0000000000
108039  -14.271  -31.748  42.704 0.0000000000
109318  -13.509  -32.031  43.038 0.0000000000
40775  -13.217  -31.710  43.843 0.0000000000
40809  -13.019  -32.493  42.594 0.0000000000
39821  -12.438  -33.569  41.721 0.0000000000
123484  -35.470  -27.083  41.161 0.0000000000
45946  -36.067  -27.119  41.056 0.0000000000
45935  -35.767  -26.726  41.515 0.0000000000
46939  -36.077  -25.235  42.258 0.0000000000
47822  -36.012  -24.433  42.599 0.0000000000
46895  -29.512  -26.004  45.296 0.0000000000
46913  -30.569  -25.757  44.712 0.0000000000
46914  -31.614  -25.801  44.125 0.0000000000
45880  -33.272  -25.549  44.015 0.0000000000
45895  -33.795  -25.846  43.021 0.0000000000
45911  -34.160  -26.364  42.151 0.0000000000
44812  -34.414  -26.641  41.585 0.0000000000
44822  -34.509  -26.738  41.465 0.0000000000
44823  -34.852  -26.785  41.395 0.0000000000
44836  -35.171  -26.875  41.284 0.0000000000
45879  -29.568  -26.284  46.249 0.0000000000
61927  -40.097  -9.839  26.572 0.0000000000
62784  -39.423  -9.354  25.883 0.0000000000
129399  -41.424  -7.846  25.648 0.0000000000
65423  -44.291  -6.746  25.797 0.0000000000
64560  -43.870  -6.797  25.620 0.0000000000
65429  -43.530  -6.266  25.072 0.0000000000
65437  -42.880  -5.651  24.399 0.0000000000
66279  -43.263  -4.850  23.760 0.0000000000
66288  -43.036  -4.447  22.747 0.0000000000
66297  -43.649  -4.061  22.256 0.0000000000
53841  -32.219  -19.549  35.871 0.0000000000
109316  -32.575  -18.843  35.174 0.0000000000
109044  -35.461  -16.857  34.205 0.0000000000
128900  -34.549  -17.155  33.595 0.0000000000
54829  -33.889  -17.303  32.573 0.0000000000
110347  -33.715  -17.464  31.616 0.0000000000
55807  -34.673  -17.420  31.054 0.0000000000
55808  -35.427  -17.622  30.624 0.0000000000
112715  -38.211  -17.151  31.786 0.0000000000
41870  -20.643  -30.739  43.555 0.0000000000
41885  -20.600  -30.578  42.602 0.0000000000
128697  -18.454  -31.572  39.235 0.0000000000
40845  -16.255  -31.960  40.144 0.0000000000
69033  -49.645  -2.521  14.767 0.0000000000
69034  -50.164  -2.087  14.686 0.0000000000
69044  -50.594  -1.858  14.099 0.0000000000
46026  -35.049  -27.408  34.106 0.0000000000
47901  -35.192  -25.771  34.662 0.0000000000
48749  -36.708  -24.849  40.229 0.0000000000
48763  -36.707  -25.157  39.641 0.0000000000
49678  -36.562  -24.639  40.042 0.0000000000
49677  -36.348  -24.443  39.833 0.0000000000
49676  -35.929  -23.927  39.821 0.0000000000
125249  -34.209  -22.605  40.275 0.0000000000
108846  -33.837  -22.770  39.249 0.0000000000
51684  -33.562  -22.928  38.445 0.0000000000
51703  -32.852  -22.246  38.041 0.0000000000
113512  -32.224  -21.446  37.656 0.0000000000
53810  -32.657  -19.758  38.420 0.0000000000
54760  -35.228  -17.617  39.499 0.0000000000
46947  -29.437  -25.489  41.280 0.0000000000
46955  -28.668  -25.577  41.046 0.0000000000
46956  -29.695  -25.458  40.482 0.0000000000
46969  -29.768  -25.539  39.626 0.0000000000
44910  -31.149  -28.052  36.788 0.0000000000
45982  -30.900  -27.388  37.289 0.0000000000
40814  -23.436  -31.026  42.783 0.0000000000
41954  -23.230  -30.225  39.685 0.0000000000
41931  -23.114  -30.338  40.459 0.0000000000
42013  -22.521  -31.556  36.575 0.0000000000
67242  -45.511  -3.270  20.499 0.0000000000
69017  -48.065  -2.108  19.378 0.0000000000
113799  -47.918  -2.627  18.462 0.0000000000
68130  -48.022  -2.951  17.372 0.0000000000
67267  -47.612  -3.405  16.873 0.0000000000
68134  -48.689  -2.882  16.244 0.0000000000
69024  -49.001  -2.407  16.940 0.0000000000
69886  -49.463  -1.742  17.413 0.0000000000
35562  -9.077  -38.370  43.180 0.0000000000
51755  -30.175  -21.671  33.209 0.0000000000
124511  -29.773  -22.057  31.920 0.0000000000
56771  -35.352  -16.410  25.379 0.0000000000
54877  -37.846  -18.076  28.792 0.0000000000
54878  -38.392  -17.666  28.902 0.0000000000
55839  -38.721  -16.859  28.773 0.0000000000
59297  -40.342  -13.551  29.378 0.0000000000
58435  -39.752  -14.293  28.888 0.0000000000
58444  -39.450  -14.304  28.513 0.0000000000
58462  -39.202  -14.051  28.026 0.0000000000
58461  -38.563  -14.149  27.679 0.0000000000
59323  -39.626  -13.436  28.018 0.0000000000
60163  -39.722  -12.619  27.488 0.0000000000
60177  -40.012  -11.716  27.336 0.0000000000
61016  -41.785  -10.028  28.125 0.0000000000
40756  -11.079  -31.931  45.548 0.0000000000
40755  -10.322  -32.265  45.792 0.0000000000
39787  -9.608  -32.854  46.209 0.0000000000
38876  -9.241  -33.781  45.799 0.0000000000
38890  -9.228  -34.530  45.080 0.0000000000
114412  -9.173  -35.293  44.734 0.0000000000
38055  -9.783  -35.884  42.887 0.0000000000
108708  -7.976  -39.620  45.071 0.0000000000
123536  -7.149  -40.403  45.950 0.0000000000
31967  -6.162  -42.699  46.007 0.0000000000
31954  -5.622  -41.518  46.611 0.0000000000
31947  -5.536  -40.866  46.764 0.0000000000
31952  -4.923  -41.607  46.450 0.0000000000
46878  -32.001  -25.355  46.293 0.0000000000
46899  -34.095  -24.454  44.480 0.0000000000
121621  -43.659  -8.367  27.396 0.0000000000
62788  -42.984  -8.474  26.793 0.0000000000
63664  -44.198  -7.938  26.693 0.0000000000
63675  -44.489  -7.564  26.439 0.0000000000
110745  -45.473  -5.777  25.924 0.0000000000
66269  -45.688  -5.026  25.428 0.0000000000
67211  -46.033  -4.446  25.009 0.0000000000
54795  -35.199  -17.458  35.997 0.0000000000
55750  -35.320  -17.209  35.147 0.0000000000
55762  -36.472  -16.530  33.934 0.0000000000
55782  -37.679  -16.713  32.508 0.0000000000
41952  -21.106  -31.152  39.385 0.0000000000
35473  -7.199  -38.424  49.530 0.0000000000
44927  -35.034  -27.864  34.682 0.0000000000
130000  -35.774  -27.572  35.601 0.0000000000
47892  -36.070  -25.781  35.869 0.0000000000
48808  -35.669  -25.470  36.577 0.0000000000
52657  -32.818  -20.001  40.157 0.0000000000
43905  -24.454  -29.034  37.351 0.0000000000
44875  -24.883  -28.409  37.961 0.0000000000
117690  -25.024  -28.417  36.856 0.0000000000
45979  -25.833  -27.215  36.672 0.0000000000
45980  -26.505  -26.637  37.055 0.0000000000
45944  -32.216  -26.577  39.836 0.0000000000
44861  -32.282  -26.993  38.991 0.0000000000
110651  -32.058  -28.393  37.855 0.0000000000
40816  -24.190  -30.750  43.469 0.0000000000
123551  -24.451  -30.484  43.210 0.0000000000
121239  -23.763  -30.140  41.131 0.0000000000
41934  -24.611  -29.854  41.940 0.0000000000
41933  -24.132  -30.055  41.490 0.0000000000
41978  -23.815  -29.917  39.920 0.0000000000
64574  -38.959  -7.298  21.964 0.0000000000
66338  -45.401  -5.543  16.517 0.0000000000
69008  -47.880  -1.684  21.726 0.0000000000
69875  -48.478  -1.355  21.598 0.0000000000
69881  -49.546  -0.825  18.914 0.0000000000
53891  -30.637  -19.529  30.822 0.0000000000
52790  -30.020  -20.411  30.380 0.0000000000
56725  -40.766  -16.031  30.924 0.0000000000
56730  -40.033  -16.010  30.159 0.0000000000
127649  -40.396  -15.726  30.486 0.0000000000
58428  -40.492  -14.425  30.094 0.0000000000
60133  -40.514  -12.686  29.378 0.0000000000
129490  -40.667  -11.920  29.400 0.0000000000
116476  -40.945  -11.158  28.983 0.0000000000
41866  -14.869  -30.959  43.668 0.0000000000
41852  -15.254  -30.697  44.298 0.0000000000
40757  -11.613  -31.999  44.994 0.0000000000
40774  -11.311  -32.607  44.345 0.0000000000
38895  -10.808  -34.148  43.203 0.0000000000
30255  -5.308  -44.918  46.055 0.0000000000
44864  -35.016  -28.492  38.873 0.0000000000
45972  -35.824  -28.124  38.614 0.0000000000
45960  -36.863  -26.899  39.662 0.0000000000
114068  -37.207  -26.371  40.227 0.0000000000
45936  -36.550  -26.608  41.357 0.0000000000
46958  -37.133  -26.208  40.948 0.0000000000
47847  -36.843  -25.088  40.573 0.0000000000
48730  -36.604  -24.462  40.909 0.0000000000
47810  -35.579  -24.068  43.283 0.0000000000
44831  -26.894  -27.091  42.457 0.0000000000
45921  -27.434  -26.536  42.604 0.0000000000
46935  -29.376  -25.545  43.090 0.0000000000
110048  -29.296  -25.535  42.131 0.0000000000
118443  -32.146  -25.578  45.175 0.0000000000
46915  -32.381  -25.877  44.029 0.0000000000
45908  -32.257  -26.072  43.405 0.0000000000
45894  -33.230  -25.934  43.206 0.0000000000
45909  -32.769  -26.093  42.986 0.0000000000
129738  -32.391  -26.203  42.148 0.0000000000
45933  -32.365  -26.239  41.479 0.0000000000
111381  -32.259  -26.340  40.681 0.0000000000
45945  -32.826  -26.706  40.230 0.0000000000
44832  -33.463  -26.798  40.555 0.0000000000
44850  -33.791  -27.482  40.112 0.0000000000
44834  -34.441  -27.164  40.707 0.0000000000
119016  -34.031  -28.039  39.829 0.0000000000
44798  -27.483  -27.570  45.095 0.0000000000
44810  -27.208  -27.372  44.004 0.0000000000
61042  -36.464  -11.629  24.672 0.0000000000
61043  -37.082  -10.946  25.284 0.0000000000
61936  -37.464  -10.139  24.802 0.0000000000
114213  -38.588  -9.279  25.159 0.0000000000
63672  -42.650  -8.051  26.197 0.0000000000
119798  -42.079  -7.547  25.543 0.0000000000
64558  -42.650  -6.924  25.204 0.0000000000
64557  -41.681  -6.772  24.884 0.0000000000
63694  -40.971  -7.425  25.164 0.0000000000
64565  -39.846  -6.894  23.519 0.0000000000
124787  -39.217  -7.200  22.886 0.0000000000
65450  -40.327  -6.038  21.270 0.0000000000
65452  -41.624  -5.215  22.239 0.0000000000
65451  -41.095  -5.474  21.328 0.0000000000
130110  -41.470  -5.413  20.644 0.0000000000
65463  -41.641  -5.709  19.877 0.0000000000
66313  -42.380  -5.415  19.650 0.0000000000
66308  -43.465  -4.462  20.064 0.0000000000
116736  -44.247  -3.750  21.608 0.0000000000
121739  -44.959  -3.429  21.294 0.0000000000
67231  -45.550  -3.103  21.567 0.0000000000
68107  -46.149  -2.766  21.959 0.0000000000
110149  -45.979  -3.842  24.225 0.0000000000
67217  -46.281  -3.266  23.565 0.0000000000
113247  -46.770  -2.812  23.297 0.0000000000
69000  -47.352  -2.357  22.968 0.0000000000
69001  -47.913  -1.861  22.637 0.0000000000
69002  -48.628  -1.602  23.103 0.0000000000
51756  -30.540  -21.291  33.922 0.0000000000
125312  -30.933  -20.574  34.362 0.0000000000
52756  -30.265  -20.783  33.114 0.0000000000
109295  -30.615  -19.846  32.815 0.0000000000
52768  -30.628  -19.655  31.846 0.0000000000
53859  -33.026  -18.267  34.598 0.0000000000
53871  -32.719  -18.208  33.827 0.0000000000
53882  -31.710  -18.691  32.905 0.0000000000
53881  -31.148  -19.050  32.434 0.0000000000
130460  -31.066  -18.927  30.755 0.0000000000
53901  -31.547  -18.544  30.581 0.0000000000
54838  -33.006  -17.746  30.883 0.0000000000
54846  -32.350  -18.109  30.230 0.0000000000
54872  -32.578  -18.352  29.318 0.0000000000
54873  -33.427  -18.369  28.904 0.0000000000
108201  -34.141  -18.447  28.554 0.0000000000
54862  -36.675  -18.336  29.251 0.0000000000
54863  -37.498  -18.223  29.332 0.0000000000
54864  -38.222  -17.934  29.377 0.0000000000
55821  -39.898  -16.855  30.307 0.0000000000
55797  -38.947  -17.226  31.538 0.0000000000
55785  -40.483  -16.779  32.220 0.0000000000
55798  -39.813  -17.060  31.575 0.0000000000
55812  -39.991  -17.099  30.855 0.0000000000
56724  -40.272  -16.429  30.608 0.0000000000
58411  -41.541  -15.133  31.651 0.0000000000
41927  -19.857  -30.986  40.257 0.0000000000
109505  -19.485  -30.787  41.081 0.0000000000
109999  -18.545  -30.880  41.039 0.0000000000
125924  -18.356  -30.624  41.862 0.0000000000
41881  -16.710  -30.596  42.573 0.0000000000
40831  -16.068  -31.566  41.061 0.0000000000
40830  -15.136  -31.850  41.383 0.0000000000
69895  -51.811  -0.735  14.592 0.0000000000
69903  -51.359  -1.244  14.030 0.0000000000
47900  -33.961  -25.582  34.106 0.0000000000
46991  -36.672  -26.076  37.451 0.0000000000
47875  -36.625  -25.719  38.355 0.0000000000
48790  -35.174  -24.991  37.219 0.0000000000
50655  -35.335  -23.692  39.455 0.0000000000
117418  -34.895  -23.408  39.521 0.0000000000
49686  -34.930  -24.162  38.387 0.0000000000
49697  -34.717  -24.408  37.761 0.0000000000
49710  -34.011  -24.272  36.850 0.0000000000
49709  -33.423  -23.882  36.669 0.0000000000
117002  -31.793  -20.520  36.373 0.0000000000
52714  -32.001  -20.513  37.175 0.0000000000
53828  -33.634  -18.548  36.344 0.0000000000
53784  -33.225  -19.478  39.799 0.0000000000
53796  -33.216  -19.340  38.924 0.0000000000
53797  -33.939  -18.739  38.545 0.0000000000
54767  -34.527  -18.179  39.018 0.0000000000
122213  -34.006  -18.549  37.725 0.0000000000
54786  -34.191  -18.237  36.959 0.0000000000
45955  -26.775  -26.322  39.573 0.0000000000
45969  -26.935  -26.389  38.589 0.0000000000
46996  -26.984  -26.430  36.278 0.0000000000
46979  -29.625  -25.752  38.734 0.0000000000
45981  -30.129  -26.745  37.270 0.0000000000
46990  -29.411  -26.033  37.812 0.0000000000
46989  -28.489  -26.098  37.414 0.0000000000
46997  -27.603  -26.304  36.089 0.0000000000
41886  -21.434  -31.055  43.065 0.0000000000
115061  -21.395  -30.857  42.318 0.0000000000
40815  -23.759  -30.812  42.852 0.0000000000
40832  -23.237  -30.770  42.120 0.0000000000
41908  -22.788  -30.696  41.411 0.0000000000
41930  -22.370  -30.684  40.763 0.0000000000
41929  -21.724  -30.856  40.197 0.0000000000
66322  -43.494  -5.405  18.618 0.0000000000
67256  -44.543  -4.327  18.937 0.0000000000
66330  -45.131  -5.095  17.252 0.0000000000
68117  -46.964  -2.464  20.537 0.0000000000
67249  -46.564  -3.089  19.003 0.0000000000
66339  -45.953  -5.011  16.180 0.0000000000
66352  -46.933  -4.957  15.176 0.0000000000
67282  -47.277  -4.026  15.697 0.0000000000
68155  -49.077  -3.115  14.546 0.0000000000
68144  -49.189  -2.866  14.966 0.0000000000
69032  -49.365  -2.586  15.309 0.0000000000
125741  -49.788  -2.281  15.112 0.0000000000
70688  -51.413  -0.307  16.326 0.0000000000
36335  -7.983  -36.688  46.207 0.0000000000
36323  -7.588  -36.959  46.969 0.0000000000
125571  -8.024  -38.748  45.274 0.0000000000
35543  -8.399  -38.963  44.494 0.0000000000
49755  -31.074  -23.952  33.794 0.0000000000
120730  -29.676  -21.375  30.542 0.0000000000
60183  -36.143  -12.541  25.296 0.0000000000
54889  -37.294  -18.062  28.340 0.0000000000
56735  -38.965  -16.223  29.027 0.0000000000
56746  -38.514  -16.386  28.549 0.0000000000
56745  -37.845  -16.475  28.032 0.0000000000
56744  -37.084  -16.443  27.561 0.0000000000
112798  -36.526  -15.857  27.102 0.0000000000
58459  -36.490  -14.098  26.710 0.0000000000
58460  -37.535  -14.113  27.279 0.0000000000
60174  -36.797  -12.451  26.098 0.0000000000
61033  -37.398  -11.679  26.036 0.0000000000
61918  -39.990  -10.498  26.839 0.0000000000
115836  -41.096  -9.906  27.232 0.0000000000
127913  -41.373  -10.496  28.656 0.0000000000
37993  -8.200  -35.025  47.212 0.0000000000
37147  -8.258  -35.932  46.103 0.0000000000
129776  -8.670  -36.779  44.935 0.0000000000
37167  -9.043  -36.688  44.197 0.0000000000
36367  -9.088  -37.485  43.611 0.0000000000
38068  -10.358  -35.405  42.362 0.0000000000
109764  -7.343  -37.638  47.063 0.0000000000
35509  -7.124  -38.038  47.593 0.0000000000
129315  -6.922  -38.542  47.198 0.0000000000
109904  -7.053  -38.378  47.769 0.0000000000
34548  -6.868  -38.814  48.928 0.0000000000
32827  -7.280  -41.945  45.102 0.0000000000
33663  -6.971  -41.186  45.985 0.0000000000
33625  -6.720  -39.208  48.180 0.0000000000
33607  -6.076  -39.129  49.009 0.0000000000
33622  -5.685  -39.653  48.057 0.0000000000
30254  -4.791  -45.276  45.899 0.0000000000
45913  -35.066  -26.231  42.225 0.0000000000
45925  -35.686  -26.258  41.983 0.0000000000
45968  -26.346  -26.744  38.076 0.0000000000
46959  -37.202  -25.705  40.340 0.0000000000
46970  -37.328  -26.002  39.532 0.0000000000
46976  -26.983  -26.428  37.770 0.0000000000
47863  -36.854  -25.574  39.211 0.0000000000
47874  -36.254  -25.710  37.651 0.0000000000
50763  -29.816  -22.905  31.696 0.0000000000
59307  -40.087  -13.499  28.799 0.0000000000
61928  -40.858  -9.586  26.803 0.0000000000
62777  -43.366  -8.489  27.121 0.0000000000
62778  -44.195  -8.098  27.194 0.0000000000
62789  -43.712  -8.103  26.655 0.0000000000
62800  -40.835  -8.252  25.775 0.0000000000
64537  -45.095  -7.311  26.667 0.0000000000
64559  -43.364  -6.901  25.444 0.0000000000
69018  -48.506  -1.794  19.376 0.0000000000
112667  -39.208  -15.099  28.732 0.0000000000
113496  -32.957  -26.025  43.375 0.0000000000
116976  -36.908  -25.464  41.100 0.0000000000
121173  -25.415  -27.827  36.451 0.0000000000
127373  -36.774  -25.957  41.521 0.0000000000
129347  -29.833  -20.800  30.940 0.0000000000
129987  -43.864  -8.217  26.960 0.0000000000
