#!ascii label  , from subject sub-v1s13x0050005_ses-1 vox2ras=TkReg
1339
51833  -41.636  -22.017  27.506 0.0000000000
64587  -51.050  -6.933  21.322 0.0000000000
57631  -46.576  -15.188  23.472 0.0000000000
36347  -12.877  -37.720  45.673 0.0000000000
50735  -37.701  -22.600  33.567 0.0000000000
36341  -29.645  -37.673  46.379 0.0000000000
40748  -36.474  -32.165  46.158 0.0000000000
44838  -41.984  -27.963  41.045 0.0000000000
110469  -41.935  -23.827  38.919 0.0000000000
38074  -21.191  -35.596  41.963 0.0000000000
123488  -25.499  -36.752  47.110 0.0000000000
108649  -26.054  -35.940  41.253 0.0000000000
41939  -32.743  -32.091  41.135 0.0000000000
42914  -37.711  -30.531  41.053 0.0000000000
120741  -43.921  -22.563  33.916 0.0000000000
52792  -46.444  -20.212  30.783 0.0000000000
112551  -48.562  -10.526  23.360 0.0000000000
54926  -43.345  -18.498  24.552 0.0000000000
129627  -51.052  -10.044  17.206 0.0000000000
114670  -10.991  -41.781  48.014 0.0000000000
52701  -41.907  -21.594  37.112 0.0000000000
50788  -39.430  -22.882  30.535 0.0000000000
39824  -29.891  -33.576  41.081 0.0000000000
39788  -31.861  -33.505  46.472 0.0000000000
58423  -46.255  -14.755  29.626 0.0000000000
62914  -56.887  -8.958  12.309 0.0000000000
44882  -39.595  -28.716  38.459 0.0000000000
45986  -40.390  -27.179  37.583 0.0000000000
38093  -23.544  -35.671  41.412 0.0000000000
41963  -35.572  -31.378  38.980 0.0000000000
42948  -37.595  -30.182  38.474 0.0000000000
117942  -40.044  -29.476  40.860 0.0000000000
50791  -42.534  -22.619  30.621 0.0000000000
51795  -45.200  -21.254  31.792 0.0000000000
127604  -44.142  -21.175  28.984 0.0000000000
63695  -49.785  -8.549  22.597 0.0000000000
61939  -52.475  -10.135  25.324 0.0000000000
66316  -52.485  -5.586  20.123 0.0000000000
34624  -12.285  -39.332  43.235 0.0000000000
34581  -11.917  -40.001  46.792 0.0000000000
49712  -39.871  -23.293  36.170 0.0000000000
50656  -40.920  -22.241  38.003 0.0000000000
51727  -39.874  -21.641  34.820 0.0000000000
51742  -40.800  -22.128  34.123 0.0000000000
130521  -38.109  -21.856  32.537 0.0000000000
36339  -27.445  -37.909  46.615 0.0000000000
36303  -26.597  -38.278  49.355 0.0000000000
35504  -29.149  -38.309  49.478 0.0000000000
37119  -30.701  -36.575  49.657 0.0000000000
38942  -27.921  -34.364  38.320 0.0000000000
41956  -29.626  -32.180  38.588 0.0000000000
40803  -34.456  -32.804  43.573 0.0000000000
40801  -32.188  -32.571  43.331 0.0000000000
125675  -33.894  -32.811  46.589 0.0000000000
39776  -33.345  -33.340  48.819 0.0000000000
38057  -16.088  -36.216  43.811 0.0000000000
109519  -18.164  -35.559  46.352 0.0000000000
37983  -17.496  -35.590  48.730 0.0000000000
116950  -44.905  -16.890  23.507 0.0000000000
55841  -45.229  -17.427  27.376 0.0000000000
58445  -46.720  -15.097  27.005 0.0000000000
63815  -58.587  -7.681  10.215 0.0000000000
35496  -12.120  -38.238  48.784 0.0000000000
46931  -43.574  -26.038  43.490 0.0000000000
49651  -43.567  -23.609  42.073 0.0000000000
46972  -42.456  -26.068  39.676 0.0000000000
47887  -40.639  -25.037  36.299 0.0000000000
38045  -21.408  -35.635  44.362 0.0000000000
38013  -22.762  -35.964  46.416 0.0000000000
38047  -23.536  -35.842  44.659 0.0000000000
37170  -25.745  -36.326  44.561 0.0000000000
36370  -27.891  -37.304  43.905 0.0000000000
112754  -30.913  -31.586  38.872 0.0000000000
41984  -33.492  -31.892  38.769 0.0000000000
40839  -35.320  -31.983  41.168 0.0000000000
41876  -37.597  -31.703  43.744 0.0000000000
42896  -39.341  -30.222  43.271 0.0000000000
112316  -41.711  -28.674  43.358 0.0000000000
38089  -19.363  -35.757  41.410 0.0000000000
50675  -45.231  -22.106  37.077 0.0000000000
53814  -47.892  -19.166  37.624 0.0000000000
118193  -46.281  -20.636  35.017 0.0000000000
52770  -47.265  -20.132  33.018 0.0000000000
109312  -47.839  -12.928  23.328 0.0000000000
59341  -48.649  -13.716  26.538 0.0000000000
60180  -50.756  -12.292  25.927 0.0000000000
27533  -7.620  -46.499  51.120 0.0000000000
52852  -42.023  -20.211  25.821 0.0000000000
121622  -42.262  -16.962  23.108 0.0000000000
60199  -44.023  -12.896  22.618 0.0000000000
61086  -45.316  -11.523  21.848 0.0000000000
61975  -47.309  -10.653  21.038 0.0000000000
61106  -49.454  -10.910  20.246 0.0000000000
62845  -51.718  -9.688  20.169 0.0000000000
123980  -48.665  -10.531  17.688 0.0000000000
33609  -11.012  -40.047  50.068 0.0000000000
32759  -9.710  -41.585  51.287 0.0000000000
30216  -8.134  -44.233  51.495 0.0000000000
113462  -46.361  -19.382  41.994 0.0000000000
50621  -42.872  -22.137  41.736 0.0000000000
110169  -43.423  -21.335  40.074 0.0000000000
51689  -44.930  -22.032  38.957 0.0000000000
50686  -42.876  -22.364  36.031 0.0000000000
50749  -41.917  -22.557  32.161 0.0000000000
50809  -40.734  -23.039  29.533 0.0000000000
37118  -24.856  -37.434  48.867 0.0000000000
38098  -28.511  -35.856  41.276 0.0000000000
37189  -30.022  -36.259  43.751 0.0000000000
40836  -31.103  -32.513  41.572 0.0000000000
39805  -30.995  -33.597  44.004 0.0000000000
38033  -30.930  -35.644  45.915 0.0000000000
38865  -31.775  -34.596  48.499 0.0000000000
36368  -13.153  -37.930  43.783 0.0000000000
37182  -14.866  -37.111  43.217 0.0000000000
37149  -14.219  -36.075  46.191 0.0000000000
53916  -44.627  -19.260  28.304 0.0000000000
125693  -46.092  -17.284  29.723 0.0000000000
57553  -47.588  -15.912  32.065 0.0000000000
60134  -47.038  -12.748  29.274 0.0000000000
63730  -53.359  -8.202  19.100 0.0000000000
126869  -54.995  -7.741  17.367 0.0000000000
64626  -56.254  -6.790  15.738 0.0000000000
62906  -55.450  -9.194  13.711 0.0000000000
64650  -57.230  -6.265  14.423 0.0000000000
43910  -39.081  -29.034  37.887 0.0000000000
44899  -39.432  -28.445  37.552 0.0000000000
43933  -38.322  -29.178  35.993 0.0000000000
42958  -36.625  -30.757  37.647 0.0000000000
42960  -37.908  -30.014  37.950 0.0000000000
43897  -38.938  -29.369  38.511 0.0000000000
50828  -42.213  -22.489  28.971 0.0000000000
51812  -43.561  -21.932  29.550 0.0000000000
51821  -42.664  -21.945  28.460 0.0000000000
63707  -50.146  -8.150  21.668 0.0000000000
63697  -50.989  -7.914  23.555 0.0000000000
64570  -51.429  -7.035  23.344 0.0000000000
65445  -51.931  -5.846  22.127 0.0000000000
65464  -51.518  -6.497  20.944 0.0000000000
35533  -12.693  -38.534  45.199 0.0000000000
128876  -12.238  -39.817  45.250 0.0000000000
34582  -12.278  -39.243  46.537 0.0000000000
49730  -38.894  -23.118  34.940 0.0000000000
50684  -39.591  -22.515  35.999 0.0000000000
51741  -38.632  -22.000  34.362 0.0000000000
51758  -39.026  -21.813  33.864 0.0000000000
120212  -37.448  -22.128  33.140 0.0000000000
38001  -20.799  -35.829  47.838 0.0000000000
36340  -28.956  -37.999  46.304 0.0000000000
36327  -28.350  -38.213  47.200 0.0000000000
36328  -29.444  -37.902  47.332 0.0000000000
36304  -29.760  -37.883  49.845 0.0000000000
36329  -30.164  -37.424  47.991 0.0000000000
111149  -35.722  -32.948  44.884 0.0000000000
108417  -34.873  -32.969  45.404 0.0000000000
40747  -35.827  -32.342  46.877 0.0000000000
40730  -34.886  -32.275  48.170 0.0000000000
108576  -19.991  -35.643  44.944 0.0000000000
109518  -19.025  -35.629  46.358 0.0000000000
115638  -18.949  -35.657  47.848 0.0000000000
53774  -48.339  -18.792  41.233 0.0000000000
56806  -46.166  -16.003  23.691 0.0000000000
56773  -46.300  -16.632  25.691 0.0000000000
57609  -47.460  -15.474  24.952 0.0000000000
46940  -42.850  -27.519  42.433 0.0000000000
46951  -43.407  -26.248  41.691 0.0000000000
46960  -42.179  -26.891  39.926 0.0000000000
46992  -40.703  -26.313  37.292 0.0000000000
47010  -40.130  -25.596  35.841 0.0000000000
48821  -39.721  -24.395  35.221 0.0000000000
108569  -21.070  -35.607  43.550 0.0000000000
127334  -22.144  -35.666  44.477 0.0000000000
109538  -22.514  -35.648  42.732 0.0000000000
38094  -24.564  -35.734  41.323 0.0000000000
38061  -25.171  -35.981  43.340 0.0000000000
38062  -25.893  -36.086  42.721 0.0000000000
37172  -27.220  -37.107  44.348 0.0000000000
37200  -27.263  -36.731  42.623 0.0000000000
42002  -32.348  -31.877  37.382 0.0000000000
41965  -36.528  -30.981  39.775 0.0000000000
41941  -35.557  -31.732  40.400 0.0000000000
41917  -36.544  -31.390  41.142 0.0000000000
41893  -36.617  -31.914  42.418 0.0000000000
41894  -37.340  -31.397  42.218 0.0000000000
41877  -38.148  -31.034  43.302 0.0000000000
42903  -38.667  -30.417  42.159 0.0000000000
43876  -40.643  -28.950  40.720 0.0000000000
43860  -40.787  -29.365  42.255 0.0000000000
44839  -42.189  -28.186  41.938 0.0000000000
118487  -42.786  -27.709  43.229 0.0000000000
116566  -20.287  -35.648  41.744 0.0000000000
51730  -44.892  -22.021  35.364 0.0000000000
111586  -45.675  -21.230  36.113 0.0000000000
51745  -45.024  -21.727  34.661 0.0000000000
113757  -45.886  -20.703  31.301 0.0000000000
52769  -46.214  -20.697  33.141 0.0000000000
53884  -47.231  -19.930  32.094 0.0000000000
53885  -47.896  -19.514  32.454 0.0000000000
54855  -47.460  -19.060  30.800 0.0000000000
60205  -48.973  -12.119  23.579 0.0000000000
60185  -49.970  -12.852  24.805 0.0000000000
61052  -50.066  -11.775  24.003 0.0000000000
62790  -52.919  -9.305  25.753 0.0000000000
61074  -45.146  -11.845  22.481 0.0000000000
61083  -44.027  -12.396  21.266 0.0000000000
61102  -46.012  -11.709  20.477 0.0000000000
61119  -47.472  -11.494  19.618 0.0000000000
61976  -48.190  -10.426  20.841 0.0000000000
61120  -48.332  -11.320  19.630 0.0000000000
61132  -49.608  -11.232  18.926 0.0000000000
31963  -11.197  -41.889  46.165 0.0000000000
31949  -10.535  -42.599  48.087 0.0000000000
36280  -11.532  -37.830  51.352 0.0000000000
35495  -11.799  -38.897  49.209 0.0000000000
35453  -11.165  -38.493  51.301 0.0000000000
32748  -9.638  -40.781  52.774 0.0000000000
31933  -9.146  -42.150  52.531 0.0000000000
31938  -8.598  -43.062  51.569 0.0000000000
31106  -8.837  -43.288  52.394 0.0000000000
30208  -8.411  -44.211  52.083 0.0000000000
48751  -43.185  -24.255  40.663 0.0000000000
121178  -43.114  -22.685  41.917 0.0000000000
49665  -42.364  -22.672  40.427 0.0000000000
52700  -41.503  -21.619  37.575 0.0000000000
52671  -42.040  -21.548  39.237 0.0000000000
120436  -42.303  -21.479  38.676 0.0000000000
52673  -43.471  -21.466  39.384 0.0000000000
51705  -42.541  -21.717  37.481 0.0000000000
50673  -43.996  -22.341  37.205 0.0000000000
51717  -42.198  -21.857  36.483 0.0000000000
51791  -39.274  -22.156  32.051 0.0000000000
119340  -41.015  -22.347  33.567 0.0000000000
50769  -40.747  -22.718  31.263 0.0000000000
50790  -41.203  -22.880  30.407 0.0000000000
113692  -39.919  -23.186  29.886 0.0000000000
38015  -24.319  -36.225  46.855 0.0000000000
37140  -23.803  -36.350  47.630 0.0000000000
37142  -25.150  -36.770  47.697 0.0000000000
38921  -28.958  -34.110  39.881 0.0000000000
38153  -28.300  -34.939  39.684 0.0000000000
38912  -28.941  -35.150  40.897 0.0000000000
38079  -28.823  -36.146  42.007 0.0000000000
38905  -29.847  -34.639  42.053 0.0000000000
111119  -31.829  -31.789  39.946 0.0000000000
41936  -30.530  -32.093  40.278 0.0000000000
41913  -31.189  -32.160  41.366 0.0000000000
40764  -32.100  -32.974  44.931 0.0000000000
40782  -31.467  -33.039  43.781 0.0000000000
39806  -31.584  -33.213  44.541 0.0000000000
38891  -30.840  -34.590  44.523 0.0000000000
38885  -31.402  -33.944  45.994 0.0000000000
38877  -31.294  -34.774  47.436 0.0000000000
39782  -32.018  -33.699  47.376 0.0000000000
43828  -39.093  -29.372  45.976 0.0000000000
37183  -15.602  -36.783  43.207 0.0000000000
125208  -15.046  -36.106  44.798 0.0000000000
115756  -14.509  -36.387  44.782 0.0000000000
37964  -17.480  -35.596  50.010 0.0000000000
53948  -43.118  -19.324  25.789 0.0000000000
53927  -43.444  -19.813  27.396 0.0000000000
54900  -43.741  -18.947  26.235 0.0000000000
57566  -45.647  -16.167  28.602 0.0000000000
55831  -45.472  -17.093  28.628 0.0000000000
118120  -45.868  -16.071  29.419 0.0000000000
56727  -47.025  -17.010  30.677 0.0000000000
123089  -47.058  -15.675  31.296 0.0000000000
60151  -48.944  -11.892  28.062 0.0000000000
60166  -47.923  -12.817  27.925 0.0000000000
61006  -48.424  -11.481  28.978 0.0000000000
62004  -51.373  -10.917  19.011 0.0000000000
121697  -52.482  -9.131  19.792 0.0000000000
62854  -52.914  -10.183  18.350 0.0000000000
123464  -54.127  -9.401  17.387 0.0000000000
62883  -54.838  -9.134  16.170 0.0000000000
63744  -55.450  -7.863  16.811 0.0000000000
62884  -55.572  -8.887  15.668 0.0000000000
123939  -55.736  -9.229  12.075 0.0000000000
63782  -54.412  -8.898  12.675 0.0000000000
108086  -56.075  -9.154  13.038 0.0000000000
63773  -56.722  -8.055  14.481 0.0000000000
128106  -57.475  -7.116  13.439 0.0000000000
64680  -58.183  -6.857  11.992 0.0000000000
65560  -59.760  -6.061  10.977 0.0000000000
126149  -40.574  -28.209  39.394 0.0000000000
115239  -40.860  -27.655  39.113 0.0000000000
44900  -40.011  -27.957  37.965 0.0000000000
45998  -39.623  -27.352  36.315 0.0000000000
130083  -22.567  -35.644  42.112 0.0000000000
42006  -35.865  -31.161  37.498 0.0000000000
42937  -36.665  -30.687  39.072 0.0000000000
42926  -37.754  -30.274  40.207 0.0000000000
42928  -38.495  -30.037  40.770 0.0000000000
42927  -38.367  -29.886  39.927 0.0000000000
43886  -39.977  -29.219  40.071 0.0000000000
50751  -43.421  -22.518  32.420 0.0000000000
51781  -44.742  -21.660  32.587 0.0000000000
50772  -43.980  -22.197  31.268 0.0000000000
51804  -44.722  -21.354  30.095 0.0000000000
52791  -45.376  -20.711  29.914 0.0000000000
62807  -48.498  -9.710  22.961 0.0000000000
61937  -50.999  -10.710  24.141 0.0000000000
61950  -51.031  -9.745  24.021 0.0000000000
62802  -52.497  -9.276  24.842 0.0000000000
66317  -53.131  -4.998  19.639 0.0000000000
33678  -11.930  -40.464  45.256 0.0000000000
32803  -11.434  -41.136  47.415 0.0000000000
49700  -41.193  -23.692  37.649 0.0000000000
49690  -41.478  -22.995  39.017 0.0000000000
49699  -40.629  -22.821  37.514 0.0000000000
51704  -40.235  -21.878  36.703 0.0000000000
52716  -40.595  -21.628  36.422 0.0000000000
52748  -40.914  -21.682  35.226 0.0000000000
52746  -40.052  -21.784  34.255 0.0000000000
115136  -39.223  -21.877  33.126 0.0000000000
51790  -38.401  -22.019  31.969 0.0000000000
37152  -26.068  -36.935  46.734 0.0000000000
37132  -25.864  -37.148  47.708 0.0000000000
36326  -27.331  -37.967  47.630 0.0000000000
130094  -27.898  -38.688  49.953 0.0000000000
36292  -30.590  -37.453  50.451 0.0000000000
39845  -28.732  -33.364  38.569 0.0000000000
39839  -29.469  -33.152  39.847 0.0000000000
40821  -33.267  -32.349  42.412 0.0000000000
41874  -32.682  -32.383  42.825 0.0000000000
109047  -33.781  -32.844  44.072 0.0000000000
40785  -33.136  -32.836  44.631 0.0000000000
113536  -33.149  -32.877  46.126 0.0000000000
39783  -32.602  -33.380  47.562 0.0000000000
40729  -33.463  -32.976  47.676 0.0000000000
108848  -17.901  -35.975  42.932 0.0000000000
38058  -17.587  -35.882  43.585 0.0000000000
109520  -16.895  -35.550  45.856 0.0000000000
115071  -17.072  -35.469  47.719 0.0000000000
115070  -18.023  -35.582  47.817 0.0000000000
55878  -44.404  -17.851  24.432 0.0000000000
55850  -44.818  -18.008  26.106 0.0000000000
55863  -45.279  -17.591  25.547 0.0000000000
57592  -45.897  -16.130  27.110 0.0000000000
108883  -46.091  -14.639  28.732 0.0000000000
63753  -49.895  -8.683  15.840 0.0000000000
119982  -51.785  -9.987  17.182 0.0000000000
62888  -50.620  -8.573  15.554 0.0000000000
62924  -56.469  -9.162  11.379 0.0000000000
62915  -57.739  -8.156  11.811 0.0000000000
62937  -57.060  -9.042  10.728 0.0000000000
63824  -57.351  -8.736  9.220 0.0000000000
37138  -12.925  -36.908  47.008 0.0000000000
36324  -12.628  -37.641  47.466 0.0000000000
48704  -43.620  -24.281  43.841 0.0000000000
47823  -43.848  -24.955  43.211 0.0000000000
47849  -43.377  -25.060  40.723 0.0000000000
48764  -42.119  -24.732  38.896 0.0000000000
46971  -41.816  -26.495  39.245 0.0000000000
47864  -41.751  -25.234  38.291 0.0000000000
48780  -41.724  -24.295  38.245 0.0000000000
48809  -40.462  -24.161  36.225 0.0000000000
48832  -39.169  -23.891  34.796 0.0000000000
108575  -20.858  -35.640  45.019 0.0000000000
38028  -21.655  -35.777  46.164 0.0000000000
108574  -21.752  -35.678  45.212 0.0000000000
38030  -23.345  -35.902  45.696 0.0000000000
38031  -24.387  -36.025  45.271 0.0000000000
109537  -23.377  -35.736  42.894 0.0000000000
38048  -24.456  -35.974  44.121 0.0000000000
38032  -25.409  -36.309  45.433 0.0000000000
37161  -26.872  -37.087  45.174 0.0000000000
36361  -27.709  -37.593  44.781 0.0000000000
36363  -29.128  -37.494  44.761 0.0000000000
41982  -31.809  -31.799  38.962 0.0000000000
128644  -33.188  -32.118  40.443 0.0000000000
129766  -34.163  -31.774  38.469 0.0000000000
40862  -34.255  -32.038  39.960 0.0000000000
40838  -34.422  -32.283  41.377 0.0000000000
40823  -35.092  -32.337  42.009 0.0000000000
40805  -36.150  -32.690  43.564 0.0000000000
126818  -37.102  -31.913  45.461 0.0000000000
42872  -37.640  -30.740  46.422 0.0000000000
42878  -38.172  -30.762  45.456 0.0000000000
117219  -38.804  -30.440  44.804 0.0000000000
112491  -39.767  -29.121  45.363 0.0000000000
43859  -39.990  -29.862  42.734 0.0000000000
111351  -40.425  -29.413  43.964 0.0000000000
44787  -41.094  -28.114  45.270 0.0000000000
45899  -41.930  -27.739  44.857 0.0000000000
109651  -18.795  -35.810  42.890 0.0000000000
51691  -46.287  -20.813  38.391 0.0000000000
52703  -46.482  -20.392  37.498 0.0000000000
52718  -46.758  -20.044  36.759 0.0000000000
52733  -47.429  -20.064  35.570 0.0000000000
51764  -45.632  -21.101  33.627 0.0000000000
52749  -46.873  -20.378  34.414 0.0000000000
58493  -47.031  -14.292  23.348 0.0000000000
58472  -47.895  -14.825  24.586 0.0000000000
59352  -48.888  -13.842  24.623 0.0000000000
60179  -49.896  -12.768  26.333 0.0000000000
61029  -49.858  -11.664  27.754 0.0000000000
61047  -51.721  -11.325  25.520 0.0000000000
61031  -51.372  -11.189  27.049 0.0000000000
51859  -40.183  -21.527  25.583 0.0000000000
51846  -41.755  -21.305  26.902 0.0000000000
52851  -41.321  -20.523  25.532 0.0000000000
53946  -41.675  -19.862  25.095 0.0000000000
54925  -42.583  -18.656  24.287 0.0000000000
54942  -43.073  -18.105  23.872 0.0000000000
119722  -44.073  -16.939  23.212 0.0000000000
121883  -44.520  -16.210  23.103 0.0000000000
57629  -44.893  -15.408  23.073 0.0000000000
59364  -45.382  -13.554  23.074 0.0000000000
60201  -45.592  -12.651  23.046 0.0000000000
61064  -46.702  -11.555  23.143 0.0000000000
61076  -46.904  -10.700  22.866 0.0000000000
61101  -45.088  -11.957  20.702 0.0000000000
61962  -46.066  -10.967  21.954 0.0000000000
61956  -47.266  -10.207  22.393 0.0000000000
62826  -48.460  -9.665  21.550 0.0000000000
63714  -49.506  -9.151  21.298 0.0000000000
63724  -50.265  -8.709  20.958 0.0000000000
63725  -51.044  -8.489  20.654 0.0000000000
61979  -50.843  -10.230  20.427 0.0000000000
61133  -50.457  -11.126  18.988 0.0000000000
62016  -49.470  -10.476  17.649 0.0000000000
62877  -48.812  -9.431  16.644 0.0000000000
35510  -11.949  -38.936  48.412 0.0000000000
33638  -11.615  -39.813  48.670 0.0000000000
32772  -10.841  -41.428  49.092 0.0000000000
33598  -10.267  -39.817  51.857 0.0000000000
32760  -10.258  -41.203  50.683 0.0000000000
31944  -10.267  -42.103  49.528 0.0000000000
31943  -9.592  -42.663  50.127 0.0000000000
31125  -8.383  -43.895  50.443 0.0000000000
30232  -8.032  -44.631  50.116 0.0000000000
30215  -7.900  -45.013  51.189 0.0000000000
52662  -46.752  -19.408  41.251 0.0000000000
51649  -43.542  -21.426  42.137 0.0000000000
51657  -42.083  -22.046  40.167 0.0000000000
129803  -43.024  -21.508  40.870 0.0000000000
110652  -44.886  -20.304  41.527 0.0000000000
51659  -44.977  -20.724  40.811 0.0000000000
51671  -46.020  -20.998  39.450 0.0000000000
50660  -45.187  -22.132  37.967 0.0000000000
50688  -44.583  -22.368  36.662 0.0000000000
50720  -43.392  -22.658  34.588 0.0000000000
51744  -41.935  -22.184  34.774 0.0000000000
51762  -42.169  -22.485  33.783 0.0000000000
50736  -42.780  -22.698  33.039 0.0000000000
50771  -42.580  -22.622  31.487 0.0000000000
50810  -41.674  -22.806  29.613 0.0000000000
50842  -41.171  -22.554  27.868 0.0000000000
49767  -36.281  -22.781  32.171 0.0000000000
51774  -37.038  -21.985  32.096 0.0000000000
50786  -37.538  -22.619  30.674 0.0000000000
50808  -38.059  -23.015  29.840 0.0000000000
49802  -38.493  -23.447  29.052 0.0000000000
49822  -38.822  -23.544  28.271 0.0000000000
50840  -39.507  -23.083  27.171 0.0000000000
50855  -40.050  -22.503  26.681 0.0000000000
111161  -25.841  -38.169  49.248 0.0000000000
38125  -26.349  -35.899  40.519 0.0000000000
38126  -27.186  -35.902  40.407 0.0000000000
117028  -26.845  -36.146  41.245 0.0000000000
37201  -28.164  -36.706  42.427 0.0000000000
37188  -29.325  -36.754  43.477 0.0000000000
37162  -29.920  -37.102  45.048 0.0000000000
117082  -30.095  -31.908  39.106 0.0000000000
40848  -30.499  -32.374  40.507 0.0000000000
40835  -30.518  -32.834  41.118 0.0000000000
40820  -31.673  -32.646  42.669 0.0000000000
40818  -30.872  -33.122  42.499 0.0000000000
39818  -30.352  -33.811  42.360 0.0000000000
38898  -30.583  -34.566  43.635 0.0000000000
38050  -30.818  -35.594  44.957 0.0000000000
37153  -30.665  -36.562  46.419 0.0000000000
37143  -30.691  -36.561  47.622 0.0000000000
37969  -31.067  -35.772  49.431 0.0000000000
35563  -12.733  -38.581  43.040 0.0000000000
36359  -13.005  -37.797  44.748 0.0000000000
37197  -15.292  -37.139  42.363 0.0000000000
37195  -14.051  -37.521  42.021 0.0000000000
36369  -13.710  -37.539  43.443 0.0000000000
36360  -13.578  -37.287  44.395 0.0000000000
36337  -13.126  -37.005  46.147 0.0000000000
38009  -13.888  -35.984  47.158 0.0000000000
37982  -16.528  -35.471  48.456 0.0000000000
52826  -43.149  -20.506  27.654 0.0000000000
108015  -44.220  -19.937  28.269 0.0000000000
125841  -45.090  -19.499  28.840 0.0000000000
54890  -44.846  -18.088  27.500 0.0000000000
54866  -45.648  -18.385  29.245 0.0000000000
54867  -46.259  -18.971  29.726 0.0000000000
55816  -47.376  -17.905  30.633 0.0000000000
58463  -47.537  -14.744  26.587 0.0000000000
58436  -46.520  -13.874  28.407 0.0000000000
59298  -46.639  -13.436  29.279 0.0000000000
64605  -51.985  -7.328  19.981 0.0000000000
64606  -52.842  -7.113  19.363 0.0000000000
65479  -53.501  -6.520  18.773 0.0000000000
62855  -53.633  -9.733  18.000 0.0000000000
63737  -53.961  -8.164  18.500 0.0000000000
65486  -54.191  -6.038  18.047 0.0000000000
65487  -54.953  -6.052  17.359 0.0000000000
65494  -56.188  -5.886  16.149 0.0000000000
62898  -54.810  -9.272  14.406 0.0000000000
63772  -56.085  -8.738  14.925 0.0000000000
64638  -56.724  -6.462  15.043 0.0000000000
64681  -58.831  -6.236  11.429 0.0000000000
43919  -38.274  -29.508  36.767 0.0000000000
44916  -38.689  -28.883  36.513 0.0000000000
43908  -37.808  -30.028  37.275 0.0000000000
43909  -38.462  -29.551  37.731 0.0000000000
51820  -41.928  -22.299  28.186 0.0000000000
51834  -42.255  -21.639  27.720 0.0000000000
64586  -50.625  -7.705  21.187 0.0000000000
64577  -50.571  -7.382  21.816 0.0000000000
64578  -51.177  -6.636  22.235 0.0000000000
64597  -51.154  -7.223  20.864 0.0000000000
34596  -12.403  -39.224  45.655 0.0000000000
35524  -12.581  -38.478  46.117 0.0000000000
49746  -38.108  -23.102  34.005 0.0000000000
50718  -38.571  -22.591  34.562 0.0000000000
50717  -38.165  -22.451  34.103 0.0000000000
51757  -38.121  -22.017  33.754 0.0000000000
38012  -21.217  -35.850  46.985 0.0000000000
36342  -30.207  -37.343  46.891 0.0000000000
40767  -35.741  -32.727  45.848 0.0000000000
41826  -36.460  -31.601  47.161 0.0000000000
115068  -20.326  -35.777  47.060 0.0000000000
57616  -46.850  -15.771  24.252 0.0000000000
45937  -42.628  -27.490  41.493 0.0000000000
45949  -42.450  -27.248  40.669 0.0000000000
47020  -39.242  -26.535  34.896 0.0000000000
47001  -39.917  -26.476  36.072 0.0000000000
109539  -21.581  -35.584  42.788 0.0000000000
38075  -22.038  -35.570  42.071 0.0000000000
38095  -25.392  -35.851  41.511 0.0000000000
38078  -25.027  -35.861  42.316 0.0000000000
38096  -25.901  -35.963  41.938 0.0000000000
37199  -26.551  -36.510  42.913 0.0000000000
37217  -26.612  -36.313  42.113 0.0000000000
41943  -37.010  -30.846  40.533 0.0000000000
41942  -36.266  -31.359  40.425 0.0000000000
41918  -37.181  -31.084  41.407 0.0000000000
41919  -37.721  -30.859  41.722 0.0000000000
41895  -38.075  -30.855  42.395 0.0000000000
42915  -38.273  -30.444  41.606 0.0000000000
44854  -41.266  -28.299  40.545 0.0000000000
44837  -41.338  -28.735  41.466 0.0000000000
109515  -20.579  -35.630  42.721 0.0000000000
50721  -44.300  -22.428  34.822 0.0000000000
121924  -44.603  -21.977  33.999 0.0000000000
122795  -45.830  -20.565  30.514 0.0000000000
52781  -46.569  -20.316  31.706 0.0000000000
53893  -47.107  -19.763  31.201 0.0000000000
53902  -46.803  -19.481  30.369 0.0000000000
61066  -48.281  -11.397  23.418 0.0000000000
61067  -49.294  -11.351  23.610 0.0000000000
62779  -53.081  -9.190  26.642 0.0000000000
61130  -47.922  -11.424  18.915 0.0000000000
32802  -11.151  -41.837  47.003 0.0000000000
31955  -10.805  -42.356  47.374 0.0000000000
31135  -10.448  -42.975  47.259 0.0000000000
35442  -11.022  -37.971  52.414 0.0000000000
31094  -9.332  -43.264  53.094 0.0000000000
49666  -42.735  -23.733  40.194 0.0000000000
49679  -42.099  -23.280  39.608 0.0000000000
52686  -41.729  -21.571  38.378 0.0000000000
52687  -42.170  -21.542  37.948 0.0000000000
51687  -42.876  -21.521  38.470 0.0000000000
51716  -41.645  -21.661  36.428 0.0000000000
50767  -38.890  -22.461  31.280 0.0000000000
51792  -40.212  -22.334  32.107 0.0000000000
50768  -39.812  -22.602  31.285 0.0000000000
50789  -40.318  -22.948  30.504 0.0000000000
37150  -24.986  -36.470  46.968 0.0000000000
37141  -24.582  -36.499  47.508 0.0000000000
38922  -29.287  -34.334  40.630 0.0000000000
122237  -28.731  -34.878  40.276 0.0000000000
38913  -29.577  -34.530  41.317 0.0000000000
38099  -29.269  -35.386  41.628 0.0000000000
41938  -31.800  -31.906  40.918 0.0000000000
41914  -31.854  -32.124  41.750 0.0000000000
39798  -32.324  -33.056  46.013 0.0000000000
39797  -31.753  -33.363  45.500 0.0000000000
38878  -31.535  -34.071  46.962 0.0000000000
44785  -39.520  -28.645  46.325 0.0000000000
37996  -15.613  -35.438  46.847 0.0000000000
54910  -42.866  -19.031  25.003 0.0000000000
54911  -43.568  -18.773  25.345 0.0000000000
56737  -45.905  -15.383  29.090 0.0000000000
57558  -46.228  -15.624  29.928 0.0000000000
114168  -46.745  -16.067  30.662 0.0000000000
57559  -46.597  -15.020  30.677 0.0000000000
61017  -49.375  -11.167  28.554 0.0000000000
62018  -51.455  -10.528  17.937 0.0000000000
62005  -52.201  -10.541  18.654 0.0000000000
111262  -54.100  -9.377  15.832 0.0000000000
120830  -55.386  -8.588  16.398 0.0000000000
62892  -54.762  -9.310  15.318 0.0000000000
63794  -56.803  -8.725  13.192 0.0000000000
63795  -57.504  -7.823  12.791 0.0000000000
44866  -40.070  -28.714  39.304 0.0000000000
44883  -40.284  -28.145  38.749 0.0000000000
44917  -39.209  -28.250  36.626 0.0000000000
44930  -39.111  -27.763  35.728 0.0000000000
42947  -36.939  -30.544  38.389 0.0000000000
119877  -37.224  -30.343  38.973 0.0000000000
42938  -37.164  -30.502  39.646 0.0000000000
42939  -37.851  -30.058  39.285 0.0000000000
43885  -39.408  -29.233  39.271 0.0000000000
117788  -43.327  -22.474  31.706 0.0000000000
129392  -43.902  -22.296  31.938 0.0000000000
50792  -43.295  -22.419  30.893 0.0000000000
51813  -44.128  -21.500  29.479 0.0000000000
51803  -43.967  -21.987  30.316 0.0000000000
52800  -44.694  -20.860  29.243 0.0000000000
62819  -49.062  -9.134  22.359 0.0000000000
62808  -49.384  -9.291  23.237 0.0000000000
62809  -50.206  -9.044  23.609 0.0000000000
63688  -52.651  -8.158  24.756 0.0000000000
63676  -53.131  -8.340  25.579 0.0000000000
66310  -52.909  -4.806  20.559 0.0000000000
34595  -12.117  -39.899  45.956 0.0000000000
122035  -11.805  -40.630  46.134 0.0000000000
33664  -11.702  -40.675  46.900 0.0000000000
49713  -40.528  -23.452  36.880 0.0000000000
50685  -40.065  -22.723  36.788 0.0000000000
50683  -39.327  -22.052  35.432 0.0000000000
50671  -39.940  -22.246  36.575 0.0000000000
51715  -39.832  -21.853  36.028 0.0000000000
52715  -40.143  -21.674  35.805 0.0000000000
52729  -40.346  -21.637  34.976 0.0000000000
121461  -38.190  -21.827  33.086 0.0000000000
51776  -38.759  -21.902  32.675 0.0000000000
36349  -26.759  -37.379  46.161 0.0000000000
36338  -26.634  -37.537  47.122 0.0000000000
36316  -28.886  -38.268  48.348 0.0000000000
35518  -27.950  -38.330  48.395 0.0000000000
35503  -28.374  -38.477  49.344 0.0000000000
36318  -30.216  -37.390  49.186 0.0000000000
36305  -30.372  -37.327  50.202 0.0000000000
40873  -29.211  -32.553  38.462 0.0000000000
40860  -29.456  -32.711  39.088 0.0000000000
40802  -33.551  -32.563  43.148 0.0000000000
40766  -33.989  -32.884  45.829 0.0000000000
108909  -33.970  -32.988  44.943 0.0000000000
40765  -33.346  -32.907  45.363 0.0000000000
40745  -33.464  -32.865  46.949 0.0000000000
108572  -18.292  -35.797  43.595 0.0000000000
38025  -18.619  -35.599  45.660 0.0000000000
126031  -17.421  -35.519  46.336 0.0000000000
37998  -17.646  -35.491  47.004 0.0000000000
38000  -19.875  -35.731  47.884 0.0000000000
55879  -45.077  -17.456  24.407 0.0000000000
56787  -45.827  -17.095  25.004 0.0000000000
57593  -46.478  -15.980  26.509 0.0000000000
56759  -46.008  -16.542  26.547 0.0000000000
57579  -46.100  -15.531  27.441 0.0000000000
113566  -46.283  -14.735  27.869 0.0000000000
62879  -50.550  -9.113  16.192 0.0000000000
62923  -55.586  -9.090  11.012 0.0000000000
62936  -56.376  -9.158  10.641 0.0000000000
62935  -55.974  -9.078  10.113 0.0000000000
37126  -12.838  -36.887  47.898 0.0000000000
36281  -11.980  -37.093  51.391 0.0000000000
46919  -43.177  -25.848  44.539 0.0000000000
47812  -43.491  -25.045  44.179 0.0000000000
46962  -43.276  -25.941  40.891 0.0000000000
47848  -43.000  -25.595  40.158 0.0000000000
48750  -42.979  -24.691  40.070 0.0000000000
48765  -42.590  -25.182  39.501 0.0000000000
45973  -40.604  -27.440  38.359 0.0000000000
45974  -41.207  -26.953  38.797 0.0000000000
46982  -40.924  -26.632  38.053 0.0000000000
47876  -40.902  -25.372  37.062 0.0000000000
47877  -41.236  -25.756  37.770 0.0000000000
48794  -41.409  -24.782  37.578 0.0000000000
48793  -40.924  -24.385  36.914 0.0000000000
38046  -22.805  -35.726  44.157 0.0000000000
108573  -22.669  -35.736  44.998 0.0000000000
110710  -24.090  -36.035  46.130 0.0000000000
38076  -23.096  -35.716  42.143 0.0000000000
38060  -24.263  -35.818  43.105 0.0000000000
124020  -25.285  -36.147  44.074 0.0000000000
38049  -25.051  -36.152  44.691 0.0000000000
107975  -26.146  -36.727  45.833 0.0000000000
37160  -26.157  -36.563  45.087 0.0000000000
36351  -28.464  -37.834  45.366 0.0000000000
36362  -28.378  -37.563  44.543 0.0000000000
41983  -32.668  -31.906  38.192 0.0000000000
115060  -31.592  -31.789  37.958 0.0000000000
109462  -32.656  -31.921  39.308 0.0000000000
41961  -33.471  -32.043  39.796 0.0000000000
41986  -35.358  -31.392  38.140 0.0000000000
41985  -34.552  -31.624  37.911 0.0000000000
113385  -34.831  -31.633  38.719 0.0000000000
41940  -35.036  -31.770  39.630 0.0000000000
40850  -34.731  -32.044  40.531 0.0000000000
40849  -33.770  -32.211  40.678 0.0000000000
41875  -37.156  -31.907  43.001 0.0000000000
125321  -36.553  -32.318  43.072 0.0000000000
40806  -36.868  -32.352  43.700 0.0000000000
40787  -36.379  -32.719  44.331 0.0000000000
40788  -37.080  -32.209  44.535 0.0000000000
41860  -37.756  -31.461  44.771 0.0000000000
42888  -38.726  -30.678  43.851 0.0000000000
42889  -39.377  -30.138  44.191 0.0000000000
42880  -39.297  -29.815  45.084 0.0000000000
43834  -39.910  -29.560  44.486 0.0000000000
43875  -39.369  -29.754  40.905 0.0000000000
42916  -38.977  -30.070  41.585 0.0000000000
113973  -39.880  -29.766  41.717 0.0000000000
43847  -41.163  -29.096  42.989 0.0000000000
111761  -40.568  -29.465  43.213 0.0000000000
43846  -41.006  -29.055  43.751 0.0000000000
43829  -40.557  -28.898  44.687 0.0000000000
44800  -41.498  -28.491  44.310 0.0000000000
45916  -43.236  -27.078  43.271 0.0000000000
45915  -42.891  -27.405  43.786 0.0000000000
46930  -43.168  -26.749  44.102 0.0000000000
120190  -18.923  -35.847  42.092 0.0000000000
38044  -20.529  -35.643  44.253 0.0000000000
51706  -45.775  -21.381  37.542 0.0000000000
52731  -46.069  -20.664  35.864 0.0000000000
128112  -46.417  -20.332  36.270 0.0000000000
52732  -46.714  -20.207  35.867 0.0000000000
52719  -47.313  -19.847  36.398 0.0000000000
122914  -46.939  -20.252  35.126 0.0000000000
51763  -44.967  -21.528  33.369 0.0000000000
51782  -45.450  -21.136  32.793 0.0000000000
128118  -46.722  -20.420  33.084 0.0000000000
52762  -46.812  -20.422  33.622 0.0000000000
52763  -47.413  -20.152  33.872 0.0000000000
52750  -47.468  -20.142  34.696 0.0000000000
53872  -47.981  -19.762  33.271 0.0000000000
53886  -48.615  -19.212  32.833 0.0000000000
58494  -47.815  -13.813  23.514 0.0000000000
58480  -48.288  -14.206  24.171 0.0000000000
119637  -48.590  -13.389  23.769 0.0000000000
117510  -50.250  -12.728  25.528 0.0000000000
119444  -49.819  -13.086  25.583 0.0000000000
60169  -50.336  -12.107  26.919 0.0000000000
61938  -51.841  -10.247  24.561 0.0000000000
61054  -51.501  -11.162  24.744 0.0000000000
114388  -52.034  -10.782  25.157 0.0000000000
61922  -52.002  -10.686  27.006 0.0000000000
29275  -7.477  -45.836  50.869 0.0000000000
28401  -6.926  -46.620  50.504 0.0000000000
53964  -41.235  -19.427  24.317 0.0000000000
53965  -42.087  -19.217  24.701 0.0000000000
54924  -41.792  -18.789  24.022 0.0000000000
55893  -41.829  -17.639  23.294 0.0000000000
55894  -42.722  -17.599  23.366 0.0000000000
55895  -43.568  -17.536  23.509 0.0000000000
56804  -43.189  -16.951  23.117 0.0000000000
116001  -43.622  -16.210  23.039 0.0000000000
121878  -43.987  -15.402  23.050 0.0000000000
58490  -44.292  -14.583  23.067 0.0000000000
59363  -44.407  -13.640  23.013 0.0000000000
59365  -46.259  -13.431  23.136 0.0000000000
60200  -44.823  -12.763  22.861 0.0000000000
61085  -44.900  -11.825  22.091 0.0000000000
61063  -45.741  -11.794  22.848 0.0000000000
115969  -45.565  -11.468  22.302 0.0000000000
61075  -46.202  -11.071  22.601 0.0000000000
61974  -46.460  -11.094  21.212 0.0000000000
61963  -47.009  -10.380  21.761 0.0000000000
62817  -47.787  -9.903  21.905 0.0000000000
61964  -47.860  -10.043  21.406 0.0000000000
61105  -48.723  -10.981  20.327 0.0000000000
62836  -48.572  -9.762  21.177 0.0000000000
62837  -49.228  -9.436  21.128 0.0000000000
125279  -49.781  -9.047  21.149 0.0000000000
62838  -49.929  -9.622  20.869 0.0000000000
61978  -50.068  -10.589  20.410 0.0000000000
62002  -49.142  -10.954  18.271 0.0000000000
62003  -49.986  -10.880  18.270 0.0000000000
126030  -10.040  -43.661  47.159 0.0000000000
117159  -12.281  -38.374  47.932 0.0000000000
34549  -11.442  -39.458  49.682 0.0000000000
128648  -11.335  -39.992  49.385 0.0000000000
32786  -11.329  -40.852  48.342 0.0000000000
33627  -11.192  -40.535  49.237 0.0000000000
34515  -10.202  -39.268  52.848 0.0000000000
32755  -9.940  -40.783  51.799 0.0000000000
32771  -10.452  -41.524  49.905 0.0000000000
31940  -9.935  -41.917  50.440 0.0000000000
31118  -8.225  -43.684  51.293 0.0000000000
31119  -8.813  -43.188  50.791 0.0000000000
30224  -7.928  -44.408  50.951 0.0000000000
30209  -9.127  -44.822  52.449 0.0000000000
52661  -45.729  -19.989  41.429 0.0000000000
49639  -43.840  -23.950  43.057 0.0000000000
49616  -43.524  -23.345  44.004 0.0000000000
49638  -43.561  -22.985  42.833 0.0000000000
111160  -42.696  -22.456  41.260 0.0000000000
50612  -43.390  -22.337  42.472 0.0000000000
51638  -43.297  -21.866  42.273 0.0000000000
50657  -41.293  -22.311  38.900 0.0000000000
50644  -41.779  -22.443  39.609 0.0000000000
51668  -41.660  -21.891  39.487 0.0000000000
127643  -42.732  -21.498  40.062 0.0000000000
52659  -42.143  -21.708  39.899 0.0000000000
52645  -43.621  -21.105  41.517 0.0000000000
127864  -43.414  -21.298  40.676 0.0000000000
52646  -44.479  -20.374  41.886 0.0000000000
52660  -44.091  -20.794  40.944 0.0000000000
126913  -44.320  -21.609  39.453 0.0000000000
51669  -44.146  -21.215  40.165 0.0000000000
51670  -45.181  -21.427  39.838 0.0000000000
129353  -45.437  -21.614  39.235 0.0000000000
51690  -45.613  -21.617  38.625 0.0000000000
50687  -43.745  -22.487  36.369 0.0000000000
50701  -43.578  -22.607  35.469 0.0000000000
50700  -42.706  -22.480  35.156 0.0000000000
51743  -41.221  -21.994  34.709 0.0000000000
51779  -41.368  -22.465  32.896 0.0000000000
125414  -41.586  -22.436  33.481 0.0000000000
51780  -42.060  -22.483  32.919 0.0000000000
50750  -42.655  -22.627  32.284 0.0000000000
50827  -41.409  -22.756  28.751 0.0000000000
50826  -40.554  -22.998  28.478 0.0000000000
50766  -36.332  -22.322  31.665 0.0000000000
50807  -37.082  -22.939  29.975 0.0000000000
49800  -36.708  -23.453  29.323 0.0000000000
49821  -38.038  -23.681  28.423 0.0000000000
127119  -39.226  -23.447  28.839 0.0000000000
49839  -38.335  -23.663  27.646 0.0000000000
128835  -22.237  -35.860  46.311 0.0000000000
114820  -22.116  -35.937  46.911 0.0000000000
38003  -22.915  -36.179  47.211 0.0000000000
37130  -24.525  -36.837  48.300 0.0000000000
36314  -26.033  -37.683  48.675 0.0000000000
38127  -28.139  -35.580  40.422 0.0000000000
38152  -27.447  -35.478  39.544 0.0000000000
38097  -27.717  -36.110  41.136 0.0000000000
37218  -27.478  -36.443  41.857 0.0000000000
37219  -28.127  -36.343  41.720 0.0000000000
125543  -29.727  -36.189  43.099 0.0000000000
37202  -29.078  -36.495  42.738 0.0000000000
37174  -29.624  -36.946  44.231 0.0000000000
37175  -30.334  -36.371  44.547 0.0000000000
41981  -30.117  -31.603  38.598 0.0000000000
41912  -30.823  -32.260  40.902 0.0000000000
125634  -30.848  -32.523  41.143 0.0000000000
41891  -32.127  -32.358  42.436 0.0000000000
40799  -31.165  -33.149  43.233 0.0000000000
130101  -31.175  -33.034  42.845 0.0000000000
39811  -30.693  -33.721  43.108 0.0000000000
38897  -30.245  -34.614  42.813 0.0000000000
117213  -31.044  -34.672  45.474 0.0000000000
37163  -30.558  -36.480  45.430 0.0000000000
38017  -30.967  -35.634  46.962 0.0000000000
38864  -31.401  -34.891  48.272 0.0000000000
124523  -31.146  -35.404  48.738 0.0000000000
37990  -31.434  -35.159  49.039 0.0000000000
40711  -33.179  -33.304  48.132 0.0000000000
39775  -32.675  -33.708  48.256 0.0000000000
35545  -12.708  -38.698  44.126 0.0000000000
107911  -16.982  -36.171  43.093 0.0000000000
37184  -16.266  -36.578  42.965 0.0000000000
37169  -15.092  -36.463  44.087 0.0000000000
37196  -14.592  -37.341  42.236 0.0000000000
37181  -14.220  -37.405  42.946 0.0000000000
37168  -14.278  -36.963  44.041 0.0000000000
37159  -14.189  -36.333  45.409 0.0000000000
37158  -13.907  -36.692  44.938 0.0000000000
112629  -13.679  -36.568  45.763 0.0000000000
36348  -13.358  -37.128  45.282 0.0000000000
37148  -13.457  -36.430  46.617 0.0000000000
114923  -48.440  -18.740  38.581 0.0000000000
52839  -42.263  -20.540  26.559 0.0000000000
52825  -42.540  -20.897  27.302 0.0000000000
52840  -42.852  -20.155  26.994 0.0000000000
53928  -43.993  -19.487  27.826 0.0000000000
52827  -43.690  -20.176  28.008 0.0000000000
52812  -44.719  -20.096  28.712 0.0000000000
55851  -45.289  -17.489  26.574 0.0000000000
55840  -44.894  -17.870  26.880 0.0000000000
55823  -45.692  -17.547  29.239 0.0000000000
54880  -45.297  -17.919  28.696 0.0000000000
55824  -46.195  -18.026  29.735 0.0000000000
54854  -46.984  -18.524  30.221 0.0000000000
55815  -46.661  -17.557  30.173 0.0000000000
56719  -47.387  -16.486  31.302 0.0000000000
55801  -47.742  -17.401  31.243 0.0000000000
56720  -48.068  -16.857  32.028 0.0000000000
58464  -48.284  -14.382  26.122 0.0000000000
112169  -47.861  -14.944  25.586 0.0000000000
59340  -47.854  -13.983  27.008 0.0000000000
60149  -47.464  -12.725  28.523 0.0000000000
59325  -47.340  -13.389  27.871 0.0000000000
59309  -46.908  -13.172  28.643 0.0000000000
64604  -51.303  -7.578  20.507 0.0000000000
63728  -51.845  -8.356  20.166 0.0000000000
62847  -53.102  -9.096  19.297 0.0000000000
63729  -52.658  -8.213  19.674 0.0000000000
64611  -53.572  -7.441  18.824 0.0000000000
62869  -52.603  -9.893  17.077 0.0000000000
62871  -54.841  -8.757  17.147 0.0000000000
62856  -54.222  -8.931  17.987 0.0000000000
63738  -54.556  -8.010  17.904 0.0000000000
64612  -54.073  -7.200  18.284 0.0000000000
64618  -54.661  -7.021  17.680 0.0000000000
64619  -55.193  -6.952  17.052 0.0000000000
64625  -55.724  -6.961  16.418 0.0000000000
62905  -54.595  -9.123  13.508 0.0000000000
62899  -55.599  -9.180  14.386 0.0000000000
107993  -55.374  -9.215  14.941 0.0000000000
63774  -57.144  -7.171  14.074 0.0000000000
64649  -56.837  -7.160  14.648 0.0000000000
63814  -57.779  -8.395  10.908 0.0000000000
63805  -58.431  -7.266  11.153 0.0000000000
44898  -38.869  -28.954  37.190 0.0000000000
112960  -36.300  -30.922  36.950 0.0000000000
42972  -37.056  -30.482  36.872 0.0000000000
42959  -37.344  -30.359  37.765 0.0000000000
43896  -38.241  -29.805  38.531 0.0000000000
50811  -42.426  -22.569  29.785 0.0000000000
50812  -43.153  -22.335  30.046 0.0000000000
51811  -42.957  -22.190  29.229 0.0000000000
118023  -43.530  -21.482  28.770 0.0000000000
63706  -49.601  -8.803  21.648 0.0000000000
63696  -50.321  -7.864  22.567 0.0000000000
64569  -50.768  -7.300  22.701 0.0000000000
65439  -52.018  -6.203  23.176 0.0000000000
66290  -52.610  -5.117  21.930 0.0000000000
65454  -51.961  -5.732  21.219 0.0000000000
65465  -51.972  -6.063  20.555 0.0000000000
34609  -12.340  -39.556  44.023 0.0000000000
124882  -12.442  -39.325  44.804 0.0000000000
50699  -39.415  -23.102  35.613 0.0000000000
50698  -39.001  -22.441  35.210 0.0000000000
129239  -38.750  -22.285  34.791 0.0000000000
51726  -38.940  -21.967  34.900 0.0000000000
52745  -39.342  -21.805  34.268 0.0000000000
51775  -37.480  -21.964  32.620 0.0000000000
37986  -20.376  -35.858  48.873 0.0000000000
111807  -28.151  -38.050  46.184 0.0000000000
36317  -29.609  -37.906  48.650 0.0000000000
37133  -30.575  -36.880  48.617 0.0000000000
123580  -35.725  -32.916  44.119 0.0000000000
40786  -34.851  -32.970  44.351 0.0000000000
108559  -34.831  -32.724  46.526 0.0000000000
40746  -34.262  -32.632  47.432 0.0000000000
40731  -35.216  -32.300  47.586 0.0000000000
37999  -18.537  -35.597  47.067 0.0000000000
115069  -19.431  -35.693  47.082 0.0000000000
56805  -45.685  -16.739  23.976 0.0000000000
56788  -46.356  -16.457  24.590 0.0000000000
57608  -46.866  -16.062  25.345 0.0000000000
57594  -47.259  -15.498  26.060 0.0000000000
46941  -43.392  -26.629  42.508 0.0000000000
126458  -43.078  -26.963  41.832 0.0000000000
46950  -42.960  -26.751  41.139 0.0000000000
46961  -42.772  -26.446  40.377 0.0000000000
45999  -40.173  -26.857  36.816 0.0000000000
119153  -40.454  -25.958  36.545 0.0000000000
47894  -40.191  -24.758  35.709 0.0000000000
47893  -39.792  -25.237  35.171 0.0000000000
108568  -22.059  -35.634  43.646 0.0000000000
124446  -22.862  -35.706  43.433 0.0000000000
38077  -23.973  -35.781  42.202 0.0000000000
37185  -26.025  -36.330  43.654 0.0000000000
37171  -26.498  -36.712  44.389 0.0000000000
37186  -27.027  -36.846  43.549 0.0000000000
124272  -27.769  -37.002  43.118 0.0000000000
41964  -36.158  -31.097  39.203 0.0000000000
113572  -35.870  -31.410  39.736 0.0000000000
41916  -35.960  -31.662  40.973 0.0000000000
41892  -36.025  -31.872  41.743 0.0000000000
108933  -36.767  -31.544  41.772 0.0000000000
110462  -37.691  -31.403  42.923 0.0000000000
41861  -38.128  -31.168  44.032 0.0000000000
42895  -38.708  -30.560  42.884 0.0000000000
43868  -40.564  -29.309  41.389 0.0000000000
44824  -41.619  -28.747  42.457 0.0000000000
44801  -42.350  -28.030  43.852 0.0000000000
44825  -42.333  -28.240  42.861 0.0000000000
38073  -19.649  -35.725  42.455 0.0000000000
50689  -45.166  -21.946  36.148 0.0000000000
51718  -45.563  -21.516  36.688 0.0000000000
51731  -45.538  -21.333  35.360 0.0000000000
51746  -45.669  -21.145  34.447 0.0000000000
52780  -45.998  -20.751  32.227 0.0000000000
113010  -46.656  -20.378  32.558 0.0000000000
53894  -47.739  -19.252  31.599 0.0000000000
60204  -48.432  -12.469  23.483 0.0000000000
59353  -49.328  -13.199  24.281 0.0000000000
59367  -49.044  -12.775  23.749 0.0000000000
60191  -50.248  -12.255  24.425 0.0000000000
60186  -50.626  -12.376  25.006 0.0000000000
61931  -52.737  -9.965  26.029 0.0000000000
66333  -55.775  -4.902  17.316 0.0000000000
116494  -42.692  -16.215  23.027 0.0000000000
60214  -43.835  -12.632  22.105 0.0000000000
60215  -44.594  -12.284  22.386 0.0000000000
61084  -44.285  -12.247  21.880 0.0000000000
120073  -44.673  -11.978  21.466 0.0000000000
61118  -46.513  -11.721  19.513 0.0000000000
61103  -46.937  -11.408  20.383 0.0000000000
61104  -47.845  -11.115  20.334 0.0000000000
61121  -49.163  -11.232  19.632 0.0000000000
61131  -48.764  -11.331  18.902 0.0000000000
62001  -48.299  -11.034  18.295 0.0000000000
31130  -10.087  -43.322  48.033 0.0000000000
36298  -11.957  -37.666  50.361 0.0000000000
35474  -11.579  -38.561  50.267 0.0000000000
34531  -11.105  -39.210  50.673 0.0000000000
115991  -9.923  -40.067  52.594 0.0000000000
32754  -9.328  -41.675  52.187 0.0000000000
31939  -9.194  -42.378  51.258 0.0000000000
31936  -8.859  -42.578  52.043 0.0000000000
31932  -8.924  -42.743  52.265 0.0000000000
31113  -8.533  -43.375  51.845 0.0000000000
30199  -9.008  -43.957  52.623 0.0000000000
48732  -43.508  -24.391  41.365 0.0000000000
48731  -43.069  -23.348  41.105 0.0000000000
51685  -41.118  -21.768  37.915 0.0000000000
51686  -41.401  -21.862  38.698 0.0000000000
52672  -42.767  -21.447  39.296 0.0000000000
51688  -43.874  -21.831  38.714 0.0000000000
50659  -44.453  -22.218  38.035 0.0000000000
50658  -43.428  -21.986  37.826 0.0000000000
111458  -43.075  -22.175  36.928 0.0000000000
51729  -42.178  -22.108  35.624 0.0000000000
51760  -40.303  -22.165  33.616 0.0000000000
51778  -40.614  -22.363  32.946 0.0000000000
51793  -41.114  -22.530  32.105 0.0000000000
49803  -39.901  -23.328  29.091 0.0000000000
38014  -23.545  -36.084  46.653 0.0000000000
37131  -25.291  -37.236  48.407 0.0000000000
35485  -27.154  -38.740  49.942 0.0000000000
35484  -26.371  -38.746  49.705 0.0000000000
38928  -28.486  -34.243  39.113 0.0000000000
38927  -27.884  -34.873  39.061 0.0000000000
38080  -29.684  -35.642  42.451 0.0000000000
38063  -30.188  -35.492  43.278 0.0000000000
41959  -31.119  -31.657  39.603 0.0000000000
41958  -30.415  -31.826  39.606 0.0000000000
41937  -30.927  -31.837  40.482 0.0000000000
40784  -32.429  -32.789  44.317 0.0000000000
40783  -31.880  -32.828  44.001 0.0000000000
39796  -31.189  -33.787  45.028 0.0000000000
38884  -31.190  -34.738  46.464 0.0000000000
38871  -31.655  -34.286  47.770 0.0000000000
38040  -16.270  -35.816  44.647 0.0000000000
38039  -15.573  -36.042  44.515 0.0000000000
38021  -14.742  -36.056  45.411 0.0000000000
109789  -18.163  -35.638  49.423 0.0000000000
53937  -42.661  -19.886  26.209 0.0000000000
53938  -43.281  -19.543  26.628 0.0000000000
53939  -43.866  -19.165  27.103 0.0000000000
110937  -44.427  -18.815  27.632 0.0000000000
56747  -45.436  -16.801  27.929 0.0000000000
56731  -45.776  -16.762  29.300 0.0000000000
56726  -46.297  -16.615  30.020 0.0000000000
60178  -49.046  -13.042  26.877 0.0000000000
59326  -48.257  -13.285  27.339 0.0000000000
60167  -48.630  -12.619  27.649 0.0000000000
60150  -48.126  -12.234  28.343 0.0000000000
60135  -47.642  -12.135  29.148 0.0000000000
61990  -51.965  -10.473  19.443 0.0000000000
62846  -52.649  -9.966  19.304 0.0000000000
130243  -53.250  -9.657  18.758 0.0000000000
109595  -54.196  -9.410  16.656 0.0000000000
63754  -55.957  -7.928  16.052 0.0000000000
63803  -54.420  -8.717  11.856 0.0000000000
62913  -54.956  -9.079  12.230 0.0000000000
107894  -55.223  -9.158  12.885 0.0000000000
62900  -56.291  -8.920  13.947 0.0000000000
63783  -57.048  -8.061  13.698 0.0000000000
64691  -59.314  -6.432  10.714 0.0000000000
45948  -41.775  -27.607  40.238 0.0000000000
45961  -41.079  -27.909  39.830 0.0000000000
45985  -39.807  -27.690  37.147 0.0000000000
124957  -24.670  -35.646  40.468 0.0000000000
38124  -25.433  -35.783  40.687 0.0000000000
42005  -35.066  -31.469  37.279 0.0000000000
41987  -36.185  -31.025  38.415 0.0000000000
43884  -38.666  -29.663  39.262 0.0000000000
43874  -39.137  -29.612  40.091 0.0000000000
129395  -39.640  -29.517  40.471 0.0000000000
44867  -40.589  -28.546  39.989 0.0000000000
50737  -43.628  -22.527  33.130 0.0000000000
50738  -44.342  -22.106  33.237 0.0000000000
50752  -44.124  -22.218  32.509 0.0000000000
50773  -44.436  -21.883  31.847 0.0000000000
51794  -44.612  -21.642  31.007 0.0000000000
51805  -45.307  -21.089  30.755 0.0000000000
61949  -49.282  -10.223  23.537 0.0000000000
61068  -50.161  -11.002  23.826 0.0000000000
113622  -50.174  -9.996  23.770 0.0000000000
62810  -51.028  -8.862  23.856 0.0000000000
62801  -51.695  -9.396  24.263 0.0000000000
66299  -53.217  -4.460  21.675 0.0000000000
67250  -53.735  -4.097  20.125 0.0000000000
66325  -53.592  -5.457  18.820 0.0000000000
34608  -12.128  -40.075  44.509 0.0000000000
32830  -11.459  -41.418  45.334 0.0000000000
113256  -11.497  -41.279  46.504 0.0000000000
124452  -41.510  -23.514  38.405 0.0000000000
49689  -41.085  -22.874  38.294 0.0000000000
50672  -40.364  -22.316  37.205 0.0000000000
126241  -40.583  -21.922  37.467 0.0000000000
52699  -40.813  -21.693  37.189 0.0000000000
52717  -41.267  -21.585  36.816 0.0000000000
52730  -41.103  -21.587  36.044 0.0000000000
52747  -40.573  -21.857  34.509 0.0000000000
52760  -40.193  -21.963  34.021 0.0000000000
52759  -39.640  -21.839  34.044 0.0000000000
51759  -39.663  -21.919  33.732 0.0000000000
51777  -39.702  -22.103  32.966 0.0000000000
36325  -26.549  -37.640  47.972 0.0000000000
36315  -26.994  -37.969  48.625 0.0000000000
35502  -27.468  -38.422  49.360 0.0000000000
39838  -28.984  -33.514  39.305 0.0000000000
39831  -29.508  -33.625  40.392 0.0000000000
41915  -32.616  -32.204  42.074 0.0000000000
123615  -32.766  -32.527  43.316 0.0000000000
109042  -32.912  -32.652  43.814 0.0000000000
108089  -32.683  -32.900  45.228 0.0000000000
39789  -32.286  -33.296  46.870 0.0000000000
40744  -32.795  -33.011  46.881 0.0000000000
40712  -33.820  -32.904  48.535 0.0000000000
108341  -34.328  -32.540  48.281 0.0000000000
38071  -17.492  -36.232  42.196 0.0000000000
108304  -16.972  -35.865  44.054 0.0000000000
38041  -17.809  -35.711  44.236 0.0000000000
37997  -16.676  -35.421  46.770 0.0000000000
37984  -18.482  -35.633  48.648 0.0000000000
54927  -44.042  -18.298  24.856 0.0000000000
54912  -44.235  -18.450  25.730 0.0000000000
55862  -44.666  -17.973  25.156 0.0000000000
56772  -45.763  -17.088  26.114 0.0000000000
56758  -45.612  -16.772  27.123 0.0000000000
57578  -45.687  -16.062  27.738 0.0000000000
57567  -45.852  -15.357  28.235 0.0000000000
62867  -50.426  -9.705  16.827 0.0000000000
62868  -51.204  -9.563  16.619 0.0000000000
62889  -51.438  -8.991  15.894 0.0000000000
62922  -55.042  -9.019  11.638 0.0000000000
62925  -57.218  -8.865  11.453 0.0000000000
62947  -56.817  -9.104  9.997 0.0000000000
115583  -57.686  -8.696  10.001 0.0000000000
36336  -12.751  -37.677  46.574 0.0000000000
36312  -12.509  -37.571  48.365 0.0000000000
48715  -43.860  -24.659  42.273 0.0000000000
47832  -43.723  -25.669  42.435 0.0000000000
47843  -43.620  -25.351  41.523 0.0000000000
49680  -42.475  -24.240  39.487 0.0000000000
45962  -41.507  -27.270  39.511 0.0000000000
46983  -41.548  -26.140  38.502 0.0000000000
47854  -42.023  -25.637  39.036 0.0000000000
125429  -39.957  -24.032  35.768 0.0000000000
49731  -39.522  -23.581  35.418 0.0000000000
49747  -38.607  -23.363  34.408 0.0000000000
109516  -20.755  -35.737  46.309 0.0000000000
38029  -22.406  -35.801  45.793 0.0000000000
38016  -24.797  -36.207  46.181 0.0000000000
108567  -23.547  -35.808  43.727 0.0000000000
37151  -25.497  -36.509  46.386 0.0000000000
36350  -27.538  -37.783  45.661 0.0000000000
36352  -29.412  -37.638  45.606 0.0000000000
41960  -32.625  -31.976  40.270 0.0000000000
41962  -34.234  -31.868  39.199 0.0000000000
40837  -33.475  -32.290  41.661 0.0000000000
40822  -34.108  -32.459  42.239 0.0000000000
110221  -34.734  -32.622  42.851 0.0000000000
40824  -35.816  -32.431  42.717 0.0000000000
40804  -35.320  -32.799  43.509 0.0000000000
40768  -36.466  -32.562  45.210 0.0000000000
41845  -37.074  -31.440  46.397 0.0000000000
40769  -37.579  -31.292  45.701 0.0000000000
42887  -38.340  -30.923  44.565 0.0000000000
42879  -38.659  -30.037  45.678 0.0000000000
42904  -39.250  -30.141  42.387 0.0000000000
43845  -39.966  -29.834  43.646 0.0000000000
45900  -42.617  -27.261  44.491 0.0000000000
38072  -18.254  -35.977  42.202 0.0000000000
108571  -18.980  -35.730  43.633 0.0000000000
38059  -19.546  -35.709  43.272 0.0000000000
126134  -46.822  -20.066  38.215 0.0000000000
52702  -46.050  -20.704  36.648 0.0000000000
53829  -47.342  -19.622  37.074 0.0000000000
53830  -47.761  -19.491  36.878 0.0000000000
128809  -45.164  -21.441  34.015 0.0000000000
52761  -46.275  -20.738  34.050 0.0000000000
57617  -47.341  -15.088  23.964 0.0000000000
58479  -47.714  -14.490  23.842 0.0000000000
58473  -48.445  -14.455  25.102 0.0000000000
59347  -48.890  -13.933  25.609 0.0000000000
59348  -49.443  -13.466  25.123 0.0000000000
59342  -49.356  -13.413  26.032 0.0000000000
60168  -49.475  -12.391  27.296 0.0000000000
61018  -50.302  -10.900  28.240 0.0000000000
61046  -51.196  -11.845  25.194 0.0000000000
61038  -51.328  -11.760  25.905 0.0000000000
61930  -52.292  -10.709  25.984 0.0000000000
61039  -51.672  -11.300  26.337 0.0000000000
111252  -51.067  -11.732  26.598 0.0000000000
61030  -50.723  -11.404  27.415 0.0000000000
29282  -7.657  -45.376  49.711 0.0000000000
51832  -40.926  -22.074  26.954 0.0000000000
51860  -40.999  -21.290  26.073 0.0000000000
52838  -41.689  -20.782  26.163 0.0000000000
52865  -40.922  -20.172  24.806 0.0000000000
53947  -42.409  -19.591  25.436 0.0000000000
54940  -41.421  -18.280  23.545 0.0000000000
54941  -42.252  -18.204  23.690 0.0000000000
55877  -43.809  -17.966  24.134 0.0000000000
55896  -44.348  -17.489  23.775 0.0000000000
111530  -45.381  -16.151  23.308 0.0000000000
57630  -45.764  -15.337  23.191 0.0000000000
127966  -43.849  -14.043  23.016 0.0000000000
58491  -45.162  -14.509  23.081 0.0000000000
58492  -46.077  -14.436  23.120 0.0000000000
59366  -47.105  -13.241  23.239 0.0000000000
60216  -45.117  -12.168  22.706 0.0000000000
60202  -46.381  -12.451  23.154 0.0000000000
129000  -47.123  -12.408  23.255 0.0000000000
60203  -47.618  -11.955  23.352 0.0000000000
61065  -47.378  -11.101  23.244 0.0000000000
61948  -47.732  -10.386  23.055 0.0000000000
61100  -44.198  -12.265  20.629 0.0000000000
130191  -45.141  -11.716  21.397 0.0000000000
111957  -45.640  -11.494  21.328 0.0000000000
61955  -46.661  -10.588  22.303 0.0000000000
62818  -48.420  -9.565  22.119 0.0000000000
62827  -48.989  -9.471  21.327 0.0000000000
63715  -50.139  -8.571  21.185 0.0000000000
64596  -50.692  -7.963  20.883 0.0000000000
130782  -50.764  -9.392  20.717 0.0000000000
61122  -49.961  -11.098  19.699 0.0000000000
61988  -50.747  -10.861  19.784 0.0000000000
61989  -51.403  -10.545  19.830 0.0000000000
123851  -50.762  -10.826  18.340 0.0000000000
62017  -50.404  -10.371  17.576 0.0000000000
62866  -49.637  -9.896  17.031 0.0000000000
62878  -49.734  -9.255  16.420 0.0000000000
35511  -12.462  -38.471  47.041 0.0000000000
123856  -12.011  -39.309  47.569 0.0000000000
33652  -11.690  -40.307  47.622 0.0000000000
34521  -10.618  -38.898  51.929 0.0000000000
34530  -10.700  -39.683  51.028 0.0000000000
33608  -10.508  -40.421  50.855 0.0000000000
33626  -10.763  -40.890  49.955 0.0000000000
123616  -10.561  -42.162  48.738 0.0000000000
31948  -10.027  -42.888  49.016 0.0000000000
31126  -9.210  -43.427  49.767 0.0000000000
30223  -7.640  -45.198  50.597 0.0000000000
29268  -7.951  -45.691  51.486 0.0000000000
29260  -8.136  -44.843  51.618 0.0000000000
29261  -8.473  -45.202  51.912 0.0000000000
53773  -47.706  -18.861  41.552 0.0000000000
123285  -47.534  -18.945  40.725 0.0000000000
50590  -43.548  -22.739  44.504 0.0000000000
50631  -42.473  -22.096  40.977 0.0000000000
51658  -42.514  -21.801  40.577 0.0000000000
51648  -42.947  -21.755  41.490 0.0000000000
52633  -44.074  -20.778  42.547 0.0000000000
52674  -45.872  -20.462  40.505 0.0000000000
50674  -44.727  -22.309  37.384 0.0000000000
50702  -44.430  -22.448  35.804 0.0000000000
51728  -41.612  -21.829  35.610 0.0000000000
51761  -41.435  -22.293  34.109 0.0000000000
50719  -42.595  -22.553  34.415 0.0000000000
112255  -43.038  -22.698  33.801 0.0000000000
50770  -41.733  -22.735  31.200 0.0000000000
129756  -41.932  -22.798  30.326 0.0000000000
49757  -36.937  -22.902  32.869 0.0000000000
50748  -36.856  -22.261  32.518 0.0000000000
51801  -37.128  -22.179  31.425 0.0000000000
51789  -37.642  -21.937  31.977 0.0000000000
51802  -37.989  -22.301  31.311 0.0000000000
50787  -38.499  -22.764  30.562 0.0000000000
49801  -37.612  -23.429  29.204 0.0000000000
113585  -39.086  -23.201  29.691 0.0000000000
49840  -39.015  -23.434  27.586 0.0000000000
50825  -39.651  -23.286  28.133 0.0000000000
50841  -40.335  -22.796  27.535 0.0000000000
125639  -22.354  -36.095  47.657 0.0000000000
130424  -26.358  -36.088  41.628 0.0000000000
37187  -28.495  -36.986  43.259 0.0000000000
37173  -28.806  -37.277  44.002 0.0000000000
36353  -30.149  -37.242  45.917 0.0000000000
41980  -29.787  -31.876  38.358 0.0000000000
41935  -30.290  -32.061  39.753 0.0000000000
41957  -29.918  -32.070  39.129 0.0000000000
40861  -29.959  -32.390  39.832 0.0000000000
113069  -29.943  -32.908  40.497 0.0000000000
41890  -31.456  -32.473  42.045 0.0000000000
40800  -31.590  -32.819  43.154 0.0000000000
40819  -31.302  -32.761  42.340 0.0000000000
117874  -30.901  -32.758  41.739 0.0000000000
39817  -30.453  -33.270  41.773 0.0000000000
112128  -29.973  -33.930  41.747 0.0000000000
38064  -30.539  -35.511  44.086 0.0000000000
119345  -30.840  -36.079  48.708 0.0000000000
38004  -31.014  -35.489  47.981 0.0000000000
128757  -32.323  -33.681  47.770 0.0000000000
39774  -32.096  -34.011  48.019 0.0000000000
38866  -32.305  -34.271  48.756 0.0000000000
36383  -13.688  -37.744  42.366 0.0000000000
37139  -13.268  -36.366  47.494 0.0000000000
109521  -16.804  -35.555  49.241 0.0000000000
51835  -42.946  -21.238  28.006 0.0000000000
52810  -43.499  -20.845  28.177 0.0000000000
52811  -44.097  -20.694  28.567 0.0000000000
52801  -45.331  -20.138  29.259 0.0000000000
52802  -46.077  -19.997  29.856 0.0000000000
54901  -44.417  -18.498  26.753 0.0000000000
54891  -45.178  -17.587  28.079 0.0000000000
54879  -44.915  -18.386  28.180 0.0000000000
53917  -45.164  -18.747  28.743 0.0000000000
115130  -45.598  -19.294  29.261 0.0000000000
125886  -47.461  -18.488  30.697 0.0000000000
54840  -47.885  -18.376  31.215 0.0000000000
58446  -46.997  -14.277  27.455 0.0000000000
58429  -46.333  -14.082  29.218 0.0000000000
58424  -46.587  -13.963  30.137 0.0000000000
64598  -51.634  -6.789  20.466 0.0000000000
65472  -52.199  -6.402  19.944 0.0000000000
65473  -52.871  -5.962  19.394 0.0000000000
62019  -52.371  -10.273  17.809 0.0000000000
120979  -53.665  -9.027  18.659 0.0000000000
62870  -53.461  -9.737  17.041 0.0000000000
66332  -54.875  -5.218  17.758 0.0000000000
65493  -55.571  -6.013  16.755 0.0000000000
66341  -56.338  -5.090  16.710 0.0000000000
127725  -56.074  -8.360  15.513 0.0000000000
63762  -56.412  -7.683  15.231 0.0000000000
65506  -56.788  -5.620  15.600 0.0000000000
38857  -31.860  -34.869  49.247 0.0000000000
60190  -49.627  -12.398  23.979 0.0000000000
61053  -50.777  -11.674  24.396 0.0000000000
61957  -47.905  -9.919  22.462 0.0000000000
61977  -49.146  -10.270  20.764 0.0000000000
62006  -53.036  -10.063  17.649 0.0000000000
63705  -48.998  -9.272  21.627 0.0000000000
65453  -51.460  -6.307  21.484 0.0000000000
130558  -40.527  -21.601  35.697 0.0000000000
