#!ascii label  , from subject sub-v1s13x0050005_ses-1 vox2ras=TkReg
922
114067  -37.885  -29.707  36.085 0.0000000000
38949  -21.856  -34.985  36.951 0.0000000000
42969  -29.001  -30.752  36.315 0.0000000000
65471  -42.785  -5.816  18.817 0.0000000000
65525  -48.498  -5.737  13.628 0.0000000000
39823  -13.878  -33.015  40.786 0.0000000000
64574  -38.959  -7.298  21.964 0.0000000000
47020  -39.242  -26.535  34.896 0.0000000000
42003  -33.413  -31.870  36.728 0.0000000000
39842  -17.419  -33.710  38.146 0.0000000000
38087  -17.258  -36.392  41.275 0.0000000000
43006  -34.226  -29.908  33.684 0.0000000000
46045  -35.271  -27.976  31.841 0.0000000000
38976  -25.998  -34.120  35.539 0.0000000000
118034  -31.266  -28.749  34.837 0.0000000000
54936  -37.648  -18.464  23.356 0.0000000000
58500  -39.562  -14.016  22.539 0.0000000000
61114  -42.683  -11.788  19.778 0.0000000000
34647  -10.412  -39.197  41.819 0.0000000000
32839  -7.957  -42.158  44.230 0.0000000000
47936  -33.337  -25.362  30.514 0.0000000000
49816  -33.328  -23.523  28.622 0.0000000000
50877  -36.029  -22.246  24.866 0.0000000000
36399  -13.421  -37.530  41.247 0.0000000000
125627  -21.674  -35.525  39.126 0.0000000000
108721  -23.830  -35.489  39.202 0.0000000000
112960  -36.300  -30.922  36.950 0.0000000000
130504  -20.723  -32.230  37.213 0.0000000000
110185  -19.842  -34.408  37.256 0.0000000000
38144  -19.364  -35.632  39.167 0.0000000000
44913  -34.133  -29.012  35.431 0.0000000000
43942  -32.691  -29.788  34.090 0.0000000000
57621  -36.450  -15.400  23.676 0.0000000000
56800  -38.949  -16.123  23.143 0.0000000000
59374  -37.379  -12.820  22.857 0.0000000000
62835  -39.798  -9.434  19.780 0.0000000000
62850  -41.819  -9.242  18.583 0.0000000000
61987  -43.969  -11.489  19.145 0.0000000000
62860  -43.949  -9.164  17.525 0.0000000000
63749  -45.529  -8.488  16.449 0.0000000000
122890  -33.673  -25.845  33.303 0.0000000000
47044  -34.285  -26.668  31.153 0.0000000000
48849  -31.287  -24.870  32.352 0.0000000000
50822  -30.285  -22.252  28.851 0.0000000000
52823  -32.133  -20.881  27.007 0.0000000000
49873  -34.391  -23.393  25.978 0.0000000000
52837  -34.117  -20.365  25.975 0.0000000000
53960  -35.374  -19.756  24.551 0.0000000000
42016  -28.035  -31.587  35.949 0.0000000000
38085  -11.284  -35.566  41.056 0.0000000000
38112  -13.004  -35.347  40.067 0.0000000000
29319  -9.106  -45.029  45.848 0.0000000000
29305  -7.308  -46.142  46.160 0.0000000000
62805  -37.432  -9.964  23.982 0.0000000000
48831  -38.833  -24.277  34.181 0.0000000000
42019  -31.138  -31.696  36.154 0.0000000000
39836  -15.579  -33.476  39.210 0.0000000000
38140  -14.893  -34.865  39.332 0.0000000000
38142  -17.345  -35.815  39.234 0.0000000000
66374  -50.229  -5.562  12.657 0.0000000000
43000  -35.974  -30.496  34.309 0.0000000000
43946  -37.009  -29.307  33.736 0.0000000000
44948  -34.853  -28.468  32.856 0.0000000000
40894  -22.232  -32.426  36.040 0.0000000000
38963  -23.871  -34.735  36.167 0.0000000000
40903  -24.269  -32.771  34.812 0.0000000000
42990  -25.498  -30.321  33.858 0.0000000000
43926  -27.815  -29.643  34.188 0.0000000000
46010  -29.313  -27.105  34.892 0.0000000000
43940  -30.033  -29.853  33.812 0.0000000000
42995  -31.541  -30.595  33.828 0.0000000000
42051  -33.802  -31.292  34.033 0.0000000000
52849  -39.823  -21.097  24.876 0.0000000000
61072  -38.271  -11.019  21.554 0.0000000000
60222  -41.269  -12.788  21.368 0.0000000000
63758  -47.529  -8.149  15.562 0.0000000000
33700  -9.330  -40.648  42.884 0.0000000000
31159  -10.134  -43.232  44.776 0.0000000000
46037  -37.478  -27.751  32.751 0.0000000000
47929  -37.059  -25.841  31.480 0.0000000000
49778  -35.913  -23.382  31.811 0.0000000000
49784  -29.994  -23.726  30.394 0.0000000000
49785  -32.644  -24.043  29.612 0.0000000000
113524  -35.635  -22.789  30.788 0.0000000000
49800  -36.708  -23.453  29.323 0.0000000000
112562  -37.724  -23.805  27.049 0.0000000000
50870  -38.987  -22.412  25.579 0.0000000000
52861  -37.579  -20.737  23.985 0.0000000000
55875  -35.476  -17.173  24.561 0.0000000000
38175  -26.538  -35.393  38.264 0.0000000000
129120  -9.637  -36.546  42.511 0.0000000000
119541  -11.229  -38.162  41.240 0.0000000000
37215  -14.832  -37.088  41.386 0.0000000000
28429  -5.101  -46.978  46.485 0.0000000000
113482  -21.949  -35.440  38.484 0.0000000000
38147  -22.337  -35.503  39.195 0.0000000000
38188  -22.327  -35.329  37.738 0.0000000000
42972  -37.056  -30.482  36.872 0.0000000000
39861  -20.753  -33.628  36.692 0.0000000000
39852  -20.037  -33.600  37.002 0.0000000000
38948  -20.516  -34.351  36.975 0.0000000000
38186  -20.673  -35.247  37.859 0.0000000000
59345  -35.564  -13.798  24.871 0.0000000000
120347  -36.450  -13.899  23.663 0.0000000000
60189  -36.157  -12.415  24.516 0.0000000000
65469  -41.361  -6.585  19.380 0.0000000000
64601  -40.687  -8.007  19.250 0.0000000000
64609  -42.127  -7.705  18.402 0.0000000000
63735  -42.481  -8.708  18.156 0.0000000000
64610  -42.859  -7.706  17.916 0.0000000000
64617  -44.274  -7.542  17.020 0.0000000000
128470  -32.350  -25.348  33.177 0.0000000000
53914  -31.359  -19.730  28.243 0.0000000000
52835  -32.912  -21.152  26.341 0.0000000000
53925  -33.532  -19.554  27.019 0.0000000000
53936  -34.605  -18.989  26.580 0.0000000000
42017  -28.683  -31.320  36.458 0.0000000000
40885  -28.641  -32.394  37.433 0.0000000000
41999  -29.404  -31.691  37.570 0.0000000000
38910  -12.455  -34.141  41.047 0.0000000000
38911  -12.974  -34.161  40.556 0.0000000000
64646  -49.267  -7.361  14.333 0.0000000000
29306  -8.140  -45.978  46.226 0.0000000000
47001  -39.917  -26.476  36.072 0.0000000000
126331  -38.996  -25.040  34.083 0.0000000000
115105  -32.598  -31.912  36.620 0.0000000000
114305  -33.643  -31.819  37.773 0.0000000000
40859  -18.039  -32.021  38.742 0.0000000000
40858  -17.223  -32.180  38.955 0.0000000000
40845  -16.255  -31.960  40.144 0.0000000000
125267  -16.132  -33.034  39.075 0.0000000000
38926  -16.110  -34.550  38.793 0.0000000000
38938  -17.426  -34.642  38.290 0.0000000000
115117  -20.021  -35.667  40.749 0.0000000000
129605  -19.378  -35.744  40.716 0.0000000000
42999  -35.127  -30.608  33.912 0.0000000000
43953  -35.424  -29.444  33.154 0.0000000000
43952  -34.820  -29.231  33.281 0.0000000000
42014  -23.132  -31.410  36.107 0.0000000000
40902  -23.512  -32.853  35.294 0.0000000000
42028  -23.595  -31.895  35.372 0.0000000000
42978  -24.849  -29.995  34.402 0.0000000000
44935  -25.687  -28.513  34.361 0.0000000000
43938  -26.264  -29.003  33.914 0.0000000000
46022  -26.601  -27.440  34.339 0.0000000000
44910  -31.149  -28.052  36.788 0.0000000000
46011  -30.096  -27.618  35.160 0.0000000000
44939  -28.977  -28.401  33.802 0.0000000000
126570  -29.964  -29.092  33.743 0.0000000000
42994  -30.767  -30.564  33.930 0.0000000000
43941  -30.800  -29.905  33.754 0.0000000000
43943  -33.650  -29.611  33.943 0.0000000000
42997  -33.409  -30.471  33.764 0.0000000000
42998  -34.303  -30.625  33.731 0.0000000000
42983  -35.453  -31.019  34.709 0.0000000000
52874  -38.976  -19.829  23.846 0.0000000000
53963  -40.426  -19.807  24.213 0.0000000000
108792  -39.183  -18.973  23.547 0.0000000000
57624  -39.388  -15.437  22.994 0.0000000000
56801  -40.152  -16.326  23.069 0.0000000000
63691  -38.248  -8.676  23.199 0.0000000000
61953  -37.607  -10.266  22.711 0.0000000000
62824  -38.255  -9.365  21.697 0.0000000000
61972  -40.859  -11.051  19.714 0.0000000000
61096  -40.449  -11.439  20.260 0.0000000000
61082  -41.756  -12.487  20.850 0.0000000000
125104  -42.559  -13.167  22.092 0.0000000000
113865  -46.341  -8.657  16.262 0.0000000000
64624  -45.909  -7.171  15.766 0.0000000000
64634  -46.863  -7.258  15.219 0.0000000000
35562  -9.077  -38.370  43.180 0.0000000000
34607  -8.823  -39.207  43.449 0.0000000000
33713  -9.892  -40.274  42.482 0.0000000000
31976  -10.534  -42.672  44.700 0.0000000000
126030  -10.040  -43.661  47.159 0.0000000000
44956  -35.656  -28.470  32.298 0.0000000000
44951  -37.274  -28.591  33.314 0.0000000000
46046  -36.039  -28.009  31.810 0.0000000000
47043  -33.733  -26.090  30.832 0.0000000000
47046  -36.297  -26.473  31.081 0.0000000000
47938  -34.945  -25.799  30.582 0.0000000000
48860  -36.902  -24.907  31.646 0.0000000000
48858  -35.155  -24.808  30.593 0.0000000000
50762  -29.633  -22.176  31.147 0.0000000000
49815  -31.732  -22.974  28.197 0.0000000000
49796  -32.006  -23.522  29.062 0.0000000000
49797  -33.202  -23.657  29.349 0.0000000000
49787  -34.502  -23.633  30.119 0.0000000000
50824  -34.621  -23.606  29.320 0.0000000000
50806  -36.125  -22.968  30.054 0.0000000000
49818  -35.282  -23.818  28.590 0.0000000000
50866  -35.646  -22.931  25.340 0.0000000000
49857  -36.225  -23.990  26.677 0.0000000000
49876  -37.140  -23.355  25.680 0.0000000000
117509  -38.633  -23.422  26.811 0.0000000000
50868  -37.351  -22.638  25.085 0.0000000000
50880  -37.807  -22.007  24.705 0.0000000000
51869  -36.516  -21.582  24.458 0.0000000000
116683  -35.292  -17.975  26.141 0.0000000000
54922  -35.596  -18.858  24.180 0.0000000000
55861  -35.291  -17.358  25.429 0.0000000000
38975  -25.151  -34.226  35.442 0.0000000000
115833  -24.899  -35.325  37.400 0.0000000000
38950  -26.070  -34.995  36.893 0.0000000000
37234  -12.100  -36.303  40.496 0.0000000000
37213  -11.034  -36.376  40.988 0.0000000000
36398  -12.494  -37.629  41.040 0.0000000000
38115  -16.081  -36.257  39.814 0.0000000000
37237  -14.952  -36.640  40.488 0.0000000000
37216  -15.704  -36.927  41.442 0.0000000000
38120  -21.420  -35.580  40.466 0.0000000000
38121  -22.244  -35.555  40.619 0.0000000000
38123  -23.940  -35.594  40.618 0.0000000000
124957  -24.670  -35.646  40.468 0.0000000000
115777  -34.755  -31.582  36.518 0.0000000000
41985  -34.552  -31.624  37.911 0.0000000000
41973  -19.822  -31.643  38.503 0.0000000000
40881  -18.887  -32.976  37.601 0.0000000000
110562  -18.608  -34.071  37.606 0.0000000000
112390  -18.017  -34.981  38.246 0.0000000000
38168  -19.275  -35.308  38.243 0.0000000000
38169  -20.222  -35.498  38.702 0.0000000000
44942  -34.104  -29.002  34.397 0.0000000000
116207  -34.650  -28.479  33.814 0.0000000000
44912  -31.962  -29.013  35.603 0.0000000000
43928  -31.826  -29.372  34.421 0.0000000000
43930  -33.431  -29.352  34.766 0.0000000000
55888  -36.531  -16.873  23.676 0.0000000000
55890  -38.629  -16.964  23.157 0.0000000000
57622  -37.420  -15.399  23.317 0.0000000000
58484  -37.873  -14.523  23.043 0.0000000000
58485  -38.604  -13.859  22.674 0.0000000000
63722  -39.225  -8.726  20.465 0.0000000000
63723  -39.752  -8.566  19.899 0.0000000000
62843  -41.171  -9.638  18.947 0.0000000000
61985  -42.222  -10.993  19.214 0.0000000000
61115  -43.613  -12.008  19.849 0.0000000000
61996  -43.359  -10.537  18.508 0.0000000000
62853  -44.018  -10.074  17.908 0.0000000000
62012  -45.421  -10.462  17.761 0.0000000000
63743  -45.149  -9.106  16.883 0.0000000000
129970  -44.704  -7.585  16.674 0.0000000000
34637  -11.317  -39.574  42.146 0.0000000000
33714  -10.418  -40.559  42.570 0.0000000000
34623  -11.836  -40.198  43.492 0.0000000000
47916  -33.881  -26.315  32.513 0.0000000000
46054  -34.832  -27.322  31.481 0.0000000000
47915  -32.997  -25.822  32.594 0.0000000000
112364  -32.714  -25.800  31.726 0.0000000000
47925  -32.190  -25.509  31.327 0.0000000000
52789  -29.829  -21.033  29.717 0.0000000000
53913  -30.566  -20.014  28.950 0.0000000000
51819  -31.065  -21.524  27.967 0.0000000000
50839  -32.001  -22.450  27.387 0.0000000000
49855  -34.026  -23.635  26.708 0.0000000000
50852  -33.235  -22.689  26.110 0.0000000000
51855  -34.385  -22.008  25.300 0.0000000000
120704  -34.981  -21.280  25.034 0.0000000000
130751  -35.478  -21.003  24.647 0.0000000000
52847  -34.607  -20.446  25.449 0.0000000000
39874  -27.077  -33.039  35.543 0.0000000000
38967  -27.132  -34.056  36.677 0.0000000000
40896  -28.034  -32.870  36.918 0.0000000000
38111  -12.022  -35.555  40.549 0.0000000000
117174  -12.694  -36.064  40.247 0.0000000000
31156  -7.989  -43.602  44.417 0.0000000000
31973  -7.565  -42.850  44.611 0.0000000000
125805  -7.774  -44.204  44.710 0.0000000000
29316  -6.793  -45.567  45.660 0.0000000000
119920  -6.017  -45.526  46.024 0.0000000000
49759  -38.228  -23.749  33.750 0.0000000000
42018  -30.255  -31.301  36.614 0.0000000000
122058  -30.115  -31.363  37.628 0.0000000000
40844  -15.452  -32.195  40.395 0.0000000000
40843  -14.632  -32.550  40.595 0.0000000000
38920  -14.122  -34.426  39.729 0.0000000000
39835  -14.855  -33.864  39.461 0.0000000000
38141  -15.740  -35.306  39.184 0.0000000000
38116  -17.098  -36.248  40.142 0.0000000000
38143  -18.020  -35.742  39.165 0.0000000000
38117  -17.967  -35.951  39.920 0.0000000000
123231  -17.896  -36.135  41.600 0.0000000000
66368  -49.664  -5.705  12.968 0.0000000000
42985  -37.154  -30.203  35.714 0.0000000000
126015  -37.832  -29.436  35.358 0.0000000000
43945  -36.503  -29.948  33.998 0.0000000000
44950  -35.926  -29.030  32.763 0.0000000000
44955  -35.117  -28.339  32.363 0.0000000000
46036  -34.804  -27.739  33.161 0.0000000000
47025  -34.535  -26.862  32.864 0.0000000000
47909  -34.311  -26.066  33.460 0.0000000000
38962  -22.055  -34.338  36.251 0.0000000000
110133  -22.939  -34.718  36.252 0.0000000000
38973  -22.753  -33.997  35.753 0.0000000000
111638  -24.048  -33.473  35.177 0.0000000000
39879  -25.119  -32.933  34.545 0.0000000000
42977  -24.357  -30.859  34.799 0.0000000000
42043  -24.855  -31.601  34.167 0.0000000000
40912  -26.161  -32.130  34.178 0.0000000000
42030  -26.815  -31.922  34.610 0.0000000000
42979  -27.763  -30.391  34.668 0.0000000000
42980  -28.413  -30.493  35.211 0.0000000000
47005  -28.061  -26.358  35.454 0.0000000000
44938  -28.257  -27.857  33.851 0.0000000000
43927  -28.482  -29.795  34.224 0.0000000000
42981  -28.954  -30.395  35.269 0.0000000000
42032  -30.484  -31.260  35.407 0.0000000000
42033  -31.350  -31.606  35.065 0.0000000000
42021  -33.008  -31.973  35.651 0.0000000000
42996  -32.408  -30.577  33.783 0.0000000000
42035  -33.163  -31.721  34.553 0.0000000000
128032  -33.605  -31.893  35.249 0.0000000000
42023  -34.862  -31.554  35.753 0.0000000000
42984  -36.231  -30.727  35.217 0.0000000000
40893  -21.568  -32.768  36.356 0.0000000000
114056  -39.523  -17.385  23.149 0.0000000000
61061  -36.875  -11.196  23.583 0.0000000000
60209  -37.856  -11.657  22.101 0.0000000000
60210  -38.489  -12.544  21.957 0.0000000000
61970  -39.170  -10.411  20.490 0.0000000000
60220  -39.548  -12.064  21.158 0.0000000000
60212  -40.710  -13.130  21.752 0.0000000000
59379  -42.513  -13.610  22.462 0.0000000000
63759  -48.489  -8.223  15.502 0.0000000000
64645  -48.372  -7.130  14.425 0.0000000000
65517  -48.003  -6.265  14.112 0.0000000000
34606  -8.414  -39.883  43.942 0.0000000000
32851  -8.378  -41.495  43.811 0.0000000000
32853  -10.039  -41.704  43.149 0.0000000000
31981  -9.553  -42.306  43.565 0.0000000000
31975  -9.095  -42.956  43.947 0.0000000000
30276  -9.229  -44.132  44.825 0.0000000000
44943  -37.859  -28.747  34.378 0.0000000000
46028  -38.400  -27.688  34.250 0.0000000000
46038  -38.203  -27.201  33.412 0.0000000000
46055  -35.644  -27.386  31.339 0.0000000000
126161  -37.035  -26.634  31.527 0.0000000000
47918  -38.039  -25.837  32.594 0.0000000000
48851  -38.048  -24.990  32.700 0.0000000000
48841  -37.791  -24.108  33.062 0.0000000000
128052  -36.460  -23.251  32.374 0.0000000000
48848  -30.691  -24.483  31.764 0.0000000000
47934  -31.714  -25.100  30.822 0.0000000000
49794  -30.176  -23.418  29.587 0.0000000000
48875  -31.608  -24.126  29.646 0.0000000000
48868  -33.002  -24.621  30.102 0.0000000000
120595  -34.349  -23.868  30.229 0.0000000000
50765  -35.677  -22.917  31.470 0.0000000000
49837  -35.601  -24.060  27.291 0.0000000000
49820  -37.189  -23.799  28.499 0.0000000000
51858  -39.409  -21.738  25.237 0.0000000000
52862  -38.509  -20.636  24.075 0.0000000000
53973  -37.287  -19.238  23.466 0.0000000000
53961  -36.002  -19.720  23.945 0.0000000000
53972  -36.413  -19.139  23.630 0.0000000000
116536  -36.950  -17.758  23.485 0.0000000000
130452  -35.859  -16.767  24.057 0.0000000000
58477  -35.544  -14.561  24.716 0.0000000000
38190  -24.181  -35.356  37.567 0.0000000000
108566  -24.670  -35.569  39.065 0.0000000000
38176  -27.283  -35.170  38.660 0.0000000000
36395  -9.626  -37.777  42.066 0.0000000000
37194  -10.025  -36.187  42.059 0.0000000000
36396  -10.341  -37.758  41.475 0.0000000000
35594  -10.719  -38.708  41.516 0.0000000000
34638  -12.076  -39.038  42.262 0.0000000000
38138  -13.723  -35.268  39.795 0.0000000000
116548  -13.505  -36.040  40.035 0.0000000000
37214  -14.118  -37.237  41.283 0.0000000000
28421  -6.753  -46.759  47.714 0.0000000000
28430  -5.818  -46.717  46.807 0.0000000000
29303  -5.428  -46.061  46.222 0.0000000000
43933  -38.322  -29.178  35.993 0.0000000000
38187  -21.481  -35.276  37.768 0.0000000000
43918  -37.658  -30.012  36.550 0.0000000000
38961  -21.236  -34.368  36.660 0.0000000000
111190  -20.997  -34.947  37.196 0.0000000000
60183  -36.143  -12.541  25.296 0.0000000000
59351  -35.836  -13.136  24.717 0.0000000000
65470  -42.103  -6.219  19.115 0.0000000000
64603  -41.852  -6.979  18.767 0.0000000000
65476  -42.588  -6.790  18.388 0.0000000000
65483  -43.268  -6.970  17.845 0.0000000000
42968  -28.709  -30.892  36.155 0.0000000000
42956  -29.114  -31.248  36.912 0.0000000000
125701  -13.563  -32.775  41.444 0.0000000000
39822  -13.102  -33.463  41.079 0.0000000000
65518  -48.829  -6.670  13.861 0.0000000000
65526  -49.306  -6.199  13.351 0.0000000000
47009  -39.666  -26.091  35.332 0.0000000000
114983  -39.287  -25.717  34.536 0.0000000000
124006  -32.943  -31.888  37.333 0.0000000000
40869  -17.639  -32.750  38.318 0.0000000000
40868  -16.745  -33.069  38.586 0.0000000000
108253  -16.732  -34.145  38.439 0.0000000000
43007  -34.868  -29.987  33.454 0.0000000000
45992  -25.736  -27.514  35.555 0.0000000000
123771  -25.464  -28.166  34.983 0.0000000000
44924  -25.963  -27.716  34.639 0.0000000000
46007  -26.377  -26.994  34.922 0.0000000000
44925  -30.841  -28.133  35.579 0.0000000000
44940  -30.408  -28.479  34.346 0.0000000000
44941  -30.951  -29.269  33.881 0.0000000000
53974  -38.256  -19.145  23.475 0.0000000000
54937  -38.582  -18.368  23.313 0.0000000000
58486  -39.946  -14.745  22.760 0.0000000000
57625  -40.309  -15.585  22.970 0.0000000000
58501  -40.495  -14.137  22.522 0.0000000000
63704  -38.657  -7.925  22.729 0.0000000000
63703  -38.262  -8.711  22.330 0.0000000000
63713  -38.619  -8.362  21.516 0.0000000000
61973  -41.775  -11.436  19.716 0.0000000000
61097  -41.321  -11.812  20.251 0.0000000000
61098  -42.245  -12.172  20.341 0.0000000000
60223  -42.683  -12.720  21.078 0.0000000000
65504  -46.250  -6.457  15.427 0.0000000000
35581  -9.446  -38.487  42.402 0.0000000000
116915  -9.233  -39.056  42.743 0.0000000000
34635  -9.788  -39.370  42.189 0.0000000000
47937  -34.249  -25.344  30.454 0.0000000000
49834  -32.653  -23.197  27.684 0.0000000000
113090  -32.537  -23.382  28.672 0.0000000000
50803  -33.995  -23.612  29.350 0.0000000000
49817  -34.198  -23.678  28.556 0.0000000000
49875  -36.193  -23.607  25.868 0.0000000000
50867  -36.511  -22.889  25.231 0.0000000000
50878  -36.696  -22.278  24.796 0.0000000000
50879  -37.139  -22.005  24.608 0.0000000000
38965  -25.622  -34.668  36.128 0.0000000000
38966  -26.421  -34.461  36.311 0.0000000000
36409  -12.640  -36.915  40.599 0.0000000000
36408  -11.769  -36.920  40.733 0.0000000000
114418  -13.011  -38.030  41.762 0.0000000000
38086  -16.414  -36.594  40.847 0.0000000000
37238  -15.647  -36.608  40.435 0.0000000000
32828  -7.799  -41.315  44.635 0.0000000000
44930  -39.111  -27.763  35.728 0.0000000000
109514  -21.900  -35.555  39.822 0.0000000000
38148  -23.080  -35.479  39.245 0.0000000000
109512  -23.488  -35.515  39.929 0.0000000000
38149  -24.290  -35.556  39.858 0.0000000000
42024  -35.560  -31.285  36.540 0.0000000000
42005  -35.066  -31.469  37.279 0.0000000000
124365  -20.584  -31.651  38.144 0.0000000000
40872  -20.213  -32.106  37.601 0.0000000000
39851  -19.241  -33.693  37.343 0.0000000000
40882  -19.641  -32.827  37.313 0.0000000000
127502  -18.721  -33.518  37.578 0.0000000000
38939  -18.567  -34.850  37.966 0.0000000000
38940  -19.198  -34.621  37.597 0.0000000000
38170  -21.160  -35.455  38.561 0.0000000000
38146  -21.031  -35.584  39.552 0.0000000000
38119  -20.702  -35.620  40.339 0.0000000000
44926  -34.619  -28.408  34.987 0.0000000000
43907  -34.135  -29.118  36.452 0.0000000000
56797  -36.068  -16.133  23.873 0.0000000000
56798  -36.968  -16.162  23.486 0.0000000000
59361  -36.890  -13.304  23.285 0.0000000000
126816  -37.118  -14.009  23.206 0.0000000000
59362  -37.687  -13.607  22.878 0.0000000000
117948  -39.634  -7.374  20.566 0.0000000000
64594  -40.047  -7.792  19.840 0.0000000000
63727  -41.167  -8.650  18.874 0.0000000000
61984  -41.391  -10.602  19.233 0.0000000000
62844  -41.928  -10.172  18.792 0.0000000000
61995  -42.603  -10.567  18.788 0.0000000000
62851  -42.538  -9.801  18.411 0.0000000000
63736  -43.330  -8.489  17.651 0.0000000000
62852  -43.222  -9.492  17.934 0.0000000000
62861  -44.738  -9.736  17.435 0.0000000000
119455  -44.507  -8.905  17.165 0.0000000000
65484  -44.005  -6.550  17.410 0.0000000000
48839  -31.610  -24.820  33.262 0.0000000000
47914  -32.028  -25.439  32.291 0.0000000000
47924  -31.468  -25.102  31.590 0.0000000000
52822  -31.421  -20.683  27.627 0.0000000000
51830  -31.651  -21.586  27.356 0.0000000000
51831  -32.269  -21.790  26.744 0.0000000000
49853  -32.607  -22.649  26.742 0.0000000000
51842  -32.812  -22.035  26.191 0.0000000000
128116  -33.696  -20.954  26.002 0.0000000000
51843  -33.518  -21.834  25.727 0.0000000000
125638  -34.236  -21.144  25.570 0.0000000000
121183  -27.738  -32.496  36.153 0.0000000000
125586  -27.441  -33.356  36.359 0.0000000000
41979  -29.219  -32.060  37.983 0.0000000000
111584  -28.787  -32.700  38.040 0.0000000000
38918  -12.541  -34.833  40.464 0.0000000000
38909  -11.780  -34.754  41.107 0.0000000000
129309  -12.538  -35.428  40.303 0.0000000000
30275  -8.460  -44.222  44.643 0.0000000000
30265  -8.089  -44.867  44.953 0.0000000000
29317  -7.709  -45.570  45.468 0.0000000000
29304  -6.423  -46.167  46.246 0.0000000000
47903  -39.390  -24.774  34.614 0.0000000000
49747  -38.607  -23.363  34.408 0.0000000000
42001  -30.924  -31.630  37.252 0.0000000000
40856  -15.792  -32.615  39.618 0.0000000000
39830  -15.047  -32.934  39.814 0.0000000000
129769  -16.272  -35.184  38.922 0.0000000000
120410  -16.544  -35.736  39.259 0.0000000000
38167  -18.502  -35.469  38.660 0.0000000000
38118  -18.740  -35.848  40.581 0.0000000000
119937  -17.923  -36.105  40.836 0.0000000000
43931  -36.663  -30.269  34.775 0.0000000000
43954  -36.205  -29.517  33.319 0.0000000000
44949  -35.285  -28.817  32.758 0.0000000000
44927  -35.034  -27.864  34.682 0.0000000000
46026  -35.049  -27.408  34.106 0.0000000000
47018  -35.495  -26.427  34.490 0.0000000000
47017  -34.933  -26.911  33.646 0.0000000000
47026  -34.902  -26.213  33.859 0.0000000000
39863  -22.098  -33.381  35.961 0.0000000000
39870  -22.815  -33.087  35.637 0.0000000000
120784  -24.733  -33.597  35.000 0.0000000000
42989  -24.941  -30.788  34.088 0.0000000000
42044  -25.650  -31.328  33.897 0.0000000000
40911  -25.429  -32.229  34.193 0.0000000000
42045  -26.535  -31.307  34.159 0.0000000000
42992  -27.042  -29.627  33.941 0.0000000000
42967  -28.256  -30.936  35.665 0.0000000000
45994  -29.707  -26.911  36.044 0.0000000000
46999  -29.187  -26.348  36.799 0.0000000000
47006  -28.890  -26.531  35.702 0.0000000000
46998  -28.324  -26.253  36.408 0.0000000000
46009  -28.505  -26.736  34.764 0.0000000000
47016  -27.773  -26.590  34.746 0.0000000000
121989  -29.206  -29.238  33.819 0.0000000000
42993  -29.289  -29.947  34.068 0.0000000000
42982  -29.936  -30.584  34.518 0.0000000000
42048  -31.465  -31.250  34.196 0.0000000000
42047  -30.801  -31.123  34.480 0.0000000000
42034  -32.195  -31.775  34.794 0.0000000000
114419  -31.661  -29.940  33.769 0.0000000000
42050  -33.010  -31.158  33.888 0.0000000000
42036  -34.180  -31.690  34.928 0.0000000000
42037  -34.975  -31.436  35.033 0.0000000000
42012  -21.750  -32.020  36.728 0.0000000000
39862  -21.429  -33.590  36.359 0.0000000000
53976  -40.526  -19.159  23.808 0.0000000000
115796  -39.551  -16.649  23.105 0.0000000000
61936  -37.464  -10.139  24.802 0.0000000000
61051  -36.927  -10.766  24.268 0.0000000000
61947  -37.243  -10.478  23.438 0.0000000000
124589  -37.796  -10.826  22.183 0.0000000000
61073  -38.725  -11.892  21.464 0.0000000000
62834  -39.327  -9.720  20.223 0.0000000000
62825  -38.764  -9.454  20.839 0.0000000000
61081  -40.867  -12.156  20.746 0.0000000000
61080  -40.006  -11.772  20.729 0.0000000000
60221  -40.348  -12.451  21.244 0.0000000000
115496  -41.783  -13.787  22.453 0.0000000000
125357  -41.744  -13.316  22.040 0.0000000000
59380  -43.244  -13.129  22.305 0.0000000000
62875  -46.881  -9.330  16.630 0.0000000000
114702  -47.219  -8.742  16.126 0.0000000000
63751  -48.168  -8.763  16.093 0.0000000000
65505  -46.747  -6.159  14.981 0.0000000000
64636  -47.911  -7.616  14.976 0.0000000000
64635  -47.493  -6.762  14.651 0.0000000000
34621  -8.854  -40.101  43.192 0.0000000000
33699  -8.659  -40.757  43.444 0.0000000000
33702  -11.216  -41.007  43.428 0.0000000000
33701  -10.551  -41.085  42.933 0.0000000000
32854  -10.692  -41.565  43.433 0.0000000000
32840  -10.439  -42.225  43.827 0.0000000000
111869  -9.900  -42.907  44.090 0.0000000000
31158  -9.523  -43.498  44.466 0.0000000000
31150  -9.947  -43.748  45.380 0.0000000000
31142  -9.868  -44.067  46.358 0.0000000000
46027  -37.867  -28.015  33.612 0.0000000000
47045  -35.136  -26.639  30.838 0.0000000000
47036  -37.551  -26.257  32.003 0.0000000000
126900  -38.385  -25.487  33.133 0.0000000000
47917  -37.558  -25.371  32.079 0.0000000000
48859  -35.995  -24.479  31.243 0.0000000000
48850  -37.352  -24.477  32.357 0.0000000000
49768  -36.527  -23.948  32.090 0.0000000000
49769  -37.048  -23.588  32.721 0.0000000000
49775  -30.009  -23.787  31.310 0.0000000000
49765  -30.217  -23.620  32.281 0.0000000000
48856  -31.090  -24.797  31.072 0.0000000000
48865  -30.532  -24.348  30.800 0.0000000000
51810  -30.009  -21.661  29.211 0.0000000000
51809  -29.690  -21.780  29.819 0.0000000000
50801  -29.875  -22.539  29.474 0.0000000000
49795  -30.967  -23.636  29.184 0.0000000000
48867  -32.101  -24.650  30.148 0.0000000000
49786  -33.701  -23.932  29.900 0.0000000000
50784  -35.000  -23.290  30.362 0.0000000000
50764  -35.267  -23.157  30.895 0.0000000000
50766  -36.332  -22.322  31.665 0.0000000000
49799  -35.920  -23.547  29.376 0.0000000000
49836  -34.564  -23.855  27.526 0.0000000000
49856  -34.885  -23.825  26.565 0.0000000000
49858  -36.992  -23.828  26.458 0.0000000000
49838  -36.719  -24.031  27.532 0.0000000000
115624  -37.621  -23.845  27.823 0.0000000000
50853  -38.507  -23.064  25.915 0.0000000000
50840  -39.507  -23.083  27.171 0.0000000000
50854  -39.271  -22.840  26.324 0.0000000000
51844  -39.761  -22.208  25.903 0.0000000000
51871  -38.153  -21.353  24.373 0.0000000000
52873  -37.887  -19.969  23.646 0.0000000000
52848  -35.169  -20.487  24.819 0.0000000000
52860  -35.965  -20.657  24.253 0.0000000000
119536  -35.634  -17.967  24.207 0.0000000000
54923  -36.181  -18.292  23.724 0.0000000000
55876  -36.015  -17.464  23.880 0.0000000000
128570  -35.358  -15.473  24.952 0.0000000000
38212  -23.555  -35.148  36.874 0.0000000000
38213  -24.418  -35.110  36.789 0.0000000000
38191  -25.725  -35.405  37.691 0.0000000000
38174  -24.894  -35.482  38.177 0.0000000000
127534  -25.795  -35.686  38.922 0.0000000000
109063  -25.876  -35.787  39.912 0.0000000000
38952  -27.508  -34.207  37.438 0.0000000000
38941  -27.127  -34.893  37.867 0.0000000000
38927  -27.884  -34.873  39.061 0.0000000000
41981  -30.117  -31.603  38.598 0.0000000000
130084  -9.255  -37.232  43.043 0.0000000000
37193  -9.445  -37.138  42.567 0.0000000000
38069  -11.065  -34.980  41.843 0.0000000000
38068  -10.358  -35.405  42.362 0.0000000000
38084  -10.617  -35.824  41.563 0.0000000000
36397  -11.049  -37.280  41.052 0.0000000000
126941  -10.403  -36.713  41.436 0.0000000000
34649  -11.408  -38.897  41.671 0.0000000000
38139  -14.395  -35.282  39.590 0.0000000000
38113  -14.261  -35.987  39.864 0.0000000000
37236  -14.175  -36.710  40.489 0.0000000000
28419  -5.186  -47.633  47.335 0.0000000000
29302  -4.828  -46.266  46.059 0.0000000000
38171  -22.727  -35.444  38.524 0.0000000000
38172  -23.393  -35.457  38.645 0.0000000000
42971  -36.339  -30.842  36.158 0.0000000000
40883  -20.467  -32.775  36.976 0.0000000000
38185  -19.908  -35.106  37.768 0.0000000000
127429  -20.375  -34.859  37.387 0.0000000000
44914  -34.911  -28.544  36.082 0.0000000000
58478  -36.046  -14.623  23.964 0.0000000000
119451  -35.893  -13.828  24.335 0.0000000000
59360  -36.271  -12.977  23.974 0.0000000000
117364  -36.763  -12.554  23.380 0.0000000000
64595  -40.664  -7.104  19.601 0.0000000000
64602  -41.329  -7.636  18.907 0.0000000000
63734  -41.751  -8.400  18.539 0.0000000000
63742  -44.064  -8.314  17.265 0.0000000000
64616  -43.613  -7.591  17.482 0.0000000000
47908  -33.021  -25.388  33.822 0.0000000000
48840  -32.245  -24.989  33.884 0.0000000000
52824  -32.813  -20.240  26.904 0.0000000000
52836  -33.554  -20.301  26.422 0.0000000000
53935  -34.389  -19.772  25.961 0.0000000000
53934  -34.102  -19.627  26.498 0.0000000000
40897  -28.426  -32.011  36.714 0.0000000000
41998  -28.944  -31.699  37.192 0.0000000000
63760  -49.698  -7.876  14.889 0.0000000000
29307  -8.826  -45.435  46.412 0.0000000000
29318  -8.532  -45.348  45.643 0.0000000000
28422  -7.537  -46.389  46.947 0.0000000000
120674  -31.800  -31.855  36.854 0.0000000000
42002  -32.348  -31.877  37.382 0.0000000000
41984  -33.492  -31.892  38.769 0.0000000000
41950  -17.796  -31.658  39.517 0.0000000000
40846  -17.028  -31.781  39.830 0.0000000000
40857  -16.492  -32.396  39.326 0.0000000000
39837  -16.154  -33.707  38.777 0.0000000000
38165  -16.834  -35.120  38.685 0.0000000000
38145  -20.125  -35.646  39.775 0.0000000000
120245  -19.384  -35.744  40.092 0.0000000000
43008  -35.663  -30.050  33.571 0.0000000000
40895  -22.951  -32.167  35.749 0.0000000000
43916  -24.689  -29.072  36.150 0.0000000000
43925  -24.991  -28.977  34.910 0.0000000000
43937  -25.481  -29.392  34.050 0.0000000000
42991  -26.196  -29.874  33.770 0.0000000000
44936  -26.424  -28.134  34.075 0.0000000000
118661  -27.126  -28.756  33.856 0.0000000000
45995  -30.514  -27.446  36.391 0.0000000000
46024  -28.778  -27.495  34.145 0.0000000000
46025  -29.560  -28.030  34.155 0.0000000000
42052  -34.652  -31.199  34.343 0.0000000000
52863  -39.397  -20.576  24.304 0.0000000000
52864  -40.172  -20.442  24.573 0.0000000000
53962  -39.771  -20.039  24.134 0.0000000000
53975  -39.814  -19.463  23.813 0.0000000000
118859  -39.928  -18.853  23.550 0.0000000000
116582  -39.674  -16.036  23.087 0.0000000000
62806  -37.863  -9.325  23.630 0.0000000000
62815  -37.570  -9.869  23.276 0.0000000000
62816  -37.875  -9.433  22.655 0.0000000000
61954  -37.986  -10.178  21.947 0.0000000000
61961  -38.500  -10.275  21.158 0.0000000000
61971  -39.918  -10.524  19.922 0.0000000000
115323  -42.172  -12.954  21.584 0.0000000000
60213  -43.045  -12.903  21.805 0.0000000000
121523  -45.883  -8.015  16.054 0.0000000000
63750  -46.577  -8.034  15.756 0.0000000000
34622  -9.298  -39.818  42.734 0.0000000000
115541  -36.604  -29.007  33.103 0.0000000000
44957  -36.552  -28.451  32.512 0.0000000000
46047  -36.815  -27.801  32.050 0.0000000000
47052  -34.440  -26.210  30.722 0.0000000000
47927  -35.712  -25.656  30.757 0.0000000000
47928  -36.454  -25.473  31.163 0.0000000000
48857  -34.657  -24.201  30.409 0.0000000000
49774  -29.678  -23.056  30.813 0.0000000000
50823  -30.877  -22.424  28.354 0.0000000000
50802  -30.479  -22.962  28.930 0.0000000000
49814  -31.147  -23.158  28.664 0.0000000000
49798  -34.045  -23.699  29.765 0.0000000000
50804  -34.590  -23.540  29.854 0.0000000000
50805  -35.280  -23.347  29.826 0.0000000000
49874  -35.233  -23.513  25.857 0.0000000000
114097  -35.621  -23.866  26.419 0.0000000000
49859  -37.837  -23.514  26.210 0.0000000000
49877  -37.840  -23.095  25.590 0.0000000000
50869  -38.208  -22.558  25.265 0.0000000000
51857  -38.608  -21.897  24.938 0.0000000000
51870  -37.332  -21.441  24.317 0.0000000000
112118  -36.823  -20.904  24.085 0.0000000000
54909  -34.975  -18.864  25.184 0.0000000000
119601  -35.194  -18.054  24.860 0.0000000000
38964  -24.751  -34.718  36.093 0.0000000000
38214  -25.254  -35.076  36.814 0.0000000000
37233  -11.585  -36.124  40.686 0.0000000000
114682  -11.727  -37.677  41.039 0.0000000000
35595  -12.119  -38.313  41.524 0.0000000000
38114  -15.108  -35.908  39.708 0.0000000000
46013  -39.441  -26.941  35.542 0.0000000000
38090  -20.894  -35.582  41.103 0.0000000000
38091  -21.737  -35.566  41.294 0.0000000000
38092  -22.617  -35.609  41.482 0.0000000000
38122  -23.089  -35.555  40.673 0.0000000000
109513  -22.691  -35.521  39.923 0.0000000000
42004  -34.246  -31.712  37.032 0.0000000000
41972  -18.849  -31.807  38.600 0.0000000000
40871  -19.280  -32.265  37.903 0.0000000000
40870  -18.457  -32.490  38.121 0.0000000000
39843  -18.217  -33.381  37.847 0.0000000000
38947  -18.010  -34.299  37.947 0.0000000000
43944  -34.254  -29.263  33.720 0.0000000000
44911  -31.515  -28.574  36.125 0.0000000000
43929  -32.624  -29.271  35.164 0.0000000000
43917  -33.395  -29.236  35.859 0.0000000000
113265  -38.023  -17.707  23.236 0.0000000000
55889  -37.512  -16.944  23.354 0.0000000000
56799  -37.983  -16.179  23.234 0.0000000000
58483  -36.857  -14.653  23.435 0.0000000000
57623  -38.436  -15.403  23.099 0.0000000000
111312  -38.978  -14.665  22.835 0.0000000000
64584  -39.166  -7.695  20.999 0.0000000000
64593  -39.535  -8.018  20.339 0.0000000000
62842  -40.420  -8.895  19.363 0.0000000000
61983  -40.550  -10.069  19.405 0.0000000000
61986  -43.059  -11.263  19.207 0.0000000000
61997  -44.336  -10.904  18.465 0.0000000000
63748  -44.730  -8.237  16.755 0.0000000000
64623  -45.219  -7.583  16.348 0.0000000000
34636  -10.575  -39.870  42.146 0.0000000000
33715  -11.156  -40.377  42.679 0.0000000000
47034  -34.348  -26.894  31.853 0.0000000000
47033  -33.533  -26.231  31.585 0.0000000000
47926  -32.944  -25.841  31.049 0.0000000000
47935  -32.498  -25.278  30.622 0.0000000000
53906  -30.172  -20.388  29.550 0.0000000000
51818  -30.445  -21.565  28.541 0.0000000000
52809  -30.740  -20.682  28.300 0.0000000000
50838  -31.417  -22.225  27.808 0.0000000000
49835  -33.616  -23.589  27.619 0.0000000000
49854  -33.236  -23.301  26.778 0.0000000000
49872  -33.728  -23.229  26.176 0.0000000000
50864  -33.950  -22.704  25.668 0.0000000000
50865  -34.777  -22.835  25.466 0.0000000000
51856  -35.246  -22.150  25.082 0.0000000000
51868  -35.708  -21.497  24.681 0.0000000000
53945  -34.745  -19.589  25.493 0.0000000000
39864  -26.750  -33.800  35.877 0.0000000000
39865  -27.686  -33.605  37.021 0.0000000000
39844  -28.204  -33.366  37.688 0.0000000000
129242  -12.018  -34.139  41.571 0.0000000000
38071  -17.492  -36.232  42.196 0.0000000000
31974  -8.324  -42.915  44.159 0.0000000000
31149  -7.277  -43.647  44.853 0.0000000000
30264  -7.128  -44.643  45.113 0.0000000000
31148  -6.486  -43.667  45.464 0.0000000000
30256  -6.065  -44.582  45.789 0.0000000000
62797  -37.934  -9.495  24.492 0.0000000000
63683  -38.500  -8.773  24.270 0.0000000000
116967  -38.768  -8.173  23.683 0.0000000000
124787  -39.217  -7.200  22.886 0.0000000000
49746  -38.108  -23.102  34.005 0.0000000000
42957  -29.481  -31.135  36.943 0.0000000000
40830  -15.136  -31.850  41.383 0.0000000000
39829  -14.327  -33.410  40.079 0.0000000000
38925  -15.447  -34.349  39.067 0.0000000000
38166  -17.677  -35.362  38.658 0.0000000000
109748  -18.661  -35.766  39.578 0.0000000000
66367  -49.027  -5.235  13.219 0.0000000000
43932  -37.224  -29.697  34.628 0.0000000000
46044  -34.802  -27.758  32.266 0.0000000000
47900  -33.961  -25.582  34.106 0.0000000000
109839  -34.642  -25.776  34.186 0.0000000000
127255  -22.379  -34.818  36.582 0.0000000000
126423  -23.428  -34.319  35.766 0.0000000000
39871  -23.451  -33.688  35.455 0.0000000000
38974  -24.193  -34.197  35.485 0.0000000000
39872  -25.533  -33.559  34.968 0.0000000000
42015  -23.422  -30.934  36.348 0.0000000000
112467  -23.830  -31.268  35.393 0.0000000000
42029  -24.240  -31.827  34.718 0.0000000000
43924  -24.408  -29.866  35.426 0.0000000000
40910  -24.802  -32.317  34.391 0.0000000000
39880  -25.859  -32.859  34.512 0.0000000000
39873  -26.319  -33.402  35.126 0.0000000000
40904  -26.584  -32.643  34.800 0.0000000000
40905  -27.318  -32.166  35.308 0.0000000000
42031  -27.461  -31.190  34.935 0.0000000000
42046  -26.928  -30.463  34.131 0.0000000000
127388  -28.722  -30.648  35.871 0.0000000000
125671  -27.140  -26.469  35.326 0.0000000000
46008  -27.146  -26.911  34.429 0.0000000000
44937  -27.352  -27.776  33.940 0.0000000000
43939  -28.149  -28.707  33.852 0.0000000000
42970  -29.567  -30.838  35.933 0.0000000000
42020  -32.007  -31.928  35.825 0.0000000000
42049  -32.280  -31.273  34.011 0.0000000000
42022  -34.022  -31.826  35.967 0.0000000000
42038  -35.597  -31.205  35.571 0.0000000000
41994  -21.182  -31.780  37.520 0.0000000000
40884  -21.107  -32.404  36.874 0.0000000000
40892  -21.043  -33.012  36.613 0.0000000000
52865  -40.922  -20.172  24.806 0.0000000000
127953  -38.860  -17.724  23.192 0.0000000000
54938  -39.546  -18.212  23.303 0.0000000000
54939  -40.531  -18.407  23.456 0.0000000000
55891  -40.365  -17.016  23.097 0.0000000000
61042  -36.464  -11.629  24.672 0.0000000000
60197  -36.475  -11.927  23.885 0.0000000000
60198  -37.125  -11.910  22.967 0.0000000000
61062  -37.357  -11.035  22.798 0.0000000000
59375  -38.193  -13.111  22.476 0.0000000000
59376  -39.110  -13.316  22.234 0.0000000000
61095  -39.708  -11.114  20.395 0.0000000000
61079  -39.061  -11.259  20.857 0.0000000000
60211  -39.591  -12.738  21.689 0.0000000000
59377  -40.108  -13.521  22.154 0.0000000000
118637  -49.348  -8.248  15.439 0.0000000000
64637  -48.854  -7.763  14.928 0.0000000000
66361  -47.812  -5.179  14.104 0.0000000000
33689  -8.125  -40.613  44.333 0.0000000000
32866  -9.898  -41.035  42.774 0.0000000000
32852  -9.244  -41.518  43.229 0.0000000000
31980  -8.736  -42.254  43.741 0.0000000000
31157  -8.765  -43.612  44.291 0.0000000000
30267  -9.467  -44.461  45.675 0.0000000000
47019  -38.791  -26.622  34.133 0.0000000000
47035  -36.557  -27.315  31.541 0.0000000000
113073  -37.308  -27.137  31.995 0.0000000000
47027  -37.891  -26.739  32.639 0.0000000000
47028  -38.392  -26.253  33.258 0.0000000000
47902  -38.770  -25.645  33.745 0.0000000000
48842  -38.510  -24.747  33.469 0.0000000000
49758  -37.531  -23.214  33.364 0.0000000000
49766  -30.815  -24.256  32.824 0.0000000000
50782  -29.604  -22.355  30.298 0.0000000000
48874  -30.693  -24.091  29.916 0.0000000000
48866  -31.258  -24.586  30.373 0.0000000000
48869  -33.852  -24.489  30.223 0.0000000000
49777  -35.307  -23.651  31.053 0.0000000000
49776  -34.906  -23.594  30.524 0.0000000000
49767  -36.281  -22.781  32.171 0.0000000000
49757  -36.937  -22.902  32.869 0.0000000000
50785  -36.577  -22.556  30.790 0.0000000000
123817  -36.305  -23.863  28.575 0.0000000000
49819  -35.973  -24.005  27.978 0.0000000000
51859  -40.183  -21.527  25.583 0.0000000000
51872  -38.999  -21.235  24.598 0.0000000000
52872  -36.813  -20.077  23.715 0.0000000000
54935  -36.870  -18.579  23.471 0.0000000000
56786  -35.574  -16.213  24.470 0.0000000000
128142  -35.742  -15.400  24.254 0.0000000000
59346  -35.724  -13.466  25.398 0.0000000000
38211  -22.707  -35.134  36.980 0.0000000000
38189  -23.273  -35.380  37.806 0.0000000000
38173  -24.043  -35.465  38.415 0.0000000000
38150  -25.127  -35.666  39.819 0.0000000000
38951  -26.811  -34.667  37.109 0.0000000000
38192  -26.471  -35.126  37.554 0.0000000000
38152  -27.447  -35.478  39.544 0.0000000000
108898  -26.725  -35.555  39.008 0.0000000000
38151  -26.577  -35.751  39.701 0.0000000000
42000  -29.602  -31.484  37.693 0.0000000000
41980  -29.787  -31.876  38.358 0.0000000000
36381  -9.273  -37.736  42.788 0.0000000000
35593  -9.999  -38.584  41.791 0.0000000000
37212  -9.814  -36.995  41.936 0.0000000000
34648  -10.912  -39.301  41.772 0.0000000000
35582  -12.655  -38.424  42.212 0.0000000000
39828  -13.589  -33.829  40.331 0.0000000000
38919  -13.297  -34.631  40.098 0.0000000000
37235  -13.421  -36.808  40.525 0.0000000000
38070  -16.611  -36.613  42.052 0.0000000000
37196  -14.592  -37.341  42.236 0.0000000000
28431  -6.701  -46.523  46.859 0.0000000000
28420  -5.981  -47.069  47.568 0.0000000000
30255  -5.308  -44.918  46.055 0.0000000000
28428  -4.617  -46.978  46.096 0.0000000000
30254  -4.791  -45.276  45.899 0.0000000000
30266  -8.892  -44.752  45.198 0.0000000000
38937  -15.781  -34.008  38.881 0.0000000000
46023  -27.980  -27.132  34.194 0.0000000000
50783  -29.707  -23.073  30.073 0.0000000000
52808  -30.196  -20.852  28.996 0.0000000000
58489  -42.090  -14.082  22.753 0.0000000000
65463  -41.641  -5.709  19.877 0.0000000000
112498  -9.681  -44.218  47.077 0.0000000000
113301  -37.746  -12.413  22.407 0.0000000000
118075  -26.164  -30.655  33.829 0.0000000000
120127  -40.184  -17.742  23.224 0.0000000000
128998  -36.601  -11.344  24.101 0.0000000000
