#!ascii label  , from subject sub-v1s13x0050005_ses-1 vox2ras=TkReg
1160
86707  -49.652  21.143  14.914 0.0000000000
97592  -39.172  41.338  10.658 0.0000000000
91950  -41.774  29.588  16.341 0.0000000000
89953  -48.387  25.727  3.905 0.0000000000
97117  -44.151  39.892  7.177 0.0000000000
128004  -47.402  34.210  10.423 0.0000000000
93068  -48.127  31.546  5.845 0.0000000000
89943  -42.403  25.081  6.116 0.0000000000
85449  -44.423  18.660  17.674 0.0000000000
88672  -48.243  23.616  19.044 0.0000000000
100074  -34.853  46.364  8.851 0.0000000000
101021  -40.990  48.755  7.608 0.0000000000
99709  -43.840  45.884  6.302 0.0000000000
89877  -46.735  25.622  14.827 0.0000000000
94089  -42.414  34.183  13.045 0.0000000000
119547  -44.617  27.887  10.387 0.0000000000
88123  -50.396  21.417  8.234 0.0000000000
125169  -43.661  22.271  7.996 0.0000000000
113201  -37.709  23.217  9.522 0.0000000000
87370  -48.407  21.055  14.313 0.0000000000
97124  -45.861  38.594  4.702 0.0000000000
125911  -46.105  35.722  5.761 0.0000000000
94702  -47.129  34.691  3.992 0.0000000000
92526  -44.765  30.549  7.384 0.0000000000
86681  -46.506  20.975  18.013 0.0000000000
88670  -45.899  23.949  18.781 0.0000000000
99279  -32.062  45.172  9.448 0.0000000000
101024  -43.131  48.723  8.196 0.0000000000
89855  -45.000  25.655  16.780 0.0000000000
127835  -43.574  26.369  14.784 0.0000000000
97589  -36.338  40.724  10.480 0.0000000000
96123  -40.541  37.280  11.220 0.0000000000
92019  -48.415  29.741  7.827 0.0000000000
93025  -46.557  32.147  11.220 0.0000000000
90994  -46.537  26.977  7.644 0.0000000000
89336  -45.971  23.846  9.207 0.0000000000
88142  -47.514  22.230  6.171 0.0000000000
87453  -46.622  20.625  7.568 0.0000000000
88159  -45.120  21.853  3.526 0.0000000000
88779  -38.568  23.357  4.813 0.0000000000
97613  -41.760  40.721  8.889 0.0000000000
96136  -43.300  37.733  10.879 0.0000000000
95658  -44.353  36.140  8.572 0.0000000000
94148  -48.782  33.174  7.686 0.0000000000
91532  -48.439  28.656  4.851 0.0000000000
89957  -45.296  25.308  3.895 0.0000000000
91001  -45.065  27.732  5.476 0.0000000000
90992  -42.856  27.222  7.685 0.0000000000
84820  -47.328  17.412  18.368 0.0000000000
110369  -49.015  20.185  19.071 0.0000000000
87352  -49.136  21.496  17.342 0.0000000000
98065  -30.543  41.629  8.825 0.0000000000
98514  -33.452  42.459  7.586 0.0000000000
98916  -37.453  43.091  7.347 0.0000000000
99290  -40.220  44.330  9.296 0.0000000000
99282  -42.794  44.945  10.479 0.0000000000
98918  -45.146  43.631  7.733 0.0000000000
98093  -45.762  41.566  5.505 0.0000000000
98929  -42.546  43.333  5.523 0.0000000000
90382  -47.741  27.066  21.020 0.0000000000
130708  -48.091  25.909  17.420 0.0000000000
88699  -49.136  23.983  13.940 0.0000000000
93516  -42.074  32.456  16.551 0.0000000000
95126  -45.822  36.119  14.168 0.0000000000
93529  -45.243  32.818  15.479 0.0000000000
91463  -43.233  28.981  13.770 0.0000000000
121051  -44.714  25.559  12.483 0.0000000000
111234  -48.308  24.253  11.706 0.0000000000
88071  -50.450  22.272  12.273 0.0000000000
87418  -47.478  21.592  11.306 0.0000000000
124423  -44.680  21.890  10.775 0.0000000000
88083  -42.261  22.538  11.460 0.0000000000
88147  -41.539  22.627  4.570 0.0000000000
88758  -40.514  23.361  8.292 0.0000000000
88067  -39.796  22.209  12.294 0.0000000000
110613  -49.898  19.560  16.355 0.0000000000
86059  -49.257  19.078  15.908 0.0000000000
86706  -49.192  20.656  14.911 0.0000000000
96665  -46.036  37.578  3.428 0.0000000000
95682  -46.621  36.499  3.749 0.0000000000
95211  -46.497  35.911  3.034 0.0000000000
94686  -45.530  33.988  5.660 0.0000000000
90938  -42.440  27.575  15.555 0.0000000000
97590  -37.457  41.392  10.510 0.0000000000
90996  -48.506  27.789  6.154 0.0000000000
91516  -47.778  28.106  7.268 0.0000000000
90481  -48.032  25.966  5.948 0.0000000000
89937  -46.756  24.958  6.905 0.0000000000
88793  -47.734  23.558  4.302 0.0000000000
88161  -47.062  22.033  4.018 0.0000000000
88804  -47.525  23.520  2.900 0.0000000000
97615  -43.275  40.936  7.908 0.0000000000
96630  -42.554  38.734  8.417 0.0000000000
96152  -43.655  37.536  7.599 0.0000000000
94689  -48.522  33.430  5.413 0.0000000000
94673  -48.237  34.029  6.807 0.0000000000
93632  -49.311  32.424  6.273 0.0000000000
127937  -49.427  31.229  6.452 0.0000000000
92031  -47.980  30.026  5.464 0.0000000000
91530  -46.711  28.525  4.850 0.0000000000
112361  -46.700  30.231  6.008 0.0000000000
91514  -43.622  28.867  7.583 0.0000000000
87333  -48.022  21.927  18.702 0.0000000000
86670  -48.435  20.667  18.864 0.0000000000
87334  -48.698  21.812  18.644 0.0000000000
87346  -49.079  21.259  18.483 0.0000000000
118988  -48.587  22.955  18.243 0.0000000000
99676  -33.534  46.061  9.405 0.0000000000
116932  -32.333  43.840  8.214 0.0000000000
99289  -34.210  44.713  7.816 0.0000000000
98517  -36.123  42.502  7.515 0.0000000000
99694  -35.928  45.181  7.523 0.0000000000
101019  -39.394  48.329  7.766 0.0000000000
114467  -39.673  45.920  7.233 0.0000000000
100092  -41.293  46.356  8.184 0.0000000000
99669  -41.451  45.209  10.892 0.0000000000
100077  -42.072  46.833  9.325 0.0000000000
100093  -43.721  46.945  7.368 0.0000000000
100079  -43.642  46.689  8.442 0.0000000000
99701  -44.153  45.022  7.608 0.0000000000
98524  -45.902  42.727  6.469 0.0000000000
98922  -44.316  43.882  6.588 0.0000000000
98531  -44.016  42.783  6.016 0.0000000000
99318  -43.283  44.809  5.648 0.0000000000
89809  -41.969  25.193  19.428 0.0000000000
89246  -42.711  25.021  21.237 0.0000000000
89811  -44.025  25.761  20.529 0.0000000000
89798  -46.666  26.283  21.969 0.0000000000
110858  -45.438  26.341  20.189 0.0000000000
89863  -46.308  25.660  15.745 0.0000000000
89857  -47.104  25.920  16.703 0.0000000000
89858  -47.873  25.822  16.127 0.0000000000
89298  -48.483  25.205  15.342 0.0000000000
89866  -48.410  25.316  14.612 0.0000000000
94075  -40.559  33.025  13.168 0.0000000000
130714  -40.764  32.207  15.117 0.0000000000
116505  -42.606  33.219  14.812 0.0000000000
95651  -45.415  36.573  11.365 0.0000000000
119464  -44.592  37.139  12.462 0.0000000000
110393  -46.738  35.340  12.353 0.0000000000
92505  -45.336  30.201  10.706 0.0000000000
93011  -45.452  32.074  12.792 0.0000000000
92485  -44.498  30.662  12.346 0.0000000000
92470  -43.897  31.135  14.124 0.0000000000
91481  -43.776  28.642  12.537 0.0000000000
90961  -43.709  27.567  12.615 0.0000000000
90446  -44.310  26.353  11.170 0.0000000000
88110  -48.464  22.733  9.057 0.0000000000
118398  -46.869  23.808  10.515 0.0000000000
88750  -49.407  23.081  9.970 0.0000000000
88723  -50.084  23.412  11.536 0.0000000000
88099  -50.858  21.969  10.453 0.0000000000
87420  -49.988  21.554  11.284 0.0000000000
87438  -50.087  20.729  8.972 0.0000000000
87444  -45.043  21.494  7.781 0.0000000000
87435  -45.803  21.347  9.220 0.0000000000
121653  -44.087  22.187  9.242 0.0000000000
88084  -43.091  22.375  11.301 0.0000000000
88097  -42.619  22.786  9.901 0.0000000000
89951  -43.660  24.946  4.991 0.0000000000
89377  -43.395  23.296  3.481 0.0000000000
89369  -41.983  23.699  4.280 0.0000000000
88756  -38.419  23.155  7.428 0.0000000000
108451  -39.738  23.202  7.007 0.0000000000
88746  -39.121  23.420  8.940 0.0000000000
88733  -40.384  23.322  10.380 0.0000000000
88720  -39.111  23.245  10.823 0.0000000000
87395  -38.348  21.711  12.514 0.0000000000
84835  -50.436  17.512  17.301 0.0000000000
86704  -46.130  20.318  14.611 0.0000000000
97120  -45.705  39.548  6.113 0.0000000000
96639  -45.037  37.807  6.095 0.0000000000
114379  -46.138  36.450  5.038 0.0000000000
95194  -47.509  35.115  4.190 0.0000000000
94183  -48.057  33.021  5.236 0.0000000000
93067  -46.816  31.504  6.455 0.0000000000
114427  -46.237  32.933  6.306 0.0000000000
86041  -45.382  19.890  17.698 0.0000000000
126296  -44.736  21.520  17.487 0.0000000000
88671  -47.395  23.899  19.070 0.0000000000
100059  -34.394  47.047  10.427 0.0000000000
101022  -41.987  49.091  7.867 0.0000000000
100581  -43.516  48.328  5.445 0.0000000000
100121  -43.872  47.137  4.630 0.0000000000
116040  -43.904  25.636  18.031 0.0000000000
89861  -44.079  25.693  16.090 0.0000000000
89875  -44.809  25.603  14.795 0.0000000000
95134  -41.733  35.530  12.107 0.0000000000
93040  -47.978  32.577  9.529 0.0000000000
93570  -47.380  33.370  10.893 0.0000000000
92507  -47.103  30.982  9.788 0.0000000000
92011  -46.314  29.251  9.132 0.0000000000
90981  -45.316  27.490  9.107 0.0000000000
89918  -44.798  25.774  9.886 0.0000000000
89930  -45.636  25.242  8.250 0.0000000000
88762  -46.843  22.968  8.093 0.0000000000
113320  -49.561  21.147  7.301 0.0000000000
86745  -49.870  20.727  7.513 0.0000000000
86756  -48.161  20.817  6.297 0.0000000000
87468  -46.597  20.843  5.070 0.0000000000
87461  -44.572  21.479  5.746 0.0000000000
89367  -40.108  23.665  4.314 0.0000000000
92435  -40.679  31.345  17.726 0.0000000000
120269  -40.270  41.604  10.355 0.0000000000
96620  -41.275  38.960  10.723 0.0000000000
96139  -42.213  38.631  9.427 0.0000000000
95649  -43.742  37.052  10.260 0.0000000000
95157  -45.854  35.578  9.839 0.0000000000
127738  -45.832  35.458  6.940 0.0000000000
95166  -46.829  34.891  8.616 0.0000000000
94147  -47.963  33.770  9.080 0.0000000000
93058  -49.005  31.237  8.078 0.0000000000
91518  -48.758  29.013  6.015 0.0000000000
91015  -48.386  27.157  4.258 0.0000000000
89968  -46.954  24.738  2.585 0.0000000000
90494  -47.122  26.960  3.604 0.0000000000
90486  -44.949  26.187  4.611 0.0000000000
90479  -43.682  26.567  6.351 0.0000000000
92024  -44.960  29.708  6.877 0.0000000000
91522  -43.901  28.204  6.958 0.0000000000
85438  -47.359  18.833  18.587 0.0000000000
85439  -48.427  18.656  18.870 0.0000000000
84822  -49.329  17.872  18.488 0.0000000000
86043  -49.886  18.967  18.201 0.0000000000
86690  -49.942  19.998  16.782 0.0000000000
87361  -49.705  21.197  15.323 0.0000000000
97601  -32.260  40.351  8.958 0.0000000000
98505  -31.970  42.108  8.041 0.0000000000
97611  -33.743  40.540  8.752 0.0000000000
118683  -35.389  41.235  8.318 0.0000000000
98071  -36.612  41.594  8.985 0.0000000000
98498  -38.363  42.757  10.144 0.0000000000
108230  -36.513  46.737  8.365 0.0000000000
99696  -37.706  45.606  7.147 0.0000000000
98907  -39.129  43.397  8.518 0.0000000000
98889  -39.628  43.851  11.456 0.0000000000
98890  -40.217  44.373  11.678 0.0000000000
98062  -42.166  42.712  9.410 0.0000000000
98508  -43.324  42.879  8.897 0.0000000000
100521  -42.985  47.317  9.626 0.0000000000
98901  -43.920  44.208  9.021 0.0000000000
98519  -45.599  42.200  7.751 0.0000000000
98087  -46.420  41.204  6.359 0.0000000000
97628  -46.194  40.757  5.379 0.0000000000
97626  -44.872  40.887  5.192 0.0000000000
98091  -42.852  41.711  5.413 0.0000000000
99719  -42.883  45.088  4.958 0.0000000000
89266  -47.966  25.177  21.128 0.0000000000
89267  -48.395  25.248  20.754 0.0000000000
113376  -45.769  26.089  18.897 0.0000000000
90401  -47.946  26.911  19.269 0.0000000000
89291  -48.504  24.860  18.336 0.0000000000
88683  -48.507  23.924  16.411 0.0000000000
88047  -48.940  22.914  15.606 0.0000000000
88054  -49.959  22.220  13.982 0.0000000000
92439  -42.212  31.250  16.913 0.0000000000
96125  -42.345  37.839  11.532 0.0000000000
95628  -43.382  36.714  12.445 0.0000000000
94617  -43.967  34.973  13.609 0.0000000000
94090  -46.879  34.155  13.432 0.0000000000
94078  -46.054  33.993  15.377 0.0000000000
94066  -44.305  33.947  15.468 0.0000000000
92974  -44.169  32.895  16.391 0.0000000000
92445  -43.103  31.552  16.142 0.0000000000
91968  -42.677  29.682  15.151 0.0000000000
120272  -43.115  28.069  14.013 0.0000000000
90430  -44.109  26.009  13.590 0.0000000000
89885  -45.484  25.470  13.716 0.0000000000
89898  -45.275  24.967  11.265 0.0000000000
89316  -46.239  24.628  11.753 0.0000000000
89311  -47.687  25.284  13.449 0.0000000000
130296  -49.213  24.268  12.835 0.0000000000
88707  -50.200  22.968  12.639 0.0000000000
87372  -49.916  21.757  13.877 0.0000000000
87385  -48.846  21.489  13.401 0.0000000000
87404  -47.486  21.553  13.122 0.0000000000
87403  -46.413  21.579  12.792 0.0000000000
87437  -48.491  20.657  8.830 0.0000000000
87428  -46.501  21.541  10.626 0.0000000000
124276  -44.975  21.418  13.114 0.0000000000
126805  -43.804  21.636  12.777 0.0000000000
117754  -42.748  21.484  13.120 0.0000000000
89383  -45.574  23.530  3.012 0.0000000000
88150  -43.683  22.003  4.205 0.0000000000
88139  -42.518  22.413  5.628 0.0000000000
88791  -40.103  23.203  4.209 0.0000000000
88129  -41.338  22.947  7.032 0.0000000000
88760  -42.274  22.902  8.508 0.0000000000
88735  -41.870  23.135  9.964 0.0000000000
88081  -40.467  22.624  11.797 0.0000000000
86698  -49.690  20.413  15.949 0.0000000000
122024  -49.467  20.147  15.735 0.0000000000
86697  -48.601  19.866  15.438 0.0000000000
96185  -45.882  37.164  2.933 0.0000000000
95694  -46.280  36.465  2.916 0.0000000000
95210  -45.688  36.058  2.969 0.0000000000
90934  -41.943  27.695  16.087 0.0000000000
91445  -42.020  28.629  15.836 0.0000000000
97591  -38.288  41.482  10.633 0.0000000000
115044  -38.917  40.511  10.573 0.0000000000
124584  -39.666  40.511  10.590 0.0000000000
90482  -48.533  26.497  4.736 0.0000000000
91003  -48.325  26.904  5.954 0.0000000000
89946  -48.421  25.486  4.879 0.0000000000
89371  -47.946  24.489  5.009 0.0000000000
125553  -48.415  25.046  4.038 0.0000000000
118182  -47.844  23.715  3.278 0.0000000000
89380  -47.938  24.275  2.811 0.0000000000
97617  -43.997  40.645  7.498 0.0000000000
96634  -43.200  39.223  7.659 0.0000000000
119116  -43.865  38.991  7.205 0.0000000000
93659  -48.649  32.944  5.348 0.0000000000
94184  -49.034  32.955  5.819 0.0000000000
93647  -49.000  32.466  5.686 0.0000000000
93069  -49.005  31.583  5.685 0.0000000000
92533  -48.596  30.701  5.756 0.0000000000
92532  -47.486  30.792  6.040 0.0000000000
130273  -45.229  17.879  18.154 0.0000000000
88027  -48.337  22.464  18.682 0.0000000000
126202  -48.495  21.405  18.801 0.0000000000
87335  -48.744  21.698  18.802 0.0000000000
88028  -48.412  22.553  18.605 0.0000000000
99677  -34.095  46.018  8.849 0.0000000000
99684  -33.541  45.320  8.524 0.0000000000
99685  -34.509  45.534  8.239 0.0000000000
99693  -35.068  44.979  7.653 0.0000000000
99686  -35.365  45.760  8.067 0.0000000000
101457  -40.403  50.521  8.052 0.0000000000
101447  -39.558  50.145  8.338 0.0000000000
113792  -40.348  48.087  7.488 0.0000000000
110928  -40.574  47.225  7.428 0.0000000000
114262  -41.241  48.057  7.597 0.0000000000
108330  -41.487  47.245  7.946 0.0000000000
100552  -42.046  48.191  8.152 0.0000000000
100101  -43.778  46.714  6.427 0.0000000000
99700  -43.894  45.967  7.310 0.0000000000
99710  -44.084  45.172  6.862 0.0000000000
99310  -44.543  44.315  7.229 0.0000000000
99309  -43.941  44.605  6.417 0.0000000000
117300  -43.801  45.269  6.154 0.0000000000
89808  -41.015  24.953  18.840 0.0000000000
127286  -42.575  25.282  20.354 0.0000000000
89810  -42.977  25.487  19.849 0.0000000000
89864  -47.257  25.770  15.708 0.0000000000
89865  -47.811  25.689  15.164 0.0000000000
89878  -47.796  25.542  14.340 0.0000000000
94627  -41.019  34.570  12.235 0.0000000000
94076  -41.327  33.213  13.333 0.0000000000
93539  -41.764  32.933  14.255 0.0000000000
111256  -42.311  33.544  13.697 0.0000000000
95150  -46.151  36.071  11.511 0.0000000000
95151  -46.323  36.234  12.408 0.0000000000
114529  -46.687  35.346  11.443 0.0000000000
92004  -44.826  29.435  10.834 0.0000000000
92496  -45.095  30.849  11.554 0.0000000000
91998  -44.566  29.846  11.565 0.0000000000
91991  -44.009  29.695  12.579 0.0000000000
91482  -44.115  29.072  11.929 0.0000000000
90968  -44.052  28.224  11.842 0.0000000000
90975  -44.372  27.191  10.757 0.0000000000
88111  -50.015  22.227  8.987 0.0000000000
88738  -50.712  22.285  10.276 0.0000000000
88113  -50.824  21.651  9.523 0.0000000000
87431  -50.756  21.585  9.907 0.0000000000
88124  -50.797  21.191  8.563 0.0000000000
88132  -44.196  21.866  7.510 0.0000000000
88120  -44.363  21.918  8.474 0.0000000000
88108  -43.439  22.464  9.573 0.0000000000
88119  -43.545  22.400  8.745 0.0000000000
89950  -42.705  24.562  5.176 0.0000000000
89364  -41.709  24.349  5.149 0.0000000000
88745  -38.064  23.240  8.582 0.0000000000
88731  -38.663  23.393  9.803 0.0000000000
88719  -38.201  23.221  10.561 0.0000000000
85457  -50.569  18.033  17.023 0.0000000000
123790  -46.965  20.249  14.855 0.0000000000
87369  -47.016  20.913  14.377 0.0000000000
97121  -46.067  39.771  5.487 0.0000000000
120571  -45.721  37.960  5.143 0.0000000000
96168  -46.102  37.418  4.444 0.0000000000
95202  -47.180  35.264  3.743 0.0000000000
130123  -47.024  35.616  3.718 0.0000000000
128312  -47.470  34.971  3.849 0.0000000000
94206  -47.759  34.445  4.393 0.0000000000
94194  -47.447  33.842  4.750 0.0000000000
114797  -47.142  33.180  5.572 0.0000000000
94182  -46.346  33.595  5.563 0.0000000000
94181  -45.384  33.453  6.369 0.0000000000
88679  -46.453  23.287  18.438 0.0000000000
89282  -46.970  24.577  20.014 0.0000000000
100058  -33.703  46.556  10.287 0.0000000000
101046  -43.303  49.278  5.452 0.0000000000
100590  -43.772  48.048  4.531 0.0000000000
101053  -43.482  48.995  4.342 0.0000000000
90412  -42.839  26.626  15.873 0.0000000000
90413  -43.465  26.148  15.592 0.0000000000
90414  -44.127  25.795  15.213 0.0000000000
90423  -44.114  25.923  14.388 0.0000000000
97588  -35.684  40.443  10.404 0.0000000000
95149  -41.448  36.325  11.761 0.0000000000
92514  -48.313  31.087  8.795 0.0000000000
93051  -47.731  31.678  9.593 0.0000000000
92519  -47.916  30.296  8.673 0.0000000000
90988  -46.731  27.673  7.863 0.0000000000
91509  -46.845  28.537  8.295 0.0000000000
114420  -46.041  27.899  8.507 0.0000000000
91503  -45.774  28.416  9.072 0.0000000000
90987  -45.898  27.194  8.310 0.0000000000
90462  -45.350  26.686  8.779 0.0000000000
90468  -45.887  26.289  8.033 0.0000000000
88782  -47.338  23.548  5.822 0.0000000000
89357  -46.697  24.140  6.985 0.0000000000
88772  -46.986  23.127  7.057 0.0000000000
88133  -47.908  22.028  7.398 0.0000000000
88134  -48.395  21.266  6.576 0.0000000000
88143  -47.688  21.522  5.718 0.0000000000
88160  -46.311  21.969  3.512 0.0000000000
87469  -47.247  21.013  4.936 0.0000000000
87476  -45.844  21.340  4.248 0.0000000000
114242  -45.470  21.133  5.097 0.0000000000
87475  -44.601  21.563  4.427 0.0000000000
98061  -40.854  41.663  9.967 0.0000000000
97605  -41.222  40.729  9.634 0.0000000000
97109  -41.615  39.966  9.250 0.0000000000
96146  -43.291  37.381  8.532 0.0000000000
96145  -42.695  37.990  8.963 0.0000000000
95653  -43.685  36.759  9.126 0.0000000000
95655  -45.135  36.125  10.302 0.0000000000
95156  -45.045  35.720  9.220 0.0000000000
95674  -45.334  36.248  6.284 0.0000000000
116743  -46.922  35.091  6.036 0.0000000000
94661  -48.695  33.486  7.106 0.0000000000
94659  -47.611  34.424  7.990 0.0000000000
94660  -48.279  33.793  8.067 0.0000000000
121257  -47.724  34.227  8.936 0.0000000000
128389  -48.385  33.345  8.498 0.0000000000
93607  -48.691  32.711  8.347 0.0000000000
93059  -49.166  31.938  7.789 0.0000000000
92039  -48.689  29.766  5.691 0.0000000000
92033  -48.967  29.794  6.165 0.0000000000
91526  -48.652  29.131  5.519 0.0000000000
91525  -48.626  28.398  5.455 0.0000000000
91008  -48.302  27.919  4.349 0.0000000000
91014  -48.037  27.215  3.727 0.0000000000
91007  -47.400  27.855  4.160 0.0000000000
91524  -45.604  28.434  5.542 0.0000000000
91002  -46.146  27.891  4.789 0.0000000000
90480  -44.565  26.871  5.478 0.0000000000
93063  -45.572  31.287  7.026 0.0000000000
92025  -45.649  30.382  6.684 0.0000000000
90986  -43.240  28.046  7.666 0.0000000000
86042  -46.151  20.218  17.964 0.0000000000
86030  -46.256  19.377  18.177 0.0000000000
86031  -47.235  20.118  18.391 0.0000000000
86032  -48.337  19.629  18.883 0.0000000000
86033  -49.023  19.267  19.016 0.0000000000
85440  -49.116  18.510  18.822 0.0000000000
130731  -49.423  18.961  18.722 0.0000000000
85441  -49.729  18.408  18.434 0.0000000000
86671  -49.394  19.600  18.709 0.0000000000
87347  -49.516  20.598  17.606 0.0000000000
87353  -49.665  20.807  16.420 0.0000000000
88040  -49.268  21.769  16.038 0.0000000000
97598  -29.577  40.926  9.493 0.0000000000
128290  -29.597  39.789  9.939 0.0000000000
97106  -30.834  39.924  9.556 0.0000000000
97107  -31.776  39.762  9.548 0.0000000000
97600  -31.327  40.474  9.072 0.0000000000
99278  -31.337  44.770  9.812 0.0000000000
98896  -30.859  43.895  9.231 0.0000000000
98911  -32.895  43.194  7.705 0.0000000000
121678  -32.108  42.930  8.005 0.0000000000
98079  -33.222  41.815  7.743 0.0000000000
97610  -32.925  40.736  8.513 0.0000000000
98068  -33.482  41.181  8.091 0.0000000000
98069  -34.463  40.975  8.286 0.0000000000
98081  -34.849  41.716  7.702 0.0000000000
98915  -36.573  43.196  7.237 0.0000000000
123237  -36.511  41.867  8.047 0.0000000000
98506  -37.180  42.046  8.574 0.0000000000
98497  -37.749  42.375  9.325 0.0000000000
98507  -37.754  42.558  8.148 0.0000000000
113599  -37.068  46.211  7.658 0.0000000000
100088  -37.943  46.451  7.419 0.0000000000
99304  -40.340  44.802  7.978 0.0000000000
99697  -39.464  44.944  7.282 0.0000000000
128896  -39.689  43.801  8.847 0.0000000000
98898  -39.471  43.754  10.039 0.0000000000
116824  -39.543  44.022  11.170 0.0000000000
98483  -39.876  44.183  11.674 0.0000000000
99266  -40.067  44.311  11.686 0.0000000000
99670  -42.074  45.634  10.655 0.0000000000
98899  -41.882  44.248  10.793 0.0000000000
98501  -42.708  44.469  10.272 0.0000000000
98509  -43.419  43.807  9.358 0.0000000000
101023  -42.780  49.036  8.121 0.0000000000
100537  -42.931  47.777  9.151 0.0000000000
100538  -43.186  47.715  8.971 0.0000000000
99689  -44.040  44.918  8.300 0.0000000000
127653  -43.765  44.746  8.869 0.0000000000
98908  -44.753  43.521  8.457 0.0000000000
98510  -45.147  42.892  8.285 0.0000000000
98511  -45.662  42.906  7.838 0.0000000000
98084  -46.226  41.647  7.088 0.0000000000
98520  -46.211  42.301  7.186 0.0000000000
98532  -45.365  42.434  5.898 0.0000000000
98533  -46.336  41.961  5.945 0.0000000000
97627  -46.054  40.755  5.173 0.0000000000
97637  -46.060  39.968  4.878 0.0000000000
97636  -45.432  40.039  4.720 0.0000000000
113569  -43.231  43.193  5.949 0.0000000000
98530  -42.882  42.529  5.643 0.0000000000
98529  -42.064  42.738  5.265 0.0000000000
99726  -43.603  45.962  4.679 0.0000000000
89239  -45.619  25.475  22.243 0.0000000000
90381  -47.083  27.034  21.270 0.0000000000
89249  -47.403  25.816  21.730 0.0000000000
90377  -47.590  26.505  21.617 0.0000000000
89799  -48.108  25.870  21.412 0.0000000000
89814  -48.377  26.202  20.642 0.0000000000
89846  -44.993  25.705  17.927 0.0000000000
129074  -45.600  25.871  18.155 0.0000000000
108607  -47.893  25.967  17.190 0.0000000000
89848  -47.534  26.300  18.070 0.0000000000
89849  -48.065  26.250  18.304 0.0000000000
89833  -48.441  25.720  18.891 0.0000000000
124980  -48.307  25.665  17.730 0.0000000000
88681  -48.484  23.862  17.728 0.0000000000
113679  -48.475  24.936  17.109 0.0000000000
88689  -48.699  24.171  15.105 0.0000000000
88690  -49.439  23.046  14.435 0.0000000000
88048  -49.600  22.053  14.889 0.0000000000
93515  -41.431  32.428  15.832 0.0000000000
92963  -41.520  32.014  17.367 0.0000000000
96621  -42.048  38.604  10.452 0.0000000000
96134  -41.824  38.326  11.137 0.0000000000
96126  -43.125  37.666  11.596 0.0000000000
95621  -45.616  36.771  13.539 0.0000000000
95137  -44.612  36.851  13.127 0.0000000000
95136  -43.700  35.896  13.032 0.0000000000
124371  -44.578  35.940  13.741 0.0000000000
93569  -47.038  33.142  11.655 0.0000000000
94096  -47.076  33.781  12.376 0.0000000000
93555  -46.778  33.360  12.836 0.0000000000
92995  -45.322  32.434  14.080 0.0000000000
118863  -45.984  33.338  14.792 0.0000000000
93530  -45.512  33.601  15.768 0.0000000000
94067  -45.045  34.230  15.777 0.0000000000
93518  -44.903  33.208  16.203 0.0000000000
94060  -44.490  33.408  16.196 0.0000000000
92982  -44.478  32.560  15.854 0.0000000000
91982  -43.578  29.970  13.594 0.0000000000
92454  -43.525  31.297  15.150 0.0000000000
124973  -43.044  30.557  15.182 0.0000000000
92444  -42.579  30.624  16.039 0.0000000000
91462  -42.838  28.837  14.509 0.0000000000
90437  -43.881  26.724  12.429 0.0000000000
90429  -43.725  26.684  13.136 0.0000000000
90438  -44.132  26.071  12.806 0.0000000000
89890  -44.726  25.599  13.272 0.0000000000
89891  -45.539  25.314  12.962 0.0000000000
113004  -45.360  24.771  9.222 0.0000000000
89907  -45.167  24.953  10.236 0.0000000000
114283  -45.828  24.100  10.032 0.0000000000
88736  -48.388  23.762  10.772 0.0000000000
89323  -47.152  24.189  11.312 0.0000000000
110730  -47.278  24.579  12.005 0.0000000000
89892  -46.656  25.039  12.614 0.0000000000
89317  -48.056  24.747  12.548 0.0000000000
89312  -48.705  24.841  13.112 0.0000000000
89318  -49.202  24.214  12.196 0.0000000000
88714  -50.449  22.835  11.827 0.0000000000
88059  -50.156  22.274  13.146 0.0000000000
87386  -50.012  21.837  13.034 0.0000000000
120445  -48.891  21.432  10.805 0.0000000000
126586  -48.368  21.622  12.607 0.0000000000
115096  -47.352  21.669  12.254 0.0000000000
86744  -48.898  20.461  7.401 0.0000000000
128886  -48.672  20.443  8.062 0.0000000000
87446  -47.616  20.493  8.051 0.0000000000
87427  -45.347  21.649  10.130 0.0000000000
115284  -46.346  21.351  9.753 0.0000000000
111623  -45.379  21.737  11.131 0.0000000000
109360  -45.208  21.739  11.901 0.0000000000
87401  -44.557  21.667  12.475 0.0000000000
87416  -44.562  21.875  11.550 0.0000000000
88070  -42.766  22.216  12.087 0.0000000000
87399  -42.397  21.870  12.691 0.0000000000
87379  -42.119  21.321  13.140 0.0000000000
88069  -41.946  22.266  12.178 0.0000000000
89958  -46.301  25.327  3.036 0.0000000000
89384  -46.489  23.859  2.677 0.0000000000
89379  -45.695  24.361  3.140 0.0000000000
88156  -42.166  22.914  3.558 0.0000000000
88801  -42.864  22.924  3.321 0.0000000000
88148  -42.261  22.569  4.133 0.0000000000
88149  -43.119  22.238  4.720 0.0000000000
88790  -39.227  23.590  4.367 0.0000000000
117290  -39.433  23.246  4.637 0.0000000000
109373  -40.347  23.016  6.402 0.0000000000
125921  -40.699  23.217  7.479 0.0000000000
88759  -41.482  23.179  8.270 0.0000000000
88748  -42.078  23.071  9.178 0.0000000000
88747  -41.239  23.317  9.241 0.0000000000
88721  -40.008  23.170  11.029 0.0000000000
88095  -40.874  23.057  11.009 0.0000000000
122181  -40.482  22.085  12.414 0.0000000000
86050  -50.235  19.360  16.942 0.0000000000
85465  -48.437  18.398  15.496 0.0000000000
96651  -45.887  38.095  4.062 0.0000000000
120456  -46.215  37.491  3.797 0.0000000000
95212  -46.814  35.996  3.243 0.0000000000
95201  -46.896  35.389  3.494 0.0000000000
94701  -46.325  34.233  4.762 0.0000000000
94716  -46.168  34.843  3.927 0.0000000000
90939  -43.036  26.933  15.172 0.0000000000
114780  -37.019  40.758  10.571 0.0000000000
115793  -38.600  39.474  10.511 0.0000000000
110024  -40.070  38.005  10.895 0.0000000000
91517  -48.571  28.599  6.466 0.0000000000
91510  -48.025  28.939  7.550 0.0000000000
90995  -47.562  27.263  7.050 0.0000000000
90475  -47.078  26.363  7.002 0.0000000000
89936  -46.333  25.544  7.434 0.0000000000
125059  -47.105  25.605  6.722 0.0000000000
89365  -47.260  24.477  6.285 0.0000000000
88783  -47.369  22.564  4.962 0.0000000000
88794  -47.386  22.880  3.788 0.0000000000
88803  -47.014  22.713  3.196 0.0000000000
88168  -46.395  22.716  2.977 0.0000000000
97614  -42.449  41.228  8.479 0.0000000000
97113  -42.324  40.207  8.361 0.0000000000
97114  -42.591  39.465  8.135 0.0000000000
96635  -43.237  38.250  7.813 0.0000000000
95657  -43.797  36.777  7.973 0.0000000000
94687  -47.835  34.504  5.784 0.0000000000
94688  -48.322  34.026  5.560 0.0000000000
94674  -48.742  33.468  6.190 0.0000000000
94166  -49.072  33.024  6.689 0.0000000000
93064  -49.460  31.851  6.783 0.0000000000
93070  -49.320  31.709  6.038 0.0000000000
92534  -49.072  30.671  5.970 0.0000000000
92038  -48.481  29.429  5.281 0.0000000000
91531  -47.835  28.575  4.535 0.0000000000
92036  -47.175  29.025  4.953 0.0000000000
92030  -46.994  29.565  5.426 0.0000000000
119559  -46.215  29.045  5.532 0.0000000000
84819  -46.389  17.484  18.367 0.0000000000
87345  -46.906  21.859  18.230 0.0000000000
86669  -47.599  21.176  18.499 0.0000000000
116281  -48.963  21.144  18.951 0.0000000000
86682  -49.278  20.442  18.637 0.0000000000
88036  -48.709  22.054  18.216 0.0000000000
98496  -30.045  42.183  9.108 0.0000000000
99675  -32.820  45.570  9.313 0.0000000000
113417  -31.721  44.389  8.896 0.0000000000
99287  -32.574  44.809  8.630 0.0000000000
99288  -33.301  44.205  7.884 0.0000000000
98912  -33.763  43.289  7.539 0.0000000000
98516  -35.214  42.510  7.489 0.0000000000
98913  -34.643  43.311  7.447 0.0000000000
129660  -36.280  43.890  7.182 0.0000000000
113981  -37.029  43.847  7.057 0.0000000000
101446  -38.871  49.894  8.833 0.0000000000
100089  -38.939  46.713  7.337 0.0000000000
100551  -39.647  47.402  7.439 0.0000000000
99698  -40.185  45.469  7.511 0.0000000000
99699  -40.823  45.596  8.019 0.0000000000
99281  -40.739  44.915  10.555 0.0000000000
99687  -41.416  45.917  9.102 0.0000000000
99679  -41.881  45.953  10.227 0.0000000000
100067  -42.474  46.396  10.094 0.0000000000
100554  -43.469  47.772  7.920 0.0000000000
99688  -43.869  45.628  8.142 0.0000000000
99305  -44.546  44.403  7.876 0.0000000000
98924  -46.001  42.939  7.143 0.0000000000
98923  -45.297  43.483  6.984 0.0000000000
98523  -44.871  43.178  6.422 0.0000000000
115621  -43.882  43.409  6.251 0.0000000000
112038  -43.320  43.927  5.935 0.0000000000
89280  -40.268  24.898  18.477 0.0000000000
89262  -40.331  24.571  19.348 0.0000000000
89263  -41.294  24.753  19.825 0.0000000000
89794  -42.021  24.995  20.317 0.0000000000
89797  -45.598  26.132  21.953 0.0000000000
89812  -45.055  26.275  21.123 0.0000000000
89813  -46.113  26.671  21.313 0.0000000000
89830  -46.540  26.872  20.259 0.0000000000
89856  -45.933  25.694  16.503 0.0000000000
89847  -46.168  25.957  17.724 0.0000000000
89294  -48.220  25.578  16.539 0.0000000000
89859  -48.191  25.556  15.536 0.0000000000
121958  -48.733  24.842  14.455 0.0000000000
93538  -40.886  32.667  13.799 0.0000000000
93527  -41.238  32.519  14.745 0.0000000000
93528  -42.219  32.779  15.586 0.0000000000
127547  -43.840  37.340  11.021 0.0000000000
96127  -43.965  37.368  11.698 0.0000000000
95642  -44.948  37.171  12.100 0.0000000000
95630  -46.023  36.936  13.156 0.0000000000
95138  -46.058  36.546  13.717 0.0000000000
92497  -45.917  31.196  10.939 0.0000000000
93554  -46.299  32.581  12.243 0.0000000000
93023  -44.998  31.362  12.296 0.0000000000
93010  -44.610  31.495  13.273 0.0000000000
92994  -44.559  32.058  14.676 0.0000000000
92484  -44.069  30.606  13.125 0.0000000000
91472  -43.582  29.100  13.122 0.0000000000
121946  -43.445  28.267  13.252 0.0000000000
90969  -44.054  27.175  11.681 0.0000000000
118260  -44.162  26.207  12.003 0.0000000000
88749  -46.924  23.128  9.064 0.0000000000
89329  -46.588  23.614  9.792 0.0000000000
119475  -47.696  23.374  9.866 0.0000000000
129553  -49.474  23.471  10.690 0.0000000000
88722  -49.401  23.749  11.276 0.0000000000
112797  -50.193  23.059  10.645 0.0000000000
88724  -50.609  22.597  11.005 0.0000000000
88086  -50.688  22.182  11.335 0.0000000000
87406  -50.389  21.911  11.839 0.0000000000
87421  -50.634  21.771  10.742 0.0000000000
87430  -50.314  21.262  10.063 0.0000000000
87429  -48.939  21.050  9.824 0.0000000000
123993  -45.810  21.112  7.941 0.0000000000
87445  -46.314  20.945  8.429 0.0000000000
121995  -45.332  21.456  8.548 0.0000000000
87434  -44.827  21.750  9.300 0.0000000000
88109  -44.250  22.115  10.076 0.0000000000
88085  -43.938  22.158  11.028 0.0000000000
88098  -43.317  22.453  10.434 0.0000000000
116428  -42.552  22.675  10.713 0.0000000000
89952  -44.440  25.367  4.663 0.0000000000
123803  -44.280  24.384  3.961 0.0000000000
89370  -43.038  23.941  4.191 0.0000000000
89376  -42.353  23.145  3.504 0.0000000000
89375  -41.327  23.051  3.713 0.0000000000
88769  -38.462  23.031  5.938 0.0000000000
109020  -39.390  23.026  5.524 0.0000000000
127739  -39.053  23.185  7.114 0.0000000000
88757  -39.544  23.362  8.073 0.0000000000
121813  -40.238  23.444  9.352 0.0000000000
88732  -39.609  23.414  10.105 0.0000000000
88080  -39.495  22.768  11.645 0.0000000000
88066  -38.931  22.321  12.173 0.0000000000
88079  -38.596  22.860  11.454 0.0000000000
88065  -38.070  22.402  11.964 0.0000000000
84158  -50.124  16.827  17.166 0.0000000000
97621  -45.342  40.166  6.658 0.0000000000
97118  -44.733  39.255  6.708 0.0000000000
117009  -45.148  38.714  6.279 0.0000000000
96160  -45.470  37.094  5.521 0.0000000000
95183  -46.899  35.647  4.666 0.0000000000
129969  -47.577  35.019  4.994 0.0000000000
95184  -47.968  34.534  4.814 0.0000000000
94195  -48.223  33.576  5.081 0.0000000000
93646  -48.562  32.372  5.558 0.0000000000
93645  -47.324  32.396  6.023 0.0000000000
93644  -46.041  32.163  6.775 0.0000000000
93643  -45.296  32.767  6.977 0.0000000000
85450  -45.325  18.940  17.903 0.0000000000
86679  -44.675  20.482  17.417 0.0000000000
86680  -45.518  20.788  17.658 0.0000000000
87344  -45.800  21.678  17.812 0.0000000000
88034  -45.225  22.411  17.805 0.0000000000
88035  -46.185  22.507  18.115 0.0000000000
88680  -47.480  22.770  18.643 0.0000000000
114018  -32.438  45.654  10.014 0.0000000000
99668  -33.014  46.097  10.118 0.0000000000
100064  -34.219  46.534  9.560 0.0000000000
100065  -34.866  47.024  9.721 0.0000000000
101460  -43.113  49.378  7.506 0.0000000000
101038  -43.342  48.677  7.281 0.0000000000
100569  -43.596  47.763  6.622 0.0000000000
100111  -43.709  47.398  5.503 0.0000000000
113406  -43.699  46.486  5.480 0.0000000000
90407  -43.219  25.950  16.431 0.0000000000
89862  -45.067  25.584  15.711 0.0000000000
121411  -45.658  25.582  15.086 0.0000000000
89876  -45.561  25.534  14.423 0.0000000000
94628  -42.085  34.732  12.533 0.0000000000
93586  -47.679  33.256  10.122 0.0000000000
94106  -47.450  33.852  10.692 0.0000000000
93585  -47.359  32.574  10.474 0.0000000000
93039  -46.863  31.556  10.370 0.0000000000
92018  -47.403  29.478  8.508 0.0000000000
92012  -46.907  30.183  9.363 0.0000000000
92506  -46.294  30.663  10.162 0.0000000000
112489  -45.846  29.813  9.864 0.0000000000
91496  -45.419  29.001  9.718 0.0000000000
91502  -45.047  28.162  9.756 0.0000000000
90980  -44.740  27.303  9.967 0.0000000000
90461  -44.897  26.587  9.503 0.0000000000
89919  -45.143  25.812  8.994 0.0000000000
89346  -45.795  24.297  8.422 0.0000000000
89356  -46.122  24.671  7.629 0.0000000000
88771  -46.259  23.769  7.781 0.0000000000
88761  -46.233  23.576  8.541 0.0000000000
88121  -47.757  22.575  8.361 0.0000000000
88122  -49.151  21.955  8.153 0.0000000000
87447  -50.293  20.911  7.827 0.0000000000
87455  -49.667  20.718  7.211 0.0000000000
86751  -48.979  20.736  6.841 0.0000000000
86755  -47.624  20.569  6.383 0.0000000000
87470  -47.590  21.181  5.501 0.0000000000
86761  -47.424  20.810  5.633 0.0000000000
86748  -46.737  20.561  6.678 0.0000000000
87452  -45.798  20.998  7.171 0.0000000000
87451  -44.903  21.448  6.858 0.0000000000
88141  -44.072  21.802  6.659 0.0000000000
89363  -40.714  24.279  5.001 0.0000000000
89362  -39.698  24.238  4.856 0.0000000000
88789  -38.002  23.797  4.578 0.0000000000
88778  -37.393  23.534  5.015 0.0000000000
88768  -37.255  22.925  6.065 0.0000000000
126367  -37.372  22.941  7.317 0.0000000000
97593  -39.987  41.020  10.530 0.0000000000
120421  -40.342  40.183  10.524 0.0000000000
97102  -41.092  39.873  10.224 0.0000000000
96627  -41.680  39.216  9.835 0.0000000000
96135  -42.662  38.155  10.143 0.0000000000
97110  -42.032  39.303  8.825 0.0000000000
96140  -43.202  37.499  9.671 0.0000000000
95650  -44.461  36.895  10.958 0.0000000000
130260  -45.861  35.928  10.707 0.0000000000
121701  -46.556  35.320  10.458 0.0000000000
96153  -44.256  37.259  7.010 0.0000000000
95663  -44.583  36.334  7.319 0.0000000000
95175  -45.163  35.570  8.006 0.0000000000
95176  -46.759  34.861  7.423 0.0000000000
114572  -46.025  35.151  7.986 0.0000000000
95165  -45.895  35.313  8.860 0.0000000000
95158  -46.526  35.162  9.484 0.0000000000
94647  -47.184  34.699  9.547 0.0000000000
94648  -47.545  34.222  9.749 0.0000000000
93606  -48.124  33.185  9.220 0.0000000000
93052  -48.538  31.990  8.780 0.0000000000
92520  -48.757  30.491  8.058 0.0000000000
125070  -49.410  31.250  7.209 0.0000000000
92027  -49.094  30.078  7.155 0.0000000000
92026  -48.751  29.364  6.797 0.0000000000
91004  -48.546  27.574  5.033 0.0000000000
90488  -48.299  26.508  3.749 0.0000000000
89969  -47.794  24.942  2.605 0.0000000000
90495  -47.870  26.480  3.311 0.0000000000
89959  -47.314  25.790  2.910 0.0000000000
90493  -46.077  26.201  3.645 0.0000000000
129665  -46.601  27.508  4.212 0.0000000000
90487  -45.728  27.101  4.531 0.0000000000
90485  -44.106  25.909  5.432 0.0000000000
89944  -43.281  25.503  5.903 0.0000000000
118757  -45.898  29.653  6.150 0.0000000000
92029  -45.261  29.001  6.280 0.0000000000
91515  -44.381  28.971  6.951 0.0000000000
91523  -44.683  28.319  6.268 0.0000000000
85437  -46.265  18.368  18.340 0.0000000000
123117  -47.073  17.946  18.474 0.0000000000
115953  -47.827  17.967  18.659 0.0000000000
84834  -49.695  17.344  17.942 0.0000000000
84823  -50.028  17.864  18.095 0.0000000000
85451  -50.300  18.269  17.781 0.0000000000
121344  -50.359  18.857  17.407 0.0000000000
117555  -49.817  19.681  17.774 0.0000000000
98503  -30.710  42.385  8.661 0.0000000000
98905  -31.529  43.480  8.506 0.0000000000
98504  -31.404  42.626  8.339 0.0000000000
98066  -31.283  41.771  8.421 0.0000000000
121754  -32.272  41.005  8.440 0.0000000000
113660  -33.174  40.164  9.206 0.0000000000
97602  -33.851  40.187  9.489 0.0000000000
97603  -34.550  40.439  9.404 0.0000000000
97604  -35.418  40.690  9.918 0.0000000000
98049  -36.110  41.054  10.275 0.0000000000
98082  -35.721  41.804  7.794 0.0000000000
128821  -36.048  41.488  8.423 0.0000000000
98059  -36.639  41.492  10.021 0.0000000000
98050  -37.274  41.747  10.368 0.0000000000
98051  -37.956  42.101  10.624 0.0000000000
98490  -38.678  42.651  10.629 0.0000000000
100075  -35.709  46.506  8.567 0.0000000000
100087  -36.220  45.958  7.895 0.0000000000
99695  -36.799  45.383  7.324 0.0000000000
99301  -37.554  44.607  6.986 0.0000000000
115021  -38.681  45.777  7.102 0.0000000000
99302  -38.751  43.997  7.231 0.0000000000
98917  -38.308  43.142  7.720 0.0000000000
98897  -38.861  43.186  9.754 0.0000000000
98888  -39.140  43.339  10.795 0.0000000000
98491  -39.333  43.303  11.035 0.0000000000
98492  -39.545  42.979  11.044 0.0000000000
98054  -40.294  42.670  10.671 0.0000000000
117064  -41.266  42.617  10.083 0.0000000000
98891  -41.138  44.565  11.247 0.0000000000
98499  -41.740  43.406  10.249 0.0000000000
98073  -42.582  42.063  8.770 0.0000000000
98074  -43.445  41.858  8.288 0.0000000000
98083  -44.539  41.514  7.721 0.0000000000
100536  -42.495  47.729  8.907 0.0000000000
100078  -42.778  47.225  9.692 0.0000000000
100068  -42.873  46.753  9.991 0.0000000000
100069  -43.253  46.855  9.571 0.0000000000
99283  -43.279  45.059  9.716 0.0000000000
98900  -43.293  44.385  9.614 0.0000000000
124263  -44.324  43.274  8.733 0.0000000000
98075  -44.529  42.476  8.313 0.0000000000
97618  -44.959  40.814  7.138 0.0000000000
97619  -45.985  40.966  6.856 0.0000000000
97622  -46.178  40.419  6.184 0.0000000000
97122  -46.336  40.664  5.706 0.0000000000
98525  -46.315  42.231  6.525 0.0000000000
98094  -46.462  41.448  5.898 0.0000000000
97125  -46.096  39.899  5.087 0.0000000000
97133  -45.784  38.988  4.620 0.0000000000
96650  -45.712  38.271  3.904 0.0000000000
98092  -44.160  41.885  5.545 0.0000000000
97625  -43.387  41.011  5.224 0.0000000000
99720  -43.510  45.617  5.486 0.0000000000
89281  -45.791  24.514  19.946 0.0000000000
89248  -46.378  25.531  21.941 0.0000000000
89265  -46.849  25.100  21.204 0.0000000000
89283  -48.162  24.586  20.122 0.0000000000
89284  -48.382  24.633  19.883 0.0000000000
89829  -44.686  25.751  19.023 0.0000000000
89831  -47.051  26.666  19.093 0.0000000000
90390  -48.100  26.998  20.317 0.0000000000
89832  -48.315  26.511  19.574 0.0000000000
89285  -48.590  24.931  19.336 0.0000000000
88673  -48.412  23.903  18.882 0.0000000000
88039  -48.744  22.679  17.109 0.0000000000
126986  -48.517  24.908  16.084 0.0000000000
122066  -49.764  21.647  14.481 0.0000000000
92953  -40.256  31.632  17.703 0.0000000000
120887  -41.470  31.513  17.417 0.0000000000
117857  -41.659  30.552  16.951 0.0000000000
97101  -40.619  39.485  10.633 0.0000000000
96124  -41.512  37.695  11.408 0.0000000000
95641  -43.766  37.209  12.217 0.0000000000
95640  -42.849  37.324  11.954 0.0000000000
95627  -42.346  36.510  12.086 0.0000000000
95135  -42.694  35.701  12.490 0.0000000000
94629  -43.009  34.869  12.941 0.0000000000
94616  -43.136  34.192  13.630 0.0000000000
121509  -47.036  34.444  12.386 0.0000000000
94630  -46.673  35.160  13.333 0.0000000000
95127  -46.262  35.840  14.081 0.0000000000
93540  -46.516  33.555  13.830 0.0000000000
94079  -46.452  34.084  14.590 0.0000000000
94610  -45.913  35.185  14.810 0.0000000000
94608  -44.864  35.053  14.707 0.0000000000
94077  -43.927  34.321  14.407 0.0000000000
108737  -43.307  33.679  14.636 0.0000000000
94059  -43.433  33.210  15.920 0.0000000000
119204  -42.833  32.565  16.525 0.0000000000
92993  -43.984  31.855  15.149 0.0000000000
92973  -43.335  32.508  16.430 0.0000000000
92972  -42.616  31.995  16.826 0.0000000000
128760  -42.633  31.394  16.552 0.0000000000
120817  -42.119  30.329  16.430 0.0000000000
91957  -42.253  29.612  15.815 0.0000000000
91452  -42.442  28.707  15.240 0.0000000000
90946  -42.788  27.863  14.782 0.0000000000
90947  -43.236  27.187  14.372 0.0000000000
90954  -43.439  27.380  13.542 0.0000000000
127783  -43.652  26.561  13.960 0.0000000000
89884  -44.746  25.637  14.029 0.0000000000
111053  -46.212  25.497  14.103 0.0000000000
90454  -44.542  26.463  10.328 0.0000000000
89906  -44.700  25.661  10.745 0.0000000000
89897  -44.671  25.580  11.634 0.0000000000
89328  -45.979  24.325  10.916 0.0000000000
115279  -45.467  25.104  12.146 0.0000000000
89886  -46.406  25.368  13.480 0.0000000000
113261  -47.004  25.518  14.049 0.0000000000
89879  -48.435  25.232  13.863 0.0000000000
89307  -48.887  24.718  13.653 0.0000000000
88706  -49.542  23.818  13.072 0.0000000000
88713  -49.881  23.658  12.312 0.0000000000
88700  -49.869  23.032  13.487 0.0000000000
87371  -49.539  21.416  14.108 0.0000000000
87405  -49.584  21.663  12.390 0.0000000000
87384  -47.625  21.326  13.817 0.0000000000
87383  -46.623  21.340  13.617 0.0000000000
86740  -50.498  20.839  8.233 0.0000000000
129036  -47.788  21.371  10.478 0.0000000000
87436  -46.931  20.899  9.034 0.0000000000
114209  -47.452  21.177  9.751 0.0000000000
87417  -46.199  21.696  11.803 0.0000000000
87402  -45.475  21.598  12.570 0.0000000000
87381  -44.220  21.267  13.370 0.0000000000
87415  -43.705  22.033  12.013 0.0000000000
87400  -43.140  21.826  12.704 0.0000000000
88812  -47.388  24.138  2.596 0.0000000000
88810  -45.983  23.140  2.827 0.0000000000
88167  -45.550  22.494  3.097 0.0000000000
89378  -44.610  23.488  3.345 0.0000000000
88802  -43.850  22.865  3.255 0.0000000000
88158  -44.102  22.217  3.632 0.0000000000
87460  -43.846  21.780  4.998 0.0000000000
88140  -43.562  22.036  5.855 0.0000000000
88131  -43.308  22.286  7.015 0.0000000000
89368  -40.955  23.666  4.220 0.0000000000
88780  -40.127  22.971  5.173 0.0000000000
108072  -40.824  22.788  5.902 0.0000000000
88138  -41.544  22.622  5.869 0.0000000000
88130  -42.283  22.630  6.980 0.0000000000
88118  -42.865  22.613  8.056 0.0000000000
88107  -42.806  22.709  9.015 0.0000000000
125845  -42.217  22.899  10.352 0.0000000000
88096  -41.772  22.930  10.778 0.0000000000
88734  -41.090  23.281  10.163 0.0000000000
88082  -41.416  22.629  11.611 0.0000000000
86719  -45.022  21.068  13.749 0.0000000000
86749  -47.702  20.391  7.090 0.0000000000
86750  -48.548  20.557  6.818 0.0000000000
86760  -46.880  20.616  5.915 0.0000000000
87398  -41.643  21.781  12.731 0.0000000000
87419  -48.623  21.607  11.800 0.0000000000
87439  -50.773  21.166  9.102 0.0000000000
87454  -49.131  20.850  6.855 0.0000000000
87462  -45.827  20.876  6.061 0.0000000000
87463  -48.377  20.976  6.365 0.0000000000
87477  -46.819  21.358  4.371 0.0000000000
87478  -47.197  21.433  4.695 0.0000000000
88112  -50.688  21.673  8.963 0.0000000000
88151  -47.316  21.899  4.727 0.0000000000
88155  -41.529  22.846  3.771 0.0000000000
88157  -43.085  22.591  3.647 0.0000000000
88166  -44.665  22.497  3.279 0.0000000000
88737  -50.473  22.319  9.734 0.0000000000
88770  -42.071  22.886  7.826 0.0000000000
88809  -44.974  22.998  3.041 0.0000000000
88811  -46.885  23.338  2.733 0.0000000000
89268  -48.534  25.554  19.959 0.0000000000
89372  -48.160  24.346  3.602 0.0000000000
89800  -48.074  26.631  21.133 0.0000000000
89945  -47.651  25.136  6.073 0.0000000000
89960  -48.105  25.783  3.130 0.0000000000
90389  -47.527  27.152  20.259 0.0000000000
91000  -44.217  27.525  6.299 0.0000000000
91488  -44.417  28.898  11.261 0.0000000000
91495  -44.793  28.713  10.448 0.0000000000
91969  -43.087  29.753  14.377 0.0000000000
92005  -45.210  29.444  10.298 0.0000000000
92032  -48.668  30.046  5.612 0.0000000000
92037  -47.993  29.255  4.867 0.0000000000
92513  -47.611  30.843  9.280 0.0000000000
92521  -49.230  30.709  7.458 0.0000000000
92527  -49.323  30.614  6.663 0.0000000000
92531  -46.387  30.857  6.468 0.0000000000
92981  -43.739  32.218  15.980 0.0000000000
93024  -45.673  31.697  11.796 0.0000000000
93510  -42.123  32.203  17.020 0.0000000000
93517  -43.719  32.962  16.471 0.0000000000
93519  -45.127  33.754  16.076 0.0000000000
93526  -40.403  32.241  14.313 0.0000000000
93619  -49.181  32.543  7.261 0.0000000000
93660  -48.729  33.022  5.394 0.0000000000
94068  -45.604  34.270  15.543 0.0000000000
94069  -46.128  34.498  15.071 0.0000000000
94088  -41.667  33.885  12.814 0.0000000000
94127  -47.686  33.775  9.885 0.0000000000
94609  -45.522  35.495  14.588 0.0000000000
94618  -46.456  34.872  14.347 0.0000000000
94638  -47.118  34.680  10.494 0.0000000000
94639  -47.130  34.521  11.314 0.0000000000
94672  -47.515  34.535  6.829 0.0000000000
94703  -48.138  34.125  4.774 0.0000000000
95125  -45.245  36.200  14.060 0.0000000000
95139  -46.394  36.170  13.249 0.0000000000
95203  -47.652  34.736  4.198 0.0000000000
95629  -45.344  37.189  12.924 0.0000000000
95638  -40.606  36.337  11.484 0.0000000000
95639  -41.974  37.178  11.732 0.0000000000
95643  -45.739  36.863  12.383 0.0000000000
95654  -44.353  36.382  9.739 0.0000000000
95688  -46.397  36.849  3.212 0.0000000000
96636  -44.193  38.261  6.896 0.0000000000
96640  -45.717  38.804  5.558 0.0000000000
97097  -33.564  39.765  10.068 0.0000000000
97100  -39.764  39.664  10.629 0.0000000000
97105  -29.948  40.165  9.645 0.0000000000
97115  -43.198  40.065  7.707 0.0000000000
97587  -34.245  40.097  10.042 0.0000000000
97594  -40.649  40.769  10.226 0.0000000000
97599  -30.436  40.805  9.173 0.0000000000
97608  -31.019  41.142  8.766 0.0000000000
97609  -31.663  41.026  8.607 0.0000000000
97612  -35.199  40.773  9.000 0.0000000000
98052  -38.819  42.438  10.785 0.0000000000
98053  -39.614  42.042  10.658 0.0000000000
98058  -29.955  41.475  9.202 0.0000000000
98060  -37.178  41.931  9.745 0.0000000000
98067  -31.945  41.494  8.275 0.0000000000
98070  -35.916  41.186  9.360 0.0000000000
98072  -41.692  41.672  9.214 0.0000000000
98078  -32.622  41.510  8.042 0.0000000000
98080  -33.954  41.717  7.697 0.0000000000
98085  -46.434  41.814  6.486 0.0000000000
98489  -37.796  42.274  10.339 0.0000000000
98493  -40.901  43.723  11.118 0.0000000000
98500  -42.552  43.661  9.799 0.0000000000
98513  -32.683  42.336  7.766 0.0000000000
98515  -34.312  42.474  7.508 0.0000000000
98518  -36.989  42.456  7.696 0.0000000000
98534  -46.453  41.864  6.158 0.0000000000
98892  -42.116  44.846  10.916 0.0000000000
98906  -38.409  42.800  8.855 0.0000000000
98914  -35.611  43.428  7.313 0.0000000000
98938  -42.491  44.180  5.188 0.0000000000
99272  -39.945  44.201  11.660 0.0000000000
99273  -41.617  44.972  11.057 0.0000000000
99274  -42.330  45.292  10.732 0.0000000000
99275  -42.791  45.469  10.355 0.0000000000
99280  -39.950  44.361  10.983 0.0000000000
99291  -40.872  45.140  9.076 0.0000000000
99292  -43.563  45.718  9.069 0.0000000000
99293  -44.446  44.209  8.393 0.0000000000
99297  -34.125  43.968  7.556 0.0000000000
99298  -34.865  44.160  7.445 0.0000000000
99299  -35.693  44.384  7.337 0.0000000000
99300  -36.528  44.560  7.182 0.0000000000
99303  -39.771  44.037  7.992 0.0000000000
99671  -42.558  45.944  10.313 0.0000000000
99678  -41.296  45.513  10.131 0.0000000000
99680  -43.087  46.061  10.010 0.0000000000
100090  -39.925  46.650  7.302 0.0000000000
100091  -40.573  46.299  7.546 0.0000000000
100518  -35.013  47.440  10.474 0.0000000000
100553  -42.713  48.440  8.543 0.0000000000
101002  -39.235  49.188  8.160 0.0000000000
101003  -42.939  48.342  8.631 0.0000000000
101020  -40.113  49.196  7.799 0.0000000000
113403  -46.131  32.871  13.430 0.0000000000
115045  -37.930  40.597  10.485 0.0000000000
115205  -48.205  25.021  3.208 0.0000000000
117365  -45.441  34.835  15.146 0.0000000000
117412  -47.248  33.851  11.546 0.0000000000
117502  -45.649  41.459  7.367 0.0000000000
117634  -43.406  30.533  14.425 0.0000000000
117864  -34.920  40.242  10.285 0.0000000000
118214  -44.327  28.022  11.045 0.0000000000
118369  -36.798  41.239  10.464 0.0000000000
118854  -40.565  44.429  11.456 0.0000000000
119565  -43.382  48.690  6.293 0.0000000000
119827  -38.432  44.989  6.984 0.0000000000
123025  -46.314  41.313  5.589 0.0000000000
123455  -40.098  43.710  11.503 0.0000000000
123661  -44.019  43.826  9.053 0.0000000000
124389  -49.332  20.655  7.109 0.0000000000
124690  -37.835  43.704  7.122 0.0000000000
125157  -40.955  31.824  17.623 0.0000000000
125998  -44.809  36.920  6.406 0.0000000000
126009  -49.639  20.517  8.054 0.0000000000
126058  -41.224  36.965  11.503 0.0000000000
126731  -42.579  38.158  11.035 0.0000000000
127984  -45.040  25.323  9.584 0.0000000000
128342  -48.360  32.642  8.989 0.0000000000
129005  -47.411  34.544  8.825 0.0000000000
129674  -45.135  35.831  7.120 0.0000000000
130339  -39.687  43.756  11.466 0.0000000000
130499  -48.491  28.139  4.841 0.0000000000
