#!ascii label  , from subject sub-v1s13x0050005_ses-1 vox2ras=TkReg
1337
76210  -39.697  5.378  14.767 0.0000000000
73382  -47.359  2.875  0.255 0.0000000000
113271  -44.419  14.146  15.231 0.0000000000
125419  -48.002  3.196  8.020 0.0000000000
74227  -48.561  3.650  17.593 0.0000000000
78755  -42.975  8.563  5.340 0.0000000000
119807  -47.046  14.162  6.841 0.0000000000
86079  -40.396  19.436  13.547 0.0000000000
76127  -39.736  5.748  23.828 0.0000000000
72416  -42.605  1.701  11.322 0.0000000000
129184  -43.473  4.340  6.287 0.0000000000
77151  -41.252  6.792  10.230 0.0000000000
84158  -50.124  16.827  17.166 0.0000000000
82159  -48.418  13.884  11.160 0.0000000000
84192  -47.178  16.475  13.289 0.0000000000
83547  -42.611  15.517  11.371 0.0000000000
86719  -45.022  21.068  13.749 0.0000000000
74418  -43.591  3.714  -1.339 0.0000000000
80054  -37.792  10.959  18.101 0.0000000000
79386  -41.883  9.561  15.054 0.0000000000
112314  -53.313  7.328  8.569 0.0000000000
73258  -48.660  2.204  12.502 0.0000000000
70694  -42.019  -0.314  15.931 0.0000000000
73186  -41.761  1.856  21.004 0.0000000000
76334  -44.505  5.152  1.237 0.0000000000
79504  -44.708  9.565  -0.232 0.0000000000
79436  -44.803  9.630  11.037 0.0000000000
81527  -47.582  12.271  5.450 0.0000000000
82905  -45.132  15.071  -0.140 0.0000000000
83609  -41.107  16.208  4.088 0.0000000000
84239  -38.720  16.728  8.460 0.0000000000
73256  -40.574  2.812  12.591 0.0000000000
74287  -41.375  3.794  10.356 0.0000000000
76223  -40.474  5.891  13.147 0.0000000000
86050  -50.235  19.360  16.942 0.0000000000
84180  -50.560  16.246  14.242 0.0000000000
85465  -48.437  18.398  15.496 0.0000000000
85476  -45.617  18.246  14.959 0.0000000000
73396  -45.457  3.084  -1.508 0.0000000000
82117  -36.458  13.516  18.713 0.0000000000
81437  -39.208  12.543  18.107 0.0000000000
73237  -49.306  2.626  14.961 0.0000000000
71509  -45.653  0.577  14.279 0.0000000000
72372  -46.033  1.088  16.590 0.0000000000
74175  -41.100  3.377  22.491 0.0000000000
75212  -34.835  4.484  19.168 0.0000000000
77897  -34.825  7.809  18.731 0.0000000000
77889  -32.478  7.286  19.549 0.0000000000
75350  -47.903  4.113  5.359 0.0000000000
77181  -42.801  6.400  5.720 0.0000000000
108751  -43.987  4.683  3.842 0.0000000000
77210  -43.548  6.661  3.678 0.0000000000
78043  -44.490  7.793  0.796 0.0000000000
79482  -43.983  9.483  3.600 0.0000000000
80765  -42.771  12.232  14.423 0.0000000000
78681  -44.143  8.457  13.374 0.0000000000
80773  -44.458  11.982  12.729 0.0000000000
82813  -48.527  14.260  9.351 0.0000000000
80803  -47.839  12.123  8.784 0.0000000000
82195  -48.777  13.376  6.187 0.0000000000
82223  -47.846  14.086  2.356 0.0000000000
82873  -47.175  14.767  3.784 0.0000000000
83632  -42.964  16.093  1.483 0.0000000000
82859  -44.403  14.608  5.337 0.0000000000
84187  -41.413  17.024  13.021 0.0000000000
84224  -40.703  16.147  10.044 0.0000000000
84213  -39.727  16.925  11.254 0.0000000000
84221  -37.867  16.964  9.978 0.0000000000
85496  -38.526  18.432  12.610 0.0000000000
72440  -45.367  1.681  9.857 0.0000000000
74327  -45.237  2.995  6.926 0.0000000000
74299  -42.940  2.937  8.904 0.0000000000
76261  -41.819  5.352  8.342 0.0000000000
77983  -41.911  7.318  7.893 0.0000000000
83511  -47.012  15.432  16.035 0.0000000000
82782  -46.289  14.322  13.854 0.0000000000
82776  -48.935  14.866  13.811 0.0000000000
83541  -49.090  15.137  11.885 0.0000000000
83561  -46.417  15.142  10.894 0.0000000000
82810  -44.834  14.589  9.544 0.0000000000
122065  -44.668  16.006  12.790 0.0000000000
84873  -43.694  17.203  14.059 0.0000000000
86066  -43.055  20.032  13.948 0.0000000000
76341  -42.792  6.069  0.038 0.0000000000
78648  -38.844  8.079  17.127 0.0000000000
77926  -40.951  7.206  15.069 0.0000000000
80059  -39.643  10.016  16.705 0.0000000000
81443  -40.882  12.175  16.568 0.0000000000
82751  -43.145  14.215  17.260 0.0000000000
84153  -42.860  16.713  17.842 0.0000000000
83487  -45.471  15.984  17.972 0.0000000000
75308  -50.462  4.625  8.415 0.0000000000
129839  -51.501  4.821  10.296 0.0000000000
73283  -48.525  2.495  10.252 0.0000000000
72408  -46.005  0.966  12.013 0.0000000000
71522  -42.510  0.615  13.391 0.0000000000
75216  -47.280  5.182  19.574 0.0000000000
76143  -43.697  5.678  22.707 0.0000000000
74195  -44.088  3.966  21.054 0.0000000000
73198  -45.376  2.697  19.253 0.0000000000
72350  -41.748  0.375  18.686 0.0000000000
118694  -38.274  4.719  16.513 0.0000000000
75394  -48.226  4.109  0.810 0.0000000000
74366  -46.275  3.625  4.630 0.0000000000
74385  -45.400  3.537  2.471 0.0000000000
125066  -46.343  4.216  -0.640 0.0000000000
76343  -45.375  5.398  -2.093 0.0000000000
78057  -45.022  7.879  -2.178 0.0000000000
115929  -44.193  9.061  -1.659 0.0000000000
77937  -41.973  7.533  13.606 0.0000000000
78708  -42.460  8.833  11.178 0.0000000000
79450  -42.598  9.942  8.012 0.0000000000
80786  -46.301  11.461  11.049 0.0000000000
80808  -45.831  11.364  8.719 0.0000000000
80829  -44.318  11.379  5.474 0.0000000000
80846  -45.132  11.879  2.776 0.0000000000
80865  -45.275  11.717  -0.016 0.0000000000
80864  -43.873  11.481  -0.363 0.0000000000
83575  -42.646  15.153  7.772 0.0000000000
84258  -40.277  16.521  6.475 0.0000000000
83605  -36.667  16.051  4.809 0.0000000000
117556  -35.954  15.626  6.953 0.0000000000
84227  -35.379  16.117  9.539 0.0000000000
75260  -39.933  4.192  13.509 0.0000000000
120808  -40.275  4.246  12.758 0.0000000000
111682  -40.221  5.598  13.816 0.0000000000
85466  -49.620  18.159  15.796 0.0000000000
86057  -47.498  19.712  15.263 0.0000000000
73389  -45.996  2.801  -0.810 0.0000000000
73231  -48.739  2.716  16.463 0.0000000000
73236  -48.080  2.032  16.097 0.0000000000
73230  -48.054  2.384  16.835 0.0000000000
75202  -33.823  3.085  20.185 0.0000000000
77079  -33.745  6.032  19.340 0.0000000000
75321  -48.734  4.155  7.049 0.0000000000
74346  -48.110  3.750  6.848 0.0000000000
77191  -42.757  7.291  5.705 0.0000000000
77198  -43.287  6.683  4.389 0.0000000000
78023  -43.231  7.652  4.462 0.0000000000
78032  -43.778  8.009  3.119 0.0000000000
79477  -43.686  9.358  4.295 0.0000000000
82141  -43.749  13.575  14.939 0.0000000000
80766  -43.278  12.101  13.793 0.0000000000
112447  -43.977  13.461  14.286 0.0000000000
82825  -48.209  14.176  8.586 0.0000000000
82194  -48.730  13.429  7.382 0.0000000000
82849  -48.304  13.867  6.334 0.0000000000
82862  -48.377  14.249  5.028 0.0000000000
82861  -47.004  14.421  4.963 0.0000000000
82872  -45.865  14.612  4.348 0.0000000000
82848  -45.662  14.311  6.581 0.0000000000
84870  -41.000  17.731  13.348 0.0000000000
84882  -40.515  17.198  12.618 0.0000000000
85498  -40.136  17.935  13.091 0.0000000000
84880  -38.906  17.854  12.245 0.0000000000
86078  -39.516  19.533  13.344 0.0000000000
72428  -43.959  1.595  10.340 0.0000000000
73293  -44.579  2.212  9.065 0.0000000000
73280  -43.215  2.079  9.973 0.0000000000
75285  -40.845  5.255  10.676 0.0000000000
75305  -41.684  4.685  8.946 0.0000000000
76253  -41.444  5.557  9.203 0.0000000000
77165  -42.034  6.564  7.714 0.0000000000
118282  -41.569  6.921  8.921 0.0000000000
83504  -48.591  15.940  16.646 0.0000000000
83512  -47.822  15.319  15.471 0.0000000000
83505  -49.748  15.825  15.975 0.0000000000
84179  -49.636  16.372  13.634 0.0000000000
84194  -49.547  15.589  12.867 0.0000000000
84205  -48.980  15.573  12.252 0.0000000000
83562  -47.998  14.950  10.635 0.0000000000
83539  -47.010  15.754  12.016 0.0000000000
83549  -45.337  15.385  11.577 0.0000000000
84203  -46.431  16.177  12.786 0.0000000000
86069  -45.482  19.372  14.808 0.0000000000
84874  -44.589  17.095  14.199 0.0000000000
86068  -44.364  19.615  14.447 0.0000000000
126120  -43.153  18.717  14.325 0.0000000000
86703  -43.746  20.098  14.139 0.0000000000
75399  -42.958  5.106  -0.387 0.0000000000
79372  -38.433  9.228  17.445 0.0000000000
79373  -39.230  9.241  16.944 0.0000000000
127596  -38.970  9.858  17.195 0.0000000000
119792  -39.489  13.746  18.442 0.0000000000
81440  -40.448  12.522  17.286 0.0000000000
82123  -40.799  13.220  17.647 0.0000000000
82128  -42.096  13.247  16.702 0.0000000000
82746  -41.766  14.488  18.083 0.0000000000
85447  -42.081  18.162  17.132 0.0000000000
84139  -43.860  15.826  18.196 0.0000000000
84818  -44.479  17.178  18.159 0.0000000000
84154  -46.307  16.323  17.903 0.0000000000
85437  -46.265  18.368  18.340 0.0000000000
76274  -51.308  5.837  7.425 0.0000000000
76264  -51.600  5.703  8.288 0.0000000000
75278  -51.479  4.676  11.683 0.0000000000
74279  -50.217  3.454  11.377 0.0000000000
74290  -49.935  3.376  10.494 0.0000000000
73284  -48.826  2.490  11.056 0.0000000000
72432  -47.291  1.713  10.770 0.0000000000
72410  -47.295  1.439  12.294 0.0000000000
115641  -43.974  0.137  14.997 0.0000000000
71523  -44.271  0.385  13.729 0.0000000000
114924  -42.451  0.349  14.131 0.0000000000
76129  -41.415  5.992  23.516 0.0000000000
75191  -42.890  4.058  22.025 0.0000000000
73179  -42.968  2.817  21.057 0.0000000000
74211  -44.947  3.221  19.914 0.0000000000
73196  -43.832  2.186  20.008 0.0000000000
72345  -44.313  1.526  19.009 0.0000000000
73208  -41.974  0.839  19.430 0.0000000000
77094  -38.106  5.805  17.213 0.0000000000
77088  -36.990  6.714  18.131 0.0000000000
118055  -48.755  4.201  1.483 0.0000000000
74342  -44.665  3.472  6.353 0.0000000000
74343  -45.639  3.404  6.107 0.0000000000
74353  -44.835  3.639  5.656 0.0000000000
75371  -44.217  4.632  3.141 0.0000000000
74384  -44.732  3.918  2.848 0.0000000000
74395  -44.870  3.834  2.034 0.0000000000
74397  -46.415  3.866  0.926 0.0000000000
75402  -45.595  4.485  -0.193 0.0000000000
115465  -45.874  4.580  -1.071 0.0000000000
110326  -44.929  5.077  -0.053 0.0000000000
78789  -44.709  8.706  -0.140 0.0000000000
78047  -44.843  7.859  -0.654 0.0000000000
123172  -45.043  8.510  -1.131 0.0000000000
78802  -44.807  8.549  -1.843 0.0000000000
79511  -44.564  9.360  -1.266 0.0000000000
78657  -41.650  8.722  15.108 0.0000000000
77927  -41.549  7.548  14.571 0.0000000000
78658  -42.450  8.805  14.619 0.0000000000
78701  -44.638  8.731  12.479 0.0000000000
78700  -44.077  8.439  12.528 0.0000000000
79427  -44.087  9.007  11.695 0.0000000000
79442  -42.734  9.691  10.024 0.0000000000
113827  -43.442  10.225  9.690 0.0000000000
82153  -47.213  13.741  12.163 0.0000000000
81473  -46.516  13.025  11.699 0.0000000000
81479  -46.899  12.592  10.985 0.0000000000
80817  -47.835  12.023  7.164 0.0000000000
80809  -46.977  11.552  8.556 0.0000000000
80825  -46.745  11.787  6.926 0.0000000000
80815  -44.249  11.374  7.239 0.0000000000
110520  -45.276  11.828  5.514 0.0000000000
80830  -44.768  11.610  4.696 0.0000000000
81535  -46.340  12.474  3.899 0.0000000000
82899  -46.740  14.913  1.081 0.0000000000
81558  -46.537  13.458  1.445 0.0000000000
82237  -45.684  13.635  -0.111 0.0000000000
81569  -44.796  12.364  -0.390 0.0000000000
81563  -44.101  12.906  -0.005 0.0000000000
81556  -43.740  12.986  0.612 0.0000000000
82897  -43.730  15.091  0.478 0.0000000000
83621  -42.585  16.008  2.471 0.0000000000
112539  -41.762  15.764  1.886 0.0000000000
130202  -43.250  14.949  10.150 0.0000000000
83576  -43.444  14.686  7.941 0.0000000000
83569  -42.355  15.303  9.132 0.0000000000
84232  -40.153  16.470  9.201 0.0000000000
84249  -40.346  16.471  7.464 0.0000000000
84248  -39.504  16.644  6.954 0.0000000000
130214  -38.592  16.562  5.362 0.0000000000
84256  -37.645  16.493  6.460 0.0000000000
84245  -36.150  15.693  6.168 0.0000000000
84238  -37.582  16.622  8.279 0.0000000000
84889  -37.745  17.590  11.367 0.0000000000
84220  -36.943  16.801  10.001 0.0000000000
84212  -36.062  16.930  11.092 0.0000000000
84218  -35.298  16.434  10.436 0.0000000000
73257  -41.135  2.388  12.149 0.0000000000
73278  -41.687  2.963  10.757 0.0000000000
74277  -41.076  3.529  11.180 0.0000000000
75275  -40.634  5.145  11.498 0.0000000000
76237  -40.864  6.067  11.147 0.0000000000
84163  -50.823  16.481  15.582 0.0000000000
85467  -50.368  17.691  16.229 0.0000000000
84847  -49.074  17.683  15.188 0.0000000000
84861  -48.585  17.197  14.527 0.0000000000
84177  -46.543  16.891  14.128 0.0000000000
85477  -46.589  17.991  15.099 0.0000000000
86070  -46.528  19.560  15.041 0.0000000000
73394  -44.172  2.988  -1.418 0.0000000000
118582  -37.059  12.304  18.566 0.0000000000
80745  -38.186  11.749  18.170 0.0000000000
118813  -37.376  12.835  18.585 0.0000000000
74257  -49.584  2.827  13.503 0.0000000000
117017  -47.656  1.520  13.559 0.0000000000
72384  -47.642  1.524  14.295 0.0000000000
71489  -45.926  0.820  15.829 0.0000000000
71487  -44.521  0.488  16.262 0.0000000000
74156  -39.863  4.120  23.325 0.0000000000
74191  -39.335  2.068  22.298 0.0000000000
75220  -35.493  4.315  18.764 0.0000000000
77087  -36.212  6.431  18.452 0.0000000000
127414  -34.357  6.123  19.091 0.0000000000
111910  -33.211  8.028  19.281 0.0000000000
76284  -42.823  5.545  6.085 0.0000000000
75347  -43.885  4.401  5.210 0.0000000000
76297  -43.128  5.620  5.356 0.0000000000
76316  -43.543  5.960  3.948 0.0000000000
76325  -44.128  5.490  2.447 0.0000000000
109436  -44.350  6.194  1.384 0.0000000000
78037  -44.150  7.677  2.128 0.0000000000
78779  -44.148  8.683  2.454 0.0000000000
79496  -44.468  9.384  1.769 0.0000000000
80759  -42.417  11.328  14.691 0.0000000000
79398  -43.087  9.216  14.286 0.0000000000
80071  -43.034  11.156  14.162 0.0000000000
80079  -44.459  9.882  13.133 0.0000000000
80088  -45.421  10.175  12.023 0.0000000000
82165  -48.600  14.045  10.591 0.0000000000
81490  -47.937  12.730  10.004 0.0000000000
81500  -48.711  13.386  9.189 0.0000000000
81513  -48.516  12.548  7.472 0.0000000000
81528  -48.436  12.609  5.627 0.0000000000
81536  -47.597  12.907  3.805 0.0000000000
82217  -49.013  13.940  3.810 0.0000000000
82883  -47.790  14.860  2.634 0.0000000000
83624  -46.889  15.295  1.933 0.0000000000
83641  -44.599  15.865  0.613 0.0000000000
83622  -44.872  15.617  2.471 0.0000000000
83612  -43.763  15.544  3.174 0.0000000000
117264  -43.061  15.325  4.624 0.0000000000
84215  -42.230  15.874  11.986 0.0000000000
83568  -41.651  15.645  9.736 0.0000000000
84214  -41.390  16.147  11.682 0.0000000000
84223  -40.190  16.525  10.719 0.0000000000
118510  -39.506  16.792  10.394 0.0000000000
84230  -38.307  16.797  9.240 0.0000000000
84898  -39.031  17.183  10.944 0.0000000000
84879  -38.071  18.006  12.043 0.0000000000
85495  -37.655  18.589  12.433 0.0000000000
73295  -46.350  2.080  9.249 0.0000000000
73324  -46.623  2.761  7.647 0.0000000000
73307  -45.521  2.301  8.605 0.0000000000
74310  -44.040  2.837  7.874 0.0000000000
74325  -43.588  3.495  7.383 0.0000000000
74298  -42.335  3.409  9.239 0.0000000000
74308  -42.571  3.640  8.472 0.0000000000
75319  -42.628  4.724  7.281 0.0000000000
76271  -42.542  5.562  6.926 0.0000000000
77992  -42.290  7.318  7.162 0.0000000000
78746  -42.412  8.274  6.908 0.0000000000
82759  -46.239  15.254  16.071 0.0000000000
82143  -45.319  14.161  14.199 0.0000000000
82764  -46.903  15.065  15.346 0.0000000000
128980  -48.014  14.652  13.875 0.0000000000
82784  -48.724  14.643  13.030 0.0000000000
83523  -50.512  15.845  14.372 0.0000000000
82785  -49.351  14.956  12.510 0.0000000000
82797  -48.579  14.568  11.370 0.0000000000
82805  -48.566  14.485  10.628 0.0000000000
111456  -48.306  14.591  10.007 0.0000000000
82811  -46.189  14.552  9.313 0.0000000000
82822  -45.206  14.313  7.982 0.0000000000
82803  -45.659  14.808  10.170 0.0000000000
83560  -45.004  15.021  10.869 0.0000000000
127105  -43.793  15.546  11.978 0.0000000000
84190  -45.072  16.668  13.787 0.0000000000
114992  -44.286  16.502  13.496 0.0000000000
84189  -43.219  16.641  13.388 0.0000000000
84872  -42.780  17.385  13.880 0.0000000000
111742  -42.014  19.017  14.045 0.0000000000
86081  -42.109  19.894  13.792 0.0000000000
77100  -39.399  6.696  16.376 0.0000000000
77101  -40.206  6.811  15.615 0.0000000000
77910  -39.923  7.598  16.267 0.0000000000
78651  -40.269  8.505  16.152 0.0000000000
129430  -40.894  10.132  15.763 0.0000000000
80749  -39.412  11.426  17.329 0.0000000000
80753  -40.589  11.366  16.339 0.0000000000
80754  -41.299  11.830  15.927 0.0000000000
81448  -41.983  12.373  15.609 0.0000000000
82132  -42.847  13.309  15.789 0.0000000000
82130  -44.011  14.183  16.084 0.0000000000
113022  -41.551  15.711  17.926 0.0000000000
83485  -43.213  15.229  18.015 0.0000000000
83495  -44.161  15.135  17.667 0.0000000000
82754  -45.133  15.068  16.643 0.0000000000
111503  -46.033  15.829  17.419 0.0000000000
84155  -47.148  16.556  17.790 0.0000000000
84144  -48.617  17.285  18.274 0.0000000000
75323  -50.161  4.848  7.525 0.0000000000
74330  -49.060  3.909  7.781 0.0000000000
76247  -52.438  5.937  10.469 0.0000000000
76255  -52.485  6.080  9.663 0.0000000000
75297  -50.730  4.453  9.266 0.0000000000
74301  -49.543  3.379  9.554 0.0000000000
73310  -48.101  2.872  8.658 0.0000000000
73281  -46.887  1.873  9.957 0.0000000000
72430  -45.662  1.456  10.485 0.0000000000
71545  -44.286  0.986  11.696 0.0000000000
71537  -46.158  0.853  12.834 0.0000000000
71535  -44.534  0.729  12.359 0.0000000000
72406  -42.328  1.367  12.171 0.0000000000
73247  -40.855  2.004  12.828 0.0000000000
77057  -45.396  6.302  22.003 0.0000000000
75174  -42.433  4.589  22.600 0.0000000000
76154  -44.107  5.224  22.058 0.0000000000
76156  -45.519  5.712  21.366 0.0000000000
75207  -46.010  4.926  20.347 0.0000000000
74213  -46.329  3.842  19.348 0.0000000000
73211  -47.205  2.926  18.134 0.0000000000
72354  -45.984  1.755  17.989 0.0000000000
125690  -44.448  0.837  17.614 0.0000000000
71475  -42.348  -0.014  17.241 0.0000000000
76201  -38.682  4.972  15.997 0.0000000000
77099  -38.697  6.216  16.797 0.0000000000
78646  -37.671  7.965  17.757 0.0000000000
79365  -37.175  9.281  18.161 0.0000000000
120401  -36.543  10.342  18.429 0.0000000000
73373  -49.270  3.203  1.865 0.0000000000
74398  -48.785  3.581  1.136 0.0000000000
74409  -47.655  3.674  0.046 0.0000000000
74344  -46.643  3.419  6.291 0.0000000000
74355  -46.455  3.567  5.471 0.0000000000
74365  -45.147  3.684  4.356 0.0000000000
120397  -46.197  3.643  3.827 0.0000000000
75372  -47.219  3.983  2.352 0.0000000000
75382  -47.404  4.129  1.249 0.0000000000
75404  -47.654  3.946  0.132 0.0000000000
74419  -47.010  3.926  -0.444 0.0000000000
73397  -46.226  3.737  -1.186 0.0000000000
75419  -45.516  4.410  -2.214 0.0000000000
76355  -44.882  5.022  -2.566 0.0000000000
76338  -45.123  6.033  -1.293 0.0000000000
117267  -45.064  6.433  -2.347 0.0000000000
76348  -44.523  6.078  -2.292 0.0000000000
77232  -44.245  6.738  -2.088 0.0000000000
78051  -43.413  7.641  -0.982 0.0000000000
79502  -43.472  9.061  -0.901 0.0000000000
111295  -40.553  6.224  14.027 0.0000000000
77129  -41.273  7.043  13.081 0.0000000000
77137  -41.054  6.844  12.065 0.0000000000
77939  -43.521  8.090  13.492 0.0000000000
77957  -42.423  8.039  12.424 0.0000000000
77967  -41.457  7.651  10.562 0.0000000000
78719  -41.659  8.310  9.709 0.0000000000
79449  -42.144  9.195  8.398 0.0000000000
79457  -42.779  9.922  6.926 0.0000000000
110173  -45.076  13.313  13.073 0.0000000000
80779  -45.749  11.190  11.625 0.0000000000
80094  -45.808  10.401  11.262 0.0000000000
80795  -47.121  11.822  10.033 0.0000000000
80112  -46.517  11.033  10.031 0.0000000000
80110  -45.104  10.650  9.774 0.0000000000
124971  -44.019  11.086  8.251 0.0000000000
80814  -43.429  10.780  6.966 0.0000000000
120914  -43.318  9.904  5.418 0.0000000000
79478  -44.029  10.130  4.043 0.0000000000
80150  -44.793  10.758  1.519 0.0000000000
81543  -46.808  12.904  3.059 0.0000000000
80852  -45.252  11.680  1.633 0.0000000000
80166  -44.962  10.972  0.001 0.0000000000
80870  -44.598  10.909  -0.547 0.0000000000
80175  -43.928  10.624  -0.955 0.0000000000
82889  -42.972  15.180  0.891 0.0000000000
82834  -43.931  14.524  7.197 0.0000000000
83583  -43.106  14.875  7.107 0.0000000000
83589  -42.136  15.587  6.015 0.0000000000
83574  -41.653  15.700  8.646 0.0000000000
84250  -41.041  16.235  7.074 0.0000000000
84267  -41.019  16.284  5.122 0.0000000000
84273  -38.996  16.493  3.610 0.0000000000
83607  -38.117  16.141  3.899 0.0000000000
82844  -37.594  14.904  5.835 0.0000000000
84229  -37.202  16.653  9.143 0.0000000000
83567  -35.355  15.662  8.527 0.0000000000
87378  -41.354  21.138  13.177 0.0000000000
87377  -40.522  21.016  13.171 0.0000000000
86713  -39.205  20.342  13.195 0.0000000000
112471  -38.047  19.782  12.929 0.0000000000
120266  -36.818  20.175  12.685 0.0000000000
75248  -39.800  5.000  14.083 0.0000000000
73381  -46.428  2.418  0.011 0.0000000000
74228  -49.209  3.938  17.241 0.0000000000
74234  -49.456  3.493  16.499 0.0000000000
74233  -48.890  3.297  17.042 0.0000000000
73222  -48.335  2.926  17.249 0.0000000000
74329  -48.364  3.606  7.559 0.0000000000
114627  -47.544  3.269  7.400 0.0000000000
78001  -42.754  7.957  5.673 0.0000000000
78013  -42.953  7.847  5.084 0.0000000000
78765  -43.352  8.554  4.560 0.0000000000
82142  -44.525  13.935  14.584 0.0000000000
82837  -47.129  14.227  7.969 0.0000000000
82838  -48.145  13.939  7.596 0.0000000000
126391  -47.484  14.214  5.844 0.0000000000
110018  -46.493  14.284  5.965 0.0000000000
85484  -40.672  18.541  13.541 0.0000000000
85483  -39.815  18.705  13.311 0.0000000000
72427  -43.134  1.727  10.648 0.0000000000
73279  -42.481  2.364  10.500 0.0000000000
76245  -41.104  5.904  10.149 0.0000000000
77156  -41.410  6.452  9.433 0.0000000000
84161  -49.429  16.305  16.891 0.0000000000
84178  -47.936  16.764  13.882 0.0000000000
84193  -48.659  16.206  12.913 0.0000000000
84204  -47.817  16.021  12.420 0.0000000000
116404  -45.169  20.395  14.334 0.0000000000
85475  -44.717  18.551  14.685 0.0000000000
86718  -44.321  20.599  14.054 0.0000000000
129452  -43.783  3.044  -0.977 0.0000000000
75400  -43.167  4.203  -0.397 0.0000000000
75411  -43.403  4.782  -1.325 0.0000000000
127480  -37.760  9.523  17.841 0.0000000000
80056  -38.271  10.197  17.663 0.0000000000
82744  -39.955  14.412  18.351 0.0000000000
82120  -40.390  13.752  18.190 0.0000000000
82745  -40.853  14.414  18.211 0.0000000000
82121  -41.273  13.858  17.956 0.0000000000
84833  -44.220  17.948  17.798 0.0000000000
130273  -45.229  17.879  18.154 0.0000000000
77984  -52.911  7.162  7.740 0.0000000000
77166  -52.022  6.360  7.684 0.0000000000
76265  -52.496  6.389  8.677 0.0000000000
110397  -49.544  2.922  11.200 0.0000000000
73270  -49.116  2.543  11.868 0.0000000000
73269  -48.400  2.110  11.711 0.0000000000
72411  -48.012  1.751  12.338 0.0000000000
71496  -43.347  0.036  15.513 0.0000000000
71506  -43.234  0.143  14.625 0.0000000000
127113  -42.389  -0.078  15.141 0.0000000000
71505  -41.452  0.479  14.409 0.0000000000
71495  -41.366  -0.010  15.400 0.0000000000
76128  -40.545  5.887  23.639 0.0000000000
73177  -41.769  2.541  21.574 0.0000000000
73178  -42.336  2.478  21.208 0.0000000000
73188  -43.401  2.468  20.494 0.0000000000
73187  -42.600  2.007  20.613 0.0000000000
73195  -42.520  1.430  19.966 0.0000000000
121492  -41.811  1.291  20.264 0.0000000000
75227  -37.349  4.338  17.443 0.0000000000
76189  -37.479  5.343  17.582 0.0000000000
76183  -36.817  5.721  18.139 0.0000000000
75373  -47.888  4.319  2.843 0.0000000000
74341  -43.843  3.762  6.587 0.0000000000
75335  -44.053  4.032  5.807 0.0000000000
75381  -44.506  4.468  2.179 0.0000000000
75392  -44.933  4.244  1.116 0.0000000000
128810  -44.599  9.300  0.732 0.0000000000
118621  -44.807  9.117  -0.888 0.0000000000
128799  -44.642  9.635  -0.816 0.0000000000
78669  -42.018  8.107  14.605 0.0000000000
79428  -45.069  9.221  11.803 0.0000000000
79435  -43.739  9.757  10.647 0.0000000000
82158  -47.635  13.480  11.397 0.0000000000
81519  -47.769  12.094  6.291 0.0000000000
125506  -46.869  11.994  6.080 0.0000000000
80824  -45.849  11.879  6.260 0.0000000000
80832  -46.364  12.093  5.469 0.0000000000
80831  -45.789  12.120  4.721 0.0000000000
81526  -47.011  12.434  4.663 0.0000000000
82898  -46.220  15.267  0.507 0.0000000000
82238  -46.227  14.613  0.314 0.0000000000
119674  -45.593  14.644  -0.134 0.0000000000
82236  -44.959  14.171  -0.245 0.0000000000
82235  -44.183  13.991  0.206 0.0000000000
82904  -44.469  15.056  0.049 0.0000000000
83610  -42.069  15.799  3.820 0.0000000000
127905  -41.631  16.106  2.509 0.0000000000
83620  -40.929  16.188  2.933 0.0000000000
84275  -40.409  16.373  3.450 0.0000000000
83559  -42.954  15.203  10.719 0.0000000000
83570  -43.113  14.898  9.443 0.0000000000
124774  -42.553  15.215  9.974 0.0000000000
84240  -39.590  16.633  8.491 0.0000000000
110992  -39.789  16.605  7.806 0.0000000000
108453  -39.089  16.688  7.715 0.0000000000
108452  -38.614  16.662  6.919 0.0000000000
84247  -38.114  16.648  7.523 0.0000000000
85507  -37.097  17.965  11.928 0.0000000000
84888  -36.934  17.365  11.247 0.0000000000
74266  -40.815  3.174  11.905 0.0000000000
74265  -40.467  3.564  12.418 0.0000000000
121595  -40.419  5.074  12.444 0.0000000000
123974  -40.583  4.159  11.843 0.0000000000
76231  -40.644  5.933  12.163 0.0000000000
84839  -50.691  17.270  16.414 0.0000000000
84846  -47.736  17.843  15.144 0.0000000000
86705  -47.914  20.465  14.928 0.0000000000
86704  -46.130  20.318  14.611 0.0000000000
72535  -45.558  1.996  -0.187 0.0000000000
73388  -45.144  2.343  -0.951 0.0000000000
73395  -44.769  2.727  -1.440 0.0000000000
125128  -36.467  12.373  18.652 0.0000000000
81434  -36.785  12.890  18.664 0.0000000000
74245  -49.792  3.001  14.355 0.0000000000
119517  -49.115  2.460  14.159 0.0000000000
72385  -48.354  1.902  14.040 0.0000000000
124517  -48.715  2.195  14.742 0.0000000000
72373  -46.631  1.322  16.263 0.0000000000
108084  -47.322  1.540  15.757 0.0000000000
115349  -45.149  0.577  15.817 0.0000000000
71488  -45.365  0.778  16.472 0.0000000000
74201  -35.495  1.290  19.932 0.0000000000
75213  -35.296  2.702  19.137 0.0000000000
75221  -35.964  3.533  18.457 0.0000000000
76176  -35.256  5.257  18.859 0.0000000000
76181  -34.652  5.392  19.109 0.0000000000
77890  -33.276  7.081  19.329 0.0000000000
77211  -43.802  6.183  3.158 0.0000000000
108349  -44.065  6.602  2.310 0.0000000000
77221  -43.757  7.091  3.048 0.0000000000
78773  -43.875  8.837  3.327 0.0000000000
79488  -44.240  9.474  2.777 0.0000000000
80070  -42.735  10.300  14.464 0.0000000000
80772  -43.894  11.999  13.201 0.0000000000
80078  -43.747  10.822  13.515 0.0000000000
122045  -44.418  10.984  12.886 0.0000000000
80087  -44.962  9.982  12.576 0.0000000000
80778  -45.105  11.281  12.310 0.0000000000
120315  -48.682  14.148  9.971 0.0000000000
81491  -48.582  13.544  9.885 0.0000000000
120599  -48.808  13.595  8.883 0.0000000000
81514  -48.853  13.043  7.847 0.0000000000
81521  -48.873  12.959  6.904 0.0000000000
81520  -48.496  12.522  6.566 0.0000000000
81529  -48.838  12.995  5.901 0.0000000000
81537  -48.849  13.204  4.971 0.0000000000
82202  -48.945  13.536  5.214 0.0000000000
128250  -48.055  14.582  4.195 0.0000000000
121465  -48.098  14.715  3.429 0.0000000000
111801  -47.206  15.075  2.812 0.0000000000
83623  -46.204  15.408  2.318 0.0000000000
82882  -46.061  15.046  3.237 0.0000000000
111657  -44.848  14.607  4.711 0.0000000000
82881  -44.844  14.946  3.756 0.0000000000
82871  -43.909  14.988  4.461 0.0000000000
82858  -43.517  14.864  5.558 0.0000000000
84199  -41.833  16.418  12.540 0.0000000000
84198  -41.115  16.652  12.347 0.0000000000
126285  -39.898  17.062  12.012 0.0000000000
84892  -40.493  16.621  11.687 0.0000000000
110051  -39.984  16.551  9.948 0.0000000000
84891  -39.293  17.379  11.761 0.0000000000
85482  -38.983  18.875  13.127 0.0000000000
86091  -38.199  19.090  12.862 0.0000000000
115918  -45.706  1.918  9.383 0.0000000000
73294  -45.169  1.969  9.327 0.0000000000
73305  -43.768  2.566  8.745 0.0000000000
124950  -44.533  2.485  8.403 0.0000000000
74309  -43.287  3.221  8.174 0.0000000000
74288  -42.023  3.176  9.994 0.0000000000
74297  -41.687  3.953  9.505 0.0000000000
75295  -42.028  4.036  8.818 0.0000000000
75306  -42.235  4.533  8.151 0.0000000000
74324  -42.814  3.936  7.654 0.0000000000
76262  -42.230  5.336  7.660 0.0000000000
78737  -42.002  8.205  7.848 0.0000000000
82763  -45.871  14.776  15.303 0.0000000000
83522  -48.940  15.188  14.699 0.0000000000
82765  -47.889  14.959  14.599 0.0000000000
82790  -47.982  14.275  12.573 0.0000000000
84181  -50.859  16.282  14.886 0.0000000000
83514  -50.623  15.948  15.275 0.0000000000
83542  -49.404  15.160  12.335 0.0000000000
83529  -49.569  15.304  12.984 0.0000000000
82792  -49.160  14.921  11.929 0.0000000000
83552  -48.681  14.934  11.335 0.0000000000
83551  -47.544  15.339  11.325 0.0000000000
82804  -47.085  14.803  10.071 0.0000000000
82812  -47.642  14.576  9.431 0.0000000000
83537  -44.553  15.626  12.166 0.0000000000
120640  -44.311  15.282  11.468 0.0000000000
84859  -46.020  17.476  14.662 0.0000000000
84176  -45.486  17.004  14.240 0.0000000000
84857  -44.167  17.825  14.485 0.0000000000
84201  -43.733  15.992  12.678 0.0000000000
84200  -42.709  16.215  12.673 0.0000000000
85473  -42.707  19.231  14.154 0.0000000000
76337  -42.623  5.212  0.460 0.0000000000
77227  -42.749  7.175  0.041 0.0000000000
77909  -39.161  7.517  16.829 0.0000000000
78650  -39.477  8.407  16.707 0.0000000000
79378  -39.885  9.235  16.472 0.0000000000
129902  -40.108  9.772  16.358 0.0000000000
79379  -40.518  9.448  16.009 0.0000000000
80060  -40.374  10.383  16.241 0.0000000000
81436  -38.527  12.480  18.314 0.0000000000
80746  -38.956  11.913  17.875 0.0000000000
80750  -40.139  11.786  16.933 0.0000000000
80757  -41.046  10.942  15.799 0.0000000000
80758  -41.765  11.395  15.287 0.0000000000
81444  -41.651  12.575  16.265 0.0000000000
82125  -42.880  13.716  16.727 0.0000000000
82129  -42.717  13.388  16.210 0.0000000000
116420  -43.337  13.692  16.045 0.0000000000
82126  -43.590  14.123  16.586 0.0000000000
84832  -42.447  17.568  17.456 0.0000000000
115691  -41.308  16.343  17.638 0.0000000000
84152  -42.131  16.135  17.882 0.0000000000
83484  -42.244  15.248  18.149 0.0000000000
84138  -42.974  15.842  18.157 0.0000000000
84140  -44.697  16.300  18.187 0.0000000000
83486  -44.715  15.694  17.977 0.0000000000
82753  -44.570  14.850  16.905 0.0000000000
83496  -45.160  15.409  17.336 0.0000000000
83502  -45.771  15.406  16.741 0.0000000000
84142  -46.756  16.893  18.151 0.0000000000
84143  -47.650  17.042  18.153 0.0000000000
84156  -48.047  16.681  17.821 0.0000000000
127260  -48.016  17.487  18.471 0.0000000000
77182  -51.472  6.865  6.071 0.0000000000
76263  -50.859  5.261  7.913 0.0000000000
76273  -50.583  5.548  6.932 0.0000000000
75307  -49.726  4.278  8.090 0.0000000000
75288  -51.255  4.455  10.864 0.0000000000
76238  -51.931  5.177  10.933 0.0000000000
76246  -51.931  5.373  10.026 0.0000000000
75298  -51.365  4.896  9.592 0.0000000000
120616  -50.970  4.381  10.086 0.0000000000
74289  -49.255  2.867  10.357 0.0000000000
74300  -48.916  2.861  9.694 0.0000000000
108010  -48.807  3.133  9.022 0.0000000000
73297  -48.257  2.616  9.463 0.0000000000
73296  -47.333  2.386  9.159 0.0000000000
73282  -47.741  2.171  10.082 0.0000000000
72420  -46.756  1.365  11.545 0.0000000000
72431  -46.444  1.517  10.634 0.0000000000
72419  -45.880  1.227  11.211 0.0000000000
123295  -45.222  1.251  10.954 0.0000000000
71546  -45.116  0.964  11.681 0.0000000000
71510  -47.030  1.202  13.977 0.0000000000
72395  -46.971  1.200  13.075 0.0000000000
71526  -46.321  0.828  13.659 0.0000000000
118058  -43.318  0.396  13.683 0.0000000000
71524  -44.775  0.543  13.132 0.0000000000
111073  -43.928  0.559  12.946 0.0000000000
72407  -43.702  0.848  12.125 0.0000000000
71534  -42.938  0.744  12.682 0.0000000000
72405  -41.563  1.680  12.476 0.0000000000
72394  -42.051  1.025  12.883 0.0000000000
75223  -47.713  4.526  18.848 0.0000000000
76131  -43.187  6.240  23.287 0.0000000000
77047  -44.064  6.437  23.076 0.0000000000
77048  -44.895  6.694  22.758 0.0000000000
76144  -44.566  5.951  22.438 0.0000000000
74157  -40.627  4.132  23.095 0.0000000000
75173  -41.541  4.315  22.847 0.0000000000
116036  -43.309  3.613  21.403 0.0000000000
75192  -43.677  4.436  21.694 0.0000000000
75193  -44.437  4.783  21.439 0.0000000000
76155  -44.880  5.528  21.764 0.0000000000
75194  -45.055  5.129  21.263 0.0000000000
75206  -45.483  5.055  20.844 0.0000000000
75205  -44.814  4.478  20.878 0.0000000000
74212  -45.663  3.545  19.594 0.0000000000
74218  -46.058  3.086  18.984 0.0000000000
74219  -46.753  3.389  18.748 0.0000000000
73210  -46.467  2.600  18.385 0.0000000000
125501  -45.806  2.391  18.657 0.0000000000
72352  -43.512  1.066  18.680 0.0000000000
72353  -44.400  1.178  18.305 0.0000000000
71470  -42.908  0.508  17.936 0.0000000000
71476  -43.238  0.311  17.108 0.0000000000
71469  -42.050  0.229  18.041 0.0000000000
75239  -38.320  4.065  16.114 0.0000000000
74238  -38.312  3.089  15.663 0.0000000000
75240  -38.838  4.195  15.335 0.0000000000
76195  -39.059  5.805  16.172 0.0000000000
76194  -38.482  5.429  16.641 0.0000000000
77904  -37.644  7.109  17.722 0.0000000000
77898  -35.636  7.219  18.567 0.0000000000
80051  -35.296  10.297  18.701 0.0000000000
79363  -35.971  9.789  18.501 0.0000000000
80052  -35.886  10.568  18.584 0.0000000000
80742  -35.719  11.270  18.694 0.0000000000
73362  -49.766  3.666  2.320 0.0000000000
75395  -48.801  3.993  1.149 0.0000000000
74410  -48.254  3.865  0.604 0.0000000000
73323  -45.748  2.635  7.628 0.0000000000
107988  -46.865  3.235  6.959 0.0000000000
74328  -46.128  3.037  6.888 0.0000000000
74354  -45.501  3.599  5.213 0.0000000000
75362  -44.074  4.331  4.496 0.0000000000
74373  -45.317  3.584  3.405 0.0000000000
74374  -46.261  3.623  2.923 0.0000000000
74386  -46.320  3.686  1.924 0.0000000000
74408  -46.522  4.106  -0.011 0.0000000000
75393  -47.393  4.094  0.307 0.0000000000
75403  -46.999  4.053  -0.357 0.0000000000
75413  -46.264  4.186  -1.024 0.0000000000
75401  -45.397  5.172  -1.327 0.0000000000
75412  -45.604  4.721  -1.738 0.0000000000
76350  -45.278  5.018  -2.321 0.0000000000
75425  -45.051  4.495  -2.549 0.0000000000
108441  -44.594  6.974  0.367 0.0000000000
109280  -44.693  6.014  0.097 0.0000000000
78053  -45.167  7.860  -1.893 0.0000000000
77233  -45.186  6.960  -2.192 0.0000000000
77237  -44.938  7.019  -2.363 0.0000000000
123270  -44.520  8.288  -2.267 0.0000000000
78796  -43.766  8.365  -1.516 0.0000000000
129231  -43.818  9.601  -1.405 0.0000000000
115734  -40.523  6.477  14.812 0.0000000000
123452  -41.384  7.104  13.754 0.0000000000
77947  -41.777  7.544  12.713 0.0000000000
79399  -43.863  9.035  13.797 0.0000000000
78671  -43.499  8.469  13.906 0.0000000000
78699  -43.088  8.525  12.010 0.0000000000
78688  -43.513  8.097  12.863 0.0000000000
78698  -42.065  8.302  11.526 0.0000000000
128255  -41.638  8.036  11.098 0.0000000000
78707  -41.799  8.420  10.722 0.0000000000
78720  -42.135  9.076  10.328 0.0000000000
79443  -42.624  9.868  9.035 0.0000000000
79456  -42.380  9.111  7.450 0.0000000000
82148  -45.648  13.853  13.427 0.0000000000
81478  -46.161  12.148  11.414 0.0000000000
81472  -45.646  12.347  11.933 0.0000000000
80796  -47.826  12.340  9.446 0.0000000000
80802  -46.395  11.191  9.418 0.0000000000
80120  -45.682  10.959  9.404 0.0000000000
80111  -45.969  10.616  10.028 0.0000000000
80109  -44.150  10.722  9.292 0.0000000000
80119  -44.903  11.153  8.943 0.0000000000
80823  -44.760  11.633  6.324 0.0000000000
80822  -43.832  11.145  6.242 0.0000000000
80128  -43.263  10.317  6.129 0.0000000000
80132  -43.672  10.651  5.430 0.0000000000
80137  -43.636  10.017  4.769 0.0000000000
80138  -44.053  10.852  4.676 0.0000000000
80838  -45.153  11.935  3.814 0.0000000000
80837  -44.410  11.031  3.932 0.0000000000
80845  -44.649  11.253  3.222 0.0000000000
80851  -44.725  10.999  2.398 0.0000000000
81553  -47.855  13.558  3.045 0.0000000000
81552  -47.146  13.487  2.241 0.0000000000
81564  -45.646  12.646  0.246 0.0000000000
81557  -45.801  12.685  1.126 0.0000000000
80858  -45.354  11.762  0.554 0.0000000000
80176  -44.594  10.249  -0.613 0.0000000000
80177  -44.851  11.028  -0.203 0.0000000000
81568  -44.257  12.119  -0.308 0.0000000000
80869  -44.210  11.101  -0.668 0.0000000000
79503  -43.467  9.882  -0.578 0.0000000000
80857  -43.560  11.845  0.514 0.0000000000
83633  -44.122  16.041  1.354 0.0000000000
83640  -43.538  15.949  0.834 0.0000000000
82880  -41.720  14.860  2.362 0.0000000000
82888  -42.343  15.148  1.565 0.0000000000
113202  -45.043  14.420  8.695 0.0000000000
82835  -44.876  14.332  7.277 0.0000000000
82821  -44.356  14.410  8.008 0.0000000000
83582  -42.373  15.383  6.919 0.0000000000
83590  -42.870  15.104  6.250 0.0000000000
83557  -41.421  15.851  10.735 0.0000000000
84233  -40.904  16.091  8.994 0.0000000000
84259  -40.983  16.317  6.092 0.0000000000
84266  -40.109  16.532  5.228 0.0000000000
118709  -39.575  16.586  4.139 0.0000000000
84263  -37.236  16.285  4.810 0.0000000000
83606  -37.395  16.120  4.388 0.0000000000
82855  -37.828  15.366  4.858 0.0000000000
82854  -36.693  15.413  5.035 0.0000000000
83594  -36.364  15.622  5.150 0.0000000000
82842  -35.847  14.961  6.085 0.0000000000
83580  -35.694  15.152  6.426 0.0000000000
83573  -35.396  15.179  7.450 0.0000000000
84219  -36.126  16.573  10.236 0.0000000000
84228  -36.172  16.365  9.250 0.0000000000
120590  -40.105  21.614  12.763 0.0000000000
87376  -39.667  21.029  13.089 0.0000000000
87396  -39.284  21.673  12.663 0.0000000000
113884  -38.151  21.006  12.796 0.0000000000
86726  -37.592  20.440  12.786 0.0000000000
74256  -40.176  3.417  13.044 0.0000000000
120834  -40.165  5.021  13.297 0.0000000000
119415  -50.198  18.681  16.526 0.0000000000
86059  -49.257  19.078  15.908 0.0000000000
86058  -48.149  19.141  15.538 0.0000000000
86697  -48.601  19.866  15.438 0.0000000000
87370  -48.407  21.055  14.313 0.0000000000
82740  -36.018  14.323  18.671 0.0000000000
114083  -49.863  3.476  15.830 0.0000000000
73232  -49.373  2.919  15.766 0.0000000000
110244  -48.726  2.332  15.512 0.0000000000
72362  -47.340  1.880  16.779 0.0000000000
72361  -46.458  1.519  17.116 0.0000000000
117832  -34.409  3.583  19.558 0.0000000000
110838  -33.920  5.376  19.401 0.0000000000
75211  -34.151  4.452  19.483 0.0000000000
126339  -48.467  4.226  6.437 0.0000000000
75336  -47.967  3.919  6.117 0.0000000000
110777  -43.107  6.300  5.051 0.0000000000
110219  -43.008  7.029  5.069 0.0000000000
109837  -43.482  7.404  3.778 0.0000000000
78772  -43.552  8.256  3.887 0.0000000000
127207  -43.709  8.903  3.947 0.0000000000
81450  -42.934  12.996  14.907 0.0000000000
81456  -43.272  13.025  14.269 0.0000000000
81463  -43.752  12.983  13.644 0.0000000000
81464  -44.368  12.839  13.087 0.0000000000
82179  -48.766  13.860  8.846 0.0000000000
82187  -48.634  13.730  8.225 0.0000000000
82850  -48.736  13.793  5.408 0.0000000000
82860  -45.478  14.418  5.489 0.0000000000
82847  -44.448  14.487  6.298 0.0000000000
84881  -39.675  17.584  12.459 0.0000000000
85497  -39.334  18.203  12.842 0.0000000000
72439  -44.639  1.773  9.727 0.0000000000
72438  -43.893  2.061  9.515 0.0000000000
73292  -43.299  2.461  9.366 0.0000000000
75286  -41.206  4.785  9.926 0.0000000000
120738  -41.967  5.878  7.883 0.0000000000
77164  -41.685  6.216  8.490 0.0000000000
118160  -41.751  6.919  8.298 0.0000000000
77982  -41.664  7.661  8.716 0.0000000000
83503  -47.697  15.700  16.357 0.0000000000
110042  -48.789  15.519  15.709 0.0000000000
83540  -48.343  15.479  11.777 0.0000000000
83550  -46.342  15.512  11.623 0.0000000000
83538  -45.620  15.796  12.322 0.0000000000
84858  -45.057  17.648  14.622 0.0000000000
85474  -43.846  18.674  14.466 0.0000000000
84856  -43.315  17.987  14.348 0.0000000000
86067  -43.471  19.405  14.272 0.0000000000
86717  -43.564  20.732  13.774 0.0000000000
124492  -38.855  8.653  17.165 0.0000000000
80057  -39.156  10.591  17.234 0.0000000000
120617  -38.966  13.128  18.418 0.0000000000
81438  -39.866  13.006  17.993 0.0000000000
81441  -41.257  12.835  16.955 0.0000000000
82124  -41.537  13.398  17.382 0.0000000000
115843  -42.219  13.892  17.531 0.0000000000
128729  -43.369  16.246  18.176 0.0000000000
84817  -43.785  16.624  18.146 0.0000000000
84141  -45.632  16.799  18.262 0.0000000000
84819  -46.389  17.484  18.367 0.0000000000
77174  -51.616  6.397  6.979 0.0000000000
77175  -52.273  7.030  6.834 0.0000000000
75309  -51.174  5.027  8.762 0.0000000000
75277  -50.868  4.036  11.523 0.0000000000
75287  -50.627  3.885  10.682 0.0000000000
73268  -48.092  2.061  10.905 0.0000000000
72421  -47.667  1.688  11.585 0.0000000000
72409  -46.632  1.173  12.353 0.0000000000
120425  -44.985  0.466  13.808 0.0000000000
71508  -44.679  0.360  14.520 0.0000000000
71507  -43.904  0.246  14.308 0.0000000000
71521  -41.790  0.748  13.591 0.0000000000
73167  -41.237  2.687  21.971 0.0000000000
74176  -42.043  3.741  22.313 0.0000000000
130737  -41.742  3.094  22.038 0.0000000000
74193  -42.442  3.184  21.673 0.0000000000
74205  -44.582  3.708  20.514 0.0000000000
115247  -44.134  3.468  20.673 0.0000000000
73189  -44.183  2.917  20.311 0.0000000000
73197  -44.521  2.267  19.544 0.0000000000
73209  -45.122  1.795  18.694 0.0000000000
72344  -43.726  1.632  19.484 0.0000000000
72343  -42.903  1.283  19.373 0.0000000000
128742  -37.594  3.307  16.796 0.0000000000
74231  -37.836  4.035  16.783 0.0000000000
75228  -37.954  4.962  17.048 0.0000000000
77093  -37.553  6.234  17.686 0.0000000000
75396  -49.303  4.227  1.910 0.0000000000
74372  -44.515  4.073  3.723 0.0000000000
74396  -45.443  3.688  1.543 0.0000000000
74407  -45.634  3.954  0.686 0.0000000000
78797  -44.945  8.427  -1.876 0.0000000000
124542  -44.695  8.777  -1.626 0.0000000000
79516  -44.458  9.188  -1.487 0.0000000000
77916  -41.314  7.958  15.124 0.0000000000
77928  -42.187  7.727  14.177 0.0000000000
78690  -44.611  8.677  12.871 0.0000000000
78689  -44.253  8.278  12.981 0.0000000000
79434  -42.969  9.341  10.938 0.0000000000
80118  -43.293  10.463  8.682 0.0000000000
82149  -46.732  14.061  12.992 0.0000000000
81465  -45.928  13.371  12.530 0.0000000000
80810  -47.873  12.020  8.000 0.0000000000
127938  -47.149  11.727  7.708 0.0000000000
80816  -46.137  11.651  7.868 0.0000000000
80807  -45.020  11.526  8.061 0.0000000000
111583  -45.403  11.711  7.135 0.0000000000
82230  -47.366  14.507  1.778 0.0000000000
82222  -47.270  13.984  1.709 0.0000000000
82229  -46.761  14.257  1.101 0.0000000000
82228  -46.170  13.591  0.594 0.0000000000
81570  -45.358  12.499  -0.243 0.0000000000
82243  -45.095  13.182  -0.388 0.0000000000
82242  -44.555  13.144  -0.230 0.0000000000
115190  -43.866  12.271  -0.018 0.0000000000
83631  -42.018  16.032  1.852 0.0000000000
83630  -41.270  15.904  2.324 0.0000000000
82802  -43.890  14.711  9.850 0.0000000000
82809  -43.891  14.568  8.888 0.0000000000
124014  -42.921  14.941  8.601 0.0000000000
127469  -42.278  15.379  8.362 0.0000000000
84241  -40.315  16.437  8.333 0.0000000000
111463  -39.394  16.619  5.827 0.0000000000
84257  -38.769  16.621  6.221 0.0000000000
112837  -37.914  16.491  5.605 0.0000000000
84254  -36.320  15.873  5.399 0.0000000000
114492  -36.702  16.192  6.067 0.0000000000
84246  -36.841  16.282  7.077 0.0000000000
84896  -37.448  17.188  10.663 0.0000000000
84895  -36.729  16.962  10.679 0.0000000000
84887  -35.612  17.449  11.632 0.0000000000
72415  -41.820  2.021  11.778 0.0000000000
73267  -42.006  2.366  11.179 0.0000000000
118351  -41.404  2.731  11.478 0.0000000000
75276  -40.861  4.438  10.881 0.0000000000
128508  -41.094  6.424  10.633 0.0000000000
84162  -50.374  16.343  16.209 0.0000000000
84159  -50.719  16.866  16.424 0.0000000000
84850  -50.923  16.866  15.818 0.0000000000
84863  -50.801  16.723  14.936 0.0000000000
84848  -50.271  17.384  15.388 0.0000000000
84862  -50.070  16.963  14.526 0.0000000000
84860  -47.148  17.344  14.639 0.0000000000
85464  -47.226  18.735  15.343 0.0000000000
109811  -46.222  18.756  15.135 0.0000000000
87368  -45.899  20.987  14.056 0.0000000000
74423  -44.165  3.783  -2.109 0.0000000000
112249  -36.994  10.937  18.388 0.0000000000
80744  -37.393  11.657  18.395 0.0000000000
81435  -37.766  12.371  18.454 0.0000000000
82119  -38.034  13.150  18.566 0.0000000000
82118  -37.233  13.408  18.641 0.0000000000
74267  -49.986  3.214  12.870 0.0000000000
73248  -48.879  2.312  13.327 0.0000000000
72396  -48.234  1.818  13.101 0.0000000000
124111  -46.475  0.908  14.448 0.0000000000
72378  -48.029  1.760  15.046 0.0000000000
72377  -47.106  1.302  14.853 0.0000000000
71499  -46.122  0.756  15.013 0.0000000000
71498  -45.365  0.522  15.141 0.0000000000
125925  -44.006  0.259  15.691 0.0000000000
71486  -43.648  0.252  16.321 0.0000000000
75160  -40.193  4.917  23.467 0.0000000000
75158  -38.594  4.543  23.799 0.0000000000
121345  -39.076  3.662  23.330 0.0000000000
74174  -39.936  3.218  22.827 0.0000000000
74173  -38.424  2.754  23.054 0.0000000000
116840  -39.015  2.678  22.824 0.0000000000
74192  -40.402  2.447  22.146 0.0000000000
76182  -36.350  4.737  18.325 0.0000000000
116913  -35.926  5.493  18.557 0.0000000000
77086  -35.247  6.155  18.757 0.0000000000
77085  -34.655  6.922  18.867 0.0000000000
124347  -33.889  6.674  19.186 0.0000000000
77891  -34.001  7.488  19.054 0.0000000000
75334  -43.358  4.803  5.719 0.0000000000
75361  -43.540  5.001  4.951 0.0000000000
76308  -43.652  5.172  4.240 0.0000000000
76307  -43.343  5.774  4.666 0.0000000000
76317  -43.842  5.350  3.487 0.0000000000
124955  -44.307  7.037  1.460 0.0000000000
78785  -44.439  8.600  1.341 0.0000000000
80064  -42.090  10.434  14.912 0.0000000000
79387  -42.446  9.654  14.686 0.0000000000
121811  -43.391  10.015  13.959 0.0000000000
79410  -44.448  9.015  13.304 0.0000000000
79411  -44.791  9.182  12.843 0.0000000000
79420  -45.023  9.211  12.323 0.0000000000
79421  -45.332  9.670  11.703 0.0000000000
81480  -48.031  13.274  10.653 0.0000000000
118513  -48.409  12.952  9.513 0.0000000000
81499  -48.464  12.772  8.976 0.0000000000
82180  -48.814  13.454  8.340 0.0000000000
81507  -48.770  13.190  8.580 0.0000000000
81506  -48.486  12.636  8.284 0.0000000000
119230  -48.342  12.842  4.610 0.0000000000
81544  -48.605  13.505  3.754 0.0000000000
82216  -48.484  14.062  3.157 0.0000000000
82875  -49.057  14.159  4.044 0.0000000000
82884  -48.516  14.336  3.448 0.0000000000
82891  -47.948  14.502  2.565 0.0000000000
82890  -47.271  14.959  1.835 0.0000000000
83635  -46.469  15.358  1.115 0.0000000000
83642  -45.638  15.634  0.487 0.0000000000
83647  -44.915  15.572  0.100 0.0000000000
83634  -45.609  15.749  1.368 0.0000000000
113700  -43.562  16.002  2.072 0.0000000000
83611  -43.064  15.527  3.741 0.0000000000
83558  -42.166  15.494  10.641 0.0000000000
83546  -41.952  15.749  11.296 0.0000000000
108856  -40.805  16.200  10.987 0.0000000000
84231  -39.325  16.721  9.407 0.0000000000
84222  -38.756  16.941  10.113 0.0000000000
84897  -38.265  17.282  10.746 0.0000000000
84890  -38.557  17.568  11.536 0.0000000000
73309  -47.369  2.749  8.206 0.0000000000
73308  -46.557  2.427  8.493 0.0000000000
129651  -46.115  2.487  8.090 0.0000000000
73306  -44.896  2.643  7.728 0.0000000000
74326  -44.394  3.191  7.139 0.0000000000
75320  -43.198  4.214  6.929 0.0000000000
73291  -42.689  2.686  9.645 0.0000000000
75333  -42.940  4.847  6.497 0.0000000000
125139  -42.598  6.164  6.445 0.0000000000
117741  -42.248  5.957  7.447 0.0000000000
77173  -42.404  6.410  7.042 0.0000000000
112918  -42.575  6.879  6.414 0.0000000000
78000  -42.578  7.679  6.326 0.0000000000
78747  -42.687  8.452  6.104 0.0000000000
82762  -44.963  14.559  15.579 0.0000000000
82773  -45.127  14.400  14.915 0.0000000000
82774  -45.860  14.478  14.563 0.0000000000
82775  -46.861  14.674  14.434 0.0000000000
82783  -47.446  14.419  13.458 0.0000000000
82154  -48.272  14.109  11.785 0.0000000000
83513  -49.967  15.496  14.934 0.0000000000
118862  -49.808  15.348  13.805 0.0000000000
83530  -50.103  15.721  13.587 0.0000000000
82777  -49.441  14.982  13.134 0.0000000000
82791  -48.866  14.627  12.167 0.0000000000
130248  -48.008  14.438  9.047 0.0000000000
82824  -47.216  14.423  8.790 0.0000000000
82823  -46.075  14.349  8.389 0.0000000000
82836  -45.953  14.284  7.517 0.0000000000
126940  -44.614  14.775  10.246 0.0000000000
119006  -43.889  14.968  10.699 0.0000000000
83548  -43.417  15.331  11.401 0.0000000000
84191  -45.942  16.584  13.583 0.0000000000
84202  -45.295  16.268  13.150 0.0000000000
83536  -43.052  15.672  12.058 0.0000000000
84188  -42.279  16.827  13.248 0.0000000000
84871  -41.889  17.570  13.634 0.0000000000
85486  -42.464  18.317  14.141 0.0000000000
85485  -41.536  18.388  13.818 0.0000000000
86080  -41.288  19.261  13.795 0.0000000000
86715  -41.088  20.252  13.500 0.0000000000
77109  -39.624  6.135  15.749 0.0000000000
76202  -39.951  5.998  15.160 0.0000000000
77915  -40.629  7.765  15.653 0.0000000000
78656  -40.926  8.635  15.588 0.0000000000
79385  -41.213  9.469  15.493 0.0000000000
80063  -41.464  10.334  15.378 0.0000000000
80748  -38.634  11.138  17.708 0.0000000000
80752  -39.858  10.941  16.748 0.0000000000
81439  -39.672  12.201  17.574 0.0000000000
120983  -42.354  12.272  15.016 0.0000000000
81445  -42.341  12.971  15.982 0.0000000000
81449  -42.586  12.952  15.426 0.0000000000
82133  -43.228  13.422  15.447 0.0000000000
82134  -43.867  13.883  15.584 0.0000000000
125647  -44.380  14.296  15.728 0.0000000000
82747  -42.680  14.600  17.886 0.0000000000
82748  -43.426  14.718  17.638 0.0000000000
82756  -44.161  14.465  16.540 0.0000000000
82757  -44.672  14.625  16.209 0.0000000000
82758  -45.426  14.961  16.096 0.0000000000
83497  -46.696  15.726  16.803 0.0000000000
125384  -46.729  16.138  17.467 0.0000000000
83498  -47.579  16.153  17.241 0.0000000000
83499  -48.487  16.361  17.318 0.0000000000
84157  -49.066  16.783  17.659 0.0000000000
84821  -48.575  17.918  18.705 0.0000000000
125776  -51.136  6.108  6.708 0.0000000000
76272  -49.807  5.139  6.655 0.0000000000
75322  -49.422  4.513  7.240 0.0000000000
74311  -48.613  3.422  8.276 0.0000000000
74302  -50.354  3.856  9.816 0.0000000000
75296  -50.056  3.991  8.927 0.0000000000
74312  -49.324  3.664  8.592 0.0000000000
72441  -46.083  1.693  9.907 0.0000000000
72429  -44.893  1.476  10.392 0.0000000000
72418  -44.504  1.245  11.057 0.0000000000
72417  -43.579  1.296  11.286 0.0000000000
124333  -47.646  1.538  12.871 0.0000000000
71525  -45.549  0.620  13.379 0.0000000000
71536  -45.363  0.725  12.563 0.0000000000
108627  -42.988  1.094  11.879 0.0000000000
73246  -40.248  2.447  13.356 0.0000000000
74255  -39.769  3.275  13.700 0.0000000000
75247  -39.378  4.669  14.731 0.0000000000
77049  -45.591  7.027  22.404 0.0000000000
77058  -45.946  6.805  21.861 0.0000000000
77071  -46.023  6.355  21.412 0.0000000000
75161  -41.041  5.037  23.303 0.0000000000
76141  -41.941  5.205  23.143 0.0000000000
76142  -42.812  5.422  22.930 0.0000000000
75175  -43.280  4.888  22.334 0.0000000000
76168  -46.067  5.716  20.878 0.0000000000
76169  -46.621  5.551  20.287 0.0000000000
75215  -46.526  4.663  19.756 0.0000000000
74206  -45.348  4.170  20.279 0.0000000000
75214  -45.953  4.244  19.840 0.0000000000
75222  -47.021  4.196  19.154 0.0000000000
74220  -47.460  3.713  18.505 0.0000000000
109260  -47.898  3.285  17.871 0.0000000000
73221  -47.636  2.571  17.443 0.0000000000
115532  -46.884  2.172  17.675 0.0000000000
72359  -45.120  1.199  17.842 0.0000000000
71478  -44.873  0.773  17.084 0.0000000000
71477  -44.073  0.535  17.035 0.0000000000
71485  -42.744  -0.110  16.293 0.0000000000
116267  -40.948  0.509  19.827 0.0000000000
73207  -40.961  0.177  19.009 0.0000000000
73220  -40.156  -0.330  18.560 0.0000000000
72358  -40.970  -0.279  18.090 0.0000000000
71474  -41.651  -0.195  17.541 0.0000000000
70680  -41.716  -0.334  17.079 0.0000000000
70693  -41.453  -0.317  16.157 0.0000000000
125978  -39.184  3.851  14.674 0.0000000000
125736  -39.301  5.343  15.398 0.0000000000
124673  -38.808  6.904  16.971 0.0000000000
113393  -38.223  6.629  17.311 0.0000000000
77905  -38.387  7.506  17.325 0.0000000000
80053  -37.322  10.128  18.167 0.0000000000
115755  -36.474  7.159  18.357 0.0000000000
78640  -36.486  9.113  18.361 0.0000000000
79364  -36.712  9.725  18.341 0.0000000000
80743  -36.549  11.654  18.568 0.0000000000
121488  -36.073  12.866  18.761 0.0000000000
80740  -35.071  11.865  18.942 0.0000000000
81432  -35.226  12.747  19.005 0.0000000000
82116  -35.637  13.519  18.874 0.0000000000
74399  -49.204  3.766  1.608 0.0000000000
73372  -48.461  2.641  1.667 0.0000000000
73371  -48.149  3.288  0.665 0.0000000000
74345  -47.421  3.536  6.564 0.0000000000
74356  -47.286  3.692  5.771 0.0000000000
75348  -44.545  3.906  5.103 0.0000000000
75363  -47.072  3.875  3.363 0.0000000000
73390  -46.884  3.351  -0.434 0.0000000000
75420  -45.842  4.234  -1.667 0.0000000000
74425  -45.605  3.823  -1.960 0.0000000000
74424  -44.845  3.394  -2.042 0.0000000000
75424  -44.455  4.501  -2.487 0.0000000000
75418  -43.855  4.532  -2.099 0.0000000000
77228  -45.013  6.980  -1.098 0.0000000000
76342  -45.253  6.011  -2.117 0.0000000000
76349  -45.030  5.662  -2.380 0.0000000000
76354  -44.418  5.214  -2.426 0.0000000000
113380  -43.871  5.306  -2.043 0.0000000000
75410  -43.531  5.873  -1.389 0.0000000000
77231  -43.480  6.870  -1.108 0.0000000000
78052  -44.368  7.612  -2.029 0.0000000000
76211  -40.124  5.793  14.462 0.0000000000
77118  -41.092  6.921  14.298 0.0000000000
77128  -40.885  6.630  13.513 0.0000000000
77136  -40.808  6.491  12.782 0.0000000000
108830  -41.160  6.916  11.031 0.0000000000
130183  -43.026  8.577  14.264 0.0000000000
78670  -42.875  8.131  14.151 0.0000000000
77938  -42.753  7.828  13.794 0.0000000000
77948  -42.745  7.845  13.231 0.0000000000
77956  -41.537  7.649  11.633 0.0000000000
77975  -41.461  7.316  9.598 0.0000000000
78728  -41.794  8.555  8.793 0.0000000000
116049  -42.038  9.203  9.371 0.0000000000
120557  -42.592  9.017  6.629 0.0000000000
79464  -42.930  9.345  5.894 0.0000000000
81457  -44.634  13.580  13.766 0.0000000000
81471  -45.021  12.599  12.553 0.0000000000
79429  -45.473  9.843  11.234 0.0000000000
81489  -47.343  12.461  10.441 0.0000000000
80787  -46.751  11.868  10.573 0.0000000000
121305  -47.132  11.616  9.377 0.0000000000
80095  -46.389  11.061  10.566 0.0000000000
80103  -45.954  10.429  10.660 0.0000000000
80102  -45.427  10.177  10.593 0.0000000000
80101  -44.438  10.264  10.226 0.0000000000
128450  -43.695  11.001  7.563 0.0000000000
80123  -43.240  10.576  7.734 0.0000000000
79471  -43.330  9.255  5.024 0.0000000000
80149  -44.576  10.137  2.112 0.0000000000
80154  -44.639  10.090  0.891 0.0000000000
81542  -45.818  12.388  3.194 0.0000000000
81551  -45.942  12.697  2.251 0.0000000000
80155  -44.922  10.931  0.684 0.0000000000
80165  -44.738  10.264  -0.122 0.0000000000
80184  -44.284  10.130  -1.166 0.0000000000
119848  -44.546  11.609  -0.447 0.0000000000
79510  -43.979  9.944  -1.429 0.0000000000
83646  -44.027  15.671  0.346 0.0000000000
82896  -42.688  15.801  1.297 0.0000000000
82846  -43.547  14.713  6.497 0.0000000000
83599  -42.599  15.424  5.259 0.0000000000
83598  -41.763  15.861  5.049 0.0000000000
83581  -41.804  15.699  7.641 0.0000000000
84242  -41.015  16.130  8.029 0.0000000000
83588  -41.636  15.858  6.617 0.0000000000
83597  -41.515  15.974  5.813 0.0000000000
122095  -40.349  16.470  4.244 0.0000000000
84274  -39.726  16.472  3.470 0.0000000000
83617  -38.782  16.256  3.470 0.0000000000
84265  -38.907  16.595  4.549 0.0000000000
84272  -38.267  16.381  3.927 0.0000000000
83608  -38.746  15.977  3.392 0.0000000000
82868  -38.232  15.713  3.999 0.0000000000
82853  -36.059  15.185  5.429 0.0000000000
84237  -36.220  16.114  8.054 0.0000000000
83556  -34.748  15.915  9.797 0.0000000000
87382  -45.694  21.373  13.335 0.0000000000
87380  -43.368  21.339  13.264 0.0000000000
112780  -42.695  20.819  13.539 0.0000000000
86716  -41.881  20.681  13.435 0.0000000000
88068  -41.144  22.213  12.286 0.0000000000
87397  -40.878  21.656  12.783 0.0000000000
86714  -40.065  20.297  13.365 0.0000000000
86077  -38.713  19.639  13.139 0.0000000000
86728  -38.847  21.048  12.919 0.0000000000
86727  -38.424  20.384  12.996 0.0000000000
86090  -37.340  19.455  12.700 0.0000000000
70686  -41.429  -0.370  16.716 0.0000000000
70687  -41.984  -0.325  16.605 0.0000000000
71471  -43.758  0.708  17.788 0.0000000000
71484  -40.980  -0.418  17.128 0.0000000000
71497  -44.605  0.372  15.397 0.0000000000
72338  -43.176  1.779  20.035 0.0000000000
72351  -42.545  0.723  18.710 0.0000000000
72360  -45.666  1.149  17.204 0.0000000000
74194  -43.680  3.228  20.826 0.0000000000
74430  -44.715  3.987  -2.456 0.0000000000
74431  -45.202  3.988  -2.396 0.0000000000
75159  -39.408  4.745  23.654 0.0000000000
76126  -38.960  5.594  24.053 0.0000000000
79371  -37.713  8.797  17.804 0.0000000000
80871  -44.979  11.644  -0.318 0.0000000000
81545  -48.938  13.485  4.272 0.0000000000
82172  -48.801  13.860  9.362 0.0000000000
82210  -49.069  13.792  4.417 0.0000000000
82752  -43.865  14.560  17.102 0.0000000000
82863  -49.006  14.068  4.624 0.0000000000
82874  -48.727  14.392  4.071 0.0000000000
82906  -45.692  15.287  0.037 0.0000000000
83587  -35.954  15.319  5.647 0.0000000000
83595  -36.769  15.885  4.701 0.0000000000
83596  -37.356  15.850  4.373 0.0000000000
84849  -50.863  17.070  15.650 0.0000000000
84864  -50.919  16.667  15.313 0.0000000000
117580  -41.663  7.365  14.108 0.0000000000
122044  -43.997  9.707  13.545 0.0000000000
124986  -46.623  1.129  15.448 0.0000000000
125236  -35.447  10.777  18.708 0.0000000000
126105  -36.340  10.947  18.531 0.0000000000
127283  -43.348  15.639  0.714 0.0000000000
128281  -43.106  8.982  11.486 0.0000000000
128400  -38.287  16.584  6.355 0.0000000000
129194  -46.589  1.020  14.946 0.0000000000
