#!ascii label  , from subject sub-v1s13x0050005_ses-1 vox2ras=TkReg
686
35515  -17.874  -38.057  47.828 0.0000000000
48696  -42.857  -23.777  45.778 0.0000000000
52675  -46.681  -19.855  40.127 0.0000000000
55788  -49.846  -17.431  33.524 0.0000000000
44786  -40.249  -28.382  45.751 0.0000000000
53845  -49.062  -19.849  35.389 0.0000000000
61901  -49.858  -10.410  29.078 0.0000000000
63667  -54.352  -7.006  27.541 0.0000000000
47813  -46.810  -25.407  44.301 0.0000000000
49667  -47.535  -22.629  41.160 0.0000000000
120918  -44.522  -20.458  43.282 0.0000000000
37098  -19.511  -36.633  50.578 0.0000000000
34538  -24.296  -39.153  49.476 0.0000000000
33602  -28.040  -39.798  50.123 0.0000000000
110117  -31.684  -36.799  50.259 0.0000000000
39767  -35.385  -33.691  50.133 0.0000000000
115965  -39.854  -30.618  48.945 0.0000000000
115510  -43.019  -27.739  47.723 0.0000000000
130061  -51.695  -21.989  38.077 0.0000000000
64553  -55.087  -5.881  26.682 0.0000000000
48679  -44.645  -24.118  46.393 0.0000000000
50582  -45.865  -22.363  44.848 0.0000000000
50591  -43.866  -22.286  44.641 0.0000000000
37986  -20.376  -35.858  48.873 0.0000000000
36287  -21.655  -37.817  49.812 0.0000000000
41792  -35.586  -31.568  49.243 0.0000000000
40700  -37.577  -32.162  49.642 0.0000000000
42858  -37.401  -29.950  49.078 0.0000000000
46902  -41.537  -26.280  46.443 0.0000000000
46843  -41.338  -26.501  48.567 0.0000000000
47778  -42.644  -25.353  47.856 0.0000000000
46886  -44.915  -26.652  46.437 0.0000000000
127338  -48.324  -19.347  41.872 0.0000000000
50646  -49.056  -22.605  39.159 0.0000000000
52676  -49.664  -19.210  40.157 0.0000000000
111129  -50.065  -19.333  34.062 0.0000000000
129820  -51.892  -19.991  35.419 0.0000000000
53876  -51.898  -19.168  33.584 0.0000000000
55789  -51.187  -17.110  33.036 0.0000000000
62737  -51.817  -8.023  31.827 0.0000000000
61849  -49.179  -10.213  32.806 0.0000000000
126399  -38.154  -30.233  46.270 0.0000000000
54841  -48.440  -18.669  32.132 0.0000000000
61915  -52.397  -9.709  27.986 0.0000000000
62740  -54.147  -7.867  30.956 0.0000000000
63678  -56.217  -7.500  26.381 0.0000000000
45927  -47.273  -26.814  42.013 0.0000000000
110696  -47.275  -24.153  43.322 0.0000000000
51631  -47.043  -20.661  43.289 0.0000000000
35457  -19.529  -37.532  49.959 0.0000000000
32792  -25.750  -40.386  48.174 0.0000000000
121720  -26.104  -39.289  49.648 0.0000000000
118898  -27.948  -41.210  48.740 0.0000000000
121304  -29.932  -41.053  49.112 0.0000000000
33634  -31.597  -38.970  49.152 0.0000000000
35489  -34.014  -38.313  48.849 0.0000000000
37956  -33.837  -34.894  50.262 0.0000000000
116522  -38.096  -34.839  48.502 0.0000000000
44758  -38.945  -28.536  48.713 0.0000000000
43810  -41.282  -28.754  48.611 0.0000000000
129682  -43.349  -30.308  46.231 0.0000000000
44788  -44.735  -29.230  45.685 0.0000000000
44803  -46.353  -28.043  44.020 0.0000000000
53817  -50.679  -19.468  37.610 0.0000000000
59264  -47.846  -13.224  33.123 0.0000000000
57527  -49.559  -15.056  34.859 0.0000000000
35479  -17.473  -37.777  49.799 0.0000000000
49597  -43.196  -23.350  46.390 0.0000000000
49607  -43.869  -22.751  46.091 0.0000000000
49615  -43.122  -23.193  45.150 0.0000000000
41825  -35.923  -31.830  47.742 0.0000000000
41793  -36.625  -30.643  49.148 0.0000000000
41827  -37.058  -30.724  47.467 0.0000000000
47800  -42.412  -25.019  46.055 0.0000000000
46884  -41.705  -25.441  47.197 0.0000000000
111403  -42.781  -24.319  47.061 0.0000000000
124102  -43.284  -24.647  47.309 0.0000000000
52663  -49.098  -19.760  40.694 0.0000000000
53786  -48.301  -18.715  40.305 0.0000000000
54831  -49.838  -18.242  33.400 0.0000000000
53875  -51.362  -18.865  33.593 0.0000000000
54822  -51.106  -18.046  33.362 0.0000000000
55770  -51.213  -17.834  33.116 0.0000000000
55769  -51.031  -17.227  33.251 0.0000000000
61864  -53.283  -9.588  32.116 0.0000000000
61852  -51.992  -9.371  33.152 0.0000000000
61001  -52.122  -10.969  31.936 0.0000000000
61923  -52.650  -10.013  26.813 0.0000000000
62771  -53.236  -8.391  28.575 0.0000000000
63649  -53.610  -7.590  29.715 0.0000000000
63659  -53.978  -7.399  28.982 0.0000000000
129288  -55.062  -7.793  29.783 0.0000000000
63660  -54.728  -6.975  28.648 0.0000000000
65418  -55.799  -6.179  26.456 0.0000000000
47814  -47.175  -26.047  43.764 0.0000000000
47824  -47.553  -25.838  43.038 0.0000000000
124293  -47.202  -25.047  43.695 0.0000000000
126351  -45.180  -21.005  44.698 0.0000000000
51630  -46.431  -20.841  43.955 0.0000000000
112959  -45.965  -19.840  43.946 0.0000000000
52636  -46.593  -19.449  43.281 0.0000000000
52634  -44.870  -20.055  42.795 0.0000000000
35482  -20.472  -38.013  49.655 0.0000000000
35458  -20.185  -37.728  49.906 0.0000000000
35460  -22.751  -38.460  49.469 0.0000000000
35485  -27.154  -38.740  49.942 0.0000000000
34540  -27.339  -39.415  50.010 0.0000000000
114684  -27.099  -40.510  49.344 0.0000000000
127131  -27.969  -41.139  49.926 0.0000000000
32795  -29.290  -41.126  48.542 0.0000000000
32767  -29.228  -41.054  50.381 0.0000000000
35470  -31.813  -38.172  50.172 0.0000000000
35488  -33.120  -38.362  49.117 0.0000000000
36295  -32.914  -37.347  49.897 0.0000000000
39766  -34.535  -32.756  49.976 0.0000000000
38853  -33.846  -34.010  50.261 0.0000000000
38854  -34.555  -34.255  50.223 0.0000000000
37109  -34.860  -36.097  49.772 0.0000000000
38859  -35.943  -34.627  49.789 0.0000000000
37974  -37.102  -35.771  48.870 0.0000000000
38861  -36.880  -34.706  49.350 0.0000000000
41779  -38.771  -31.228  49.411 0.0000000000
40715  -38.995  -32.540  48.810 0.0000000000
40716  -39.543  -32.088  48.532 0.0000000000
42866  -40.590  -30.851  48.193 0.0000000000
43822  -38.262  -29.197  47.576 0.0000000000
44774  -39.308  -28.192  47.330 0.0000000000
45841  -41.888  -26.949  48.595 0.0000000000
44762  -41.658  -27.865  48.632 0.0000000000
43811  -42.190  -28.790  47.898 0.0000000000
42868  -42.326  -29.593  47.361 0.0000000000
44776  -43.584  -28.964  46.743 0.0000000000
110120  -44.294  -28.590  46.342 0.0000000000
47801  -45.653  -25.549  45.620 0.0000000000
45887  -46.125  -27.182  44.916 0.0000000000
117338  -46.512  -26.809  44.477 0.0000000000
45917  -46.672  -27.348  43.498 0.0000000000
37966  -19.258  -35.888  50.389 0.0000000000
37942  -18.817  -36.286  51.174 0.0000000000
36275  -18.549  -36.874  51.002 0.0000000000
48734  -48.271  -25.406  40.883 0.0000000000
48752  -48.379  -24.702  40.007 0.0000000000
50662  -50.962  -22.811  38.411 0.0000000000
108665  -48.420  -19.211  37.040 0.0000000000
53816  -49.856  -18.856  37.944 0.0000000000
53832  -49.966  -19.442  36.970 0.0000000000
52751  -52.968  -19.928  34.347 0.0000000000
52734  -52.184  -20.180  35.739 0.0000000000
60956  -49.148  -11.560  34.057 0.0000000000
111803  -48.272  -11.764  33.114 0.0000000000
125603  -49.175  -12.651  34.692 0.0000000000
58384  -48.707  -14.519  34.426 0.0000000000
58375  -50.200  -14.030  35.282 0.0000000000
57543  -50.980  -15.429  33.608 0.0000000000
63676  -53.131  -8.340  25.579 0.0000000000
64539  -54.814  -6.315  27.156 0.0000000000
64562  -53.814  -6.127  25.567 0.0000000000
65432  -53.927  -5.574  25.036 0.0000000000
48687  -45.432  -24.547  45.785 0.0000000000
119843  -46.403  -24.069  44.628 0.0000000000
50581  -45.194  -22.611  45.459 0.0000000000
113955  -44.707  -21.508  45.001 0.0000000000
51629  -44.227  -21.243  43.976 0.0000000000
37953  -20.083  -36.423  50.424 0.0000000000
128496  -20.824  -37.373  50.110 0.0000000000
36300  -23.525  -37.769  49.351 0.0000000000
40698  -35.765  -32.044  49.984 0.0000000000
39769  -36.879  -32.921  49.730 0.0000000000
41776  -36.242  -31.257  49.685 0.0000000000
126261  -37.515  -30.808  49.664 0.0000000000
42851  -38.508  -29.943  49.556 0.0000000000
45883  -40.661  -27.551  46.252 0.0000000000
45866  -40.393  -26.977  47.388 0.0000000000
46883  -41.249  -25.891  47.690 0.0000000000
46844  -42.077  -25.986  48.422 0.0000000000
46861  -43.129  -26.338  47.881 0.0000000000
45868  -44.440  -27.133  46.739 0.0000000000
46885  -44.352  -26.172  46.993 0.0000000000
129852  -45.035  -24.923  46.300 0.0000000000
37985  -19.388  -35.694  48.719 0.0000000000
50632  -48.002  -21.048  41.266 0.0000000000
50645  -48.417  -22.596  39.657 0.0000000000
51672  -48.835  -21.354  39.845 0.0000000000
115025  -49.715  -20.298  39.866 0.0000000000
51693  -50.634  -20.789  38.792 0.0000000000
53861  -49.074  -19.682  34.251 0.0000000000
53846  -50.156  -19.908  35.797 0.0000000000
53863  -50.953  -19.431  34.199 0.0000000000
53864  -52.247  -19.553  34.145 0.0000000000
123715  -50.086  -9.479  30.599 0.0000000000
61000  -48.901  -10.491  30.348 0.0000000000
62700  -50.737  -8.967  32.880 0.0000000000
61840  -50.425  -10.395  33.674 0.0000000000
47811  -42.861  -24.825  45.279 0.0000000000
112216  -42.709  -26.410  44.935 0.0000000000
53798  -47.292  -19.471  38.661 0.0000000000
53860  -48.099  -19.862  34.084 0.0000000000
126260  -48.661  -19.508  33.488 0.0000000000
121901  -49.017  -18.627  32.892 0.0000000000
54830  -48.990  -17.977  32.795 0.0000000000
113905  -50.763  -10.057  28.847 0.0000000000
62750  -52.100  -8.097  30.726 0.0000000000
62738  -52.947  -7.718  31.630 0.0000000000
61885  -54.116  -8.969  31.391 0.0000000000
64535  -55.775  -6.781  27.609 0.0000000000
63668  -56.194  -7.215  27.283 0.0000000000
46952  -47.659  -26.616  41.623 0.0000000000
47834  -48.110  -25.716  41.555 0.0000000000
49652  -47.599  -23.690  41.953 0.0000000000
49627  -46.853  -23.109  43.702 0.0000000000
50604  -46.867  -21.897  43.441 0.0000000000
50613  -47.194  -21.640  42.720 0.0000000000
51640  -47.472  -20.418  42.622 0.0000000000
53760  -47.262  -19.129  42.143 0.0000000000
49616  -43.524  -23.345  44.004 0.0000000000
51627  -43.763  -22.087  43.037 0.0000000000
52645  -43.621  -21.105  41.517 0.0000000000
35480  -19.013  -37.805  49.480 0.0000000000
34551  -20.109  -38.365  48.830 0.0000000000
122971  -26.361  -40.314  46.837 0.0000000000
37129  -23.589  -36.762  48.567 0.0000000000
36301  -24.472  -37.898  49.155 0.0000000000
34539  -25.007  -39.197  49.576 0.0000000000
32809  -26.598  -40.799  48.059 0.0000000000
32814  -30.812  -39.600  47.924 0.0000000000
33659  -31.591  -38.904  47.943 0.0000000000
115689  -31.760  -35.866  50.074 0.0000000000
38851  -32.627  -34.715  49.970 0.0000000000
114689  -32.499  -36.042  50.122 0.0000000000
124474  -34.026  -36.347  49.994 0.0000000000
36307  -35.152  -37.618  49.058 0.0000000000
39770  -37.663  -33.324  49.347 0.0000000000
43821  -37.742  -29.944  47.235 0.0000000000
43808  -38.560  -29.115  49.070 0.0000000000
120094  -39.436  -29.348  49.392 0.0000000000
45838  -39.923  -27.450  48.582 0.0000000000
43809  -40.438  -28.810  49.122 0.0000000000
126052  -40.482  -30.202  48.608 0.0000000000
42867  -41.129  -30.236  47.973 0.0000000000
41830  -42.835  -30.642  46.310 0.0000000000
43835  -45.505  -29.468  44.649 0.0000000000
44789  -45.080  -28.374  45.729 0.0000000000
111487  -45.648  -28.396  45.113 0.0000000000
44815  -46.063  -28.644  43.716 0.0000000000
44827  -46.359  -27.776  43.235 0.0000000000
36285  -17.915  -37.027  51.235 0.0000000000
114923  -48.440  -18.740  38.581 0.0000000000
53789  -50.397  -19.343  39.084 0.0000000000
52689  -51.316  -20.911  38.265 0.0000000000
53848  -51.615  -20.081  36.270 0.0000000000
52720  -51.927  -20.360  36.676 0.0000000000
51708  -52.596  -22.034  37.170 0.0000000000
55801  -47.742  -17.401  31.243 0.0000000000
55787  -48.828  -17.202  32.881 0.0000000000
60127  -47.618  -11.766  30.932 0.0000000000
60126  -47.190  -12.574  30.699 0.0000000000
120181  -47.147  -14.887  31.782 0.0000000000
57542  -48.650  -15.352  34.031 0.0000000000
56698  -49.890  -15.910  34.242 0.0000000000
112320  -50.825  -15.790  33.818 0.0000000000
35499  -17.341  -38.009  48.602 0.0000000000
48676  -42.966  -23.733  46.503 0.0000000000
49605  -43.064  -23.171  45.944 0.0000000000
40747  -35.827  -32.342  46.877 0.0000000000
41810  -36.327  -31.055  48.275 0.0000000000
41826  -36.460  -31.601  47.161 0.0000000000
121548  -42.611  -24.305  46.454 0.0000000000
48677  -43.216  -23.831  46.775 0.0000000000
123285  -47.534  -18.945  40.725 0.0000000000
125407  -47.392  -19.217  39.677 0.0000000000
54821  -50.710  -17.671  33.552 0.0000000000
55768  -50.600  -16.672  33.580 0.0000000000
122850  -52.756  -9.162  32.837 0.0000000000
62780  -53.496  -8.232  26.559 0.0000000000
62772  -53.736  -7.974  27.765 0.0000000000
52620  -44.565  -20.643  43.888 0.0000000000
52609  -45.145  -20.374  44.273 0.0000000000
52621  -45.116  -19.994  43.642 0.0000000000
52635  -45.748  -19.536  43.167 0.0000000000
36276  -19.292  -36.936  50.441 0.0000000000
37099  -20.088  -37.150  50.193 0.0000000000
35461  -23.771  -38.785  49.440 0.0000000000
34537  -23.464  -39.036  49.381 0.0000000000
34541  -28.081  -39.128  50.323 0.0000000000
33616  -27.633  -40.165  49.964 0.0000000000
33617  -28.502  -40.633  50.330 0.0000000000
32766  -28.408  -41.090  50.174 0.0000000000
36293  -31.339  -37.653  50.460 0.0000000000
36294  -32.125  -37.504  50.190 0.0000000000
35471  -32.621  -38.012  49.806 0.0000000000
119816  -32.443  -36.863  50.092 0.0000000000
119368  -35.204  -32.757  50.151 0.0000000000
39760  -34.556  -33.428  50.176 0.0000000000
118625  -35.184  -34.606  50.011 0.0000000000
38860  -36.386  -33.742  49.839 0.0000000000
42860  -39.175  -30.739  49.354 0.0000000000
120732  -39.024  -31.821  49.040 0.0000000000
41795  -39.415  -31.330  48.998 0.0000000000
41796  -40.044  -31.470  48.369 0.0000000000
44775  -39.942  -27.853  46.779 0.0000000000
44767  -42.438  -27.801  48.154 0.0000000000
44768  -42.984  -28.473  47.453 0.0000000000
42869  -42.904  -29.275  47.085 0.0000000000
44769  -43.627  -28.059  47.138 0.0000000000
47802  -46.322  -25.558  44.863 0.0000000000
46905  -46.191  -26.351  44.988 0.0000000000
46920  -46.709  -26.187  44.392 0.0000000000
46932  -46.843  -26.800  43.896 0.0000000000
37952  -19.433  -36.182  50.806 0.0000000000
37951  -18.792  -35.951  51.130 0.0000000000
113522  -18.855  -36.615  51.025 0.0000000000
49653  -47.884  -24.198  40.962 0.0000000000
49668  -48.015  -23.331  40.129 0.0000000000
50663  -51.692  -22.857  38.172 0.0000000000
49692  -51.516  -23.885  38.237 0.0000000000
124344  -52.027  -23.593  38.023 0.0000000000
50676  -52.295  -22.776  37.734 0.0000000000
113723  -48.128  -19.754  36.142 0.0000000000
53831  -49.101  -19.534  36.443 0.0000000000
61007  -49.050  -10.743  29.395 0.0000000000
60085  -49.953  -12.133  34.792 0.0000000000
59243  -49.670  -13.445  35.213 0.0000000000
49608  -45.141  -23.531  45.821 0.0000000000
50579  -43.778  -22.505  45.476 0.0000000000
50580  -44.441  -22.207  45.493 0.0000000000
50592  -44.246  -21.914  44.876 0.0000000000
51618  -44.169  -21.712  44.313 0.0000000000
37967  -20.397  -36.014  49.939 0.0000000000
107827  -23.346  -37.144  49.148 0.0000000000
41809  -35.579  -31.690  48.496 0.0000000000
41808  -34.997  -32.017  48.803 0.0000000000
41774  -35.060  -31.984  49.418 0.0000000000
41775  -35.557  -31.758  49.696 0.0000000000
42857  -36.863  -30.356  48.500 0.0000000000
41794  -37.114  -30.652  49.545 0.0000000000
42850  -37.877  -30.313  49.568 0.0000000000
42859  -38.152  -29.627  49.382 0.0000000000
45884  -41.421  -27.246  45.799 0.0000000000
45867  -40.958  -26.683  46.824 0.0000000000
47789  -42.558  -24.822  47.561 0.0000000000
47777  -41.983  -25.321  47.972 0.0000000000
46862  -43.890  -26.509  47.314 0.0000000000
47779  -43.550  -25.646  47.526 0.0000000000
48678  -43.822  -23.945  46.790 0.0000000000
114392  -44.304  -24.717  46.856 0.0000000000
114372  -19.731  -35.820  49.668 0.0000000000
52650  -48.552  -19.891  41.429 0.0000000000
51660  -48.565  -20.772  40.730 0.0000000000
124887  -50.128  -20.750  39.207 0.0000000000
51674  -50.273  -19.829  39.467 0.0000000000
53862  -50.029  -19.780  34.710 0.0000000000
112138  -51.722  -19.322  33.985 0.0000000000
111701  -52.547  -19.550  33.812 0.0000000000
54823  -51.598  -18.720  33.158 0.0000000000
62749  -50.961  -8.817  30.887 0.0000000000
61863  -50.268  -9.121  31.653 0.0000000000
62736  -51.021  -8.493  32.073 0.0000000000
60970  -50.761  -10.663  33.622 0.0000000000
46919  -43.177  -25.848  44.539 0.0000000000
55802  -48.344  -17.734  31.951 0.0000000000
61914  -51.339  -10.589  27.884 0.0000000000
61902  -51.682  -9.682  28.726 0.0000000000
61891  -51.367  -9.156  29.697 0.0000000000
62761  -52.501  -8.557  29.428 0.0000000000
63635  -54.016  -7.511  30.467 0.0000000000
62751  -53.206  -7.592  30.613 0.0000000000
63629  -53.686  -7.601  31.137 0.0000000000
62739  -53.766  -7.872  31.653 0.0000000000
61886  -54.645  -9.539  30.254 0.0000000000
62752  -54.568  -8.371  30.608 0.0000000000
63652  -55.555  -7.674  28.765 0.0000000000
64540  -55.527  -6.295  27.038 0.0000000000
64541  -56.064  -6.585  26.942 0.0000000000
45939  -47.499  -26.857  41.276 0.0000000000
127838  -47.556  -25.028  42.990 0.0000000000
47833  -47.817  -25.551  42.273 0.0000000000
111027  -47.606  -24.444  42.544 0.0000000000
48733  -47.892  -24.908  41.733 0.0000000000
49617  -45.883  -23.333  45.094 0.0000000000
49626  -46.418  -23.188  44.422 0.0000000000
52648  -46.469  -19.294  42.652 0.0000000000
115326  -47.109  -19.267  42.777 0.0000000000
107986  -19.402  -38.022  48.950 0.0000000000
35481  -19.921  -38.000  49.440 0.0000000000
35459  -21.815  -38.343  49.508 0.0000000000
32808  -25.048  -40.207  47.674 0.0000000000
32821  -25.635  -40.182  46.960 0.0000000000
127695  -25.660  -40.330  47.590 0.0000000000
37117  -24.092  -37.243  48.979 0.0000000000
126602  -25.585  -39.143  49.628 0.0000000000
33614  -25.445  -39.484  49.451 0.0000000000
33615  -26.225  -39.723  49.481 0.0000000000
32793  -27.149  -40.952  48.774 0.0000000000
32779  -26.309  -40.394  48.814 0.0000000000
32822  -26.855  -40.755  47.219 0.0000000000
32810  -27.513  -41.089  47.810 0.0000000000
32823  -27.530  -40.816  46.949 0.0000000000
32812  -29.347  -40.735  47.604 0.0000000000
123069  -29.824  -40.784  48.343 0.0000000000
32813  -30.032  -40.022  47.850 0.0000000000
32796  -30.362  -40.285  48.669 0.0000000000
124397  -31.396  -38.942  49.680 0.0000000000
33621  -30.830  -39.469  49.504 0.0000000000
108155  -31.144  -39.335  49.014 0.0000000000
33645  -31.003  -39.459  48.570 0.0000000000
33646  -31.704  -38.892  48.613 0.0000000000
33635  -32.369  -38.705  48.685 0.0000000000
34557  -33.538  -38.543  48.433 0.0000000000
34568  -34.375  -38.446  48.178 0.0000000000
35490  -34.826  -38.160  48.556 0.0000000000
124721  -33.282  -34.518  50.173 0.0000000000
38852  -33.175  -33.983  49.894 0.0000000000
37955  -32.986  -35.182  50.189 0.0000000000
37954  -32.309  -35.348  50.064 0.0000000000
116398  -33.443  -35.744  50.154 0.0000000000
37108  -33.173  -36.569  50.022 0.0000000000
37122  -35.729  -36.333  49.361 0.0000000000
116390  -35.288  -36.918  49.391 0.0000000000
36308  -35.860  -37.257  48.960 0.0000000000
35491  -35.631  -37.990  48.427 0.0000000000
123545  -37.510  -35.081  48.815 0.0000000000
37991  -37.884  -35.798  48.435 0.0000000000
40714  -38.330  -32.875  49.104 0.0000000000
44773  -38.755  -28.544  47.919 0.0000000000
43816  -38.339  -28.990  48.495 0.0000000000
43803  -39.300  -28.778  49.217 0.0000000000
46859  -40.839  -26.407  48.221 0.0000000000
45849  -40.257  -26.980  48.235 0.0000000000
45839  -40.597  -27.032  48.749 0.0000000000
44761  -40.743  -27.877  48.993 0.0000000000
42861  -40.841  -29.546  48.609 0.0000000000
43817  -41.633  -29.551  47.931 0.0000000000
42874  -42.825  -29.968  46.740 0.0000000000
41813  -42.011  -30.272  47.120 0.0000000000
44777  -44.633  -27.921  46.312 0.0000000000
45869  -45.091  -27.448  46.075 0.0000000000
45901  -46.068  -27.943  44.706 0.0000000000
45886  -45.623  -27.708  45.372 0.0000000000
44802  -45.902  -28.753  44.510 0.0000000000
45926  -46.846  -27.204  42.619 0.0000000000
45938  -46.972  -27.078  41.600 0.0000000000
119916  -17.923  -36.760  51.460 0.0000000000
35446  -18.549  -37.167  50.563 0.0000000000
124273  -18.438  -37.535  50.088 0.0000000000
49681  -48.686  -23.650  39.447 0.0000000000
49682  -49.541  -23.758  38.909 0.0000000000
125029  -47.708  -19.150  38.332 0.0000000000
53802  -50.560  -19.319  38.443 0.0000000000
52677  -50.804  -19.988  38.813 0.0000000000
52704  -51.159  -19.951  38.090 0.0000000000
53847  -51.240  -20.025  35.635 0.0000000000
52721  -52.518  -20.697  36.112 0.0000000000
51719  -52.917  -21.583  36.434 0.0000000000
52706  -52.292  -21.042  36.993 0.0000000000
56720  -48.068  -16.857  32.028 0.0000000000
61861  -48.840  -10.354  31.567 0.0000000000
60999  -48.223  -11.003  30.672 0.0000000000
60982  -48.233  -11.048  31.716 0.0000000000
60093  -47.758  -12.460  32.610 0.0000000000
60107  -47.407  -12.509  31.562 0.0000000000
59279  -47.358  -13.275  32.117 0.0000000000
59293  -46.980  -13.349  31.045 0.0000000000
127507  -47.106  -13.982  31.742 0.0000000000
58394  -47.557  -14.168  32.700 0.0000000000
49599  -44.195  -23.309  46.373 0.0000000000
49598  -43.530  -23.306  46.437 0.0000000000
49606  -43.397  -22.965  46.023 0.0000000000
50578  -43.392  -22.754  45.397 0.0000000000
109241  -36.009  -31.111  49.075 0.0000000000
46903  -42.105  -25.736  46.029 0.0000000000
108823  -42.211  -24.807  47.111 0.0000000000
53761  -48.145  -18.915  41.905 0.0000000000
53762  -48.698  -19.075  41.461 0.0000000000
53774  -48.339  -18.792  41.233 0.0000000000
53775  -48.993  -18.792  40.758 0.0000000000
53787  -49.038  -18.642  39.705 0.0000000000
53874  -50.626  -18.677  33.678 0.0000000000
113790  -51.365  -18.528  33.295 0.0000000000
116569  -52.421  -8.071  32.381 0.0000000000
62717  -51.656  -8.398  32.642 0.0000000000
60985  -52.397  -10.035  32.644 0.0000000000
113239  -53.023  -9.127  27.510 0.0000000000
63650  -54.410  -7.393  29.626 0.0000000000
63636  -54.628  -7.719  30.137 0.0000000000
63651  -55.049  -7.441  29.307 0.0000000000
63661  -55.357  -7.114  28.346 0.0000000000
65426  -55.486  -5.813  26.290 0.0000000000
65427  -55.833  -5.729  25.702 0.0000000000
64554  -56.079  -6.476  26.100 0.0000000000
63689  -56.091  -7.344  25.379 0.0000000000
45918  -47.226  -26.722  43.012 0.0000000000
46942  -47.641  -26.363  42.265 0.0000000000
51620  -45.806  -21.377  44.539 0.0000000000
128376  -45.695  -20.600  44.294 0.0000000000
52622  -46.712  -19.976  43.582 0.0000000000
52623  -47.178  -19.746  43.059 0.0000000000
52647  -45.487  -19.760  42.230 0.0000000000
35447  -19.317  -37.194  50.205 0.0000000000
108815  -21.020  -38.138  49.627 0.0000000000
32777  -25.034  -39.977  48.983 0.0000000000
32764  -27.010  -40.120  49.630 0.0000000000
32765  -27.667  -40.796  49.961 0.0000000000
32780  -27.632  -41.091  49.485 0.0000000000
32781  -28.277  -41.211  49.527 0.0000000000
32782  -29.124  -41.210  49.600 0.0000000000
32768  -29.903  -41.065  49.916 0.0000000000
34545  -32.178  -38.616  49.464 0.0000000000
35472  -33.476  -37.836  49.470 0.0000000000
40695  -34.036  -32.901  49.353 0.0000000000
39765  -33.480  -33.457  49.477 0.0000000000
39759  -33.893  -33.332  49.991 0.0000000000
37957  -34.666  -35.131  50.080 0.0000000000
125079  -34.175  -35.619  50.135 0.0000000000
37973  -36.288  -35.580  49.350 0.0000000000
38867  -37.615  -34.284  49.087 0.0000000000
40701  -38.449  -31.936  49.344 0.0000000000
41811  -40.599  -31.532  47.512 0.0000000000
42873  -38.443  -29.605  46.585 0.0000000000
43823  -38.861  -28.907  46.926 0.0000000000
44766  -39.320  -27.976  48.272 0.0000000000
45840  -41.225  -27.165  48.785 0.0000000000
42875  -43.470  -29.725  46.445 0.0000000000
43824  -44.103  -29.469  46.113 0.0000000000
46904  -45.539  -26.684  45.708 0.0000000000
45902  -46.482  -27.390  44.254 0.0000000000
37965  -18.455  -35.740  50.319 0.0000000000
37941  -18.198  -36.140  51.651 0.0000000000
50661  -49.998  -22.703  38.705 0.0000000000
49691  -50.557  -23.830  38.539 0.0000000000
53830  -47.761  -19.491  36.878 0.0000000000
53815  -48.832  -18.785  37.853 0.0000000000
115871  -49.201  -19.052  37.256 0.0000000000
53849  -52.323  -19.925  34.853 0.0000000000
60969  -49.645  -10.621  33.631 0.0000000000
60968  -48.622  -10.980  32.903 0.0000000000
60094  -48.367  -12.427  33.640 0.0000000000
111507  -48.421  -13.153  33.984 0.0000000000
59265  -48.167  -13.898  33.731 0.0000000000
59253  -48.839  -13.646  34.649 0.0000000000
58374  -49.509  -14.262  35.096 0.0000000000
57517  -50.181  -14.596  35.122 0.0000000000
57528  -50.449  -15.110  34.601 0.0000000000
63677  -53.833  -7.192  26.466 0.0000000000
64552  -54.269  -6.242  26.306 0.0000000000
65425  -54.792  -5.523  25.943 0.0000000000
66271  -54.885  -4.961  25.148 0.0000000000
120566  -45.975  -24.949  45.229 0.0000000000
48698  -46.388  -24.824  44.737 0.0000000000
48688  -45.926  -24.212  45.228 0.0000000000
127371  -44.511  -22.830  45.927 0.0000000000
51609  -45.197  -21.728  45.115 0.0000000000
51619  -44.556  -21.145  44.452 0.0000000000
52619  -44.130  -21.008  43.396 0.0000000000
37103  -20.430  -36.926  50.298 0.0000000000
37114  -20.808  -36.586  50.114 0.0000000000
37105  -22.085  -37.456  49.826 0.0000000000
36288  -22.677  -37.884  49.670 0.0000000000
113151  -23.349  -38.296  49.473 0.0000000000
40696  -34.647  -32.398  49.564 0.0000000000
39768  -35.998  -32.777  50.077 0.0000000000
40699  -36.553  -31.960  49.887 0.0000000000
41777  -37.134  -31.245  49.757 0.0000000000
117416  -37.969  -31.119  49.698 0.0000000000
41778  -38.569  -30.517  49.545 0.0000000000
42852  -39.208  -30.031  49.468 0.0000000000
130676  -40.813  -26.420  47.579 0.0000000000
46860  -41.476  -25.885  48.382 0.0000000000
45850  -42.644  -26.948  48.196 0.0000000000
45851  -43.281  -27.287  47.667 0.0000000000
45852  -43.800  -27.222  47.272 0.0000000000
47790  -44.114  -25.347  47.141 0.0000000000
47791  -44.912  -25.718  46.518 0.0000000000
112552  -18.919  -35.704  49.520 0.0000000000
130545  -19.860  -35.995  50.361 0.0000000000
50633  -48.060  -21.947  40.305 0.0000000000
51673  -49.631  -21.508  39.171 0.0000000000
51692  -50.432  -21.673  38.731 0.0000000000
51694  -51.161  -21.824  38.403 0.0000000000
110986  -50.842  -19.914  34.942 0.0000000000
110188  -51.675  -19.755  34.667 0.0000000000
61890  -49.584  -10.080  29.965 0.0000000000
61884  -49.493  -9.806  31.028 0.0000000000
61862  -49.722  -9.632  32.320 0.0000000000
61850  -50.123  -9.799  33.351 0.0000000000
60957  -50.188  -11.263  34.137 0.0000000000
48697  -43.184  -24.041  44.741 0.0000000000
47812  -43.491  -25.045  44.179 0.0000000000
45885  -42.126  -26.852  45.393 0.0000000000
126576  -42.679  -25.619  45.326 0.0000000000
52688  -46.737  -20.078  39.075 0.0000000000
126134  -46.822  -20.066  38.215 0.0000000000
53813  -47.167  -19.666  37.702 0.0000000000
53844  -48.179  -19.981  35.020 0.0000000000
53873  -49.447  -19.053  33.468 0.0000000000
53886  -48.615  -19.212  32.833 0.0000000000
61018  -50.302  -10.900  28.240 0.0000000000
107859  -50.384  -9.663  29.785 0.0000000000
61865  -53.241  -8.389  32.375 0.0000000000
112019  -53.694  -10.401  31.188 0.0000000000
62762  -54.984  -8.376  30.016 0.0000000000
64534  -55.236  -6.550  27.863 0.0000000000
46943  -47.971  -26.229  41.652 0.0000000000
127733  -46.753  -24.697  44.273 0.0000000000
48705  -46.826  -24.066  44.001 0.0000000000
50603  -46.437  -22.107  44.182 0.0000000000
49640  -47.300  -23.092  42.873 0.0000000000
125003  -47.331  -22.519  42.134 0.0000000000
50622  -47.501  -21.388  41.967 0.0000000000
51650  -48.028  -20.153  42.008 0.0000000000
52649  -47.650  -19.478  42.303 0.0000000000
50590  -43.548  -22.739  44.504 0.0000000000
50601  -43.738  -22.649  43.463 0.0000000000
50602  -43.887  -22.349  43.900 0.0000000000
51628  -44.032  -21.778  43.711 0.0000000000
51639  -43.811  -21.493  42.826 0.0000000000
52633  -44.074  -20.778  42.547 0.0000000000
52646  -44.479  -20.374  41.886 0.0000000000
51671  -46.020  -20.998  39.450 0.0000000000
35500  -18.546  -38.040  48.580 0.0000000000
35501  -19.410  -38.155  48.253 0.0000000000
36286  -20.677  -37.710  49.909 0.0000000000
36289  -24.105  -38.425  49.370 0.0000000000
35462  -24.601  -38.923  49.541 0.0000000000
32778  -25.507  -40.150  48.774 0.0000000000
126578  -26.458  -40.085  49.265 0.0000000000
122863  -26.144  -40.544  47.479 0.0000000000
119907  -28.530  -41.144  47.934 0.0000000000
33619  -29.824  -40.555  50.200 0.0000000000
32783  -30.174  -40.720  49.393 0.0000000000
33633  -30.413  -39.838  49.151 0.0000000000
34556  -32.845  -38.600  48.708 0.0000000000
33647  -33.124  -38.597  48.252 0.0000000000
37107  -31.177  -36.394  50.202 0.0000000000
38858  -32.460  -34.461  49.480 0.0000000000
37971  -31.990  -35.102  49.803 0.0000000000
36296  -33.771  -37.149  49.724 0.0000000000
36306  -34.366  -37.739  49.246 0.0000000000
37121  -34.625  -37.015  49.574 0.0000000000
126251  -37.120  -33.805  49.508 0.0000000000
39777  -38.253  -33.866  48.799 0.0000000000
38872  -38.731  -34.398  48.116 0.0000000000
42865  -37.268  -29.984  48.142 0.0000000000
43815  -37.763  -29.480  48.311 0.0000000000
43807  -37.995  -29.381  48.952 0.0000000000
43802  -38.835  -29.455  49.419 0.0000000000
45865  -39.764  -27.468  47.812 0.0000000000
44759  -39.564  -28.023  48.955 0.0000000000
125614  -40.135  -27.650  49.006 0.0000000000
44760  -39.979  -28.275  49.227 0.0000000000
43804  -39.835  -28.929  49.356 0.0000000000
42853  -40.015  -29.636  49.166 0.0000000000
41812  -41.241  -30.891  47.314 0.0000000000
113295  -44.174  -27.831  46.737 0.0000000000
108125  -45.367  -29.049  45.169 0.0000000000
121328  -45.862  -27.733  42.007 0.0000000000
115551  -46.397  -27.458  42.325 0.0000000000
35456  -17.766  -37.422  50.692 0.0000000000
109411  -18.171  -37.909  49.361 0.0000000000
53799  -47.990  -18.822  39.210 0.0000000000
53788  -49.936  -18.921  39.455 0.0000000000
53800  -49.392  -18.629  38.751 0.0000000000
53801  -50.073  -18.880  38.771 0.0000000000
53833  -50.876  -19.795  36.654 0.0000000000
53818  -51.373  -19.956  37.218 0.0000000000
52705  -51.681  -20.558  37.545 0.0000000000
51707  -51.987  -21.524  37.687 0.0000000000
130705  -48.426  -11.014  29.805 0.0000000000
116055  -47.846  -11.562  29.893 0.0000000000
114640  -47.282  -12.268  29.996 0.0000000000
60108  -47.900  -11.714  32.130 0.0000000000
57553  -47.588  -15.912  32.065 0.0000000000
58395  -48.091  -14.645  33.555 0.0000000000
57541  -47.796  -15.220  32.903 0.0000000000
124485  -48.547  -16.254  33.186 0.0000000000
56710  -49.638  -16.740  33.684 0.0000000000
56699  -51.050  -16.524  33.251 0.0000000000
121491  -51.100  -16.080  33.356 0.0000000000
56711  -51.242  -16.599  33.058 0.0000000000
32794  -28.638  -41.217  48.866 0.0000000000
33632  -30.117  -40.406  49.632 0.0000000000
40697  -35.087  -32.185  49.926 0.0000000000
57529  -50.900  -15.036  34.192 0.0000000000
62701  -51.591  -8.895  33.212 0.0000000000
62718  -52.363  -8.571  33.016 0.0000000000
126443  -48.663  -10.624  32.247 0.0000000000
128691  -28.049  -40.731  50.233 0.0000000000
