#!ascii label  , from subject sub-v1s13x0050005_ses-1 vox2ras=TkReg
1387
44871  -46.968  -27.317  39.414 0.0000000000
34577  -35.962  -38.062  46.961 0.0000000000
51847  -48.645  -21.083  26.060 0.0000000000
46078  -41.079  -26.994  29.930 0.0000000000
50755  -49.778  -21.515  32.978 0.0000000000
39801  -43.824  -32.990  44.868 0.0000000000
108273  -39.863  -37.246  37.183 0.0000000000
40916  -38.707  -32.449  33.545 0.0000000000
108723  -26.890  -39.761  45.424 0.0000000000
60131  -53.360  -11.304  30.717 0.0000000000
37294  -31.732  -35.864  35.174 0.0000000000
46032  -44.346  -27.082  34.921 0.0000000000
47931  -45.052  -25.061  31.688 0.0000000000
47003  -48.477  -25.663  36.920 0.0000000000
43862  -45.539  -29.317  43.291 0.0000000000
39840  -42.176  -33.408  39.107 0.0000000000
43912  -42.052  -29.294  37.537 0.0000000000
43966  -39.278  -29.453  31.636 0.0000000000
61040  -55.445  -11.381  26.451 0.0000000000
33672  -31.027  -39.230  46.765 0.0000000000
34666  -28.886  -39.385  40.352 0.0000000000
35600  -32.706  -37.305  42.340 0.0000000000
49828  -51.146  -23.345  29.461 0.0000000000
38018  -39.928  -36.144  46.356 0.0000000000
122215  -38.540  -36.411  43.103 0.0000000000
37230  -43.329  -37.020  41.194 0.0000000000
38237  -39.842  -36.005  34.508 0.0000000000
33667  -22.189  -39.462  45.936 0.0000000000
52764  -53.679  -20.593  33.335 0.0000000000
54856  -51.078  -18.354  30.643 0.0000000000
60075  -50.521  -12.722  35.075 0.0000000000
127573  -49.619  -15.865  27.541 0.0000000000
56761  -53.907  -16.187  26.646 0.0000000000
117982  -23.904  -40.006  39.748 0.0000000000
38196  -35.723  -35.405  37.481 0.0000000000
44904  -45.762  -27.432  37.680 0.0000000000
46018  -46.262  -26.303  36.297 0.0000000000
45988  -47.660  -26.669  38.216 0.0000000000
44840  -45.770  -27.822  41.240 0.0000000000
43877  -43.638  -29.614  40.418 0.0000000000
44885  -44.651  -28.052  38.629 0.0000000000
44933  -42.848  -27.849  35.804 0.0000000000
50889  -48.366  -22.484  23.707 0.0000000000
52875  -48.739  -20.509  23.698 0.0000000000
33675  -33.782  -38.424  47.508 0.0000000000
114472  -31.522  -38.208  44.057 0.0000000000
108381  -35.059  -37.219  45.454 0.0000000000
47080  -41.702  -26.014  28.057 0.0000000000
49771  -46.981  -22.882  32.526 0.0000000000
49788  -45.673  -23.325  30.354 0.0000000000
111260  -48.348  -21.762  30.791 0.0000000000
49807  -49.745  -24.164  29.130 0.0000000000
50778  -51.549  -22.653  31.186 0.0000000000
38887  -41.693  -34.736  44.915 0.0000000000
36364  -42.055  -37.800  44.471 0.0000000000
38065  -44.074  -35.763  43.114 0.0000000000
40898  -41.041  -33.075  36.630 0.0000000000
38968  -41.578  -34.920  36.359 0.0000000000
109638  -39.120  -33.928  34.311 0.0000000000
44964  -40.175  -27.974  30.892 0.0000000000
53896  -52.865  -19.750  32.136 0.0000000000
59294  -50.352  -13.634  31.418 0.0000000000
59301  -51.536  -12.804  29.730 0.0000000000
57597  -51.332  -15.348  26.445 0.0000000000
59313  -53.604  -13.024  28.705 0.0000000000
58474  -55.751  -13.936  25.712 0.0000000000
32833  -24.737  -39.928  45.927 0.0000000000
33704  -23.214  -39.731  43.218 0.0000000000
32869  -25.544  -39.720  42.873 0.0000000000
36422  -29.937  -37.273  37.078 0.0000000000
35622  -27.682  -38.336  36.593 0.0000000000
110279  -28.932  -37.202  33.631 0.0000000000
38160  -39.526  -34.960  39.390 0.0000000000
38130  -36.325  -35.112  40.205 0.0000000000
117140  -38.222  -36.119  37.621 0.0000000000
46058  -42.189  -27.177  31.824 0.0000000000
47055  -43.276  -26.260  30.777 0.0000000000
47040  -44.988  -25.875  33.126 0.0000000000
47911  -46.077  -25.070  34.285 0.0000000000
48835  -49.216  -23.840  35.436 0.0000000000
41862  -44.894  -31.416  44.383 0.0000000000
39819  -44.495  -33.635  42.703 0.0000000000
41945  -43.042  -31.680  41.204 0.0000000000
42949  -41.525  -31.222  38.089 0.0000000000
42986  -40.462  -30.887  35.189 0.0000000000
42063  -38.958  -31.070  32.870 0.0000000000
43948  -40.981  -29.329  34.161 0.0000000000
44959  -41.249  -28.258  32.779 0.0000000000
119448  -54.604  -11.478  29.051 0.0000000000
63652  -55.555  -7.674  28.765 0.0000000000
32837  -28.822  -39.830  45.838 0.0000000000
33722  -27.846  -39.578  42.649 0.0000000000
33709  -29.942  -38.828  43.651 0.0000000000
35605  -30.537  -38.076  40.646 0.0000000000
36420  -31.696  -36.633  38.556 0.0000000000
48877  -44.344  -24.449  29.458 0.0000000000
48892  -49.888  -24.974  28.220 0.0000000000
50847  -50.404  -22.783  28.020 0.0000000000
36331  -38.458  -37.667  47.286 0.0000000000
35556  -37.459  -37.493  45.195 0.0000000000
35558  -39.815  -38.152  44.904 0.0000000000
36403  -41.181  -36.884  42.205 0.0000000000
37256  -41.606  -36.527  38.619 0.0000000000
38923  -43.558  -35.298  40.707 0.0000000000
110079  -42.145  -36.477  37.773 0.0000000000
36457  -40.722  -37.209  35.644 0.0000000000
47844  -48.267  -26.149  41.031 0.0000000000
37123  -36.506  -36.564  48.854 0.0000000000
40732  -39.512  -32.922  48.042 0.0000000000
41828  -41.138  -31.542  46.695 0.0000000000
47865  -49.560  -25.712  38.601 0.0000000000
47880  -51.054  -24.922  37.526 0.0000000000
49734  -52.211  -23.475  35.962 0.0000000000
51720  -53.456  -22.183  35.822 0.0000000000
50743  -52.785  -22.406  33.172 0.0000000000
51797  -52.990  -22.122  31.376 0.0000000000
52803  -51.822  -20.814  29.882 0.0000000000
52813  -49.924  -19.828  28.280 0.0000000000
58397  -50.874  -14.929  33.095 0.0000000000
55825  -49.817  -17.119  29.444 0.0000000000
54902  -48.741  -18.164  26.292 0.0000000000
55881  -49.886  -17.326  24.356 0.0000000000
58452  -55.243  -14.244  27.414 0.0000000000
34626  -20.964  -38.876  43.905 0.0000000000
34700  -22.499  -39.399  36.939 0.0000000000
33751  -26.416  -40.069  39.968 0.0000000000
34713  -25.097  -39.197  36.365 0.0000000000
37204  -35.874  -36.270  42.627 0.0000000000
38128  -34.524  -35.330  39.901 0.0000000000
37277  -33.783  -35.708  36.400 0.0000000000
35625  -35.334  -38.806  37.390 0.0000000000
44887  -46.404  -27.531  38.743 0.0000000000
44906  -46.823  -26.920  37.823 0.0000000000
44888  -47.023  -27.118  38.509 0.0000000000
44856  -46.427  -27.492  40.666 0.0000000000
43890  -45.009  -28.384  40.227 0.0000000000
44886  -45.608  -27.860  38.877 0.0000000000
126678  -45.273  -27.760  38.075 0.0000000000
50856  -48.833  -22.106  26.080 0.0000000000
51861  -48.356  -21.503  25.115 0.0000000000
51873  -48.395  -21.506  23.908 0.0000000000
52853  -48.447  -20.413  25.246 0.0000000000
34575  -34.562  -38.194  47.177 0.0000000000
34603  -34.284  -37.757  46.441 0.0000000000
35538  -35.331  -37.709  46.379 0.0000000000
46088  -40.163  -26.970  28.787 0.0000000000
47065  -41.509  -26.542  29.395 0.0000000000
50739  -48.527  -21.942  33.197 0.0000000000
50775  -47.510  -22.103  31.647 0.0000000000
50754  -49.234  -21.452  32.080 0.0000000000
50776  -49.562  -21.885  30.967 0.0000000000
51796  -51.079  -22.048  31.686 0.0000000000
39800  -42.199  -33.695  44.950 0.0000000000
38035  -43.011  -35.577  44.447 0.0000000000
38893  -44.039  -34.756  44.080 0.0000000000
124149  -39.533  -32.358  34.549 0.0000000000
39882  -40.069  -33.765  34.954 0.0000000000
39893  -38.815  -33.176  34.011 0.0000000000
39891  -37.728  -33.864  33.497 0.0000000000
46065  -40.630  -27.476  30.423 0.0000000000
44986  -39.245  -28.093  29.923 0.0000000000
46076  -39.657  -27.522  29.393 0.0000000000
60129  -51.662  -11.787  31.221 0.0000000000
60138  -53.001  -12.001  30.171 0.0000000000
59312  -52.840  -13.041  28.887 0.0000000000
60153  -53.324  -12.474  29.393 0.0000000000
32834  -25.452  -39.756  45.519 0.0000000000
32857  -25.506  -39.682  43.771 0.0000000000
110076  -26.138  -39.650  44.214 0.0000000000
37275  -30.495  -36.472  36.270 0.0000000000
36453  -29.353  -36.755  35.186 0.0000000000
36472  -30.861  -36.697  34.005 0.0000000000
34756  -30.733  -38.559  33.732 0.0000000000
127140  -31.763  -37.684  34.275 0.0000000000
126226  -39.893  -35.255  38.634 0.0000000000
112207  -38.911  -35.136  38.371 0.0000000000
37264  -39.196  -36.556  37.507 0.0000000000
46041  -43.343  -27.240  33.790 0.0000000000
47038  -43.634  -26.633  32.424 0.0000000000
47030  -44.589  -26.407  33.612 0.0000000000
47013  -46.681  -25.809  36.044 0.0000000000
47022  -46.403  -25.473  35.193 0.0000000000
47895  -47.165  -25.411  35.737 0.0000000000
48833  -47.449  -24.529  34.855 0.0000000000
48822  -48.428  -24.714  35.690 0.0000000000
42906  -45.185  -31.032  43.611 0.0000000000
41897  -44.808  -31.946  42.982 0.0000000000
42918  -44.460  -30.377  42.178 0.0000000000
43899  -43.010  -28.945  38.771 0.0000000000
42941  -42.818  -30.078  39.973 0.0000000000
42962  -41.692  -30.212  37.838 0.0000000000
42961  -41.264  -30.962  37.327 0.0000000000
127564  -41.283  -29.827  35.949 0.0000000000
43003  -40.761  -30.105  34.789 0.0000000000
43934  -41.632  -29.187  35.951 0.0000000000
46015  -43.690  -27.361  35.574 0.0000000000
44932  -42.301  -28.108  35.063 0.0000000000
46030  -42.819  -27.641  34.361 0.0000000000
46049  -41.720  -27.680  32.315 0.0000000000
33671  -30.397  -39.593  46.394 0.0000000000
33695  -29.248  -39.537  44.405 0.0000000000
118169  -30.569  -39.038  45.160 0.0000000000
35588  -32.271  -37.521  42.849 0.0000000000
34645  -31.438  -37.833  42.579 0.0000000000
35607  -31.883  -37.645  41.375 0.0000000000
36419  -31.308  -37.232  39.359 0.0000000000
37247  -32.601  -36.805  40.057 0.0000000000
110837  -44.531  -25.283  30.969 0.0000000000
47943  -43.492  -25.442  29.586 0.0000000000
47939  -44.449  -24.851  30.247 0.0000000000
50814  -46.938  -22.365  29.048 0.0000000000
49824  -45.469  -23.010  28.370 0.0000000000
50829  -46.212  -22.711  27.804 0.0000000000
49809  -50.704  -23.676  29.419 0.0000000000
48881  -49.976  -24.720  28.604 0.0000000000
49827  -50.657  -23.959  28.957 0.0000000000
49846  -50.518  -23.843  28.355 0.0000000000
50833  -51.020  -23.049  28.759 0.0000000000
36332  -39.069  -37.354  47.179 0.0000000000
108822  -39.145  -38.186  46.245 0.0000000000
36344  -40.312  -37.604  46.139 0.0000000000
36393  -43.167  -37.668  42.456 0.0000000000
35591  -41.859  -38.150  43.072 0.0000000000
36404  -42.136  -37.395  41.879 0.0000000000
38105  -41.509  -35.906  40.938 0.0000000000
37249  -42.673  -36.575  39.762 0.0000000000
39833  -43.159  -33.680  41.093 0.0000000000
38914  -43.607  -34.542  41.388 0.0000000000
38934  -42.578  -34.464  39.015 0.0000000000
38985  -41.221  -35.303  35.281 0.0000000000
38969  -41.733  -35.501  36.849 0.0000000000
38218  -41.635  -36.133  36.376 0.0000000000
37278  -41.463  -36.602  36.565 0.0000000000
43022  -38.938  -30.033  31.861 0.0000000000
40749  -40.564  -32.222  46.690 0.0000000000
43824  -44.103  -29.469  46.113 0.0000000000
46964  -48.823  -26.129  39.685 0.0000000000
49691  -50.557  -23.830  38.539 0.0000000000
48782  -51.914  -24.094  37.959 0.0000000000
48825  -51.525  -24.246  36.662 0.0000000000
49702  -52.639  -23.332  37.064 0.0000000000
52736  -53.441  -20.752  34.752 0.0000000000
50705  -53.440  -22.643  35.173 0.0000000000
50745  -53.670  -22.081  33.209 0.0000000000
50758  -52.822  -22.452  32.326 0.0000000000
51785  -53.744  -21.497  32.773 0.0000000000
54857  -51.728  -18.850  31.198 0.0000000000
52793  -52.292  -20.470  30.555 0.0000000000
53910  -51.665  -19.977  30.062 0.0000000000
52814  -50.658  -20.303  28.906 0.0000000000
54869  -50.556  -18.708  29.645 0.0000000000
124329  -50.927  -13.712  34.369 0.0000000000
117715  -49.787  -14.881  29.035 0.0000000000
57562  -49.706  -15.334  29.741 0.0000000000
57568  -49.564  -15.682  28.833 0.0000000000
55843  -49.229  -17.624  27.731 0.0000000000
55842  -49.085  -17.109  27.094 0.0000000000
55864  -48.793  -17.935  25.480 0.0000000000
56774  -49.668  -16.569  25.669 0.0000000000
57598  -52.381  -15.287  26.542 0.0000000000
56777  -52.240  -16.508  25.380 0.0000000000
56778  -53.318  -16.649  25.986 0.0000000000
61020  -55.073  -10.932  28.460 0.0000000000
60170  -54.722  -12.875  28.072 0.0000000000
60171  -55.127  -12.579  27.511 0.0000000000
33728  -23.716  -39.760  41.734 0.0000000000
33727  -22.939  -39.521  41.644 0.0000000000
118719  -23.282  -39.711  40.204 0.0000000000
34676  -22.318  -39.211  38.934 0.0000000000
34677  -23.307  -39.588  38.632 0.0000000000
33732  -28.116  -39.533  41.672 0.0000000000
125827  -27.392  -39.776  41.201 0.0000000000
33753  -27.768  -39.734  39.911 0.0000000000
35632  -26.350  -38.507  36.070 0.0000000000
33809  -26.929  -40.882  33.696 0.0000000000
122217  -37.869  -36.806  44.061 0.0000000000
36373  -37.102  -36.688  44.231 0.0000000000
37205  -36.850  -36.232  42.775 0.0000000000
38930  -36.440  -34.688  38.601 0.0000000000
38129  -35.424  -35.156  40.136 0.0000000000
38179  -34.609  -34.817  38.024 0.0000000000
38178  -33.906  -35.067  38.311 0.0000000000
37261  -34.901  -35.590  37.081 0.0000000000
35636  -34.720  -39.059  37.008 0.0000000000
46016  -44.585  -27.125  35.760 0.0000000000
46033  -45.067  -26.816  35.258 0.0000000000
119530  -46.015  -26.737  36.605 0.0000000000
130282  -46.539  -26.513  36.913 0.0000000000
115721  -47.827  -26.040  37.264 0.0000000000
43870  -45.324  -28.568  42.130 0.0000000000
43869  -44.725  -29.387  41.703 0.0000000000
43879  -45.134  -28.465  41.085 0.0000000000
43900  -43.948  -28.574  39.128 0.0000000000
43913  -42.744  -28.696  37.951 0.0000000000
44918  -42.623  -28.135  36.636 0.0000000000
44902  -43.334  -27.968  37.391 0.0000000000
46000  -44.148  -27.307  36.295 0.0000000000
53986  -49.995  -20.139  22.908 0.0000000000
113169  -32.505  -38.600  47.585 0.0000000000
33697  -31.360  -38.667  45.501 0.0000000000
34602  -32.328  -38.260  45.987 0.0000000000
35552  -33.268  -37.496  45.261 0.0000000000
35589  -33.671  -36.998  43.686 0.0000000000
48862  -45.842  -23.947  32.089 0.0000000000
48871  -45.233  -24.102  30.962 0.0000000000
49780  -46.492  -22.913  31.678 0.0000000000
50774  -47.297  -22.152  30.788 0.0000000000
50794  -48.189  -22.112  30.026 0.0000000000
50832  -48.771  -23.519  28.935 0.0000000000
50795  -49.272  -22.489  30.213 0.0000000000
50796  -50.321  -22.914  30.324 0.0000000000
49791  -51.189  -23.178  30.138 0.0000000000
119162  -40.496  -35.579  45.625 0.0000000000
37164  -41.462  -37.169  45.369 0.0000000000
124608  -42.022  -35.729  44.728 0.0000000000
37190  -43.403  -36.847  43.420 0.0000000000
37231  -43.889  -36.606  42.072 0.0000000000
124448  -41.516  -33.186  37.793 0.0000000000
39854  -41.755  -34.356  37.622 0.0000000000
39866  -41.315  -34.057  36.484 0.0000000000
38984  -40.648  -34.645  35.023 0.0000000000
111284  -39.720  -35.265  34.359 0.0000000000
38247  -38.315  -36.041  34.099 0.0000000000
120104  -38.088  -35.326  33.977 0.0000000000
109275  -39.317  -28.926  31.155 0.0000000000
43975  -38.818  -28.771  30.409 0.0000000000
111701  -52.547  -19.550  33.812 0.0000000000
53897  -53.321  -20.165  32.501 0.0000000000
54833  -52.103  -19.145  33.006 0.0000000000
54832  -51.734  -18.607  32.743 0.0000000000
111694  -51.333  -17.379  32.022 0.0000000000
125617  -50.585  -11.459  33.968 0.0000000000
59266  -50.795  -13.113  33.651 0.0000000000
60109  -50.935  -12.087  32.664 0.0000000000
59300  -50.692  -13.245  30.000 0.0000000000
58437  -50.344  -14.574  28.369 0.0000000000
58448  -50.839  -15.089  27.096 0.0000000000
118199  -51.118  -14.524  27.698 0.0000000000
58449  -52.287  -14.107  27.756 0.0000000000
58467  -53.813  -14.749  27.425 0.0000000000
61049  -55.339  -11.338  25.599 0.0000000000
113421  -55.498  -12.888  26.397 0.0000000000
61048  -55.120  -12.109  25.147 0.0000000000
112036  -23.481  -40.083  46.149 0.0000000000
114042  -22.831  -39.845  44.755 0.0000000000
33693  -24.006  -39.903  44.559 0.0000000000
117473  -24.648  -39.810  42.308 0.0000000000
112505  -25.276  -39.994  41.043 0.0000000000
35616  -29.232  -38.636  38.714 0.0000000000
35615  -28.482  -38.935  38.154 0.0000000000
35634  -29.145  -37.836  36.946 0.0000000000
36452  -28.512  -37.042  34.932 0.0000000000
35671  -28.214  -38.236  33.228 0.0000000000
33832  -28.436  -39.866  33.394 0.0000000000
33834  -29.688  -39.593  33.454 0.0000000000
38103  -38.720  -35.455  41.098 0.0000000000
38102  -37.751  -35.509  41.159 0.0000000000
38132  -38.160  -35.113  40.253 0.0000000000
38931  -37.383  -34.709  38.689 0.0000000000
38197  -36.729  -35.435  37.654 0.0000000000
47047  -41.979  -26.945  31.021 0.0000000000
47054  -42.490  -26.503  30.483 0.0000000000
47048  -42.704  -26.739  31.300 0.0000000000
47050  -44.154  -26.123  31.945 0.0000000000
47920  -45.244  -25.265  32.717 0.0000000000
47031  -45.166  -26.020  34.050 0.0000000000
47910  -45.440  -25.434  33.669 0.0000000000
47921  -45.690  -24.876  33.301 0.0000000000
48844  -47.007  -24.131  33.988 0.0000000000
48845  -47.862  -23.663  34.306 0.0000000000
50722  -49.732  -22.226  34.489 0.0000000000
40772  -44.148  -32.051  44.996 0.0000000000
117179  -44.659  -33.491  43.944 0.0000000000
40827  -44.895  -32.485  43.342 0.0000000000
40825  -44.080  -32.828  42.404 0.0000000000
40852  -42.752  -32.740  40.699 0.0000000000
42930  -43.183  -30.595  40.803 0.0000000000
42929  -42.515  -30.964  40.179 0.0000000000
40863  -41.837  -32.430  39.061 0.0000000000
42007  -41.255  -32.052  37.588 0.0000000000
42039  -40.287  -31.829  35.443 0.0000000000
42053  -39.506  -31.813  34.248 0.0000000000
42057  -38.783  -31.767  33.158 0.0000000000
43001  -39.798  -31.032  33.967 0.0000000000
43010  -40.075  -30.341  33.689 0.0000000000
43959  -40.158  -29.313  32.682 0.0000000000
126722  -41.774  -28.754  35.379 0.0000000000
44953  -41.450  -28.515  33.669 0.0000000000
44958  -40.569  -28.615  32.351 0.0000000000
46048  -41.047  -27.991  31.960 0.0000000000
46057  -41.519  -27.444  31.505 0.0000000000
61003  -53.937  -11.216  30.366 0.0000000000
61886  -54.645  -9.539  30.254 0.0000000000
61904  -55.261  -9.652  28.823 0.0000000000
120301  -55.838  -9.066  27.436 0.0000000000
62791  -55.845  -9.401  26.468 0.0000000000
111261  -55.668  -9.555  25.505 0.0000000000
32835  -27.577  -39.816  45.720 0.0000000000
32860  -27.223  -39.650  43.983 0.0000000000
32862  -28.530  -39.687  44.198 0.0000000000
33723  -28.941  -39.292  43.163 0.0000000000
33733  -29.292  -39.020  41.546 0.0000000000
34629  -30.755  -38.530  43.638 0.0000000000
34656  -30.358  -38.447  42.033 0.0000000000
34682  -29.645  -38.852  40.120 0.0000000000
35618  -30.608  -37.662  39.211 0.0000000000
36424  -31.121  -36.747  37.884 0.0000000000
38215  -31.978  -35.694  36.584 0.0000000000
47942  -43.043  -25.989  29.957 0.0000000000
112954  -42.846  -25.644  29.016 0.0000000000
48870  -44.967  -24.019  30.072 0.0000000000
50857  -49.532  -22.825  26.817 0.0000000000
51848  -49.282  -21.661  26.887 0.0000000000
35520  -37.373  -38.152  47.143 0.0000000000
34604  -37.174  -37.997  46.208 0.0000000000
125861  -38.046  -38.195  46.137 0.0000000000
115248  -38.945  -37.951  45.268 0.0000000000
36375  -39.403  -37.377  43.943 0.0000000000
35542  -41.430  -38.083  44.727 0.0000000000
36376  -40.437  -37.573  43.483 0.0000000000
37207  -39.274  -36.453  42.845 0.0000000000
38104  -40.484  -35.486  41.034 0.0000000000
118359  -40.464  -35.241  39.396 0.0000000000
37255  -40.707  -36.059  38.217 0.0000000000
38899  -44.374  -34.994  43.071 0.0000000000
38107  -44.019  -36.028  41.800 0.0000000000
37244  -43.405  -36.559  40.412 0.0000000000
38944  -42.307  -34.976  38.159 0.0000000000
38182  -42.464  -35.853  37.962 0.0000000000
37250  -42.782  -36.520  39.679 0.0000000000
110026  -42.269  -36.565  38.760 0.0000000000
37266  -41.203  -36.967  37.462 0.0000000000
40938  -37.178  -31.752  31.673 0.0000000000
115837  -47.321  -27.036  40.858 0.0000000000
45950  -47.517  -26.937  40.364 0.0000000000
32807  -24.246  -40.137  47.289 0.0000000000
32823  -27.530  -40.816  46.949 0.0000000000
127268  -28.676  -40.885  47.094 0.0000000000
32812  -29.347  -40.735  47.604 0.0000000000
33660  -32.617  -38.624  48.136 0.0000000000
34567  -33.951  -38.544  48.050 0.0000000000
35505  -35.177  -38.310  47.908 0.0000000000
35506  -36.057  -38.146  47.778 0.0000000000
36320  -37.373  -37.560  47.871 0.0000000000
37135  -38.246  -36.556  47.904 0.0000000000
38005  -38.593  -35.569  47.830 0.0000000000
38872  -38.731  -34.398  48.116 0.0000000000
39790  -39.505  -34.102  46.684 0.0000000000
39791  -39.998  -33.893  45.878 0.0000000000
39792  -41.475  -33.070  45.360 0.0000000000
40751  -42.567  -32.063  45.575 0.0000000000
127109  -43.717  -31.536  45.490 0.0000000000
41846  -44.100  -31.139  45.437 0.0000000000
42890  -44.908  -30.735  44.676 0.0000000000
44841  -46.397  -27.397  41.432 0.0000000000
45964  -48.084  -26.633  39.305 0.0000000000
45977  -48.771  -26.307  38.473 0.0000000000
46985  -49.708  -25.755  38.013 0.0000000000
48767  -50.011  -24.736  38.729 0.0000000000
110465  -50.718  -25.125  38.009 0.0000000000
47888  -49.490  -25.534  37.177 0.0000000000
48823  -49.649  -24.504  36.201 0.0000000000
49732  -50.305  -23.593  35.838 0.0000000000
123988  -50.733  -22.041  34.520 0.0000000000
49736  -53.176  -23.196  35.471 0.0000000000
50724  -52.580  -22.524  34.183 0.0000000000
50742  -52.155  -22.036  33.043 0.0000000000
50756  -51.893  -22.310  31.999 0.0000000000
49782  -52.105  -22.710  31.036 0.0000000000
50819  -51.956  -22.528  30.114 0.0000000000
52782  -53.243  -20.556  31.756 0.0000000000
52804  -52.372  -21.399  30.352 0.0000000000
127149  -51.718  -22.365  29.651 0.0000000000
123579  -50.824  -21.196  28.709 0.0000000000
52829  -50.132  -20.826  28.136 0.0000000000
52828  -49.563  -20.147  27.686 0.0000000000
56722  -51.217  -16.734  32.431 0.0000000000
125868  -50.990  -16.938  31.558 0.0000000000
58414  -50.457  -14.241  32.189 0.0000000000
57560  -50.073  -15.816  30.633 0.0000000000
55826  -50.466  -17.748  30.053 0.0000000000
54881  -49.560  -18.188  28.379 0.0000000000
54893  -49.228  -18.490  27.655 0.0000000000
53940  -48.677  -19.440  26.260 0.0000000000
54913  -48.654  -18.737  24.960 0.0000000000
54928  -48.967  -18.676  24.209 0.0000000000
54944  -50.390  -18.746  23.464 0.0000000000
57611  -50.816  -15.809  25.844 0.0000000000
55882  -50.674  -17.371  24.168 0.0000000000
54929  -51.415  -18.572  23.752 0.0000000000
60154  -53.890  -12.428  29.121 0.0000000000
59330  -54.629  -13.624  27.892 0.0000000000
57582  -54.695  -14.948  27.481 0.0000000000
59350  -55.758  -13.684  26.503 0.0000000000
58468  -55.650  -15.058  27.163 0.0000000000
56762  -54.987  -16.444  26.912 0.0000000000
34628  -22.665  -39.573  43.593 0.0000000000
32877  -26.650  -39.695  42.403 0.0000000000
33731  -26.065  -39.845  41.559 0.0000000000
33750  -25.461  -40.171  39.624 0.0000000000
34704  -27.209  -39.202  37.683 0.0000000000
34691  -25.841  -39.760  38.156 0.0000000000
34690  -24.931  -39.905  37.998 0.0000000000
34712  -24.157  -39.343  36.181 0.0000000000
125174  -36.042  -37.255  45.325 0.0000000000
36371  -34.873  -36.601  44.066 0.0000000000
36385  -34.335  -36.663  43.068 0.0000000000
37223  -36.324  -35.920  41.886 0.0000000000
37221  -34.510  -36.225  41.542 0.0000000000
37220  -33.711  -36.578  41.280 0.0000000000
37248  -33.251  -36.060  39.584 0.0000000000
38193  -32.582  -35.537  37.163 0.0000000000
37295  -32.505  -35.920  35.368 0.0000000000
36428  -37.268  -37.261  37.547 0.0000000000
115431  -36.420  -36.448  37.442 0.0000000000
36425  -35.198  -36.636  37.014 0.0000000000
36437  -34.753  -37.207  36.718 0.0000000000
36455  -33.521  -37.165  35.646 0.0000000000
35644  -32.982  -37.760  35.169 0.0000000000
44870  -46.412  -27.615  40.009 0.0000000000
110726  -46.255  -27.677  39.383 0.0000000000
50871  -48.551  -22.484  25.427 0.0000000000
34576  -35.064  -38.201  47.226 0.0000000000
109212  -34.759  -37.941  46.768 0.0000000000
34589  -35.485  -37.952  46.764 0.0000000000
118776  -40.833  -26.791  29.176 0.0000000000
128345  -40.688  -26.686  28.675 0.0000000000
51784  -50.357  -21.550  32.138 0.0000000000
110401  -42.991  -32.897  45.079 0.0000000000
109671  -43.268  -33.830  44.708 0.0000000000
39807  -44.105  -33.894  44.365 0.0000000000
40917  -39.207  -32.568  34.224 0.0000000000
46077  -40.390  -27.249  29.644 0.0000000000
61002  -52.974  -10.647  31.652 0.0000000000
60130  -52.543  -11.466  30.987 0.0000000000
108581  -26.139  -39.872  46.097 0.0000000000
32846  -26.170  -39.702  45.062 0.0000000000
110672  -26.783  -39.657  44.533 0.0000000000
37293  -30.819  -36.105  35.132 0.0000000000
37305  -30.631  -36.423  34.448 0.0000000000
37306  -31.288  -36.274  34.555 0.0000000000
35673  -31.020  -37.501  33.820 0.0000000000
36473  -31.569  -36.873  34.261 0.0000000000
38200  -39.673  -35.780  37.944 0.0000000000
46042  -44.078  -26.926  34.087 0.0000000000
47002  -47.519  -25.721  36.522 0.0000000000
47896  -48.028  -25.333  36.168 0.0000000000
47905  -47.535  -25.037  35.503 0.0000000000
111965  -45.442  -30.263  43.816 0.0000000000
42905  -44.937  -30.953  42.978 0.0000000000
119834  -45.238  -30.294  43.326 0.0000000000
43898  -42.281  -29.527  38.305 0.0000000000
43911  -41.525  -29.918  37.077 0.0000000000
43920  -41.471  -29.681  36.449 0.0000000000
43921  -41.900  -28.979  36.725 0.0000000000
46031  -43.541  -27.319  34.624 0.0000000000
33684  -30.178  -39.518  45.586 0.0000000000
33685  -30.822  -39.149  45.980 0.0000000000
35599  -32.018  -37.595  42.049 0.0000000000
36400  -32.494  -37.357  41.555 0.0000000000
36410  -32.187  -37.398  40.809 0.0000000000
37239  -33.000  -37.041  40.959 0.0000000000
47940  -44.899  -24.674  30.890 0.0000000000
50813  -46.247  -22.648  28.632 0.0000000000
48882  -50.239  -24.418  28.818 0.0000000000
37145  -39.533  -36.796  46.897 0.0000000000
36343  -39.651  -37.494  46.632 0.0000000000
37154  -40.182  -37.019  46.400 0.0000000000
36406  -43.263  -37.411  41.823 0.0000000000
36405  -42.699  -37.761  42.081 0.0000000000
37229  -42.899  -37.313  41.366 0.0000000000
37228  -42.519  -36.727  40.875 0.0000000000
37243  -43.051  -36.946  40.480 0.0000000000
39832  -42.718  -33.792  39.999 0.0000000000
38239  -41.280  -35.908  35.237 0.0000000000
38230  -41.550  -35.773  35.755 0.0000000000
37297  -41.388  -36.390  35.717 0.0000000000
110124  -40.513  -36.447  34.859 0.0000000000
43965  -38.647  -29.523  31.125 0.0000000000
49701  -52.193  -23.837  37.592 0.0000000000
52752  -53.670  -20.544  34.021 0.0000000000
51747  -53.803  -21.343  34.287 0.0000000000
51765  -53.845  -21.437  33.604 0.0000000000
53903  -52.058  -19.610  30.836 0.0000000000
54870  -51.336  -19.182  30.319 0.0000000000
53909  -50.951  -19.638  29.559 0.0000000000
125491  -49.966  -12.781  35.247 0.0000000000
59244  -50.431  -13.425  35.239 0.0000000000
58376  -50.773  -14.247  34.841 0.0000000000
57580  -49.784  -15.342  28.109 0.0000000000
113919  -49.432  -16.064  28.038 0.0000000000
116691  -49.386  -16.416  27.309 0.0000000000
56760  -49.349  -16.657  26.420 0.0000000000
57595  -49.718  -15.976  26.862 0.0000000000
57613  -52.854  -15.943  26.174 0.0000000000
118139  -54.176  -16.779  26.449 0.0000000000
61032  -55.303  -11.438  27.458 0.0000000000
60181  -55.372  -12.307  26.800 0.0000000000
33739  -23.863  -39.916  40.749 0.0000000000
34665  -23.056  -39.599  39.513 0.0000000000
33744  -28.114  -39.696  40.609 0.0000000000
34680  -28.398  -39.496  39.804 0.0000000000
33830  -26.427  -40.231  33.567 0.0000000000
122216  -38.215  -36.639  43.602 0.0000000000
36388  -37.407  -36.506  43.573 0.0000000000
37206  -37.791  -36.272  42.944 0.0000000000
126704  -36.100  -34.846  37.930 0.0000000000
38929  -35.415  -34.717  38.486 0.0000000000
38943  -35.251  -34.843  37.740 0.0000000000
38195  -34.661  -34.991  37.409 0.0000000000
127813  -35.122  -35.128  37.405 0.0000000000
46001  -44.843  -27.261  36.561 0.0000000000
119175  -45.334  -26.974  36.089 0.0000000000
46002  -45.658  -27.126  36.958 0.0000000000
46003  -46.461  -26.786  37.242 0.0000000000
46004  -47.178  -26.492  37.493 0.0000000000
46005  -48.030  -26.346  37.792 0.0000000000
44868  -44.864  -28.251  39.419 0.0000000000
44884  -43.671  -28.268  38.313 0.0000000000
44903  -44.388  -27.814  37.799 0.0000000000
44921  -45.041  -27.497  37.335 0.0000000000
116541  -48.302  -23.241  24.252 0.0000000000
52876  -49.326  -20.328  23.201 0.0000000000
33674  -33.135  -38.462  47.145 0.0000000000
33687  -32.459  -38.497  46.896 0.0000000000
34587  -33.267  -38.138  46.642 0.0000000000
34618  -34.162  -37.444  45.805 0.0000000000
107995  -33.283  -37.768  45.985 0.0000000000
35553  -34.021  -37.161  45.211 0.0000000000
35570  -33.381  -37.289  44.481 0.0000000000
35571  -34.409  -36.915  44.685 0.0000000000
47098  -41.108  -26.147  27.638 0.0000000000
49770  -46.345  -23.625  32.501 0.0000000000
112764  -48.461  -21.631  31.567 0.0000000000
50793  -47.149  -22.172  29.915 0.0000000000
50777  -50.702  -22.472  31.006 0.0000000000
50797  -50.999  -23.060  30.425 0.0000000000
49790  -50.674  -23.514  29.763 0.0000000000
38886  -40.944  -34.869  45.212 0.0000000000
110501  -41.271  -35.475  45.108 0.0000000000
38051  -43.657  -35.440  44.043 0.0000000000
37177  -43.240  -36.279  44.035 0.0000000000
37191  -43.720  -36.014  43.495 0.0000000000
37210  -43.805  -36.536  42.809 0.0000000000
39853  -41.420  -33.700  37.090 0.0000000000
40907  -40.861  -33.499  36.039 0.0000000000
39875  -40.709  -34.004  35.493 0.0000000000
38983  -39.835  -34.505  34.538 0.0000000000
38995  -39.107  -34.645  34.212 0.0000000000
109402  -38.999  -35.492  34.156 0.0000000000
124081  -39.837  -28.492  31.236 0.0000000000
44974  -39.536  -28.329  30.639 0.0000000000
53876  -51.898  -19.168  33.584 0.0000000000
53877  -52.444  -19.433  33.375 0.0000000000
55790  -51.367  -17.852  32.923 0.0000000000
55804  -51.535  -17.937  32.441 0.0000000000
55803  -51.344  -17.206  32.772 0.0000000000
60971  -51.507  -10.179  33.224 0.0000000000
61851  -51.074  -9.694  33.399 0.0000000000
60970  -50.761  -10.663  33.622 0.0000000000
60983  -50.994  -11.122  33.268 0.0000000000
60136  -51.169  -12.532  30.564 0.0000000000
58431  -50.326  -14.036  29.350 0.0000000000
59310  -51.124  -13.428  29.287 0.0000000000
58438  -51.294  -13.852  28.493 0.0000000000
59328  -53.121  -13.588  28.269 0.0000000000
58466  -52.907  -14.726  27.167 0.0000000000
58450  -53.444  -14.209  27.734 0.0000000000
61941  -55.381  -10.557  25.263 0.0000000000
33682  -23.933  -40.035  45.486 0.0000000000
33694  -24.760  -39.823  45.051 0.0000000000
33720  -24.743  -39.734  43.241 0.0000000000
33730  -25.370  -39.853  41.921 0.0000000000
35624  -29.738  -37.949  37.906 0.0000000000
119298  -29.008  -38.391  37.813 0.0000000000
36471  -29.269  -36.789  34.230 0.0000000000
36470  -28.375  -37.173  34.094 0.0000000000
36469  -27.642  -37.540  33.890 0.0000000000
36486  -28.322  -37.616  33.497 0.0000000000
34754  -28.919  -38.999  33.205 0.0000000000
125380  -29.148  -37.877  33.271 0.0000000000
34738  -31.207  -39.241  34.082 0.0000000000
34737  -30.540  -39.661  33.750 0.0000000000
122148  -39.064  -35.102  40.204 0.0000000000
38159  -38.620  -34.866  39.446 0.0000000000
38181  -37.970  -35.021  38.236 0.0000000000
38932  -38.280  -34.783  38.777 0.0000000000
38180  -37.051  -34.893  38.053 0.0000000000
38198  -37.665  -35.463  37.797 0.0000000000
47037  -42.914  -26.956  32.109 0.0000000000
47039  -44.354  -26.273  32.738 0.0000000000
47919  -44.793  -25.698  32.270 0.0000000000
46017  -45.654  -26.513  35.776 0.0000000000
47011  -45.364  -26.263  34.928 0.0000000000
120686  -45.713  -25.670  34.591 0.0000000000
48843  -46.304  -24.539  33.687 0.0000000000
48834  -48.304  -24.011  35.009 0.0000000000
49761  -48.296  -22.762  33.929 0.0000000000
49748  -48.840  -23.047  34.668 0.0000000000
40789  -44.751  -32.101  44.366 0.0000000000
123887  -44.839  -32.782  44.043 0.0000000000
40807  -44.992  -32.237  43.822 0.0000000000
41921  -44.353  -31.356  42.496 0.0000000000
41896  -44.425  -32.165  42.624 0.0000000000
41920  -43.714  -31.918  42.129 0.0000000000
40840  -43.298  -32.757  41.680 0.0000000000
42931  -43.994  -29.967  41.308 0.0000000000
42950  -41.930  -30.446  38.617 0.0000000000
42940  -42.198  -30.691  39.431 0.0000000000
41989  -41.748  -31.445  38.879 0.0000000000
41966  -42.104  -31.652  39.644 0.0000000000
41988  -41.542  -32.242  38.322 0.0000000000
42040  -40.716  -31.305  35.975 0.0000000000
42054  -39.989  -31.357  34.716 0.0000000000
42058  -39.275  -31.379  33.539 0.0000000000
43947  -40.510  -30.007  34.103 0.0000000000
43955  -39.819  -30.011  32.984 0.0000000000
43956  -40.396  -29.652  33.465 0.0000000000
43935  -42.130  -28.461  35.947 0.0000000000
44945  -42.117  -28.052  34.072 0.0000000000
44952  -40.794  -28.931  33.193 0.0000000000
46050  -42.419  -27.412  32.631 0.0000000000
62763  -55.298  -8.270  29.317 0.0000000000
62773  -55.631  -8.664  28.401 0.0000000000
61916  -55.471  -10.070  27.893 0.0000000000
62781  -56.174  -8.203  26.988 0.0000000000
125361  -56.031  -8.622  26.156 0.0000000000
110292  -55.930  -8.421  25.471 0.0000000000
32836  -28.135  -39.775  45.411 0.0000000000
32848  -28.136  -39.729  44.674 0.0000000000
32849  -28.713  -39.741  44.934 0.0000000000
126801  -29.726  -39.161  44.212 0.0000000000
33708  -28.892  -39.514  43.777 0.0000000000
33724  -29.486  -38.898  43.019 0.0000000000
109215  -29.081  -39.007  42.387 0.0000000000
34616  -31.865  -38.272  44.952 0.0000000000
34615  -31.086  -38.622  44.582 0.0000000000
34657  -30.858  -38.095  42.039 0.0000000000
34644  -30.788  -38.260  42.733 0.0000000000
34669  -30.587  -38.229  41.301 0.0000000000
34655  -29.963  -38.745  41.355 0.0000000000
34668  -30.053  -38.591  40.683 0.0000000000
35612  -30.103  -38.160  39.941 0.0000000000
127475  -31.019  -37.158  38.663 0.0000000000
37259  -31.210  -36.201  36.911 0.0000000000
37260  -31.828  -36.043  37.537 0.0000000000
47066  -42.261  -26.269  29.642 0.0000000000
47944  -43.978  -25.080  29.700 0.0000000000
48876  -43.712  -24.958  28.909 0.0000000000
49845  -50.173  -24.524  27.928 0.0000000000
50846  -50.150  -23.496  27.588 0.0000000000
121980  -49.853  -22.486  27.410 0.0000000000
36330  -37.768  -37.842  47.450 0.0000000000
34591  -37.736  -38.187  46.634 0.0000000000
35521  -38.205  -38.068  47.021 0.0000000000
35540  -39.601  -38.200  45.689 0.0000000000
121203  -39.217  -37.711  44.612 0.0000000000
36356  -42.085  -37.173  44.821 0.0000000000
36355  -41.515  -37.678  45.112 0.0000000000
125910  -41.518  -37.535  42.519 0.0000000000
35590  -41.293  -37.780  42.976 0.0000000000
36391  -40.780  -37.286  42.907 0.0000000000
36390  -39.864  -37.035  43.287 0.0000000000
37208  -40.259  -36.637  42.585 0.0000000000
37226  -39.652  -35.850  41.851 0.0000000000
37227  -40.833  -36.168  41.762 0.0000000000
38135  -42.015  -35.982  40.097 0.0000000000
38134  -41.036  -35.402  40.235 0.0000000000
38161  -41.395  -35.764  39.420 0.0000000000
125390  -40.837  -35.651  38.813 0.0000000000
39812  -44.650  -33.862  43.301 0.0000000000
125216  -44.425  -34.460  42.759 0.0000000000
38915  -43.922  -35.354  41.580 0.0000000000
38136  -43.771  -36.048  40.943 0.0000000000
38163  -43.473  -35.922  39.982 0.0000000000
39867  -41.614  -34.689  36.961 0.0000000000
38953  -41.990  -35.317  37.440 0.0000000000
38201  -42.033  -35.981  37.248 0.0000000000
37257  -42.572  -36.248  38.748 0.0000000000
36440  -41.151  -36.972  36.031 0.0000000000
37267  -41.579  -36.719  37.286 0.0000000000
36431  -41.202  -37.002  36.799 0.0000000000
36439  -40.904  -37.246  36.303 0.0000000000
42062  -38.391  -31.498  32.496 0.0000000000
33669  -23.527  -40.118  46.922 0.0000000000
32811  -28.090  -41.015  47.171 0.0000000000
36319  -36.576  -37.561  48.306 0.0000000000
39778  -38.907  -33.438  48.473 0.0000000000
39784  -39.261  -33.815  47.583 0.0000000000
38873  -39.075  -34.779  47.194 0.0000000000
39785  -39.905  -33.155  46.898 0.0000000000
40750  -41.478  -32.192  45.889 0.0000000000
41829  -42.038  -31.209  46.318 0.0000000000
40752  -43.071  -31.388  45.777 0.0000000000
41831  -43.548  -30.887  45.851 0.0000000000
42881  -43.968  -30.295  45.878 0.0000000000
125580  -44.485  -29.896  45.635 0.0000000000
42883  -45.014  -29.883  45.099 0.0000000000
114334  -45.340  -30.156  44.383 0.0000000000
45938  -46.972  -27.078  41.600 0.0000000000
45940  -47.737  -26.803  40.675 0.0000000000
45951  -47.899  -26.679  40.007 0.0000000000
46963  -48.225  -26.436  40.342 0.0000000000
46974  -49.086  -26.162  39.040 0.0000000000
46984  -49.271  -26.018  38.456 0.0000000000
46994  -49.163  -26.066  38.076 0.0000000000
115819  -51.418  -24.617  37.941 0.0000000000
48781  -50.835  -24.653  38.297 0.0000000000
47879  -50.306  -25.383  37.780 0.0000000000
47889  -50.352  -25.291  37.320 0.0000000000
48810  -50.140  -25.090  36.817 0.0000000000
48811  -50.897  -24.904  36.947 0.0000000000
49733  -51.333  -23.521  35.988 0.0000000000
50723  -51.045  -22.678  35.276 0.0000000000
51732  -53.184  -21.153  35.579 0.0000000000
50677  -53.093  -22.677  36.593 0.0000000000
49716  -53.346  -22.959  35.853 0.0000000000
50725  -53.032  -22.679  34.037 0.0000000000
49750  -53.125  -22.941  34.833 0.0000000000
130054  -52.464  -22.279  33.611 0.0000000000
50757  -52.488  -22.374  32.313 0.0000000000
50780  -52.781  -22.440  31.652 0.0000000000
49811  -52.003  -22.742  30.643 0.0000000000
50798  -52.397  -22.475  30.899 0.0000000000
51815  -52.213  -22.290  30.216 0.0000000000
51814  -51.848  -21.684  29.711 0.0000000000
51823  -51.317  -22.015  29.068 0.0000000000
52815  -51.328  -21.048  29.259 0.0000000000
111996  -49.450  -20.820  27.362 0.0000000000
57543  -50.980  -15.429  33.608 0.0000000000
57555  -51.067  -15.946  32.860 0.0000000000
56721  -50.742  -16.240  31.647 0.0000000000
59280  -50.630  -13.421  32.534 0.0000000000
58425  -50.095  -14.405  31.012 0.0000000000
56732  -49.714  -16.217  29.642 0.0000000000
56728  -50.380  -16.812  30.565 0.0000000000
54868  -49.926  -17.979  29.160 0.0000000000
54892  -48.943  -17.925  26.981 0.0000000000
54903  -48.848  -18.862  26.838 0.0000000000
53949  -48.552  -19.507  25.442 0.0000000000
113934  -48.634  -18.755  25.866 0.0000000000
113600  -49.244  -17.487  24.819 0.0000000000
55880  -48.920  -18.126  24.684 0.0000000000
116705  -49.398  -17.981  24.187 0.0000000000
54943  -49.535  -18.618  23.727 0.0000000000
55897  -50.051  -17.928  23.820 0.0000000000
57596  -50.441  -15.582  26.569 0.0000000000
56792  -52.199  -17.234  24.874 0.0000000000
56791  -51.390  -16.907  24.685 0.0000000000
55883  -51.654  -17.754  24.271 0.0000000000
55898  -50.791  -18.013  23.794 0.0000000000
61008  -54.418  -10.905  29.914 0.0000000000
60140  -54.143  -11.788  29.551 0.0000000000
60155  -54.369  -12.313  28.745 0.0000000000
59331  -55.137  -13.426  27.502 0.0000000000
58451  -54.371  -14.290  27.725 0.0000000000
59349  -55.401  -13.023  25.636 0.0000000000
108760  -56.285  -15.151  26.643 0.0000000000
57601  -56.034  -15.957  27.102 0.0000000000
33692  -23.189  -39.867  44.120 0.0000000000
34614  -22.419  -39.536  44.247 0.0000000000
34654  -22.203  -39.161  41.068 0.0000000000
34642  -22.396  -39.243  42.037 0.0000000000
34663  -21.456  -38.906  40.189 0.0000000000
114735  -22.319  -39.205  37.915 0.0000000000
33776  -22.296  -39.778  36.109 0.0000000000
32871  -27.559  -39.647  43.383 0.0000000000
32870  -26.923  -39.644  43.247 0.0000000000
125439  -27.244  -39.637  42.776 0.0000000000
33743  -27.251  -39.882  40.328 0.0000000000
33742  -26.620  -39.891  40.889 0.0000000000
33741  -25.830  -40.076  40.562 0.0000000000
33758  -26.170  -40.003  39.044 0.0000000000
128706  -27.594  -38.785  37.226 0.0000000000
124512  -27.878  -39.020  37.756 0.0000000000
34714  -25.984  -39.062  36.599 0.0000000000
121617  -26.361  -39.337  37.488 0.0000000000
34703  -25.459  -39.456  37.297 0.0000000000
34702  -24.517  -39.470  37.099 0.0000000000
33811  -28.895  -40.669  33.653 0.0000000000
32971  -28.518  -41.391  34.070 0.0000000000
125974  -36.941  -37.686  45.737 0.0000000000
35555  -36.678  -37.420  45.420 0.0000000000
36387  -36.458  -36.450  43.495 0.0000000000
36372  -36.041  -36.594  44.242 0.0000000000
36386  -35.392  -36.458  43.325 0.0000000000
37203  -34.890  -36.381  42.432 0.0000000000
38101  -36.788  -35.552  41.083 0.0000000000
37242  -34.948  -35.658  40.865 0.0000000000
37241  -34.167  -36.020  40.661 0.0000000000
126028  -33.824  -35.836  39.973 0.0000000000
37240  -33.408  -36.395  40.437 0.0000000000
38154  -33.855  -35.408  39.234 0.0000000000
115200  -33.332  -35.360  36.855 0.0000000000
38177  -33.258  -35.319  37.739 0.0000000000
38216  -32.611  -35.561  36.447 0.0000000000
38229  -32.926  -35.631  36.057 0.0000000000
110760  -37.157  -38.178  37.583 0.0000000000
35626  -35.889  -38.587  37.575 0.0000000000
36426  -35.466  -37.789  37.246 0.0000000000
128640  -34.900  -38.195  36.979 0.0000000000
116630  -33.921  -38.980  36.312 0.0000000000
35635  -34.219  -37.937  36.392 0.0000000000
125955  -33.547  -38.177  35.825 0.0000000000
124383  -33.113  -38.950  35.561 0.0000000000
45987  -46.213  -27.092  37.457 0.0000000000
44905  -46.373  -27.323  38.036 0.0000000000
45975  -47.635  -26.869  38.982 0.0000000000
44855  -45.743  -27.881  40.453 0.0000000000
44869  -45.674  -27.919  39.724 0.0000000000
129951  -45.920  -27.631  38.264 0.0000000000
49881  -49.094  -23.215  26.082 0.0000000000
50881  -48.284  -22.404  24.608 0.0000000000
109186  -48.441  -20.690  24.416 0.0000000000
34588  -33.984  -38.150  47.001 0.0000000000
127019  -35.010  -37.516  46.052 0.0000000000
47081  -41.976  -26.105  28.798 0.0000000000
49760  -47.529  -23.046  33.405 0.0000000000
50753  -47.911  -21.999  32.460 0.0000000000
51783  -50.248  -21.767  31.500 0.0000000000
38888  -42.678  -34.728  44.660 0.0000000000
38892  -43.532  -34.724  44.415 0.0000000000
38052  -44.110  -35.230  43.616 0.0000000000
40906  -40.285  -32.948  35.417 0.0000000000
119868  -39.688  -32.882  34.776 0.0000000000
39881  -39.419  -33.464  34.504 0.0000000000
109430  -38.472  -33.847  34.000 0.0000000000
39007  -37.037  -33.965  33.085 0.0000000000
44975  -39.929  -27.751  30.164 0.0000000000
46075  -38.909  -27.847  29.206 0.0000000000
60984  -51.687  -10.649  32.743 0.0000000000
60110  -51.398  -11.469  32.272 0.0000000000
61001  -52.122  -10.969  31.936 0.0000000000
60137  -52.050  -12.160  30.321 0.0000000000
59311  -51.916  -13.163  29.018 0.0000000000
60152  -52.472  -12.573  29.557 0.0000000000
32845  -25.505  -39.702  44.632 0.0000000000
32858  -26.054  -39.667  43.530 0.0000000000
36435  -29.622  -37.006  36.151 0.0000000000
37292  -30.080  -36.533  35.450 0.0000000000
37304  -30.062  -36.505  34.680 0.0000000000
36487  -29.673  -37.079  33.548 0.0000000000
35672  -30.151  -37.730  33.477 0.0000000000
126988  -30.390  -37.029  33.645 0.0000000000
35659  -31.490  -38.477  34.185 0.0000000000
34739  -31.816  -39.341  34.540 0.0000000000
38933  -39.053  -34.869  38.845 0.0000000000
38199  -38.607  -35.597  37.873 0.0000000000
46051  -43.129  -27.118  32.940 0.0000000000
47029  -43.860  -26.778  33.256 0.0000000000
47012  -45.963  -25.980  35.496 0.0000000000
47904  -46.824  -25.020  35.014 0.0000000000
47912  -46.676  -24.692  34.378 0.0000000000
42897  -45.187  -31.034  44.087 0.0000000000
41878  -45.124  -31.601  43.819 0.0000000000
43888  -43.332  -29.284  39.571 0.0000000000
43887  -42.525  -29.780  39.140 0.0000000000
42973  -41.106  -30.553  36.490 0.0000000000
114937  -40.940  -30.336  35.611 0.0000000000
43002  -40.271  -30.616  34.413 0.0000000000
113293  -41.277  -29.448  35.220 0.0000000000
46014  -43.026  -27.626  35.087 0.0000000000
46039  -41.938  -27.919  33.153 0.0000000000
46040  -42.628  -27.571  33.486 0.0000000000
33670  -29.645  -39.811  46.100 0.0000000000
33683  -29.466  -39.672  45.250 0.0000000000
33696  -29.925  -39.359  44.848 0.0000000000
33710  -30.310  -38.895  44.367 0.0000000000
34630  -31.884  -37.769  43.477 0.0000000000
109442  -31.239  -38.096  43.299 0.0000000000
35598  -31.321  -37.838  41.686 0.0000000000
35606  -31.312  -37.785  40.864 0.0000000000
35613  -30.929  -37.724  40.049 0.0000000000
36414  -31.750  -37.365  40.091 0.0000000000
36415  -32.026  -36.830  39.346 0.0000000000
127056  -44.002  -25.933  31.171 0.0000000000
117613  -43.849  -25.572  30.325 0.0000000000
49806  -46.309  -22.632  29.760 0.0000000000
49805  -45.622  -23.074  29.363 0.0000000000
127969  -46.261  -22.639  29.195 0.0000000000
49808  -50.279  -24.157  29.169 0.0000000000
48893  -50.261  -24.476  28.564 0.0000000000
128730  -38.555  -37.139  47.536 0.0000000000
35522  -39.008  -37.941  46.780 0.0000000000
35529  -39.718  -37.988  46.260 0.0000000000
35530  -40.362  -38.050  45.790 0.0000000000
36378  -43.059  -37.617  43.213 0.0000000000
36377  -42.418  -38.007  43.677 0.0000000000
121166  -42.469  -37.994  42.837 0.0000000000
36392  -42.013  -37.894  42.489 0.0000000000
114316  -41.686  -36.655  41.548 0.0000000000
38162  -42.148  -36.434  39.293 0.0000000000
39825  -43.740  -33.698  41.995 0.0000000000
39826  -44.132  -34.542  42.181 0.0000000000
109883  -43.226  -34.473  40.595 0.0000000000
38935  -43.084  -34.983  39.843 0.0000000000
38978  -41.495  -35.117  35.800 0.0000000000
38231  -41.665  -35.619  36.320 0.0000000000
38219  -41.763  -35.926  36.811 0.0000000000
37268  -41.764  -36.314  37.009 0.0000000000
43013  -38.622  -30.753  32.156 0.0000000000
37973  -36.288  -35.580  49.350 0.0000000000
40733  -40.055  -32.257  47.694 0.0000000000
48734  -48.271  -25.406  40.883 0.0000000000
47850  -48.571  -25.980  40.367 0.0000000000
125343  -48.542  -25.529  40.276 0.0000000000
47855  -48.839  -25.575  39.760 0.0000000000
47856  -49.435  -25.570  39.092 0.0000000000
49692  -51.516  -23.885  38.237 0.0000000000
48795  -51.735  -24.435  37.522 0.0000000000
125106  -51.518  -24.621  37.118 0.0000000000
49714  -52.150  -24.065  36.879 0.0000000000
52735  -52.766  -20.359  35.198 0.0000000000
51733  -53.664  -21.740  34.977 0.0000000000
50726  -53.592  -22.280  34.126 0.0000000000
50744  -53.198  -22.377  33.184 0.0000000000
50759  -53.301  -22.225  32.495 0.0000000000
51798  -53.422  -21.930  31.963 0.0000000000
53895  -52.298  -19.330  31.711 0.0000000000
53904  -52.679  -20.090  31.335 0.0000000000
124554  -51.288  -20.341  29.517 0.0000000000
53919  -50.288  -19.345  28.919 0.0000000000
113018  -50.962  -14.582  34.014 0.0000000000
58430  -49.898  -14.554  29.966 0.0000000000
56738  -49.483  -16.516  28.694 0.0000000000
55832  -49.486  -17.366  28.535 0.0000000000
56748  -49.292  -16.806  27.868 0.0000000000
55852  -48.960  -17.464  26.301 0.0000000000
55865  -49.212  -17.118  25.592 0.0000000000
57612  -51.789  -15.752  25.827 0.0000000000
61019  -54.843  -12.002  28.213 0.0000000000
58475  -56.194  -14.693  25.816 0.0000000000
127154  -56.113  -14.388  26.386 0.0000000000
34613  -21.653  -39.181  44.466 0.0000000000
33718  -23.118  -39.637  42.379 0.0000000000
33738  -23.094  -39.587  40.927 0.0000000000
34664  -22.430  -39.283  40.031 0.0000000000
34688  -23.100  -39.354  37.624 0.0000000000
33721  -27.336  -39.649  42.072 0.0000000000
33752  -27.130  -39.767  39.364 0.0000000000
119381  -27.011  -38.140  35.952 0.0000000000
35621  -26.889  -38.782  36.808 0.0000000000
35631  -25.635  -38.671  35.718 0.0000000000
34724  -24.779  -39.033  35.362 0.0000000000
33807  -25.188  -40.584  33.975 0.0000000000
33808  -26.048  -40.807  33.773 0.0000000000
32969  -26.529  -41.596  34.078 0.0000000000
32970  -27.558  -41.603  34.175 0.0000000000
35574  -37.858  -37.183  44.566 0.0000000000
35573  -36.729  -37.064  44.898 0.0000000000
38157  -36.823  -34.776  39.409 0.0000000000
38156  -35.905  -34.804  39.362 0.0000000000
125794  -35.134  -34.870  39.368 0.0000000000
38155  -34.548  -34.908  38.873 0.0000000000
38194  -33.995  -35.041  37.519 0.0000000000
38217  -34.157  -35.249  36.946 0.0000000000
130055  -35.311  -39.508  37.410 0.0000000000
130274  -46.097  -26.931  37.063 0.0000000000
46019  -46.961  -26.141  36.809 0.0000000000
43861  -45.008  -29.802  42.652 0.0000000000
43878  -44.462  -29.139  40.779 0.0000000000
43889  -44.232  -28.905  39.913 0.0000000000
44901  -42.474  -28.547  37.276 0.0000000000
44919  -43.441  -27.585  36.481 0.0000000000
44920  -44.207  -27.519  36.994 0.0000000000
114934  -48.645  -21.984  23.247 0.0000000000
33673  -31.682  -38.814  47.213 0.0000000000
33686  -31.565  -38.743  46.439 0.0000000000
34617  -32.558  -37.869  45.351 0.0000000000
34631  -32.400  -37.755  44.452 0.0000000000
35569  -32.741  -37.463  43.642 0.0000000000
123859  -32.925  -37.259  43.035 0.0000000000
48861  -45.381  -24.379  31.630 0.0000000000
49779  -45.789  -23.582  31.250 0.0000000000
49789  -46.381  -22.703  30.640 0.0000000000
50815  -47.955  -22.496  29.333 0.0000000000
50831  -47.688  -22.843  28.595 0.0000000000
50816  -49.032  -23.037  29.571 0.0000000000
50817  -50.006  -23.582  29.713 0.0000000000
49810  -51.420  -23.085  30.087 0.0000000000
120608  -40.523  -36.506  45.938 0.0000000000
38034  -41.212  -36.380  45.325 0.0000000000
128885  -41.896  -36.633  44.965 0.0000000000
37165  -42.545  -36.449  44.542 0.0000000000
37176  -42.776  -37.220  44.077 0.0000000000
37209  -43.612  -37.151  42.263 0.0000000000
125115  -43.617  -37.026  41.730 0.0000000000
40874  -41.729  -33.069  38.529 0.0000000000
39846  -41.964  -33.947  38.354 0.0000000000
39876  -41.233  -34.382  35.924 0.0000000000
38977  -41.124  -34.691  35.479 0.0000000000
38238  -40.567  -35.585  34.804 0.0000000000
38246  -37.450  -35.676  33.787 0.0000000000
38994  -38.279  -34.653  33.972 0.0000000000
43974  -38.199  -29.281  30.455 0.0000000000
43985  -38.145  -28.816  29.842 0.0000000000
44985  -38.664  -28.367  29.708 0.0000000000
52751  -52.968  -19.928  34.347 0.0000000000
53878  -53.167  -19.878  33.699 0.0000000000
53888  -53.238  -19.942  33.133 0.0000000000
53887  -52.744  -19.557  32.842 0.0000000000
54843  -52.257  -19.196  32.493 0.0000000000
54823  -51.598  -18.720  33.158 0.0000000000
54842  -51.897  -18.646  32.078 0.0000000000
55818  -51.464  -18.103  31.593 0.0000000000
60086  -50.457  -12.096  34.516 0.0000000000
59254  -50.710  -12.893  34.528 0.0000000000
60095  -50.664  -12.168  33.768 0.0000000000
112649  -50.776  -12.721  32.910 0.0000000000
59281  -50.682  -12.896  31.923 0.0000000000
60128  -51.008  -12.322  31.546 0.0000000000
59295  -50.563  -13.073  30.919 0.0000000000
59299  -50.224  -13.825  30.406 0.0000000000
57581  -50.067  -15.446  27.294 0.0000000000
58447  -50.381  -14.973  27.689 0.0000000000
58465  -51.799  -14.823  27.082 0.0000000000
59327  -52.301  -13.525  28.447 0.0000000000
57599  -53.607  -15.391  26.952 0.0000000000
60187  -55.387  -12.195  26.004 0.0000000000
33681  -22.946  -39.958  45.518 0.0000000000
112846  -23.354  -40.006  44.881 0.0000000000
33705  -23.943  -39.829  43.658 0.0000000000
33706  -24.780  -39.754  44.154 0.0000000000
33719  -23.862  -39.798  42.745 0.0000000000
33729  -24.597  -39.928  41.378 0.0000000000
33740  -24.597  -40.105  40.503 0.0000000000
34681  -29.124  -39.099  39.669 0.0000000000
34693  -28.508  -39.236  39.008 0.0000000000
35623  -28.316  -38.493  37.288 0.0000000000
35633  -28.392  -38.003  36.488 0.0000000000
36434  -28.820  -37.400  35.898 0.0000000000
36433  -27.889  -37.711  35.706 0.0000000000
36451  -27.717  -37.398  34.699 0.0000000000
34753  -27.953  -39.032  33.235 0.0000000000
33833  -29.175  -39.956  33.434 0.0000000000
34755  -29.876  -38.726  33.395 0.0000000000
37225  -38.417  -35.940  42.202 0.0000000000
38131  -37.243  -35.106  40.247 0.0000000000
38158  -37.737  -34.805  39.441 0.0000000000
47053  -41.761  -26.730  30.208 0.0000000000
47049  -43.445  -26.474  31.606 0.0000000000
47930  -44.562  -25.604  31.594 0.0000000000
47021  -44.797  -26.602  34.459 0.0000000000
48852  -45.501  -24.686  32.382 0.0000000000
48853  -46.011  -24.315  32.893 0.0000000000
48854  -46.630  -23.818  33.204 0.0000000000
50740  -49.144  -22.054  33.916 0.0000000000
114100  -44.451  -32.910  44.437 0.0000000000
39813  -44.852  -33.007  43.619 0.0000000000
120630  -44.766  -33.141  43.192 0.0000000000
40826  -44.697  -32.728  42.896 0.0000000000
40851  -42.318  -32.648  39.794 0.0000000000
42917  -43.715  -30.930  41.760 0.0000000000
129746  -42.778  -31.240  40.638 0.0000000000
41944  -42.521  -31.802  40.366 0.0000000000
40886  -41.215  -32.784  37.170 0.0000000000
111373  -40.643  -32.425  36.097 0.0000000000
42025  -40.889  -31.876  36.810 0.0000000000
40913  -39.837  -32.179  34.892 0.0000000000
127163  -39.061  -31.972  33.755 0.0000000000
40925  -38.278  -32.232  32.866 0.0000000000
43009  -39.530  -30.700  33.268 0.0000000000
43014  -39.244  -30.385  32.554 0.0000000000
110795  -39.560  -29.711  32.247 0.0000000000
44931  -41.631  -28.671  34.610 0.0000000000
44963  -39.875  -28.988  31.835 0.0000000000
110486  -40.389  -28.297  31.584 0.0000000000
46056  -40.856  -27.737  31.178 0.0000000000
46066  -41.314  -27.218  30.711 0.0000000000
61004  -54.173  -10.292  30.647 0.0000000000
120044  -54.865  -10.390  29.352 0.0000000000
61903  -55.080  -9.278  29.581 0.0000000000
61924  -55.617  -10.352  26.920 0.0000000000
63662  -55.972  -7.663  27.957 0.0000000000
61932  -55.583  -10.462  26.008 0.0000000000
62803  -55.539  -9.150  24.790 0.0000000000
61940  -55.136  -10.110  24.494 0.0000000000
32847  -27.528  -39.721  44.812 0.0000000000
32861  -27.867  -39.740  44.080 0.0000000000
33707  -28.326  -39.601  43.403 0.0000000000
115982  -28.509  -39.363  42.522 0.0000000000
33745  -28.787  -39.394  41.081 0.0000000000
34667  -29.462  -39.097  40.727 0.0000000000
34643  -30.200  -38.619  42.866 0.0000000000
33734  -29.724  -38.758  42.173 0.0000000000
128295  -29.303  -39.165  40.206 0.0000000000
35611  -29.612  -38.578  39.503 0.0000000000
35617  -29.978  -38.121  38.917 0.0000000000
36418  -30.421  -37.428  38.260 0.0000000000
36423  -30.530  -36.908  37.373 0.0000000000
37276  -31.431  -35.855  35.898 0.0000000000
47951  -42.344  -25.607  28.082 0.0000000000
47952  -43.102  -25.092  28.088 0.0000000000
49804  -44.849  -23.675  29.025 0.0000000000
48879  -44.226  -24.138  28.582 0.0000000000
49864  -49.821  -24.068  26.970 0.0000000000
35519  -36.460  -38.151  47.230 0.0000000000
34590  -36.360  -37.958  46.584 0.0000000000
34578  -36.854  -38.143  46.770 0.0000000000
35539  -37.958  -37.906  45.588 0.0000000000
35528  -38.517  -38.204  46.474 0.0000000000
34592  -38.710  -38.214  45.868 0.0000000000
35557  -38.367  -37.613  44.942 0.0000000000
35575  -38.689  -37.384  44.432 0.0000000000
36374  -38.536  -37.048  44.051 0.0000000000
36389  -38.981  -36.848  43.516 0.0000000000
37155  -40.807  -37.145  45.861 0.0000000000
35541  -40.948  -38.111  45.265 0.0000000000
35559  -40.777  -38.181  44.555 0.0000000000
119676  -41.649  -38.163  44.051 0.0000000000
35577  -41.155  -38.038  43.612 0.0000000000
35576  -40.111  -37.882  44.155 0.0000000000
38133  -40.038  -35.110  40.191 0.0000000000
37265  -40.454  -36.806  37.600 0.0000000000
114538  -44.426  -34.388  43.763 0.0000000000
38906  -44.192  -35.245  42.349 0.0000000000
38081  -44.080  -35.893  42.539 0.0000000000
38106  -43.710  -36.608  41.349 0.0000000000
38183  -42.797  -35.622  39.005 0.0000000000
37251  -43.126  -36.253  39.531 0.0000000000
110484  -41.745  -36.878  38.000 0.0000000000
126533  -41.276  -36.945  38.015 0.0000000000
36430  -40.590  -37.276  36.906 0.0000000000
43029  -37.815  -29.907  30.785 0.0000000000
44857  -47.065  -27.250  40.307 0.0000000000
46953  -47.934  -26.602  41.105 0.0000000000
32819  -24.140  -40.113  46.413 0.0000000000
127639  -25.341  -39.901  46.266 0.0000000000
122971  -26.361  -40.314  46.837 0.0000000000
108580  -27.080  -40.163  46.413 0.0000000000
125850  -28.119  -40.278  46.458 0.0000000000
32824  -29.024  -40.223  46.730 0.0000000000
32825  -29.804  -39.919  46.992 0.0000000000
33658  -30.601  -39.628  47.182 0.0000000000
32814  -30.812  -39.600  47.924 0.0000000000
109238  -31.142  -39.272  47.378 0.0000000000
33659  -31.591  -38.904  47.943 0.0000000000
127860  -33.161  -38.544  47.741 0.0000000000
33661  -33.491  -38.553  47.913 0.0000000000
119435  -34.227  -38.406  47.592 0.0000000000
118022  -34.684  -38.369  47.639 0.0000000000
34569  -35.542  -38.208  47.370 0.0000000000
35491  -35.631  -37.990  48.427 0.0000000000
35507  -36.971  -37.995  47.655 0.0000000000
36321  -38.000  -37.305  47.735 0.0000000000
37134  -37.412  -36.753  48.284 0.0000000000
37144  -38.881  -36.584  47.430 0.0000000000
38006  -39.231  -35.805  46.983 0.0000000000
38879  -39.621  -34.958  46.185 0.0000000000
38880  -40.337  -34.630  45.554 0.0000000000
39799  -40.948  -33.929  45.216 0.0000000000
109996  -40.632  -32.997  45.863 0.0000000000
40770  -42.172  -32.739  45.291 0.0000000000
40771  -43.450  -32.153  45.302 0.0000000000
41847  -44.553  -31.355  44.868 0.0000000000
42882  -44.515  -30.555  45.297 0.0000000000
43848  -45.749  -29.476  44.087 0.0000000000
43835  -45.505  -29.468  44.649 0.0000000000
44815  -46.063  -28.644  43.716 0.0000000000
44826  -45.862  -28.164  42.854 0.0000000000
44842  -46.900  -27.236  40.924 0.0000000000
45963  -47.539  -26.931  39.757 0.0000000000
45976  -48.241  -26.543  38.688 0.0000000000
46973  -48.448  -26.414  39.528 0.0000000000
45965  -48.664  -26.399  38.908 0.0000000000
45989  -48.480  -26.356  38.178 0.0000000000
46993  -48.783  -25.983  37.621 0.0000000000
48766  -49.169  -24.741  39.319 0.0000000000
47857  -50.137  -25.269  38.454 0.0000000000
47878  -49.685  -25.672  37.675 0.0000000000
47897  -49.059  -25.203  36.549 0.0000000000
48824  -50.714  -24.392  36.487 0.0000000000
49749  -49.931  -22.803  35.161 0.0000000000
118293  -50.325  -21.676  33.741 0.0000000000
130271  -52.732  -22.728  37.203 0.0000000000
49715  -52.882  -23.447  36.163 0.0000000000
50704  -52.703  -23.048  34.905 0.0000000000
50703  -52.003  -22.887  35.129 0.0000000000
111296  -51.868  -22.164  34.253 0.0000000000
108711  -51.325  -21.772  33.653 0.0000000000
50741  -51.091  -21.681  32.704 0.0000000000
50779  -52.239  -22.533  31.541 0.0000000000
49781  -51.489  -22.721  31.042 0.0000000000
49792  -51.628  -22.835  30.532 0.0000000000
50818  -51.631  -22.822  29.881 0.0000000000
52771  -53.609  -20.610  32.788 0.0000000000
52783  -53.584  -21.055  32.189 0.0000000000
52795  -53.249  -21.483  31.509 0.0000000000
52794  -52.879  -21.002  31.027 0.0000000000
51806  -52.794  -21.882  30.871 0.0000000000
50834  -51.412  -22.781  29.363 0.0000000000
51822  -50.636  -21.918  28.357 0.0000000000
51836  -49.946  -21.727  27.694 0.0000000000
127773  -48.967  -20.719  26.691 0.0000000000
55817  -50.973  -17.550  31.065 0.0000000000
58396  -50.824  -13.990  33.397 0.0000000000
57554  -50.415  -15.216  31.725 0.0000000000
126725  -49.932  -15.057  30.584 0.0000000000
123345  -49.983  -18.650  28.880 0.0000000000
53918  -49.695  -18.986  28.306 0.0000000000
53929  -49.343  -19.376  27.645 0.0000000000
52842  -49.015  -19.929  26.970 0.0000000000
52841  -48.649  -20.172  26.127 0.0000000000
52866  -48.633  -19.650  24.344 0.0000000000
53966  -49.093  -19.196  23.765 0.0000000000
53979  -49.632  -19.460  23.348 0.0000000000
57610  -49.975  -16.073  26.077 0.0000000000
56775  -50.292  -16.337  25.370 0.0000000000
56776  -51.153  -16.237  25.198 0.0000000000
56790  -50.485  -16.774  24.730 0.0000000000
60139  -53.666  -11.901  29.911 0.0000000000
59314  -54.202  -13.033  28.467 0.0000000000
59329  -53.955  -13.684  28.169 0.0000000000
57600  -54.880  -15.683  27.184 0.0000000000
59343  -55.451  -13.148  26.990 0.0000000000
58453  -55.597  -13.817  27.112 0.0000000000
58469  -55.909  -14.420  26.940 0.0000000000
34601  -22.269  -39.521  45.040 0.0000000000
34627  -21.857  -39.206  43.526 0.0000000000
119949  -22.536  -39.418  42.887 0.0000000000
111556  -20.607  -39.040  38.897 0.0000000000
34675  -21.489  -38.950  39.296 0.0000000000
34687  -21.344  -39.100  38.273 0.0000000000
32859  -26.591  -39.623  43.763 0.0000000000
127387  -26.301  -39.687  43.035 0.0000000000
124642  -26.801  -39.751  41.641 0.0000000000
32876  -25.986  -39.753  42.360 0.0000000000
128824  -25.178  -40.194  40.310 0.0000000000
33749  -24.730  -40.191  39.813 0.0000000000
34679  -27.900  -39.526  39.326 0.0000000000
34692  -27.708  -39.373  38.513 0.0000000000
33759  -26.733  -39.587  38.370 0.0000000000
33757  -25.384  -40.062  38.733 0.0000000000
34678  -24.523  -40.070  38.900 0.0000000000
34689  -23.979  -39.634  37.858 0.0000000000
34701  -23.523  -39.380  36.926 0.0000000000
34723  -23.885  -39.489  35.398 0.0000000000
34711  -23.174  -39.497  36.084 0.0000000000
33810  -27.891  -40.658  33.626 0.0000000000
109051  -36.235  -37.770  46.248 0.0000000000
35554  -35.952  -37.512  45.832 0.0000000000
35572  -35.557  -36.921  44.841 0.0000000000
36384  -33.431  -36.971  42.701 0.0000000000
37224  -37.317  -35.904  42.052 0.0000000000
38100  -35.856  -35.584  40.984 0.0000000000
37222  -35.397  -36.033  41.727 0.0000000000
36402  -34.009  -36.683  42.155 0.0000000000
36401  -33.214  -37.008  41.837 0.0000000000
110508  -32.608  -36.265  39.130 0.0000000000
37254  -33.215  -35.629  38.694 0.0000000000
37253  -32.470  -35.917  38.219 0.0000000000
127427  -32.210  -35.674  35.856 0.0000000000
36429  -39.015  -37.439  37.181 0.0000000000
111297  -38.212  -36.938  37.483 0.0000000000
37263  -37.418  -36.232  37.569 0.0000000000
36427  -36.361  -37.770  37.509 0.0000000000
110434  -35.812  -36.984  37.309 0.0000000000
37262  -35.619  -36.181  37.218 0.0000000000
119109  -34.510  -36.135  36.625 0.0000000000
36436  -34.058  -36.628  36.150 0.0000000000
37296  -33.261  -36.167  35.733 0.0000000000
36454  -32.796  -36.669  35.125 0.0000000000
37307  -32.058  -36.312  34.738 0.0000000000
36474  -32.299  -37.222  34.613 0.0000000000
121908  -32.310  -38.444  34.739 0.0000000000
35578  -41.928  -38.189  43.388 0.0000000000
36354  -40.921  -37.656  45.636 0.0000000000
36485  -27.698  -37.917  33.428 0.0000000000
37310  -41.047  -36.292  35.074 0.0000000000
37316  -30.143  -36.611  33.980 0.0000000000
41863  -45.039  -31.718  44.066 0.0000000000
41898  -45.032  -31.740  43.454 0.0000000000
47866  -49.967  -25.543  38.184 0.0000000000
49735  -52.848  -23.270  35.443 0.0000000000
53978  -49.032  -19.798  23.604 0.0000000000
56789  -49.738  -16.841  25.002 0.0000000000
59245  -50.789  -13.393  34.897 0.0000000000
119726  -29.333  -39.217  43.715 0.0000000000
120086  -40.306  -38.212  45.265 0.0000000000
121890  -28.739  -39.210  41.810 0.0000000000
123450  -27.128  -37.706  35.238 0.0000000000
123744  -34.302  -35.612  36.759 0.0000000000
124827  -43.471  -37.214  42.822 0.0000000000
127791  -30.137  -37.396  37.685 0.0000000000
128916  -45.104  -24.607  31.300 0.0000000000
129982  -32.183  -36.430  38.819 0.0000000000
130178  -39.552  -35.330  40.886 0.0000000000
