#!ascii label  , from subject sub-v1s13x0050005_ses-1 vox2ras=TkReg
354
65106  -23.545  -7.226  -31.543 0.0000000000
61576  -21.384  -11.683  -28.974 0.0000000000
62442  -25.553  -10.381  -29.281 0.0000000000
58151  -22.930  -15.929  -28.239 0.0000000000
76615  -20.905  5.066  -30.670 0.0000000000
73724  -22.814  2.802  -31.532 0.0000000000
68672  -20.700  -3.507  -31.752 0.0000000000
54533  -20.957  -19.559  -25.652 0.0000000000
59842  -22.595  -13.946  -28.994 0.0000000000
58138  -20.438  -15.638  -27.026 0.0000000000
75717  -22.130  4.226  -31.410 0.0000000000
72818  -20.891  2.131  -32.460 0.0000000000
65097  -21.190  -7.343  -30.422 0.0000000000
66777  -19.505  -5.685  -29.287 0.0000000000
66794  -21.694  -5.251  -31.930 0.0000000000
69511  -23.194  -2.430  -32.249 0.0000000000
67709  -24.419  -4.364  -31.219 0.0000000000
123676  -25.701  -6.036  -29.852 0.0000000000
63322  -20.329  -9.551  -28.531 0.0000000000
63335  -22.165  -9.708  -30.303 0.0000000000
64217  -24.906  -9.007  -30.538 0.0000000000
60682  -23.793  -11.882  -30.206 0.0000000000
59843  -24.308  -14.002  -29.343 0.0000000000
58140  -25.038  -14.833  -26.279 0.0000000000
70286  -19.189  -1.117  -31.115 0.0000000000
71111  -22.026  -0.244  -32.745 0.0000000000
71937  -24.598  0.626  -31.146 0.0000000000
57283  -19.171  -16.663  -25.150 0.0000000000
55504  -21.786  -18.044  -26.483 0.0000000000
58966  -20.457  -13.946  -27.038 0.0000000000
58933  -19.560  -14.497  -26.009 0.0000000000
73715  -20.808  2.858  -32.007 0.0000000000
71935  -19.561  0.677  -31.628 0.0000000000
65959  -21.928  -7.431  -31.048 0.0000000000
65958  -21.490  -6.659  -31.061 0.0000000000
65966  -22.862  -6.477  -31.870 0.0000000000
129831  -23.367  -4.494  -32.218 0.0000000000
66797  -24.121  -5.938  -31.697 0.0000000000
67710  -25.068  -4.790  -30.516 0.0000000000
65960  -24.666  -6.308  -31.059 0.0000000000
62447  -20.784  -10.266  -28.841 0.0000000000
63329  -20.864  -9.614  -29.132 0.0000000000
62449  -22.246  -10.857  -29.962 0.0000000000
62455  -23.458  -11.011  -30.547 0.0000000000
61585  -22.565  -11.611  -29.920 0.0000000000
58166  -22.963  -15.292  -28.747 0.0000000000
58989  -23.352  -14.154  -29.347 0.0000000000
58168  -24.082  -15.203  -28.855 0.0000000000
58952  -24.809  -14.585  -27.243 0.0000000000
57325  -23.978  -15.727  -27.468 0.0000000000
76598  -19.585  5.423  -29.993 0.0000000000
76588  -18.762  5.937  -28.816 0.0000000000
77459  -20.095  6.182  -29.786 0.0000000000
77461  -20.995  6.498  -29.991 0.0000000000
76617  -22.194  5.490  -31.058 0.0000000000
129170  -22.107  3.484  -31.547 0.0000000000
67708  -20.201  -4.548  -30.587 0.0000000000
68660  -19.454  -3.753  -29.904 0.0000000000
69509  -20.157  -1.797  -31.996 0.0000000000
71100  -20.104  -0.287  -32.986 0.0000000000
113188  -21.333  -1.559  -32.740 0.0000000000
70287  -24.562  -1.487  -31.088 0.0000000000
71093  -24.437  -0.117  -31.522 0.0000000000
71094  -25.154  -0.105  -30.820 0.0000000000
115998  -25.268  -10.156  -29.834 0.0000000000
64208  -25.761  -8.736  -29.652 0.0000000000
55470  -19.544  -18.944  -24.932 0.0000000000
55488  -19.949  -18.362  -25.451 0.0000000000
56428  -20.390  -17.681  -25.931 0.0000000000
55490  -21.606  -18.955  -26.024 0.0000000000
60658  -20.690  -12.577  -27.735 0.0000000000
60666  -21.927  -12.494  -29.217 0.0000000000
59840  -21.265  -13.326  -28.116 0.0000000000
123139  -21.542  -15.039  -28.018 0.0000000000
117912  -21.487  -15.886  -27.866 0.0000000000
75701  -20.622  4.716  -30.822 0.0000000000
75703  -21.267  4.576  -31.009 0.0000000000
74735  -21.073  3.946  -31.229 0.0000000000
74742  -21.416  3.430  -31.631 0.0000000000
73723  -22.068  2.404  -32.034 0.0000000000
65077  -19.553  -7.686  -28.701 0.0000000000
65951  -20.009  -6.286  -29.695 0.0000000000
110621  -20.546  -5.114  -30.860 0.0000000000
121796  -21.382  -4.293  -32.080 0.0000000000
69523  -22.065  -2.350  -32.767 0.0000000000
68679  -22.744  -3.316  -32.527 0.0000000000
124106  -23.902  -2.783  -31.584 0.0000000000
113555  -25.087  -2.912  -30.488 0.0000000000
68648  -25.623  -3.375  -29.891 0.0000000000
53481  -22.135  -20.247  -24.604 0.0000000000
54517  -22.456  -19.494  -24.906 0.0000000000
64206  -20.784  -8.792  -29.334 0.0000000000
64207  -21.619  -8.906  -29.993 0.0000000000
64215  -23.288  -8.840  -31.159 0.0000000000
64223  -24.481  -8.216  -30.945 0.0000000000
63337  -23.810  -9.757  -31.067 0.0000000000
109365  -24.171  -10.517  -30.701 0.0000000000
61587  -24.845  -11.314  -29.737 0.0000000000
111718  -23.170  -12.932  -29.754 0.0000000000
60675  -24.435  -12.553  -29.758 0.0000000000
60667  -25.166  -12.246  -28.814 0.0000000000
111429  -25.169  -13.096  -28.161 0.0000000000
59819  -25.940  -13.576  -26.377 0.0000000000
76618  -22.904  5.324  -30.996 0.0000000000
71941  -19.787  0.405  -32.489 0.0000000000
71948  -20.791  0.712  -32.818 0.0000000000
71943  -22.728  1.295  -32.232 0.0000000000
112372  -22.576  -0.989  -32.615 0.0000000000
108802  -23.220  0.566  -32.159 0.0000000000
73725  -23.770  1.930  -31.417 0.0000000000
117825  -25.360  -7.643  -30.233 0.0000000000
65937  -26.122  -7.147  -29.156 0.0000000000
57297  -18.878  -15.829  -24.943 0.0000000000
57308  -20.063  -16.189  -26.344 0.0000000000
57310  -21.227  -16.636  -27.145 0.0000000000
56455  -22.271  -16.815  -27.172 0.0000000000
55472  -22.767  -18.716  -25.175 0.0000000000
55505  -22.945  -17.597  -26.292 0.0000000000
57311  -23.543  -16.703  -26.521 0.0000000000
71934  -19.432  1.118  -30.758 0.0000000000
117470  -22.697  -7.337  -31.439 0.0000000000
129335  -22.172  -6.803  -31.480 0.0000000000
65967  -23.681  -6.424  -31.798 0.0000000000
66796  -23.429  -5.737  -32.119 0.0000000000
65968  -24.200  -6.786  -31.426 0.0000000000
114779  -20.656  -11.796  -28.107 0.0000000000
61575  -20.677  -10.978  -28.483 0.0000000000
61583  -21.230  -10.904  -29.114 0.0000000000
61584  -21.799  -11.235  -29.574 0.0000000000
120742  -22.021  -11.892  -29.545 0.0000000000
58150  -22.210  -15.611  -28.301 0.0000000000
58167  -23.493  -15.455  -28.732 0.0000000000
58152  -23.683  -15.642  -28.206 0.0000000000
57324  -23.371  -16.225  -27.420 0.0000000000
76614  -20.506  5.035  -30.658 0.0000000000
76599  -20.132  5.523  -30.332 0.0000000000
76600  -20.391  5.497  -30.362 0.0000000000
77473  -20.802  5.687  -30.379 0.0000000000
77475  -22.444  6.424  -30.676 0.0000000000
76616  -21.320  5.134  -30.816 0.0000000000
75718  -22.768  3.753  -31.233 0.0000000000
74737  -23.475  3.255  -30.994 0.0000000000
125418  -23.804  2.642  -31.055 0.0000000000
68661  -20.071  -3.724  -30.764 0.0000000000
68670  -19.498  -2.851  -30.501 0.0000000000
68671  -20.126  -2.724  -31.398 0.0000000000
69521  -20.755  -1.670  -32.518 0.0000000000
69510  -20.746  -2.562  -32.171 0.0000000000
70288  -25.152  -1.057  -30.601 0.0000000000
127024  -24.681  -0.706  -31.173 0.0000000000
121057  -25.602  -9.758  -29.540 0.0000000000
53495  -20.971  -20.145  -25.315 0.0000000000
54516  -20.225  -19.883  -25.209 0.0000000000
55471  -20.307  -19.125  -25.436 0.0000000000
55489  -20.750  -18.719  -25.884 0.0000000000
114434  -20.272  -12.592  -27.028 0.0000000000
59832  -20.625  -13.273  -27.397 0.0000000000
58951  -20.148  -14.668  -26.705 0.0000000000
58148  -20.756  -14.848  -27.412 0.0000000000
58149  -21.012  -15.562  -27.601 0.0000000000
113492  -20.772  4.359  -30.967 0.0000000000
123021  -20.708  3.951  -31.032 0.0000000000
73721  -21.232  2.856  -32.091 0.0000000000
110656  -21.395  2.802  -32.044 0.0000000000
73722  -21.157  2.355  -32.386 0.0000000000
65089  -20.217  -7.874  -29.239 0.0000000000
113131  -20.450  -7.201  -29.751 0.0000000000
123975  -21.945  -6.105  -31.703 0.0000000000
66786  -21.080  -5.785  -31.186 0.0000000000
66793  -21.050  -4.969  -31.518 0.0000000000
67723  -22.125  -3.818  -32.568 0.0000000000
67716  -22.299  -4.705  -32.410 0.0000000000
117257  -23.574  -3.762  -31.936 0.0000000000
68662  -24.420  -3.355  -31.119 0.0000000000
69495  -24.494  -2.408  -31.034 0.0000000000
68663  -25.063  -3.852  -30.526 0.0000000000
66778  -25.694  -5.135  -29.907 0.0000000000
66768  -26.197  -5.452  -29.198 0.0000000000
53459  -21.781  -20.844  -24.082 0.0000000000
53460  -22.488  -20.499  -23.699 0.0000000000
114515  -19.900  -8.863  -28.367 0.0000000000
64196  -20.029  -8.389  -28.769 0.0000000000
126966  -20.398  -9.018  -28.794 0.0000000000
63330  -21.495  -9.632  -29.696 0.0000000000
64214  -22.380  -8.962  -30.640 0.0000000000
63336  -22.956  -9.737  -30.829 0.0000000000
128082  -23.664  -11.457  -30.383 0.0000000000
61592  -24.149  -11.313  -30.363 0.0000000000
62456  -24.528  -10.860  -30.244 0.0000000000
60683  -24.329  -11.977  -30.062 0.0000000000
59841  -21.902  -13.270  -28.813 0.0000000000
59852  -22.522  -13.102  -29.357 0.0000000000
58990  -23.952  -14.181  -29.501 0.0000000000
59854  -23.679  -13.524  -29.680 0.0000000000
59855  -24.199  -13.421  -29.705 0.0000000000
59844  -24.693  -13.151  -29.254 0.0000000000
58968  -25.209  -13.716  -27.289 0.0000000000
58953  -25.323  -14.178  -26.563 0.0000000000
58934  -25.745  -14.343  -25.883 0.0000000000
75716  -21.547  4.178  -31.306 0.0000000000
75704  -21.786  4.832  -31.261 0.0000000000
124545  -22.279  4.917  -31.283 0.0000000000
65950  -19.450  -6.452  -28.981 0.0000000000
69494  -18.903  -1.985  -30.248 0.0000000000
71092  -19.434  -0.280  -31.915 0.0000000000
71099  -19.765  -0.264  -32.675 0.0000000000
71110  -21.143  -0.195  -32.987 0.0000000000
71109  -20.392  -0.077  -33.085 0.0000000000
123291  -21.516  0.412  -32.803 0.0000000000
72827  -22.065  1.417  -32.443 0.0000000000
71950  -22.300  0.650  -32.540 0.0000000000
114284  -22.476  -2.609  -32.624 0.0000000000
70316  -22.396  -1.870  -32.661 0.0000000000
70317  -22.996  -1.549  -32.391 0.0000000000
71102  -23.748  -0.163  -32.056 0.0000000000
71944  -23.951  0.536  -31.701 0.0000000000
72822  -24.072  1.145  -31.388 0.0000000000
72813  -24.614  1.434  -30.948 0.0000000000
72814  -25.383  1.822  -30.485 0.0000000000
118432  -24.998  -8.197  -30.522 0.0000000000
64218  -25.463  -8.644  -30.086 0.0000000000
65091  -25.781  -7.926  -29.708 0.0000000000
56412  -19.553  -17.516  -25.371 0.0000000000
118258  -19.487  -15.993  -25.664 0.0000000000
57298  -19.842  -16.799  -25.762 0.0000000000
56440  -21.093  -17.313  -26.531 0.0000000000
56441  -21.771  -17.150  -26.860 0.0000000000
56454  -21.701  -16.627  -27.357 0.0000000000
56442  -22.375  -17.525  -26.639 0.0000000000
124767  -23.258  -17.161  -26.414 0.0000000000
118655  -19.842  -13.761  -26.418 0.0000000000
58123  -19.794  -15.368  -26.253 0.0000000000
73714  -20.571  3.372  -31.254 0.0000000000
127060  -20.082  2.765  -31.129 0.0000000000
72812  -20.347  2.509  -31.671 0.0000000000
71936  -20.023  1.437  -31.989 0.0000000000
66795  -22.557  -5.561  -32.191 0.0000000000
123424  -23.126  -4.956  -32.356 0.0000000000
67718  -23.837  -4.974  -31.933 0.0000000000
66787  -24.559  -5.364  -31.209 0.0000000000
66788  -25.125  -5.719  -30.463 0.0000000000
65961  -25.215  -6.669  -30.371 0.0000000000
62441  -20.221  -10.210  -28.124 0.0000000000
62448  -21.477  -10.405  -29.513 0.0000000000
62453  -21.993  -10.249  -30.023 0.0000000000
62454  -22.700  -10.475  -30.455 0.0000000000
119699  -22.824  -11.128  -30.278 0.0000000000
60673  -23.226  -12.193  -29.996 0.0000000000
58165  -22.367  -14.809  -28.600 0.0000000000
58979  -22.996  -14.665  -29.025 0.0000000000
58980  -23.658  -14.896  -29.161 0.0000000000
58981  -24.174  -14.630  -29.229 0.0000000000
58967  -24.604  -14.286  -28.551 0.0000000000
58153  -24.313  -15.208  -27.954 0.0000000000
58139  -24.439  -15.317  -26.909 0.0000000000
75668  -18.243  4.699  -29.525 0.0000000000
76589  -19.626  6.112  -29.490 0.0000000000
77460  -20.401  6.242  -29.863 0.0000000000
77476  -23.239  6.877  -30.600 0.0000000000
75705  -22.786  4.570  -31.076 0.0000000000
67698  -19.055  -3.887  -29.229 0.0000000000
69508  -19.562  -1.923  -31.210 0.0000000000
70299  -19.734  -1.012  -31.907 0.0000000000
70300  -20.204  -0.929  -32.495 0.0000000000
70314  -20.788  -0.813  -32.860 0.0000000000
70315  -21.728  -1.097  -32.832 0.0000000000
69512  -23.937  -1.929  -31.610 0.0000000000
113105  -24.065  -0.945  -31.722 0.0000000000
112783  -25.364  0.866  -30.566 0.0000000000
63339  -25.104  -9.698  -30.178 0.0000000000
63331  -25.539  -9.398  -29.805 0.0000000000
64197  -25.852  -9.123  -29.320 0.0000000000
117806  -19.316  -18.106  -25.019 0.0000000000
55503  -21.166  -18.223  -26.251 0.0000000000
60665  -21.285  -12.541  -28.547 0.0000000000
58978  -21.837  -14.093  -28.373 0.0000000000
120839  -21.132  -14.101  -27.710 0.0000000000
57323  -22.055  -16.275  -27.824 0.0000000000
124295  -18.578  4.213  -30.254 0.0000000000
75683  -19.370  4.759  -30.328 0.0000000000
75684  -20.120  4.925  -30.629 0.0000000000
75702  -20.972  4.539  -30.904 0.0000000000
74736  -21.338  4.042  -31.278 0.0000000000
73720  -21.041  3.552  -31.493 0.0000000000
74743  -21.702  3.455  -31.604 0.0000000000
74744  -21.957  2.921  -31.793 0.0000000000
65957  -20.734  -6.516  -30.417 0.0000000000
66785  -20.432  -5.791  -30.431 0.0000000000
67715  -20.631  -4.373  -31.310 0.0000000000
68677  -21.409  -3.262  -32.382 0.0000000000
68678  -22.067  -2.968  -32.703 0.0000000000
67717  -22.905  -4.191  -32.455 0.0000000000
69496  -25.114  -1.973  -30.492 0.0000000000
70277  -25.646  -1.520  -29.918 0.0000000000
69483  -25.652  -2.461  -29.870 0.0000000000
67700  -25.638  -4.256  -29.921 0.0000000000
61569  -25.754  -10.946  -28.462 0.0000000000
53480  -21.380  -20.484  -24.806 0.0000000000
54534  -21.647  -19.787  -25.373 0.0000000000
65090  -20.972  -8.066  -29.845 0.0000000000
65098  -21.733  -8.184  -30.510 0.0000000000
65099  -22.531  -8.143  -31.061 0.0000000000
65105  -23.189  -7.938  -31.353 0.0000000000
65107  -24.191  -7.534  -31.259 0.0000000000
64222  -23.839  -8.127  -31.283 0.0000000000
64216  -24.185  -8.986  -31.086 0.0000000000
63338  -24.532  -9.765  -30.712 0.0000000000
116392  -23.439  -10.341  -30.817 0.0000000000
62457  -24.783  -10.326  -30.278 0.0000000000
62450  -24.853  -10.772  -29.940 0.0000000000
115813  -25.138  -10.740  -29.661 0.0000000000
60672  -22.575  -12.374  -29.661 0.0000000000
59853  -23.060  -13.541  -29.469 0.0000000000
60674  -23.898  -12.711  -29.981 0.0000000000
126322  -24.609  -11.844  -29.823 0.0000000000
60676  -24.816  -12.070  -29.538 0.0000000000
61577  -25.268  -11.313  -29.246 0.0000000000
116090  -25.549  -11.633  -28.429 0.0000000000
60659  -25.643  -12.248  -27.807 0.0000000000
108736  -23.453  4.914  -30.694 0.0000000000
71942  -20.453  1.141  -32.507 0.0000000000
71108  -20.042  0.214  -32.986 0.0000000000
128560  -20.819  1.436  -32.606 0.0000000000
72819  -21.528  1.997  -32.387 0.0000000000
72820  -22.251  1.828  -32.243 0.0000000000
110718  -22.890  1.944  -31.975 0.0000000000
69522  -21.479  -2.326  -32.616 0.0000000000
71101  -23.332  -0.889  -32.248 0.0000000000
71951  -22.904  -0.180  -32.428 0.0000000000
72821  -23.445  1.234  -31.813 0.0000000000
110034  -24.559  2.237  -30.818 0.0000000000
65100  -24.729  -7.343  -30.847 0.0000000000
65952  -25.754  -6.957  -29.794 0.0000000000
127906  -26.065  -6.338  -29.368 0.0000000000
58122  -19.231  -15.197  -25.493 0.0000000000
56439  -20.408  -16.875  -26.251 0.0000000000
57309  -20.651  -16.478  -26.852 0.0000000000
57321  -20.968  -16.135  -27.462 0.0000000000
57322  -21.418  -16.317  -27.604 0.0000000000
120025  -22.725  -16.474  -27.567 0.0000000000
54535  -22.154  -19.163  -25.671 0.0000000000
55491  -22.375  -18.389  -26.104 0.0000000000
55492  -23.151  -17.964  -25.477 0.0000000000
56443  -22.957  -16.975  -26.912 0.0000000000
57312  -23.992  -15.994  -26.657 0.0000000000
61586  -24.583  -11.344  -30.013 0.0000000000
61591  -23.257  -11.555  -30.249 0.0000000000
70301  -23.500  -1.537  -32.056 0.0000000000
71949  -21.491  1.169  -32.619 0.0000000000
72826  -21.059  1.705  -32.595 0.0000000000
74694  -17.763  4.070  -29.593 0.0000000000
110716  -21.831  -1.864  -32.800 0.0000000000
129536  -25.311  -9.241  -30.110 0.0000000000
130096  -20.539  2.075  -32.218 0.0000000000
