#!ascii label  , from subject sub-v1s13x0050005_ses-1 vox2ras=TkReg
902
57308  -20.063  -16.189  -26.344 0.5555555820
57321  -20.968  -16.135  -27.462 0.6666666865
58149  -21.012  -15.562  -27.601 0.7777777910
58150  -22.210  -15.611  -28.301 0.7777777910
59842  -22.595  -13.946  -28.994 0.8888888955
58990  -23.952  -14.181  -29.501 0.8888888955
57297  -18.878  -15.829  -24.943 0.5555555820
58123  -19.794  -15.368  -26.253 0.5555555820
58951  -20.148  -14.668  -26.705 0.6666666865
58148  -20.756  -14.848  -27.412 0.8888888955
58166  -22.963  -15.292  -28.747 0.8888888955
60674  -23.898  -12.711  -29.981 1.0000000000
59855  -24.199  -13.421  -29.705 0.8888888955
126322  -24.609  -11.844  -29.823 1.0000000000
118655  -19.842  -13.761  -26.418 0.7777777910
59840  -21.265  -13.326  -28.116 1.0000000000
114779  -20.656  -11.796  -28.107 1.0000000000
60666  -21.927  -12.494  -29.217 1.0000000000
61585  -22.565  -11.611  -29.920 1.0000000000
60673  -23.226  -12.193  -29.996 1.0000000000
61584  -21.799  -11.235  -29.574 1.0000000000
119699  -22.824  -11.128  -30.278 1.0000000000
128082  -23.664  -11.457  -30.383 1.0000000000
62456  -24.528  -10.860  -30.244 1.0000000000
62455  -23.458  -11.011  -30.547 1.0000000000
109365  -24.171  -10.517  -30.701 1.0000000000
62457  -24.783  -10.326  -30.278 1.0000000000
63338  -24.532  -9.765  -30.712 1.0000000000
64217  -24.906  -9.007  -30.538 0.7777777910
61575  -20.677  -10.978  -28.483 0.8888888955
61576  -21.384  -11.683  -28.974 1.0000000000
62449  -22.246  -10.857  -29.962 1.0000000000
61583  -21.230  -10.904  -29.114 1.0000000000
62453  -21.993  -10.249  -30.023 1.0000000000
63336  -22.956  -9.737  -30.829 1.0000000000
63337  -23.810  -9.757  -31.067 1.0000000000
64216  -24.185  -8.986  -31.086 1.0000000000
64218  -25.463  -8.644  -30.086 0.8888888955
118432  -24.998  -8.197  -30.522 1.0000000000
117825  -25.360  -7.643  -30.233 0.7777777910
65952  -25.754  -6.957  -29.794 0.7777777910
63322  -20.329  -9.551  -28.531 0.5555555820
65090  -20.972  -8.066  -29.845 0.7777777910
64206  -20.784  -8.792  -29.334 0.8888888955
64214  -22.380  -8.962  -30.640 1.0000000000
63335  -22.165  -9.708  -30.303 1.0000000000
64207  -21.619  -8.906  -29.993 0.8888888955
64215  -23.288  -8.840  -31.159 1.0000000000
65107  -24.191  -7.534  -31.259 1.0000000000
65100  -24.729  -7.343  -30.847 0.8888888955
65968  -24.200  -6.786  -31.426 1.0000000000
65960  -24.666  -6.308  -31.059 0.8888888955
66778  -25.694  -5.135  -29.907 0.7777777910
66768  -26.197  -5.452  -29.198 0.6666666865
65077  -19.553  -7.686  -28.701 0.4444444478
65089  -20.217  -7.874  -29.239 0.7777777910
65088  -19.754  -7.103  -29.159 0.6666666865
65097  -21.190  -7.343  -30.422 0.7777777910
65959  -21.928  -7.431  -31.048 0.8888888955
65105  -23.189  -7.938  -31.353 1.0000000000
129335  -22.172  -6.803  -31.480 1.0000000000
65967  -23.681  -6.424  -31.798 1.0000000000
66797  -24.121  -5.938  -31.697 0.8888888955
66787  -24.559  -5.364  -31.209 0.7777777910
67710  -25.068  -4.790  -30.516 0.7777777910
128426  -26.477  -4.711  -28.758 0.5555555820
67700  -25.638  -4.256  -29.921 0.7777777910
68649  -26.086  -3.769  -29.326 0.6666666865
65951  -20.009  -6.286  -29.695 0.6666666865
65957  -20.734  -6.516  -30.417 0.7777777910
66785  -20.432  -5.791  -30.431 0.7777777910
65958  -21.490  -6.659  -31.061 0.8888888955
123975  -21.945  -6.105  -31.703 0.8888888955
66795  -22.557  -5.561  -32.191 1.0000000000
66796  -23.429  -5.737  -32.119 1.0000000000
67709  -24.419  -4.364  -31.219 0.8888888955
117257  -23.574  -3.762  -31.936 0.8888888955
68662  -24.420  -3.355  -31.119 0.7777777910
113555  -25.087  -2.912  -30.488 0.7777777910
68648  -25.623  -3.375  -29.891 0.7777777910
113264  -26.168  -2.958  -29.330 0.6666666865
66777  -19.505  -5.685  -29.287 0.6666666865
65950  -19.450  -6.452  -28.981 0.5555555820
110621  -20.546  -5.114  -30.860 0.8888888955
66794  -21.694  -5.251  -31.930 0.8888888955
121796  -21.382  -4.293  -32.080 1.0000000000
67717  -22.905  -4.191  -32.455 1.0000000000
129831  -23.367  -4.494  -32.218 0.8888888955
69495  -24.494  -2.408  -31.034 0.7777777910
69496  -25.114  -1.973  -30.492 0.7777777910
69483  -25.652  -2.461  -29.870 0.6666666865
69484  -26.287  -2.021  -29.275 0.5555555820
66784  -19.954  -5.219  -30.049 0.7777777910
67707  -19.778  -4.393  -30.139 0.6666666865
67723  -22.125  -3.818  -32.568 1.0000000000
69511  -23.194  -2.430  -32.249 0.8888888955
124106  -23.902  -2.783  -31.584 0.8888888955
70287  -24.562  -1.487  -31.088 0.7777777910
127024  -24.681  -0.706  -31.173 0.7777777910
70288  -25.152  -1.057  -30.601 0.7777777910
70277  -25.646  -1.520  -29.918 0.5555555820
71093  -24.437  -0.117  -31.522 0.7777777910
71085  -25.657  -0.628  -30.082 0.5555555820
71086  -26.149  -1.029  -29.432 0.5555555820
71094  -25.154  -0.105  -30.820 0.6666666865
67698  -19.055  -3.887  -29.229 0.4444444478
68660  -19.454  -3.753  -29.904 0.5555555820
68661  -20.071  -3.724  -30.764 0.7777777910
68672  -20.700  -3.507  -31.752 1.0000000000
68677  -21.409  -3.262  -32.382 1.0000000000
69523  -22.065  -2.350  -32.767 0.8888888955
70316  -22.396  -1.870  -32.661 0.8888888955
114284  -22.476  -2.609  -32.624 0.8888888955
70317  -22.996  -1.549  -32.391 0.8888888955
113105  -24.065  -0.945  -31.722 0.8888888955
71928  -25.794  0.170  -30.171 0.5555555820
70286  -19.189  -1.117  -31.115 0.6666666865
68670  -19.498  -2.851  -30.501 0.6666666865
70300  -20.204  -0.929  -32.495 0.7777777910
113188  -21.333  -1.559  -32.740 0.8888888955
70314  -20.788  -0.813  -32.860 0.7777777910
70315  -21.728  -1.097  -32.832 0.7777777910
71111  -22.026  -0.244  -32.745 0.7777777910
112372  -22.576  -0.989  -32.615 0.8888888955
108802  -23.220  0.566  -32.159 0.7777777910
71951  -22.904  -0.180  -32.428 0.7777777910
71102  -23.748  -0.163  -32.056 0.6666666865
71943  -22.728  1.295  -32.232 0.6666666865
72822  -24.072  1.145  -31.388 0.6666666865
71944  -23.951  0.536  -31.701 0.6666666865
73725  -23.770  1.930  -31.417 0.6666666865
72814  -25.383  1.822  -30.485 0.5555555820
112783  -25.364  0.866  -30.566 0.4444444478
110034  -24.559  2.237  -30.818 0.5555555820
71924  -19.211  0.307  -30.185 0.3333333433
123647  -19.171  -0.235  -30.850 0.3333333433
71092  -19.434  -0.280  -31.915 0.5555555820
71099  -19.765  -0.264  -32.675 0.6666666865
71941  -19.787  0.405  -32.489 0.5555555820
71109  -20.392  -0.077  -33.085 0.7777777910
128560  -20.819  1.436  -32.606 0.6666666865
123291  -21.516  0.412  -32.803 0.6666666865
71948  -20.791  0.712  -32.818 0.6666666865
72827  -22.065  1.417  -32.443 0.6666666865
72820  -22.251  1.828  -32.243 0.6666666865
73723  -22.068  2.404  -32.034 0.6666666865
73724  -22.814  2.802  -31.532 0.6666666865
74738  -24.407  3.111  -30.588 0.5555555820
125418  -23.804  2.642  -31.055 0.6666666865
71934  -19.432  1.118  -30.758 0.4444444478
72810  -19.580  2.243  -30.805 0.5555555820
71935  -19.561  0.677  -31.628 0.5555555820
71936  -20.023  1.437  -31.989 0.6666666865
71942  -20.453  1.141  -32.507 0.6666666865
72818  -20.891  2.131  -32.460 0.6666666865
72819  -21.528  1.997  -32.387 0.6666666865
74744  -21.957  2.921  -31.793 0.6666666865
75718  -22.768  3.753  -31.233 0.6666666865
111014  -23.678  4.047  -30.669 0.5555555820
73700  -19.048  2.529  -30.634 0.4444444478
73715  -20.808  2.858  -32.007 0.6666666865
73721  -21.232  2.856  -32.091 0.6666666865
73722  -21.157  2.355  -32.386 0.6666666865
129170  -22.107  3.484  -31.547 0.6666666865
58978  -21.837  -14.093  -28.373 0.8888888955
58966  -20.457  -13.946  -27.038 1.0000000000
59852  -22.522  -13.102  -29.357 1.0000000000
67718  -23.837  -4.974  -31.933 0.8888888955
69482  -18.990  -2.983  -29.650 0.5555555820
67708  -20.201  -4.548  -30.587 0.7777777910
69512  -23.937  -1.929  -31.610 0.8888888955
68647  -18.698  -3.139  -29.110 0.2222222239
71110  -21.143  -0.195  -32.987 0.7777777910
72812  -20.347  2.509  -31.671 0.6666666865
73714  -20.571  3.372  -31.254 0.6666666865
120360  -19.216  -7.033  -28.570 0.4444444478
66763  -19.223  -6.018  -28.763 0.4444444478
75707  -24.791  3.953  -30.137 0.5555555820
129543  -25.235  3.222  -30.171 0.5555555820
72801  -19.311  1.554  -30.208 0.2222222239
56412  -19.553  -17.516  -25.371 0.5555555820
56428  -20.390  -17.681  -25.931 0.5555555820
57309  -20.651  -16.478  -26.852 0.6666666865
57322  -21.418  -16.317  -27.604 0.5555555820
58168  -24.082  -15.203  -28.855 0.7777777910
58981  -24.174  -14.630  -29.229 0.8888888955
57323  -22.055  -16.275  -27.824 0.6666666865
59843  -24.308  -14.002  -29.343 0.7777777910
59844  -24.693  -13.151  -29.254 0.7777777910
60676  -24.816  -12.070  -29.538 0.8888888955
112046  -18.191  -15.685  -24.518 0.4444444478
58932  -19.067  -14.496  -25.269 0.5555555820
61587  -24.845  -11.314  -29.737 1.0000000000
59804  -19.372  -13.698  -25.784 0.2222222239
59831  -20.065  -13.094  -26.721 0.6666666865
115998  -25.268  -10.156  -29.834 0.8888888955
63331  -25.539  -9.398  -29.805 0.6666666865
65091  -25.781  -7.926  -29.708 0.7777777910
60657  -20.254  -11.902  -27.160 0.5555555820
65937  -26.122  -7.147  -29.156 0.6666666865
62432  -19.798  -10.127  -27.427 0.4444444478
65938  -26.337  -6.185  -28.740 0.5555555820
64186  -19.372  -8.729  -27.989 0.2222222239
67686  -26.493  -4.059  -28.812 0.5555555820
65076  -18.975  -7.546  -28.219 0.4444444478
69468  -26.648  -2.694  -28.812 0.5555555820
115139  -18.491  -6.741  -28.113 0.3333333433
110603  -26.768  -2.072  -28.694 0.5555555820
67680  -19.053  -4.610  -28.918 0.4444444478
70266  -26.678  -1.360  -28.830 0.4444444478
115604  -18.895  -4.139  -28.829 0.3333333433
123750  -26.111  -0.301  -29.664 0.5555555820
125529  -25.981  0.777  -30.073 0.4444444478
71083  -18.640  -0.679  -30.003 0.3333333433
70285  -18.704  -1.133  -30.391 0.4444444478
116894  -25.806  2.778  -29.833 0.4444444478
74720  -25.610  3.708  -29.577 0.2222222239
73713  -19.972  3.127  -30.828 0.6666666865
73720  -21.041  3.552  -31.493 0.6666666865
74742  -21.416  3.430  -31.631 0.6666666865
74743  -21.702  3.455  -31.604 0.6666666865
75717  -22.130  4.226  -31.410 0.6666666865
75705  -22.786  4.570  -31.076 0.6666666865
75706  -24.278  4.849  -30.218 0.4444444478
75686  -25.312  4.782  -29.460 0.3333333433
123188  -20.308  3.892  -30.869 0.5555555820
118258  -19.487  -15.993  -25.664 0.5555555820
57298  -19.842  -16.799  -25.762 0.5555555820
56439  -20.408  -16.875  -26.251 0.6666666865
57310  -21.227  -16.636  -27.145 0.6666666865
58138  -20.438  -15.638  -27.026 0.6666666865
117912  -21.487  -15.886  -27.866 0.7777777910
123139  -21.542  -15.039  -28.018 0.8888888955
59841  -21.902  -13.270  -28.813 1.0000000000
58165  -22.367  -14.809  -28.600 0.8888888955
59854  -23.679  -13.524  -29.680 1.0000000000
58989  -23.352  -14.154  -29.347 0.8888888955
58980  -23.658  -14.896  -29.161 0.8888888955
57283  -19.171  -16.663  -25.150 0.5555555820
58122  -19.231  -15.197  -25.493 0.5555555820
58933  -19.560  -14.497  -26.009 0.6666666865
120839  -21.132  -14.101  -27.710 0.8888888955
58979  -22.996  -14.665  -29.025 0.8888888955
59853  -23.060  -13.541  -29.469 1.0000000000
60675  -24.435  -12.553  -29.758 1.0000000000
111718  -23.170  -12.932  -29.754 1.0000000000
60683  -24.329  -11.977  -30.062 1.0000000000
114434  -20.272  -12.592  -27.028 0.8888888955
60658  -20.690  -12.577  -27.735 0.8888888955
59832  -20.625  -13.273  -27.397 1.0000000000
60665  -21.285  -12.541  -28.547 1.0000000000
120742  -22.021  -11.892  -29.545 1.0000000000
60672  -22.575  -12.374  -29.661 1.0000000000
60682  -23.793  -11.882  -30.206 1.0000000000
61592  -24.149  -11.313  -30.363 1.0000000000
62450  -24.853  -10.772  -29.940 0.8888888955
116392  -23.439  -10.341  -30.817 1.0000000000
62454  -22.700  -10.475  -30.455 1.0000000000
63339  -25.104  -9.698  -30.178 0.8888888955
62447  -20.784  -10.266  -28.841 1.0000000000
62441  -20.221  -10.210  -28.124 0.5555555820
61568  -20.172  -10.991  -27.454 0.6666666865
62448  -21.477  -10.405  -29.513 1.0000000000
63330  -21.495  -9.632  -29.696 1.0000000000
64222  -23.839  -8.127  -31.283 1.0000000000
64223  -24.481  -8.216  -30.945 1.0000000000
65961  -25.215  -6.669  -30.371 0.8888888955
127906  -26.065  -6.338  -29.368 0.6666666865
63321  -19.804  -9.461  -27.997 0.5555555820
114515  -19.900  -8.863  -28.367 0.6666666865
126966  -20.398  -9.018  -28.794 0.6666666865
63329  -20.864  -9.614  -29.132 0.7777777910
65098  -21.733  -8.184  -30.510 0.8888888955
65099  -22.531  -8.143  -31.061 1.0000000000
65106  -23.545  -7.226  -31.543 1.0000000000
66788  -25.125  -5.719  -30.463 0.8888888955
123676  -25.701  -6.036  -29.852 0.7777777910
66779  -26.107  -4.560  -29.322 0.6666666865
64195  -19.403  -8.200  -28.329 0.3333333433
64196  -20.029  -8.389  -28.769 0.6666666865
113131  -20.450  -7.201  -29.751 0.7777777910
117470  -22.697  -7.337  -31.439 1.0000000000
65966  -22.862  -6.477  -31.870 1.0000000000
68663  -25.063  -3.852  -30.526 0.7777777910
66786  -21.080  -5.785  -31.186 0.8888888955
123424  -23.126  -4.956  -32.356 1.0000000000
65935  -19.075  -6.501  -28.523 0.4444444478
66793  -21.050  -4.969  -31.518 0.8888888955
67716  -22.299  -4.705  -32.410 1.0000000000
68679  -22.744  -3.316  -32.527 0.8888888955
67699  -19.408  -4.704  -29.442 0.5555555820
67715  -20.631  -4.373  -31.310 0.8888888955
68678  -22.067  -2.968  -32.703 1.0000000000
71101  -23.332  -0.889  -32.248 0.8888888955
68671  -20.126  -2.724  -31.398 0.7777777910
69522  -21.479  -2.326  -32.616 0.8888888955
69510  -20.746  -2.562  -32.171 0.7777777910
71929  -26.294  0.324  -29.606 0.5555555820
69494  -18.903  -1.985  -30.248 0.5555555820
69508  -19.562  -1.923  -31.210 0.6666666865
70299  -19.734  -1.012  -31.907 0.6666666865
69509  -20.157  -1.797  -31.996 0.7777777910
71100  -20.104  -0.287  -32.986 0.7777777910
69521  -20.755  -1.670  -32.518 0.7777777910
71950  -22.300  0.650  -32.540 0.6666666865
72821  -23.445  1.234  -31.813 0.6666666865
110718  -22.890  1.944  -31.975 0.6666666865
72813  -24.614  1.434  -30.948 0.5555555820
71937  -24.598  0.626  -31.146 0.5555555820
123263  -25.641  2.283  -30.191 0.4444444478
72804  -25.864  1.324  -30.170 0.4444444478
73716  -25.231  2.570  -30.395 0.5555555820
71108  -20.042  0.214  -32.986 0.7777777910
74737  -23.475  3.255  -30.994 0.6666666865
72811  -19.780  1.880  -31.320 0.5555555820
127060  -20.082  2.765  -31.129 0.6666666865
110656  -21.395  2.802  -32.044 0.6666666865
67681  -19.159  -5.349  -28.843 0.4444444478
65934  -18.562  -6.954  -28.198 0.4444444478
66762  -18.901  -6.068  -28.391 0.4444444478
58153  -24.313  -15.208  -27.954 0.6666666865
57282  -18.363  -16.522  -24.485 0.4444444478
56411  -18.892  -17.421  -24.776 0.5555555820
115813  -25.138  -10.740  -29.661 0.7777777910
57281  -17.537  -15.990  -24.225 0.3333333433
58110  -18.568  -15.131  -24.817 0.4444444478
64208  -25.761  -8.736  -29.652 0.6666666865
64185  -19.028  -8.480  -27.766 0.1111111119
64194  -18.890  -8.045  -27.966 0.1111111119
70261  -18.322  -1.770  -29.241 0.3333333433
108736  -23.453  4.914  -30.694 0.6666666865
56413  -23.838  -17.529  -24.924 0.4444444478
56396  -25.147  -17.568  -23.919 0.2222222239
55489  -20.750  -18.719  -25.884 0.4444444478
55490  -21.606  -18.955  -26.024 0.4444444478
56440  -21.093  -17.313  -26.531 0.4444444478
55504  -21.786  -18.044  -26.483 0.4444444478
55505  -22.945  -17.597  -26.292 0.4444444478
57299  -24.145  -16.391  -25.718 0.4444444478
57285  -25.115  -16.486  -24.708 0.2222222239
56455  -22.271  -16.815  -27.172 0.4444444478
56443  -22.957  -16.975  -26.912 0.4444444478
57311  -23.543  -16.703  -26.521 0.4444444478
58126  -26.323  -15.286  -24.898 0.1111111119
58112  -26.747  -15.698  -24.462 0.1111111119
57312  -23.992  -15.994  -26.657 0.4444444478
58124  -24.592  -15.549  -25.952 0.3333333433
120025  -22.725  -16.474  -27.567 0.4444444478
57324  -23.371  -16.225  -27.420 0.4444444478
58140  -25.038  -14.833  -26.279 0.3333333433
57325  -23.978  -15.727  -27.468 0.4444444478
58139  -24.439  -15.317  -26.909 0.3333333433
58151  -22.930  -15.929  -28.239 0.5555555820
59819  -25.940  -13.576  -26.377 0.2222222239
60634  -27.102  -12.616  -26.081 0.1111111119
58968  -25.209  -13.716  -27.289 0.3333333433
111429  -25.169  -13.096  -28.161 0.4444444478
60667  -25.166  -12.246  -28.814 0.5555555820
116090  -25.549  -11.633  -28.429 0.6666666865
61570  -25.981  -11.482  -27.625 0.4444444478
61577  -25.268  -11.313  -29.246 0.6666666865
62424  -26.472  -9.985  -27.296 0.3333333433
62442  -25.553  -10.381  -29.281 0.6666666865
62433  -25.956  -10.198  -28.323 0.5555555820
63312  -25.834  -9.682  -29.006 0.5555555820
63323  -26.033  -9.141  -28.717 0.5555555820
63313  -26.124  -9.486  -28.111 0.4444444478
64187  -26.250  -8.756  -27.958 0.3333333433
121057  -25.602  -9.758  -29.540 0.5555555820
128647  -26.377  -6.821  -28.460 0.4444444478
65079  -26.250  -7.608  -28.551 0.4444444478
74735  -21.073  3.946  -31.229 0.5555555820
74736  -21.338  4.042  -31.278 0.5555555820
75716  -21.547  4.178  -31.306 0.5555555820
124545  -22.279  4.917  -31.283 0.5555555820
76618  -22.904  5.324  -30.996 0.5555555820
55472  -22.767  -18.716  -25.175 0.4444444478
56414  -24.666  -17.108  -24.579 0.2222222239
58125  -25.543  -15.206  -25.415 0.2222222239
58934  -25.745  -14.343  -25.883 0.2222222239
127088  -26.398  -13.927  -25.735 0.1111111119
60644  -25.819  -12.944  -27.154 0.4444444478
60645  -26.388  -12.173  -26.845 0.3333333433
61569  -25.754  -10.946  -28.462 0.6666666865
62434  -26.214  -10.742  -27.546 0.4444444478
65069  -26.378  -7.930  -27.858 0.3333333433
65923  -26.612  -6.214  -27.955 0.4444444478
130652  -26.832  -3.695  -28.481 0.4444444478
75702  -20.972  4.539  -30.904 0.5555555820
76614  -20.506  5.035  -30.658 0.5555555820
56454  -21.701  -16.627  -27.357 0.4444444478
61559  -26.621  -11.292  -26.865 0.2222222239
54534  -21.647  -19.787  -25.373 0.4444444478
54517  -22.456  -19.494  -24.906 0.4444444478
54518  -23.205  -19.053  -24.357 0.4444444478
55453  -24.742  -18.291  -23.624 0.2222222239
55454  -25.587  -18.057  -23.355 0.2222222239
55455  -26.445  -17.877  -23.122 0.1111111119
55488  -19.949  -18.362  -25.451 0.4444444478
54533  -20.957  -19.559  -25.652 0.4444444478
56415  -25.561  -16.830  -24.245 0.1111111119
121532  -27.521  -15.409  -24.365 0.1111111119
128874  -27.209  -14.409  -24.985 0.1111111119
58926  -27.751  -13.940  -24.956 0.1111111119
60635  -27.750  -12.262  -25.568 0.1111111119
61560  -27.297  -10.995  -26.318 0.2222222239
63314  -26.492  -9.134  -27.246 0.1111111119
125231  -26.720  -10.635  -26.851 0.2222222239
64188  -26.587  -8.298  -27.135 0.2222222239
65070  -26.702  -7.401  -27.086 0.2222222239
113588  -26.497  -7.054  -27.823 0.3333333433
66769  -26.663  -5.286  -28.246 0.4444444478
67687  -26.943  -4.260  -28.243 0.3333333433
126355  -27.134  -3.604  -28.145 0.3333333433
68634  -26.541  -3.391  -28.850 0.4444444478
114655  -27.294  -3.056  -27.923 0.3333333433
69481  -18.543  -2.300  -29.393 0.4444444478
71072  -26.620  -0.395  -29.046 0.4444444478
73704  -26.041  1.948  -29.872 0.3333333433
73712  -19.267  3.361  -30.728 0.4444444478
113492  -20.772  4.359  -30.967 0.5555555820
75701  -20.622  4.716  -30.822 0.5555555820
75703  -21.267  4.576  -31.009 0.5555555820
76617  -22.194  5.490  -31.058 0.5555555820
75684  -20.120  4.925  -30.629 0.5555555820
55503  -21.166  -18.223  -26.251 0.4444444478
58167  -23.493  -15.455  -28.732 0.5555555820
58152  -23.683  -15.642  -28.206 0.5555555820
58967  -24.604  -14.286  -28.551 0.6666666865
64197  -25.852  -9.123  -29.320 0.5555555820
65078  -25.983  -8.216  -29.215 0.5555555820
69469  -27.040  -2.508  -28.313 0.4444444478
56441  -21.771  -17.150  -26.860 0.4444444478
58952  -24.809  -14.585  -27.243 0.3333333433
55492  -23.151  -17.964  -25.477 0.4444444478
55474  -24.291  -17.889  -24.241 0.3333333433
56429  -23.562  -17.194  -25.772 0.4444444478
55473  -23.509  -18.282  -24.650 0.4444444478
56397  -26.028  -17.324  -23.656 0.1111111119
54535  -22.154  -19.163  -25.671 0.4444444478
55491  -22.375  -18.389  -26.104 0.4444444478
56442  -22.375  -17.525  -26.639 0.4444444478
124767  -23.258  -17.161  -26.414 0.4444444478
56430  -24.144  -16.944  -25.171 0.4444444478
57284  -24.586  -16.566  -25.033 0.4444444478
57300  -24.941  -16.000  -25.197 0.4444444478
58111  -25.803  -15.966  -24.643 0.1111111119
58925  -27.017  -15.016  -24.783 0.1111111119
57287  -27.243  -16.010  -24.059 0.1111111119
58953  -25.323  -14.178  -26.563 0.3333333433
58935  -26.483  -14.592  -25.295 0.2222222239
59820  -26.474  -12.934  -26.496 0.2222222239
59805  -26.797  -13.338  -25.901 0.1111111119
59806  -27.636  -13.155  -25.404 0.1111111119
60659  -25.643  -12.248  -27.807 0.4444444478
63300  -26.913  -9.517  -26.652 0.1111111119
64198  -26.124  -8.496  -28.661 0.5555555820
66748  -27.012  -5.597  -27.379 0.4444444478
75704  -21.786  4.832  -31.261 0.5555555820
58936  -27.060  -13.884  -25.368 0.1111111119
60646  -27.211  -11.800  -26.223 0.2222222239
53481  -22.135  -20.247  -24.604 0.4444444478
55452  -23.952  -18.616  -23.922 0.4444444478
54499  -24.409  -18.891  -23.364 0.2222222239
55471  -20.307  -19.125  -25.436 0.4444444478
55470  -19.544  -18.944  -24.932 0.4444444478
57286  -26.527  -16.506  -24.009 0.1111111119
56398  -26.904  -17.199  -23.445 0.1111111119
124836  -27.719  -14.684  -24.663 0.1111111119
49394  -22.680  -24.623  -19.328 0.1111111119
50395  -19.964  -23.284  -22.304 0.3333333433
50379  -21.604  -23.753  -20.683 0.2222222239
49412  -22.115  -24.097  -19.921 0.2222222239
119604  -23.706  -24.316  -19.291 0.1111111119
50364  -23.668  -23.612  -19.646 0.1111111119
52425  -18.604  -21.310  -22.359 0.3333333433
52409  -18.385  -21.844  -21.848 0.3333333433
50394  -19.119  -23.068  -21.978 0.3333333433
51431  -20.457  -22.731  -22.690 0.3333333433
51419  -21.659  -22.707  -21.870 0.3333333433
50390  -21.987  -23.040  -21.076 0.2222222239
51420  -22.396  -22.358  -21.403 0.2222222239
50381  -23.265  -23.153  -20.054 0.2222222239
51407  -22.771  -22.700  -20.669 0.2222222239
110960  -17.520  -19.142  -22.819 0.2222222239
54477  -17.802  -19.900  -22.382 0.2222222239
52426  -19.314  -21.782  -22.859 0.3333333433
51421  -23.146  -22.031  -21.004 0.1111111119
55436  -18.051  -19.082  -23.544 0.2222222239
54478  -18.135  -19.766  -23.125 0.3333333433
54514  -18.784  -19.144  -24.218 0.3333333433
53456  -18.709  -20.283  -23.488 0.3333333433
54515  -19.421  -19.730  -24.714 0.3333333433
53478  -19.777  -20.332  -24.558 0.3333333433
53457  -19.401  -20.660  -23.857 0.3333333433
53458  -20.267  -20.900  -24.062 0.3333333433
52446  -21.442  -21.439  -23.626 0.3333333433
52460  -21.047  -21.024  -24.221 0.3333333433
52447  -22.164  -21.180  -23.341 0.3333333433
53439  -22.816  -20.769  -22.886 0.3333333433
52429  -23.204  -21.084  -22.145 0.3333333433
52411  -23.648  -21.378  -21.349 0.1111111119
53423  -23.903  -20.720  -21.837 0.2222222239
56394  -17.561  -17.626  -23.645 0.2222222239
55451  -18.171  -18.316  -23.859 0.2222222239
54516  -20.225  -19.883  -25.209 0.3333333433
53479  -20.621  -20.518  -24.771 0.3333333433
53480  -21.380  -20.484  -24.806 0.3333333433
53459  -21.781  -20.844  -24.082 0.3333333433
53440  -23.524  -20.441  -22.514 0.1111111119
119764  -17.032  -17.089  -23.576 0.3333333433
56395  -18.236  -17.471  -24.163 0.3333333433
117806  -19.316  -18.106  -25.019 0.3333333433
53495  -20.971  -20.145  -25.315 0.3333333433
54497  -22.837  -19.784  -24.032 0.3333333433
54498  -23.688  -19.367  -23.471 0.3333333433
67663  -27.195  -4.731  -27.545 0.2222222239
70267  -27.121  -1.737  -28.282 0.3333333433
50396  -20.606  -23.263  -22.173 0.3333333433
50389  -21.173  -23.440  -21.620 0.3333333433
50380  -22.434  -23.410  -20.328 0.2222222239
51408  -23.627  -22.464  -20.398 0.1111111119
52445  -20.682  -21.630  -23.621 0.3333333433
51451  -21.194  -21.959  -23.284 0.3333333433
51433  -22.088  -22.084  -22.213 0.3333333433
52428  -22.475  -21.435  -22.547 0.3333333433
54496  -18.958  -20.072  -24.268 0.3333333433
55469  -18.817  -18.231  -24.485 0.3333333433
54479  -23.805  -19.848  -22.802 0.3333333433
126436  -22.208  -25.159  -19.236 0.1111111119
49395  -23.418  -25.143  -18.955 0.1111111119
51418  -18.383  -22.496  -21.661 0.3333333433
115238  -19.064  -23.772  -21.652 0.3333333433
49419  -20.062  -24.231  -21.563 0.3333333433
49420  -20.745  -24.228  -21.096 0.3333333433
121241  -24.003  -25.807  -18.660 0.1111111119
49396  -24.692  -24.313  -19.239 0.1111111119
52424  -18.182  -21.291  -21.690 0.3333333433
126849  -24.248  -23.770  -19.482 0.1111111119
127329  -17.376  -19.424  -22.133 0.2222222239
115885  -25.218  -22.766  -19.718 0.1111111119
55435  -17.202  -18.442  -22.742 0.2222222239
52396  -23.858  -21.844  -20.725 0.1111111119
52412  -24.323  -20.988  -21.345 0.1111111119
55450  -17.536  -18.395  -23.283 0.2222222239
53424  -24.655  -20.482  -21.640 0.1111111119
53441  -24.235  -20.122  -22.254 0.1111111119
54480  -24.529  -19.409  -22.750 0.1111111119
57265  -16.870  -16.365  -23.841 0.1111111119
68613  -27.455  -3.802  -27.576 0.2222222239
71073  -27.125  -0.886  -28.383 0.2222222239
70250  -27.560  -1.273  -27.666 0.2222222239
57266  -17.546  -16.821  -23.980 0.2222222239
49379  -24.343  -25.039  -18.951 0.1111111119
50387  -19.673  -23.763  -21.834 0.3333333433
51430  -19.602  -22.558  -22.585 0.3333333433
51429  -18.850  -22.199  -22.264 0.3333333433
50388  -20.371  -23.739  -21.807 0.3333333433
53438  -18.375  -20.470  -22.743 0.3333333433
53437  -18.068  -20.623  -21.973 0.2222222239
50397  -21.068  -22.968  -22.267 0.3333333433
51449  -20.092  -22.109  -23.142 0.3333333433
51450  -20.736  -22.205  -23.145 0.3333333433
52410  -22.777  -21.674  -21.721 0.2222222239
52443  -19.062  -20.944  -23.097 0.3333333433
54495  -18.530  -19.668  -23.718 0.3333333433
52444  -19.828  -21.349  -23.453 0.3333333433
52427  -21.782  -21.773  -22.970 0.3333333433
53460  -22.488  -20.499  -23.699 0.3333333433
52397  -24.448  -21.438  -20.854 0.1111111119
56379  -17.062  -17.709  -23.057 0.2222222239
53461  -23.197  -20.115  -23.227 0.3333333433
48474  -21.625  -25.352  -19.374 0.1111111119
49411  -21.376  -24.481  -20.256 0.2222222239
50386  -18.438  -23.355  -21.371 0.3333333433
51417  -17.869  -22.610  -20.972 0.2222222239
49418  -19.459  -24.291  -21.461 0.3333333433
49410  -19.998  -24.757  -21.149 0.3333333433
53422  -17.772  -20.908  -21.220 0.2222222239
67650  -27.639  -4.417  -26.870 0.1111111119
118641  -27.424  -5.123  -26.930 0.1111111119
67637  -28.101  -4.266  -26.141 0.1111111119
68601  -27.894  -3.592  -26.717 0.1111111119
69441  -28.172  -2.718  -26.507 0.1111111119
69452  -27.433  -2.263  -27.763 0.1111111119
69440  -27.857  -2.021  -27.059 0.1111111119
71909  -26.804  0.512  -29.027 0.2222222239
70251  -28.124  -1.116  -26.884 0.1111111119
73682  -27.037  2.037  -28.828 0.1111111119
125399  -26.560  1.767  -29.281 0.2222222239
73705  -26.429  2.442  -29.210 0.1111111119
72782  -26.959  1.285  -28.952 0.1111111119
123021  -20.708  3.951  -31.032 0.4444444478
74721  -26.291  3.301  -29.014 0.1111111119
124295  -18.578  4.213  -30.254 0.4444444478
75700  -20.180  4.404  -30.753 0.4444444478
76615  -20.905  5.066  -30.670 0.4444444478
75685  -24.702  5.723  -29.834 0.3333333433
76601  -25.574  5.875  -29.101 0.2222222239
111372  -26.204  5.202  -28.771 0.1111111119
75687  -26.170  4.251  -28.887 0.1111111119
76590  -27.096  5.490  -28.498 0.1111111119
76600  -20.391  5.497  -30.362 0.4444444478
77473  -20.802  5.687  -30.379 0.4444444478
76616  -21.320  5.134  -30.816 0.4444444478
77475  -22.444  6.424  -30.676 0.4444444478
111417  -23.096  6.086  -30.906 0.4444444478
126770  -23.687  6.463  -30.525 0.4444444478
77462  -24.315  6.490  -30.103 0.2222222239
77463  -25.132  6.599  -29.522 0.2222222239
77464  -25.966  6.830  -28.912 0.2222222239
78258  -26.905  7.112  -28.598 0.2222222239
80409  -26.521  10.955  -32.031 0.1111111119
79729  -27.273  9.546  -30.472 0.1111111119
109024  -27.960  8.163  -28.994 0.1111111119
76587  -17.763  5.390  -28.450 0.4444444478
76588  -18.762  5.937  -28.816 0.4444444478
75669  -18.750  5.243  -29.502 0.4444444478
76589  -19.626  6.112  -29.490 0.3333333433
77459  -20.095  6.182  -29.786 0.4444444478
78280  -21.808  6.884  -30.182 0.4444444478
78281  -22.620  7.353  -30.361 0.4444444478
77476  -23.239  6.877  -30.600 0.4444444478
77477  -23.961  7.144  -30.278 0.4444444478
79023  -22.780  8.254  -30.151 0.3333333433
78283  -24.276  8.082  -30.113 0.3333333433
78268  -25.217  8.061  -29.742 0.1111111119
130536  -25.910  8.099  -29.390 0.1111111119
78269  -26.353  7.710  -28.945 0.2222222239
79014  -26.627  8.569  -29.292 0.1111111119
79718  -27.109  9.206  -29.796 0.1111111119
76586  -16.645  5.151  -27.751 0.2222222239
78265  -20.651  7.096  -29.266 0.3333333433
78282  -23.397  7.720  -30.314 0.4444444478
79024  -23.449  8.620  -30.274 0.2222222239
79025  -24.119  8.970  -30.238 0.2222222239
79026  -24.955  8.828  -30.013 0.2222222239
79013  -25.811  8.689  -29.713 0.1111111119
79726  -24.537  9.654  -30.311 0.1111111119
79728  -26.510  9.629  -30.162 0.1111111119
80397  -25.121  10.336  -30.414 0.1111111119
126938  -25.959  10.160  -30.330 0.1111111119
79727  -25.643  9.494  -30.078 0.1111111119
77448  -19.123  6.655  -28.259 0.3333333433
77449  -19.748  6.853  -28.682 0.3333333433
78255  -19.933  7.502  -27.909 0.3333333433
78256  -20.472  7.592  -28.273 0.3333333433
78266  -21.372  7.342  -29.538 0.3333333433
79022  -22.158  7.785  -29.813 0.3333333433
116990  -22.871  9.050  -30.184 0.2222222239
79725  -23.372  9.636  -30.401 0.1111111119
80398  -25.693  10.900  -30.712 0.1111111119
80406  -26.323  10.956  -31.312 0.1111111119
81113  -26.277  11.393  -32.757 0.1111111119
78235  -19.939  7.553  -26.951 0.1111111119
78982  -20.703  7.836  -27.350 0.1111111119
79005  -21.025  7.870  -28.131 0.2222222239
79006  -21.536  8.237  -28.494 0.2222222239
78257  -21.110  7.708  -28.786 0.3333333433
79709  -22.142  8.833  -28.961 0.2222222239
79012  -21.801  8.099  -29.202 0.3333333433
79724  -22.645  9.794  -30.141 0.1111111119
80395  -22.898  10.679  -30.530 0.1111111119
127673  -23.292  11.119  -30.671 0.1111111119
121132  -24.719  11.036  -30.677 0.1111111119
81099  -24.937  11.640  -30.968 0.1111111119
80410  -26.887  10.593  -32.643 0.1111111119
79688  -21.885  8.906  -27.506 0.1111111119
78993  -21.286  8.240  -27.773 0.1111111119
80382  -22.554  10.164  -28.387 0.1111111119
79710  -22.325  9.556  -28.745 0.1111111119
79716  -22.432  9.726  -29.513 0.2222222239
80388  -22.383  10.451  -29.236 0.1111111119
80394  -22.511  10.564  -29.994 0.1111111119
81770  -22.894  11.715  -30.120 0.1111111119
81097  -23.123  11.515  -30.566 0.1111111119
81106  -23.678  12.069  -30.697 0.1111111119
81098  -23.841  11.522  -30.749 0.1111111119
79689  -22.479  9.393  -27.073 0.1111111119
80371  -22.805  9.899  -27.519 0.1111111119
81080  -22.651  11.104  -28.682 0.1111111119
81090  -22.881  11.790  -29.318 0.1111111119
80372  -23.439  10.215  -27.246 0.1111111119
80373  -24.126  10.495  -27.056 0.1111111119
81068  -23.432  11.054  -27.864 0.1111111119
112439  -27.776  -5.039  -26.289 0.1111111119
68587  -28.402  -3.442  -25.932 0.1111111119
71055  -27.469  -0.466  -27.950 0.1111111119
71911  -27.639  0.252  -27.889 0.1111111119
74699  -27.033  2.864  -28.672 0.1111111119
75683  -19.370  4.759  -30.328 0.4444444478
76619  -23.770  5.730  -30.545 0.4444444478
77451  -26.510  6.158  -28.644 0.1111111119
75670  -26.790  4.717  -28.570 0.1111111119
79717  -26.351  9.127  -29.772 0.1111111119
79027  -27.912  9.170  -29.976 0.1111111119
77461  -20.995  6.498  -29.991 0.3333333433
80399  -26.629  10.226  -30.769 0.1111111119
81778  -23.547  12.222  -30.502 0.1111111119
81081  -23.158  11.716  -28.559 0.1111111119
68580  -28.926  -3.440  -25.032 0.1111111119
67638  -28.540  -4.123  -25.502 0.1111111119
110475  -27.160  -0.035  -28.454 0.2222222239
72805  -26.378  1.137  -29.593 0.2222222239
74719  -19.421  4.069  -30.644 0.4444444478
76598  -19.585  5.423  -29.993 0.4444444478
77474  -21.534  5.940  -30.547 0.4444444478
77460  -20.401  6.242  -29.863 0.4444444478
78984  -22.136  9.088  -26.769 0.1111111119
79683  -22.721  9.425  -26.182 0.1111111119
81067  -22.944  10.505  -27.940 0.1111111119
66730  -27.402  -5.872  -26.533 0.1111111119
66711  -28.300  -4.980  -25.477 0.1111111119
68581  -29.562  -3.054  -24.301 0.1111111119
67629  -28.864  -4.442  -24.837 0.1111111119
69428  -29.327  -1.844  -25.039 0.1111111119
70238  -28.376  -1.799  -26.337 0.1111111119
70224  -28.878  -1.432  -25.690 0.1111111119
71056  -27.885  -0.371  -27.351 0.1111111119
118407  -27.925  1.068  -27.937 0.1111111119
115245  -28.218  1.893  -28.038 0.1111111119
73683  -27.714  2.368  -28.441 0.1111111119
74700  -27.890  3.256  -28.449 0.1111111119
111192  -27.068  3.887  -28.535 0.1111111119
77452  -27.463  6.390  -28.557 0.1111111119
75671  -27.566  4.793  -28.495 0.1111111119
75667  -17.283  4.624  -28.633 0.4444444478
75668  -18.243  4.699  -29.525 0.4444444478
77465  -28.717  6.984  -29.080 0.1111111119
79016  -28.333  8.563  -29.588 0.1111111119
76568  -17.092  5.781  -27.196 0.2222222239
76569  -17.992  6.219  -27.709 0.3333333433
77433  -17.574  6.509  -26.852 0.2222222239
77435  -19.347  7.371  -27.482 0.2222222239
124779  -28.020  9.163  -31.075 0.1111111119
78233  -18.787  7.648  -26.427 0.1111111119
78243  -19.717  7.600  -26.863 0.2222222239
79739  -27.490  9.793  -32.619 0.1111111119
80415  -27.099  10.177  -33.293 0.1111111119
78227  -19.648  7.753  -25.522 0.1111111119
127215  -20.349  7.861  -25.687 0.1111111119
118434  -21.632  8.472  -26.210 0.1111111119
78979  -22.601  9.236  -25.793 0.1111111119
80414  -26.603  10.742  -33.522 0.1111111119
79684  -23.235  9.901  -25.683 0.1111111119
81781  -24.005  12.695  -31.010 0.1111111119
81782  -24.522  12.919  -31.662 0.1111111119
81789  -25.038  12.747  -32.558 0.1111111119
81801  -25.035  12.715  -33.589 0.1111111119
80359  -23.756  10.249  -26.176 0.1111111119
81771  -23.338  12.254  -29.831 0.1111111119
82424  -23.959  12.785  -30.304 0.1111111119
81082  -23.810  11.872  -28.247 0.1111111119
110948  -27.688  -2.918  -27.271 0.1111111119
76599  -20.132  5.523  -30.332 0.4444444478
69427  -28.720  -2.466  -25.609 0.1111111119
71910  -27.369  0.764  -28.486 0.1111111119
72783  -27.553  1.557  -28.456 0.1111111119
76591  -28.078  5.655  -28.585 0.1111111119
78267  -24.741  7.289  -29.859 0.2222222239
112908  -25.536  7.432  -29.367 0.1111111119
80407  -27.036  10.331  -31.711 0.1111111119
118235  -27.280  9.750  -31.145 0.1111111119
79735  -27.546  9.604  -31.728 0.1111111119
78271  -28.551  7.802  -29.300 0.1111111119
78259  -27.888  7.317  -28.744 0.1111111119
78270  -27.242  8.002  -28.807 0.2222222239
79015  -27.566  8.702  -29.312 0.2222222239
78242  -18.972  7.622  -26.535 0.1111111119
113063  -22.489  8.813  -29.662 0.2222222239
80396  -23.884  10.595  -30.609 0.1111111119
81100  -25.714  11.497  -31.232 0.1111111119
81109  -26.022  11.536  -31.841 0.1111111119
81112  -25.680  11.995  -32.374 0.1111111119
78234  -19.423  7.646  -26.448 0.1111111119
78978  -20.927  8.199  -26.149 0.1111111119
78244  -20.262  7.619  -27.362 0.1111111119
78992  -20.711  7.799  -27.689 0.1111111119
81096  -22.702  11.181  -30.277 0.1111111119
81108  -25.238  12.194  -31.637 0.1111111119
78983  -21.445  8.446  -27.344 0.1111111119
79700  -22.341  9.425  -27.919 0.1111111119
79699  -21.937  8.820  -28.218 0.1111111119
81089  -22.529  11.203  -29.682 0.1111111119
81107  -24.271  12.277  -31.087 0.1111111119
80358  -23.104  9.780  -26.631 0.1111111119
66710  -27.866  -5.646  -25.845 0.1111111119
79028  -28.657  8.759  -30.344 0.1111111119
81762  -23.492  12.240  -28.959 0.1111111119
69417  -29.241  -2.606  -24.863 0.1111111119
77453  -28.222  6.513  -28.721 0.1111111119
79040  -27.973  9.029  -32.192 0.1111111119
77405  -18.457  7.061  -24.930 0.1111111119
82427  -24.004  13.013  -30.975 0.1111111119
49409  -19.199  -24.859  -21.067 0.2222222239
61558  -19.876  -11.463  -26.726 0.2222222239
119750  -19.017  -14.105  -25.100 0.3333333433
60643  -19.774  -12.246  -26.563 0.3333333433
62423  -19.729  -10.810  -26.727 0.3333333433
73699  -18.452  2.815  -30.493 0.2222222239
74675  -16.464  3.719  -28.180 0.1111111119
126934  -16.115  5.015  -27.498 0.1111111119
75653  -16.436  4.511  -28.038 0.2222222239
70276  -18.469  -1.474  -29.685 0.2222222239
60642  -19.441  -12.351  -26.220 0.2222222239
108257  -18.755  -0.219  -29.777 0.1111111119
114383  -19.534  0.699  -29.876 0.1111111119
72799  -17.650  2.209  -29.626 0.1111111119
74666  -16.325  3.871  -27.847 0.1111111119
74665  -16.115  4.536  -27.439 0.1111111119
75640  -16.063  5.154  -27.213 0.1111111119
58924  -18.486  -14.651  -24.643 0.2222222239
59817  -19.319  -12.950  -25.978 0.2222222239
59818  -19.516  -12.950  -26.267 0.3333333433
65066  -18.373  -7.484  -27.782 0.2222222239
72800  -18.456  2.223  -30.170 0.1111111119
120110  -18.512  -7.884  -27.862 0.1111111119
65919  -18.300  -7.194  -28.015 0.3333333433
74718  -18.282  3.452  -30.341 0.3333333433
74693  -17.388  3.202  -29.555 0.3333333433
118172  -17.016  3.847  -28.763 0.1111111119
73698  -17.762  2.656  -30.059 0.1111111119
73650  -16.777  2.911  -28.521 0.1111111119
73673  -17.071  2.425  -29.265 0.1111111119
72776  -19.116  1.678  -30.060 0.1111111119
73674  -17.866  2.082  -28.634 0.1111111119
72761  -17.229  2.030  -28.848 0.1111111119
61553  -27.783  -11.441  -25.634 0.1111111119
48473  -20.949  -25.515  -19.692 0.1111111119
49407  -17.553  -24.787  -20.127 0.1111111119
50385  -17.762  -23.317  -20.746 0.1111111119
52407  -17.247  -21.415  -20.737 0.1111111119
52408  -17.877  -21.802  -21.196 0.1111111119
58923  -17.860  -14.814  -24.283 0.1111111119
62422  -19.596  -10.637  -26.627 0.1111111119
108124  -18.953  -5.017  -28.613 0.2222222239
67657  -17.779  -4.097  -26.749 0.2222222239
110494  -17.630  -24.016  -20.464 0.1111111119
62431  -19.559  -10.199  -27.038 0.1111111119
48486  -18.920  -25.496  -20.674 0.1111111119
48487  -19.756  -25.349  -20.631 0.1111111119
48488  -20.615  -25.011  -20.381 0.1111111119
50362  -17.166  -23.973  -19.715 0.1111111119
50377  -17.259  -23.278  -20.154 0.1111111119
52383  -16.938  -21.882  -20.249 0.1111111119
52395  -17.175  -22.162  -20.683 0.1111111119
53421  -17.332  -20.550  -20.822 0.1111111119
54456  -17.568  -20.001  -21.546 0.1111111119
55420  -17.121  -18.852  -22.242 0.1111111119
58922  -16.937  -13.834  -23.464 0.1111111119
59796  -18.727  -14.347  -24.687 0.1111111119
112616  -19.592  -11.165  -26.368 0.1111111119
66742  -17.894  -5.228  -26.740 0.2222222239
116311  -18.054  -3.670  -26.681 0.2222222239
68607  -17.735  -3.015  -26.852 0.1111111119
48489  -21.280  -25.018  -19.850 0.1111111119
48485  -18.118  -25.561  -20.426 0.1111111119
68629  -17.740  -3.222  -27.296 0.2222222239
63311  -19.472  -9.362  -27.573 0.1111111119
109000  -17.200  -19.264  -21.621 0.1111111119
58109  -17.707  -15.219  -24.349 0.1111111119
49417  -18.760  -24.194  -21.274 0.1111111119
50378  -18.190  -23.925  -20.924 0.1111111119
61557  -19.564  -11.651  -26.355 0.1111111119
61550  -19.445  -11.911  -26.194 0.1111111119
49408  -18.328  -24.711  -20.752 0.1111111119
51406  -17.305  -22.741  -20.559 0.1111111119
67646  -18.114  -4.608  -26.329 0.1111111119
51405  -17.064  -22.586  -20.119 0.1111111119
58909  -17.027  -15.236  -24.066 0.1111111119
130386  -16.956  -13.580  -23.472 0.1111111119
59803  -19.279  -13.535  -25.505 0.1111111119
68596  -17.557  -2.191  -26.839 0.1111111119
71067  -18.347  -1.022  -29.526 0.1111111119
108647  -18.019  -5.950  -26.552 0.1111111119
70260  -17.311  -1.246  -27.651 0.1111111119
71904  -17.725  0.165  -27.705 0.1111111119
49393  -21.859  -24.756  -19.611 0.1111111119
50363  -22.939  -23.814  -19.672 0.1111111119
51432  -21.300  -22.397  -22.683 0.3333333433
61586  -24.583  -11.344  -30.013 1.0000000000
61591  -23.257  -11.555  -30.249 1.0000000000
68635  -26.931  -3.165  -28.415 0.3333333433
70301  -23.500  -1.537  -32.056 0.8888888955
71949  -21.491  1.169  -32.619 0.6666666865
72826  -21.059  1.705  -32.595 0.6666666865
73638  -16.778  2.677  -26.958 0.1111111119
74674  -16.169  4.449  -27.583 0.1111111119
74694  -17.763  4.070  -29.593 0.4444444478
75641  -16.048  5.469  -26.701 0.2222222239
76553  -15.765  5.480  -25.669 0.1111111119
76554  -16.105  5.582  -26.762 0.1111111119
77434  -18.530  6.988  -27.226 0.2222222239
77450  -20.187  6.966  -28.999 0.3333333433
78226  -18.836  7.578  -25.466 0.1111111119
81121  -25.642  12.100  -33.165 0.1111111119
110716  -21.831  -1.864  -32.800 0.8888888955
125709  -16.885  3.093  -28.880 0.1111111119
129245  -18.582  6.480  -27.968 0.3333333433
129536  -25.311  -9.241  -30.110 0.7777777910
130096  -20.539  2.075  -32.218 0.6666666865
130228  -17.540  2.449  -27.985 0.1111111119
