#!ascii label  , from subject sub-v1s13x0050005_ses-1 vox2ras=TkReg
805
22521  -35.667  -54.375  -20.650 0.5000000000
21660  -34.256  -55.334  -20.145 0.8000000119
22518  -32.501  -54.314  -20.599 0.8000000119
119817  -33.248  -54.163  -20.446 0.8000000119
112706  -34.062  -53.695  -20.597 0.8000000119
21671  -36.778  -55.101  -21.402 0.5000000000
22520  -34.754  -54.548  -20.352 0.5000000000
23373  -35.133  -53.664  -20.615 0.6000000238
22540  -32.038  -54.736  -22.313 0.6999999881
22529  -32.292  -54.188  -21.473 0.6999999881
23372  -34.730  -53.194  -20.847 0.6999999881
22530  -37.209  -54.071  -21.486 0.6000000238
22522  -36.374  -54.425  -21.015 0.5000000000
23384  -36.144  -53.554  -20.915 0.6000000238
20810  -30.450  -57.003  -23.398 0.6999999881
24212  -36.336  -52.517  -21.249 0.6000000238
117101  -31.921  -55.881  -23.863 0.6999999881
21669  -30.993  -55.295  -21.843 0.6999999881
23380  -33.056  -53.728  -21.922 0.6999999881
23383  -35.429  -52.945  -20.943 0.6000000238
25029  -36.111  -51.737  -21.638 0.6000000238
23381  -33.669  -53.341  -21.413 0.8000000119
23382  -34.790  -52.758  -21.376 0.8000000119
24211  -35.458  -52.311  -21.532 0.6999999881
22531  -38.167  -53.675  -21.877 0.4000000060
118184  -36.926  -53.091  -21.254 0.6000000238
20823  -31.162  -56.630  -24.601 0.6999999881
25030  -36.978  -51.619  -21.469 0.6000000238
21689  -31.737  -56.167  -24.679 0.6999999881
21682  -32.356  -55.223  -23.351 0.6999999881
22541  -32.714  -54.433  -22.657 0.6999999881
23396  -33.668  -53.473  -22.332 0.6000000238
24230  -35.431  -51.898  -22.540 0.6999999881
25051  -36.346  -50.935  -23.665 0.5000000000
22542  -33.466  -54.098  -23.065 0.6000000238
23405  -34.114  -53.582  -23.377 0.6000000238
23407  -34.937  -52.569  -23.433 0.6000000238
24238  -35.329  -52.102  -23.757 0.6000000238
23414  -34.845  -52.783  -24.253 0.6000000238
24239  -35.700  -51.521  -23.863 0.5000000000
24214  -38.698  -52.139  -21.736 0.4000000060
23385  -37.772  -53.061  -21.550 0.5000000000
21696  -30.274  -55.880  -25.335 0.6999999881
24213  -37.401  -52.283  -21.408 0.6000000238
25031  -38.028  -51.360  -21.521 0.6000000238
21690  -32.447  -55.581  -24.489 0.6999999881
25045  -36.660  -51.147  -21.805 0.6000000238
22550  -33.198  -54.922  -24.069 0.6999999881
125012  -37.038  -50.648  -22.068 0.5000000000
25851  -37.125  -50.418  -23.036 0.6000000238
22551  -33.799  -54.291  -24.099 0.6999999881
23406  -34.611  -53.279  -24.029 0.6000000238
25055  -36.287  -50.860  -23.849 0.5000000000
25056  -37.004  -50.357  -23.938 0.5000000000
24242  -35.151  -52.247  -24.120 0.5000000000
22547  -27.333  -55.101  -24.213 0.6000000238
22548  -27.980  -54.527  -24.188 0.6000000238
23386  -39.737  -52.683  -22.269 0.5000000000
22556  -29.362  -54.901  -25.143 0.6999999881
20829  -29.063  -56.929  -25.205 0.6999999881
25828  -40.283  -50.238  -22.184 0.4000000060
21697  -31.377  -55.990  -25.298 0.6999999881
25827  -38.599  -50.555  -21.857 0.5000000000
21703  -32.009  -55.692  -25.295 0.6999999881
21699  -32.224  -55.640  -25.103 0.6999999881
25841  -39.057  -49.942  -22.528 0.5000000000
22564  -33.514  -54.451  -25.032 0.6999999881
123124  -33.983  -54.064  -24.903 0.6000000238
130161  -37.984  -50.003  -22.940 0.5000000000
23413  -34.407  -53.428  -24.611 0.6000000238
25852  -37.808  -50.175  -24.006 0.5000000000
24245  -34.523  -52.732  -24.522 0.5000000000
24246  -35.034  -52.186  -24.269 0.5000000000
25054  -35.608  -51.519  -23.865 0.5000000000
25858  -37.882  -49.989  -24.273 0.5000000000
25061  -37.014  -50.236  -23.992 0.5000000000
25859  -38.740  -49.888  -24.824 0.3000000119
25829  -41.065  -50.152  -21.946 0.3000000119
127551  -26.819  -54.882  -23.584 0.6000000238
25033  -41.079  -50.976  -22.145 0.4000000060
23409  -29.679  -54.128  -24.595 0.6000000238
22557  -30.978  -55.142  -25.393 0.6999999881
22562  -31.841  -55.270  -25.419 0.6999999881
116275  -38.715  -49.833  -23.639 0.5000000000
23416  -33.108  -54.464  -25.233 0.5000000000
26675  -39.605  -49.768  -24.468 0.5000000000
23417  -33.765  -54.011  -25.015 0.5000000000
26681  -39.583  -49.866  -25.230 0.4000000060
26688  -39.433  -49.727  -25.432 0.4000000060
116501  -36.810  -50.134  -24.137 0.5000000000
25864  -37.801  -49.914  -24.403 0.4000000060
108841  -26.602  -54.163  -22.936 0.6000000238
22539  -27.422  -54.239  -23.358 0.6000000238
23394  -28.227  -53.889  -23.224 0.6000000238
23402  -29.236  -53.792  -23.566 0.6000000238
111113  -30.157  -53.589  -24.033 0.6000000238
26665  -40.858  -49.302  -23.160 0.3000000119
26664  -39.856  -49.567  -23.321 0.4000000060
23410  -30.685  -54.148  -24.876 0.6000000238
26677  -41.249  -49.002  -23.552 0.3000000119
23411  -31.577  -53.901  -24.908 0.6000000238
23415  -32.214  -54.583  -25.321 0.6999999881
26683  -41.290  -49.174  -24.675 0.3000000119
26676  -40.605  -49.403  -24.043 0.3000000119
23412  -32.387  -53.727  -24.984 0.6000000238
27518  -41.617  -48.822  -25.133 0.3000000119
26682  -40.555  -49.654  -25.161 0.3000000119
24240  -32.526  -52.818  -24.573 0.5000000000
24243  -33.164  -53.467  -24.951 0.5000000000
24244  -33.889  -53.112  -24.786 0.5000000000
27524  -40.276  -48.775  -26.097 0.3000000119
27525  -41.156  -48.970  -25.850 0.3000000119
25058  -34.721  -51.907  -24.439 0.5000000000
25059  -35.348  -51.238  -24.220 0.5000000000
27523  -39.467  -49.216  -25.951 0.3000000119
25861  -34.448  -51.004  -24.489 0.5000000000
26686  -37.281  -49.455  -24.659 0.4000000060
26687  -38.475  -49.473  -25.202 0.3000000119
23393  -27.118  -53.526  -22.735 0.5000000000
128788  -27.668  -53.718  -22.871 0.6000000238
23395  -28.811  -53.444  -22.482 0.5000000000
23403  -31.051  -53.404  -24.347 0.6000000238
24235  -30.682  -53.108  -23.479 0.5000000000
28377  -40.863  -47.773  -25.038 0.3000000119
23404  -31.836  -53.146  -24.505 0.6000000238
29243  -39.957  -47.473  -25.677 0.3000000119
28382  -40.594  -48.196  -25.919 0.3000000119
24241  -33.214  -52.438  -24.639 0.5000000000
26684  -35.031  -49.419  -24.547 0.5000000000
27521  -36.632  -48.679  -24.967 0.4000000060
24225  -28.395  -52.634  -21.806 0.5000000000
24209  -29.253  -52.265  -21.513 0.5000000000
24226  -29.423  -52.966  -22.005 0.5000000000
24234  -29.790  -53.374  -22.939 0.5000000000
24227  -30.304  -52.813  -22.483 0.5000000000
29239  -38.838  -47.082  -23.489 0.3000000119
28376  -39.742  -47.209  -24.491 0.3000000119
24236  -31.507  -52.808  -23.884 0.6000000238
24237  -32.215  -52.428  -24.110 0.6000000238
25052  -32.810  -51.808  -24.244 0.5000000000
25860  -33.664  -51.117  -24.528 0.5000000000
27526  -38.428  -48.596  -25.931 0.4000000060
28381  -37.178  -47.914  -25.878 0.4000000060
25026  -29.950  -51.993  -21.390 0.5000000000
25027  -30.698  -52.097  -21.915 0.5000000000
110589  -37.787  -46.566  -23.357 0.4000000060
24228  -31.186  -52.526  -22.957 0.5000000000
25048  -31.947  -52.126  -23.429 0.5000000000
128349  -37.867  -46.068  -24.238 0.4000000060
29241  -38.553  -45.975  -25.111 0.3000000119
25043  -32.276  -51.342  -22.976 0.4000000060
29242  -39.286  -46.680  -25.415 0.3000000119
25049  -32.532  -51.594  -23.815 0.5000000000
25855  -32.933  -50.830  -24.082 0.4000000060
25856  -33.217  -50.887  -24.367 0.4000000060
115175  -36.019  -47.976  -25.334 0.4000000060
120355  -29.346  -51.409  -21.216 0.5000000000
25824  -31.290  -50.829  -21.176 0.5000000000
29226  -36.806  -46.155  -22.770 0.4000000060
25042  -31.591  -51.753  -22.478 0.5000000000
25028  -31.239  -51.408  -21.649 0.4000000060
29238  -37.097  -45.791  -23.734 0.4000000060
30187  -37.661  -45.338  -24.672 0.4000000060
25825  -32.428  -50.018  -21.998 0.4000000060
25850  -32.672  -50.738  -23.497 0.4000000060
121282  -32.922  -49.955  -23.841 0.4000000060
120443  -33.270  -50.055  -24.274 0.4000000060
26679  -33.672  -49.351  -24.408 0.4000000060
27519  -34.729  -48.612  -24.642 0.4000000060
28380  -36.187  -47.388  -25.942 0.4000000060
28384  -37.500  -47.126  -26.807 0.4000000060
130037  -36.782  -47.297  -26.333 0.4000000060
25822  -29.021  -50.600  -21.201 0.5000000000
25815  -29.863  -50.668  -20.736 0.4000000060
30170  -35.571  -45.065  -22.558 0.4000000060
30183  -36.184  -45.393  -23.239 0.4000000060
25816  -30.845  -50.399  -20.634 0.5000000000
26652  -31.866  -50.051  -20.989 0.4000000060
114958  -32.663  -49.929  -23.017 0.4000000060
26674  -32.854  -49.058  -23.413 0.4000000060
26678  -33.278  -49.264  -24.072 0.4000000060
115825  -38.817  -46.900  -27.113 0.3000000119
120383  -35.182  -47.939  -25.002 0.4000000060
26641  -30.132  -49.819  -20.386 0.4000000060
26642  -31.162  -49.347  -20.261 0.5000000000
26643  -32.054  -49.124  -20.652 0.4000000060
31069  -36.121  -44.714  -23.811 0.4000000060
26653  -32.431  -49.244  -21.357 0.4000000060
27494  -32.614  -48.438  -21.804 0.4000000060
26663  -32.612  -49.203  -22.366 0.4000000060
27515  -33.250  -48.564  -23.861 0.4000000060
27516  -33.635  -48.592  -24.249 0.4000000060
116710  -34.473  -47.885  -24.761 0.4000000060
128906  -37.053  -46.651  -27.019 0.4000000060
29246  -35.479  -46.816  -25.898 0.4000000060
29248  -36.443  -46.822  -26.558 0.4000000060
27484  -30.842  -48.289  -20.004 0.4000000060
27485  -31.772  -48.420  -20.298 0.4000000060
28346  -32.577  -47.631  -21.309 0.4000000060
28358  -32.735  -47.589  -22.468 0.4000000060
27502  -32.687  -48.471  -22.714 0.4000000060
120844  -33.265  -46.965  -24.075 0.4000000060
29250  -37.865  -46.372  -27.340 0.4000000060
120662  -33.668  -47.075  -24.545 0.4000000060
28375  -34.197  -47.173  -24.960 0.4000000060
29244  -33.871  -46.294  -25.016 0.4000000060
29245  -34.629  -46.570  -25.456 0.4000000060
28336  -31.457  -47.524  -20.191 0.4000000060
126176  -32.458  -47.002  -20.912 0.4000000060
29215  -32.725  -46.646  -21.680 0.4000000060
29225  -32.822  -46.572  -22.870 0.4000000060
29237  -32.938  -46.408  -23.765 0.4000000060
114619  -32.998  -47.245  -23.476 0.4000000060
29240  -33.287  -46.314  -24.402 0.4000000060
29249  -36.639  -46.145  -27.078 0.3000000119
30189  -35.041  -45.939  -26.096 0.4000000060
118285  -35.818  -46.283  -26.530 0.4000000060
29203  -31.895  -45.985  -20.467 0.4000000060
29204  -32.464  -46.243  -20.890 0.4000000060
30149  -32.346  -45.299  -20.906 0.4000000060
30159  -32.687  -45.791  -21.442 0.4000000060
30169  -32.783  -45.786  -22.286 0.4000000060
30185  -33.277  -45.529  -24.751 0.4000000060
30188  -33.797  -45.410  -25.302 0.4000000060
119961  -39.041  -45.016  -27.629 0.4000000060
30194  -37.468  -45.692  -27.435 0.3000000119
121608  -34.382  -45.237  -25.836 0.4000000060
30193  -35.778  -45.610  -26.799 0.5000000000
126542  -36.627  -45.332  -27.279 0.4000000060
30192  -35.065  -45.057  -26.430 0.5000000000
31034  -31.906  -44.578  -20.792 0.4000000060
31057  -32.588  -44.249  -22.162 0.4000000060
119759  -32.642  -45.067  -21.752 0.4000000060
31067  -32.475  -44.180  -23.175 0.4000000060
117486  -32.531  -44.991  -22.781 0.4000000060
31078  -34.424  -44.426  -26.014 0.4000000060
31080  -35.914  -44.763  -27.044 0.5000000000
31865  -31.747  -43.722  -20.916 0.4000000060
31878  -32.370  -43.554  -21.667 0.4000000060
31891  -32.473  -43.474  -22.569 0.4000000060
31079  -35.164  -44.209  -26.532 0.4000000060
31082  -35.860  -43.991  -26.995 0.5000000000
32696  -31.978  -42.800  -21.240 0.4000000060
32697  -32.401  -42.867  -22.002 0.4000000060
32709  -32.391  -42.693  -22.912 0.4000000060
31914  -35.345  -43.392  -26.702 0.5000000000
34467  -31.774  -40.444  -22.515 0.4000000060
109557  -31.405  -42.074  -20.932 0.4000000060
33541  -31.942  -41.166  -22.332 0.4000000060
32708  -32.118  -42.021  -21.907 0.4000000060
33549  -32.205  -40.948  -23.234 0.4000000060
33550  -32.392  -41.331  -23.931 0.5000000000
33530  -31.341  -41.234  -21.389 0.4000000060
25862  -35.237  -50.319  -24.385 0.5000000000
27520  -35.598  -48.646  -24.742 0.5000000000
27522  -37.615  -48.791  -25.252 0.4000000060
21662  -36.126  -55.098  -20.890 0.5000000000
22508  -32.025  -54.862  -20.068 0.8000000119
22517  -31.651  -54.532  -20.761 0.8000000119
21672  -37.583  -55.190  -21.990 0.5000000000
20797  -30.050  -56.515  -22.312 0.6999999881
125187  -38.244  -54.422  -22.252 0.5000000000
19996  -29.984  -57.643  -23.910 0.6999999881
121830  -38.659  -53.059  -21.882 0.4000000060
20821  -30.080  -57.489  -24.573 0.6999999881
112262  -27.872  -55.264  -24.791 0.6999999881
21679  -26.603  -56.104  -24.254 0.6000000238
110898  -25.716  -54.166  -22.428 0.6000000238
23392  -26.140  -53.231  -22.395 0.5000000000
24224  -26.929  -52.799  -22.460 0.5000000000
25025  -28.609  -51.779  -21.615 0.5000000000
25821  -28.376  -50.872  -21.823 0.4000000060
27493  -29.408  -49.287  -20.594 0.4000000060
27482  -29.056  -48.431  -20.662 0.4000000060
120539  -29.948  -48.083  -20.128 0.4000000060
28334  -29.363  -47.447  -20.520 0.4000000060
130517  -30.466  -46.641  -20.301 0.4000000060
30148  -31.571  -45.195  -20.508 0.4000000060
31033  -31.194  -44.418  -20.569 0.4000000060
32684  -31.175  -42.877  -20.658 0.4000000060
34454  -31.475  -40.652  -21.859 0.4000000060
21648  -33.430  -55.411  -19.905 0.8000000119
23371  -33.059  -53.721  -20.950 0.8000000119
22528  -31.508  -54.756  -21.615 0.6999999881
24229  -34.852  -52.493  -22.294 0.6999999881
25826  -37.446  -50.878  -21.658 0.6000000238
25044  -36.050  -51.366  -22.256 0.6000000238
111841  -30.154  -54.791  -25.181 0.6999999881
25840  -37.791  -50.337  -22.154 0.5000000000
22549  -28.791  -54.269  -24.338 0.6000000238
24215  -40.361  -51.753  -22.261 0.5000000000
25032  -39.492  -51.064  -21.931 0.5000000000
25842  -40.573  -49.610  -22.573 0.3000000119
25863  -35.987  -50.468  -24.170 0.5000000000
25053  -33.278  -51.611  -24.468 0.5000000000
26685  -36.101  -49.577  -24.427 0.5000000000
25857  -33.783  -50.237  -24.542 0.4000000060
28385  -38.477  -47.703  -26.545 0.4000000060
28379  -34.897  -47.282  -25.227 0.4000000060
28374  -33.924  -47.857  -24.528 0.4000000060
28335  -30.438  -47.304  -20.169 0.4000000060
33542  -32.361  -41.814  -23.250 0.4000000060
13712  -22.661  -64.363  -22.714 0.4000000060
114925  -23.797  -64.155  -23.041 0.4000000060
13715  -26.280  -65.553  -22.448 0.4000000060
14438  -26.551  -64.664  -22.912 0.4000000060
13714  -25.390  -65.811  -22.412 0.4000000060
13716  -27.137  -65.407  -22.382 0.4000000060
13693  -28.603  -65.724  -21.445 0.4000000060
14403  -31.001  -64.946  -21.135 0.5000000000
12981  -25.524  -66.667  -21.723 0.4000000060
13691  -26.843  -66.120  -21.831 0.4000000060
13673  -29.300  -65.468  -20.718 0.5000000000
14402  -30.378  -64.862  -20.622 0.5000000000
15186  -31.522  -63.535  -20.159 0.6000000238
127541  -25.575  -66.931  -20.871 0.4000000060
12964  -26.383  -66.683  -21.129 0.4000000060
13657  -29.114  -65.280  -19.816 0.4000000060
15198  -30.977  -64.304  -20.293 0.5000000000
23398  -39.246  -53.631  -22.476 0.3000000119
24216  -41.653  -51.885  -22.206 0.3000000119
15200  -32.159  -63.521  -20.663 0.5000000000
20812  -36.948  -56.717  -22.186 0.5000000000
21683  -38.390  -55.242  -22.742 0.4000000060
12927  -27.077  -65.590  -18.691 0.4000000060
14388  -30.258  -64.361  -19.842 0.5000000000
12936  -26.398  -66.601  -19.230 0.4000000060
117896  -27.807  -66.140  -19.853 0.4000000060
15993  -31.934  -62.862  -20.209 0.6000000238
16786  -32.800  -61.671  -21.027 0.6000000238
18394  -33.223  -60.225  -20.765 0.6999999881
20800  -37.030  -55.933  -21.784 0.5000000000
17591  -33.272  -60.972  -21.181 0.6999999881
19191  -34.784  -58.804  -21.544 0.6999999881
19986  -36.259  -57.067  -21.895 0.6999999881
17592  -33.728  -60.273  -21.378 0.6999999881
15184  -29.910  -63.786  -19.224 0.5000000000
15185  -30.777  -63.512  -19.551 0.6000000238
15985  -31.408  -62.725  -19.692 0.6000000238
16760  -31.926  -61.172  -19.856 0.6000000238
13644  -27.983  -65.048  -18.813 0.4000000060
14371  -29.173  -63.929  -19.040 0.5000000000
15984  -30.710  -62.566  -19.161 0.6000000238
16775  -31.847  -62.063  -20.125 0.6000000238
18393  -32.764  -60.022  -20.139 0.6000000238
123905  -33.189  -59.553  -20.412 0.6000000238
17584  -32.625  -60.889  -20.534 0.6000000238
19190  -34.124  -58.855  -20.975 0.6999999881
20798  -35.886  -56.486  -21.274 0.6000000238
16741  -28.371  -61.801  -18.578 0.6000000238
16742  -29.071  -61.286  -18.341 0.6000000238
16743  -29.977  -61.163  -18.391 0.6999999881
16744  -30.722  -61.071  -18.731 0.6000000238
117603  -31.352  -60.937  -19.168 0.6000000238
19179  -32.766  -59.143  -19.841 0.6000000238
15169  -28.075  -63.634  -18.714 0.5000000000
15170  -30.191  -63.097  -19.055 0.6000000238
19180  -33.451  -58.744  -20.322 0.6000000238
19181  -34.130  -57.987  -20.498 0.6999999881
19977  -34.433  -57.000  -20.487 0.6999999881
19984  -34.850  -57.803  -21.161 0.6999999881
125528  -35.873  -55.726  -20.918 0.6000000238
19978  -35.144  -56.816  -20.939 0.6999999881
17556  -28.607  -60.373  -18.346 0.6000000238
17557  -29.460  -60.584  -18.277 0.6999999881
18373  -30.430  -59.366  -18.311 0.6999999881
17558  -30.182  -60.365  -18.378 0.6999999881
19172  -32.049  -58.609  -19.030 0.6000000238
125205  -34.925  -55.404  -20.368 0.5000000000
112427  -33.464  -57.854  -19.907 0.6999999881
19976  -33.730  -57.076  -19.925 0.6999999881
20790  -35.359  -55.974  -20.716 0.6000000238
19952  -30.157  -57.546  -18.414 0.6999999881
21646  -31.647  -55.556  -19.489 0.6999999881
19162  -30.240  -58.327  -18.161 0.6999999881
111163  -31.590  -56.947  -18.849 0.6000000238
20778  -32.217  -56.397  -19.165 0.5000000000
19171  -31.082  -58.529  -18.421 0.6999999881
19967  -31.444  -57.712  -18.629 0.6000000238
19969  -32.983  -57.193  -19.426 0.6999999881
19173  -32.841  -58.181  -19.574 0.6000000238
20788  -33.984  -56.173  -19.976 0.6999999881
20789  -34.703  -56.115  -20.400 0.6000000238
21645  -30.701  -55.752  -19.539 0.6999999881
21658  -30.430  -55.477  -20.477 0.6999999881
21647  -32.560  -55.500  -19.656 0.6999999881
20813  -37.748  -56.140  -22.593 0.5000000000
20779  -33.169  -56.256  -19.586 0.6000000238
13713  -24.433  -65.616  -22.444 0.4000000060
13674  -29.854  -65.184  -20.928 0.4000000060
12948  -26.027  -66.868  -20.079 0.4000000060
13671  -27.986  -66.213  -20.798 0.4000000060
14386  -28.789  -64.884  -19.182 0.4000000060
13655  -27.732  -65.773  -19.073 0.4000000060
19192  -35.406  -58.213  -21.872 0.6999999881
19985  -35.579  -57.378  -21.575 0.6999999881
16759  -31.217  -61.768  -19.353 0.6000000238
18385  -32.205  -59.689  -19.487 0.6000000238
15970  -29.149  -62.202  -18.619 0.6999999881
15971  -29.956  -62.436  -18.809 0.6000000238
18384  -31.451  -59.474  -18.808 0.6000000238
19953  -30.757  -57.813  -18.367 0.6999999881
19968  -32.218  -57.489  -19.031 0.6000000238
20777  -31.276  -56.272  -18.982 0.6000000238
124378  -29.047  -59.179  -18.249 0.5000000000
15168  -27.319  -63.862  -18.679 0.4000000060
114269  -28.267  -61.080  -18.423 0.5000000000
109299  -28.730  -58.692  -18.529 0.6000000238
112184  -26.506  -64.187  -18.592 0.4000000060
15167  -26.613  -63.210  -18.935 0.5000000000
123218  -27.100  -62.525  -18.965 0.5000000000
17555  -27.745  -60.656  -18.630 0.5000000000
18383  -27.988  -59.125  -18.941 0.5000000000
19170  -28.173  -58.525  -19.170 0.5000000000
18371  -28.592  -59.484  -18.432 0.5000000000
19161  -29.433  -58.052  -18.363 0.6000000238
20775  -29.552  -56.786  -19.272 0.5000000000
19160  -28.644  -57.887  -19.077 0.5000000000
20786  -29.286  -56.495  -20.101 0.6999999881
19974  -28.317  -57.703  -20.179 0.6000000238
20795  -28.910  -56.873  -21.311 0.6000000238
15166  -25.649  -63.664  -18.765 0.5000000000
16739  -26.422  -62.305  -19.158 0.5000000000
17570  -27.154  -60.294  -19.122 0.5000000000
18382  -27.314  -59.532  -19.412 0.5000000000
20787  -29.933  -55.870  -20.007 0.6000000238
19178  -27.773  -58.202  -20.792 0.6000000238
19982  -28.251  -57.684  -21.573 0.5000000000
20796  -29.405  -56.854  -22.083 0.6000000238
15967  -25.691  -62.813  -19.181 0.5000000000
17569  -26.404  -60.705  -19.462 0.5000000000
17583  -25.654  -60.376  -20.119 0.5000000000
18381  -26.568  -59.913  -19.837 0.5000000000
18392  -26.852  -59.159  -20.320 0.5000000000
21657  -29.655  -56.094  -21.074 0.6000000238
19983  -28.957  -57.550  -22.552 0.6000000238
15966  -24.832  -63.084  -18.924 0.5000000000
123264  -24.973  -62.439  -19.308 0.5000000000
16774  -24.968  -60.938  -19.896 0.5000000000
17582  -24.644  -60.505  -20.463 0.5000000000
17589  -24.280  -60.045  -21.090 0.6000000238
18391  -26.103  -59.490  -20.758 0.4000000060
18397  -23.988  -59.492  -21.551 0.4000000060
18398  -25.547  -59.222  -21.414 0.5000000000
18399  -26.185  -58.888  -21.476 0.5000000000
18400  -26.593  -58.835  -21.118 0.4000000060
19197  -24.266  -58.432  -22.370 0.4000000060
19198  -25.345  -58.398  -22.588 0.5000000000
19186  -25.869  -58.642  -22.036 0.5000000000
19991  -23.857  -57.856  -22.632 0.4000000060
126159  -27.698  -58.343  -23.172 0.6000000238
19201  -28.279  -58.117  -23.123 0.6000000238
19995  -29.230  -57.995  -23.564 0.6000000238
20006  -29.386  -58.012  -24.269 0.6000000238
18405  -24.818  -58.897  -21.861 0.5000000000
125510  -25.455  -57.665  -23.812 0.5000000000
20002  -26.090  -58.168  -24.333 0.5000000000
19993  -26.690  -58.438  -23.794 0.5000000000
20806  -23.862  -56.444  -22.732 0.4000000060
20807  -25.052  -56.813  -23.322 0.5000000000
20003  -27.008  -58.312  -24.300 0.6000000238
19994  -27.667  -58.567  -23.826 0.6000000238
124495  -28.746  -58.066  -24.550 0.6000000238
20808  -25.857  -57.167  -24.138 0.5000000000
112884  -24.745  -54.168  -22.178 0.3000000119
22537  -25.158  -54.997  -22.555 0.4000000060
21677  -24.509  -55.750  -22.726 0.4000000060
21678  -25.600  -56.027  -23.380 0.5000000000
20819  -27.381  -57.131  -24.920 0.5000000000
20820  -28.361  -57.324  -25.027 0.6000000238
26650  -28.502  -49.962  -21.714 0.3000000119
128493  -27.690  -50.775  -22.601 0.3000000119
127713  -27.795  -51.643  -22.191 0.4000000060
112913  -28.383  -48.380  -21.922 0.3000000119
29201  -29.743  -46.563  -20.508 0.3000000119
28333  -28.593  -47.596  -21.395 0.3000000119
30146  -29.709  -45.648  -20.628 0.3000000119
119094  -30.473  -46.070  -20.372 0.3000000119
30147  -30.585  -45.160  -20.414 0.3000000119
124592  -30.364  -44.353  -20.582 0.3000000119
31877  -30.191  -42.996  -20.748 0.3000000119
32695  -30.605  -42.337  -20.738 0.3000000119
22538  -26.130  -55.047  -23.152 0.5000000000
27492  -28.690  -49.213  -21.314 0.3000000119
20776  -30.021  -56.290  -19.372 0.5000000000
16740  -27.068  -61.818  -18.986 0.5000000000
19189  -27.581  -58.199  -22.194 0.5000000000
20005  -28.594  -58.395  -24.051 0.6000000238
19202  -35.418  -58.995  -22.281 0.6000000238
19997  -36.014  -57.820  -22.181 0.6000000238
22553  -41.898  -54.219  -23.393 0.3000000119
22552  -41.303  -54.534  -23.825 0.3000000119
21685  -40.117  -54.744  -23.720 0.3000000119
22543  -39.219  -54.537  -22.974 0.3000000119
21691  -39.671  -55.497  -24.014 0.3000000119
21684  -39.130  -55.167  -23.398 0.3000000119
127422  -35.853  -58.464  -22.433 0.6000000238
19998  -36.678  -57.502  -22.527 0.5000000000
22554  -42.078  -54.480  -23.279 0.3000000119
23408  -42.074  -53.715  -22.811 0.3000000119
22544  -40.648  -53.975  -23.216 0.3000000119
23399  -40.749  -53.145  -22.723 0.3000000119
20814  -38.666  -55.867  -23.403 0.3000000119
19999  -37.434  -57.139  -22.931 0.4000000060
14368  -27.227  -64.703  -18.551 0.4000000060
21675  -42.336  -54.058  -22.297 0.3000000119
22546  -42.278  -53.958  -22.514 0.3000000119
23401  -42.282  -53.100  -22.207 0.3000000119
22545  -41.726  -53.550  -22.990 0.3000000119
118775  -30.006  -64.691  -22.924 0.5000000000
111949  -30.759  -64.775  -23.320 0.5000000000
14437  -25.702  -64.717  -22.942 0.4000000060
14439  -27.421  -64.601  -22.845 0.4000000060
14440  -28.277  -64.547  -22.790 0.4000000060
14459  -28.575  -64.033  -23.441 0.5000000000
15222  -33.201  -64.264  -22.156 0.5000000000
14443  -31.825  -65.137  -22.710 0.5000000000
14441  -29.194  -64.654  -22.677 0.5000000000
16790  -34.794  -61.922  -22.659 0.6000000238
16789  -34.081  -61.777  -22.085 0.6000000238
15216  -33.416  -63.332  -21.752 0.5000000000
14419  -32.508  -64.735  -21.863 0.5000000000
13694  -29.451  -65.274  -21.662 0.3000000119
112190  -29.963  -65.094  -22.160 0.4000000060
14418  -31.701  -64.942  -21.623 0.5000000000
18407  -35.543  -59.764  -22.769 0.6000000238
117374  -33.855  -61.011  -21.759 0.6000000238
16787  -33.434  -61.709  -21.559 0.6000000238
15214  -32.220  -64.278  -21.189 0.4000000060
15215  -32.816  -63.625  -21.291 0.5000000000
18408  -36.157  -59.083  -23.013 0.6000000238
20825  -39.129  -56.343  -24.166 0.3000000119
20008  -37.951  -57.698  -23.759 0.4000000060
18406  -34.847  -59.647  -22.104 0.6000000238
16006  -33.121  -62.521  -21.327 0.4000000060
20826  -40.219  -55.894  -24.690 0.3000000119
21692  -41.058  -55.090  -24.437 0.3000000119
20824  -38.249  -56.759  -23.507 0.3000000119
20007  -37.153  -57.994  -23.271 0.5000000000
17595  -34.442  -61.053  -22.384 0.6000000238
20009  -38.717  -57.284  -24.352 0.3000000119
17597  -35.681  -60.528  -23.245 0.5000000000
18411  -36.313  -59.935  -23.511 0.5000000000
17600  -37.200  -60.101  -24.468 0.4000000060
18412  -36.854  -59.464  -23.734 0.5000000000
17603  -36.458  -60.697  -24.028 0.5000000000
16796  -35.903  -61.328  -23.709 0.5000000000
19211  -38.175  -59.134  -24.939 0.4000000060
19206  -36.941  -58.786  -23.543 0.5000000000
16010  -34.360  -62.668  -22.468 0.5000000000
19207  -37.697  -58.567  -24.072 0.4000000060
12303  -22.730  -67.763  -25.651 0.3000000119
11637  -23.122  -68.863  -26.588 0.3000000119
129316  -24.476  -67.886  -26.212 0.3000000119
12305  -25.205  -67.233  -25.994 0.3000000119
13017  -26.646  -66.798  -26.522 0.4000000060
108940  -24.294  -66.618  -25.332 0.3000000119
13020  -27.995  -66.307  -26.803 0.4000000060
114299  -26.487  -65.761  -26.159 0.4000000060
13016  -25.921  -66.383  -26.027 0.3000000119
125117  -24.353  -65.107  -25.441 0.3000000119
13754  -29.368  -65.061  -26.981 0.4000000060
118246  -29.582  -64.078  -27.058 0.4000000060
13749  -27.360  -64.881  -26.298 0.4000000060
13747  -25.846  -64.843  -25.747 0.4000000060
13746  -24.824  -64.104  -25.615 0.4000000060
14480  -26.251  -63.974  -25.575 0.4000000060
15286  -33.607  -64.251  -27.242 0.3000000119
15273  -30.553  -63.780  -27.239 0.4000000060
128206  -31.246  -63.483  -27.049 0.4000000060
15272  -29.855  -63.536  -26.756 0.4000000060
15261  -29.655  -63.257  -25.876 0.4000000060
15259  -27.856  -63.679  -25.646 0.4000000060
128153  -35.466  -64.313  -26.585 0.3000000119
15274  -32.068  -63.684  -27.088 0.4000000060
15263  -31.540  -63.448  -26.474 0.4000000060
15249  -31.127  -63.397  -25.746 0.4000000060
15248  -30.395  -63.334  -25.239 0.4000000060
15260  -28.748  -63.397  -25.766 0.4000000060
130337  -29.766  -63.255  -25.139 0.4000000060
15247  -29.208  -63.301  -25.063 0.4000000060
15258  -26.775  -63.700  -25.247 0.4000000060
15266  -35.465  -64.201  -25.971 0.4000000060
14485  -34.051  -64.388  -25.852 0.4000000060
109043  -32.163  -64.574  -24.593 0.4000000060
14461  -30.577  -64.049  -24.284 0.4000000060
15245  -27.428  -63.469  -24.978 0.4000000060
15246  -28.364  -63.381  -25.014 0.4000000060
15257  -25.666  -63.218  -25.226 0.4000000060
14476  -34.462  -64.434  -24.979 0.4000000060
14474  -32.768  -64.509  -25.107 0.4000000060
14462  -31.460  -64.723  -23.954 0.4000000060
15233  -28.007  -63.640  -24.239 0.4000000060
122227  -30.047  -64.225  -23.725 0.4000000060
15237  -34.777  -63.944  -23.994 0.4000000060
15236  -34.159  -64.185  -23.337 0.4000000060
14444  -32.740  -65.001  -22.681 0.4000000060
16799  -36.519  -61.452  -24.550 0.4000000060
16011  -34.920  -62.834  -23.258 0.4000000060
19215  -38.586  -59.640  -25.522 0.3000000119
19212  -38.791  -58.809  -25.370 0.3000000119
16795  -35.502  -62.110  -23.407 0.4000000060
15224  -34.468  -63.447  -23.038 0.4000000060
13752  -27.949  -65.232  -26.625 0.4000000060
14488  -28.689  -64.495  -26.706 0.4000000060
14482  -27.891  -64.329  -26.266 0.4000000060
14481  -27.180  -64.226  -25.809 0.4000000060
15276  -34.078  -64.226  -26.892 0.4000000060
14490  -31.651  -63.902  -27.487 0.4000000060
15277  -34.995  -64.298  -26.827 0.3000000119
15262  -30.588  -63.321  -26.435 0.4000000060
15267  -36.143  -64.083  -26.010 0.3000000119
15265  -34.671  -64.289  -26.540 0.4000000060
15264  -32.514  -63.785  -26.539 0.4000000060
15250  -32.021  -63.841  -25.620 0.4000000060
15252  -35.950  -63.620  -25.375 0.4000000060
14464  -34.014  -64.737  -24.123 0.4000000060
15234  -28.876  -63.609  -24.264 0.4000000060
14463  -32.486  -65.095  -23.576 0.4000000060
16016  -35.542  -63.089  -24.348 0.4000000060
13756  -31.270  -65.276  -27.323 0.3000000119
124310  -29.197  -66.573  -26.462 0.3000000119
119719  -28.012  -67.371  -26.846 0.3000000119
13021  -28.616  -66.578  -26.696 0.3000000119
124791  -29.924  -65.689  -26.841 0.3000000119
120062  -27.369  -67.094  -26.832 0.3000000119
123045  -29.205  -65.936  -26.760 0.3000000119
13763  -31.827  -64.614  -27.628 0.3000000119
14489  -30.167  -64.622  -27.289 0.3000000119
16020  -36.743  -63.175  -25.455 0.3000000119
16803  -36.641  -62.198  -25.115 0.3000000119
18418  -37.839  -60.545  -25.346 0.3000000119
14497  -33.164  -64.372  -27.564 0.3000000119
15251  -35.246  -64.036  -25.090 0.3000000119
11636  -22.262  -68.760  -26.244 0.3000000119
12304  -23.658  -67.819  -25.858 0.3000000119
12926  -26.579  -66.188  -18.775 0.4000000060
12937  -27.155  -66.232  -19.170 0.4000000060
12949  -26.979  -66.554  -20.091 0.4000000060
12963  -24.737  -66.941  -21.191 0.4000000060
12965  -27.273  -66.418  -21.009 0.4000000060
12982  -26.118  -66.296  -22.038 0.4000000060
13015  -25.120  -65.780  -25.513 0.3000000119
13019  -27.208  -65.851  -26.503 0.4000000060
13656  -28.389  -65.542  -19.421 0.4000000060
13672  -28.600  -65.823  -20.316 0.4000000060
13692  -27.692  -65.979  -21.694 0.4000000060
13717  -28.012  -65.293  -22.300 0.4000000060
13718  -28.752  -65.141  -22.239 0.3000000119
13748  -26.724  -64.906  -26.050 0.4000000060
13753  -28.661  -65.623  -26.782 0.4000000060
13755  -30.602  -65.192  -27.257 0.3000000119
14369  -27.845  -64.320  -18.677 0.5000000000
14370  -28.521  -64.247  -18.873 0.4000000060
14387  -29.479  -64.557  -19.437 0.5000000000
14401  -29.773  -64.980  -20.195 0.5000000000
14417  -30.243  -65.131  -21.453 0.5000000000
14436  -24.842  -64.605  -22.949 0.4000000060
14442  -30.820  -65.170  -22.168 0.5000000000
14445  -33.432  -64.742  -23.209 0.4000000060
14460  -29.385  -64.094  -23.555 0.4000000060
14473  -31.255  -63.862  -24.914 0.4000000060
14475  -33.601  -64.643  -25.037 0.4000000060
14483  -28.429  -63.838  -26.254 0.4000000060
14484  -33.066  -64.200  -25.856 0.4000000060
15199  -31.644  -64.311  -20.793 0.5000000000
15223  -33.902  -63.641  -22.463 0.4000000060
15235  -29.750  -63.590  -24.429 0.4000000060
15256  -25.011  -62.411  -25.405 0.4000000060
15271  -29.092  -63.649  -26.552 0.4000000060
15275  -33.093  -63.970  -27.059 0.4000000060
15285  -32.659  -64.004  -27.426 0.3000000119
15968  -27.559  -63.049  -18.814 0.4000000060
15969  -28.423  -62.778  -18.704 0.6000000238
15983  -25.636  -61.984  -19.353 0.5000000000
15994  -32.436  -62.482  -20.730 0.6000000238
16007  -33.748  -62.554  -21.868 0.5000000000
16013  -36.090  -62.170  -24.317 0.4000000060
16017  -36.256  -62.897  -24.943 0.3000000119
16755  -24.725  -61.671  -19.535 0.5000000000
16756  -26.384  -61.497  -19.266 0.5000000000
16757  -27.063  -61.050  -18.986 0.5000000000
16758  -30.406  -61.802  -18.824 0.6000000238
16776  -32.274  -61.636  -20.537 0.6000000238
16791  -35.193  -61.187  -22.952 0.5000000000
17559  -30.990  -60.259  -18.762 0.6000000238
17568  -25.630  -61.187  -19.575 0.5000000000
17571  -31.724  -60.339  -19.321 0.6000000238
17572  -32.274  -60.441  -19.878 0.6000000238
17590  -25.205  -59.869  -20.894 0.5000000000
17593  -34.313  -60.327  -21.952 0.6000000238
17596  -34.959  -60.405  -22.560 0.6000000238
17604  -37.085  -60.912  -24.904 0.3000000119
18370  -27.849  -59.883  -18.690 0.5000000000
18372  -29.407  -59.737  -18.254 0.6999999881
18401  -33.648  -59.545  -20.918 0.6999999881
18402  -34.231  -59.586  -21.485 0.6999999881
18415  -38.023  -59.862  -25.165 0.4000000060
19177  -27.575  -58.767  -19.882 0.5000000000
19187  -26.737  -58.532  -22.012 0.5000000000
19188  -27.167  -58.536  -21.054 0.5000000000
19199  -26.296  -58.415  -22.890 0.5000000000
19200  -27.172  -58.438  -23.058 0.6000000238
19203  -36.426  -58.263  -22.813 0.6000000238
19210  -37.506  -59.346  -24.367 0.4000000060
19951  -29.462  -57.342  -18.821 0.5000000000
19966  -28.931  -57.169  -19.596 0.6999999881
19975  -28.662  -57.142  -20.528 0.6000000238
19992  -24.686  -57.482  -23.061 0.4000000060
20004  -27.816  -58.178  -24.573 0.6000000238
20013  -29.314  -57.618  -24.833 0.6000000238
20758  -30.130  -56.862  -18.815 0.5000000000
20759  -30.861  -57.053  -18.657 0.6000000238
20799  -36.511  -56.414  -21.666 0.5000000000
20809  -29.747  -57.413  -23.033 0.6000000238
20811  -31.264  -56.514  -23.799 0.6999999881
20818  -26.684  -57.680  -24.718 0.5000000000
20822  -30.663  -57.129  -24.270 0.6999999881
20830  -29.848  -56.917  -25.073 0.6999999881
20831  -30.748  -56.718  -24.892 0.6999999881
20832  -31.397  -56.384  -24.968 0.6999999881
21659  -31.184  -55.088  -20.178 0.8000000119
21661  -35.480  -55.171  -20.568 0.5000000000
21668  -30.409  -55.643  -21.520 0.6000000238
21670  -36.382  -55.810  -21.303 0.5000000000
21680  -30.778  -56.082  -22.601 0.6999999881
21681  -31.548  -55.485  -22.747 0.6999999881
21687  -27.602  -56.118  -24.823 0.6999999881
21688  -28.398  -56.112  -25.132 0.6000000238
21695  -29.215  -56.001  -25.323 0.6999999881
21698  -31.771  -56.045  -25.116 0.6999999881
22509  -32.900  -54.753  -20.091 0.8000000119
22516  -30.916  -54.935  -21.034 0.6999999881
22519  -33.767  -54.606  -20.196 0.8000000119
22555  -28.494  -55.026  -25.019 0.6999999881
22558  -31.459  -54.606  -25.288 0.6000000238
22559  -32.980  -55.175  -25.066 0.6999999881
22560  -33.608  -54.554  -24.936 0.6000000238
22561  -34.169  -53.923  -24.528 0.6999999881
22563  -32.600  -55.153  -25.285 0.6999999881
23397  -34.205  -52.974  -22.075 0.6999999881
23400  -41.892  -52.818  -22.543 0.3000000119
23418  -34.261  -53.529  -24.654 0.5000000000
23419  -34.688  -52.904  -24.416 0.6000000238
24210  -29.927  -52.485  -21.774 0.5000000000
25041  -27.510  -52.479  -22.162 0.5000000000
25050  -35.857  -51.441  -23.207 0.5000000000
25057  -33.962  -52.004  -24.566 0.5000000000
25060  -36.218  -50.769  -23.942 0.5000000000
25823  -30.477  -51.303  -21.135 0.5000000000
25838  -31.930  -50.879  -21.949 0.5000000000
25839  -32.440  -50.597  -22.682 0.4000000060
25853  -38.672  -49.966  -24.639 0.5000000000
26651  -29.220  -49.960  -20.889 0.5000000000
26680  -34.242  -49.377  -24.552 0.4000000060
26689  -40.380  -49.523  -25.769 0.3000000119
26690  -41.168  -49.321  -25.486 0.3000000119
27483  -30.080  -48.916  -20.126 0.4000000060
27486  -32.404  -48.443  -20.890 0.4000000060
27517  -34.070  -48.617  -24.536 0.4000000060
28337  -32.205  -47.652  -20.577 0.4000000060
28369  -32.942  -48.115  -23.382 0.4000000060
28373  -33.422  -47.772  -24.037 0.4000000060
28383  -41.344  -48.401  -25.383 0.3000000119
29202  -31.173  -46.600  -20.271 0.4000000060
29214  -29.086  -46.087  -21.041 0.3000000119
30186  -36.691  -45.198  -24.068 0.4000000060
30197  -38.541  -45.634  -27.575 0.4000000060
31044  -32.320  -44.404  -21.350 0.4000000060
31864  -30.726  -43.679  -20.616 0.3000000119
34477  -32.432  -41.200  -24.617 0.5000000000
108180  -38.620  -46.617  -24.330 0.4000000060
109793  -27.798  -53.305  -22.335 0.6000000238
110567  -25.665  -58.150  -23.454 0.5000000000
110854  -27.685  -61.409  -18.682 0.5000000000
111194  -23.624  -57.181  -22.657 0.4000000060
112479  -28.059  -58.215  -19.777 0.5000000000
113115  -27.709  -62.223  -18.772 0.5000000000
113324  -33.579  -64.133  -26.597 0.4000000060
113345  -29.530  -58.872  -18.185 0.5000000000
114851  -33.117  -65.006  -24.297 0.4000000060
115121  -28.252  -49.146  -22.462 0.3000000119
116848  -34.538  -52.943  -23.071 0.6000000238
118061  -29.374  -63.116  -18.840 0.5000000000
118397  -36.454  -50.937  -22.616 0.6000000238
119290  -31.163  -45.804  -20.357 0.4000000060
119355  -24.826  -58.102  -22.834 0.5000000000
119392  -30.611  -56.404  -18.998 0.6999999881
119512  -34.508  -50.066  -24.558 0.5000000000
120415  -32.006  -46.839  -20.469 0.4000000060
120502  -33.203  -54.796  -25.174 0.6999999881
121728  -24.821  -59.517  -21.384 0.6000000238
123106  -34.345  -45.891  -25.537 0.4000000060
124420  -27.522  -66.357  -20.423 0.4000000060
125708  -28.712  -63.528  -18.815 0.6999999881
125975  -29.716  -61.780  -18.580 0.6000000238
126186  -30.967  -64.468  -27.591 0.3000000119
126636  -35.949  -64.276  -26.511 0.3000000119
127201  -34.271  -53.131  -21.161 0.8000000119
128377  -36.693  -44.796  -27.377 0.4000000060
128997  -34.476  -58.372  -21.057 0.6999999881
129751  -35.531  -47.462  -25.478 0.4000000060
130205  -28.998  -64.393  -19.128 0.4000000060
130258  -32.401  -64.241  -27.673 0.3000000119
130360  -34.825  -64.304  -25.739 0.4000000060
