#!ascii label  , from subject sub-v1s13x0050005_ses-1 vox2ras=TkReg
602
18360  -24.174  -59.550  -17.951 0.6999999881
19169  -23.714  -58.392  -19.532 0.6000000238
126911  -23.017  -58.903  -19.625 0.6000000238
19185  -22.495  -58.738  -21.767 0.4000000060
21577  -22.087  -55.777  -15.898 0.6999999881
21578  -22.755  -55.137  -15.884 0.6999999881
20710  -23.023  -55.838  -15.486 0.6999999881
21579  -23.609  -55.220  -15.526 0.6000000238
20691  -23.158  -56.573  -14.966 0.6999999881
21557  -24.374  -55.230  -15.231 0.6000000238
110435  -24.062  -56.823  -14.354 0.6000000238
21558  -25.093  -55.544  -14.809 0.6000000238
19896  -25.755  -57.596  -13.964 0.6000000238
21559  -25.921  -55.956  -14.484 0.6000000238
21582  -26.667  -55.683  -14.898 0.5000000000
114831  -27.001  -57.182  -15.648 0.5000000000
20711  -27.153  -56.354  -15.365 0.5000000000
19937  -26.451  -57.618  -17.409 0.6000000238
19146  -25.513  -58.735  -17.503 0.6000000238
19950  -26.254  -57.365  -18.145 0.6000000238
19949  -25.543  -57.690  -18.672 0.6000000238
19965  -24.204  -57.614  -19.690 0.6000000238
22458  -21.520  -54.573  -16.494 0.6000000238
22459  -22.389  -54.310  -16.140 0.6000000238
22441  -23.299  -54.489  -15.786 0.6000000238
21580  -24.978  -54.808  -15.183 0.6000000238
22443  -25.560  -54.314  -15.209 0.6000000238
21581  -25.987  -55.070  -14.865 0.6000000238
20712  -27.369  -55.476  -15.522 0.6000000238
20728  -27.593  -55.963  -16.228 0.6000000238
20727  -27.257  -56.705  -16.405 0.6000000238
20745  -27.491  -56.108  -17.201 0.6999999881
20757  -26.977  -56.260  -18.161 0.6000000238
20755  -25.945  -56.940  -18.910 0.6000000238
20770  -22.523  -57.432  -20.668 0.5000000000
19973  -22.172  -57.739  -21.175 0.5000000000
22472  -20.859  -54.123  -16.887 0.6000000238
23316  -21.671  -53.672  -16.562 0.6000000238
23318  -22.830  -52.981  -16.059 0.6000000238
22442  -23.903  -53.884  -15.703 0.6000000238
126026  -24.729  -54.100  -15.455 0.6000000238
121558  -24.599  -53.251  -15.590 0.6000000238
119122  -26.042  -53.787  -15.250 0.6000000238
22444  -27.023  -54.011  -15.308 0.6000000238
113693  -26.886  -54.889  -15.141 0.6000000238
22445  -27.601  -54.694  -15.661 0.6000000238
21599  -27.882  -55.229  -16.317 0.6999999881
111051  -25.018  -57.112  -19.504 0.6000000238
20772  -24.019  -56.878  -20.132 0.6000000238
19990  -22.758  -57.434  -22.393 0.4000000060
24160  -20.236  -52.932  -17.532 0.6000000238
23330  -20.882  -53.289  -16.995 0.6000000238
23317  -22.119  -52.944  -16.418 0.6000000238
23299  -23.629  -53.099  -15.818 0.6000000238
115764  -25.077  -52.420  -15.558 0.5000000000
23300  -25.567  -53.134  -15.417 0.6000000238
113958  -27.945  -53.946  -15.829 0.6999999881
21644  -27.276  -54.973  -18.975 0.6000000238
21614  -27.892  -55.303  -17.270 0.6000000238
124625  -26.924  -55.730  -18.806 0.6000000238
20774  -26.417  -56.259  -18.946 0.6000000238
20773  -25.637  -56.241  -19.591 0.6000000238
21641  -22.648  -55.761  -20.881 0.6000000238
20771  -23.023  -56.674  -20.541 0.6000000238
20804  -22.412  -56.581  -22.247 0.4000000060
20785  -22.167  -56.977  -21.313 0.5000000000
24172  -18.675  -52.969  -18.799 0.5000000000
116619  -20.056  -52.070  -17.628 0.6000000238
24161  -20.891  -52.357  -17.068 0.6000000238
24148  -21.746  -52.268  -16.598 0.6000000238
24150  -23.288  -52.337  -15.896 0.5000000000
24974  -22.946  -51.598  -16.015 0.5000000000
24131  -24.146  -52.402  -15.724 0.5000000000
24132  -26.049  -52.463  -15.445 0.6000000238
24961  -27.444  -51.714  -15.671 0.6000000238
24133  -27.013  -52.507  -15.487 0.6999999881
22462  -28.384  -53.865  -16.774 0.6999999881
22461  -28.064  -54.515  -16.251 0.6999999881
23345  -27.865  -53.486  -18.690 0.6000000238
22473  -28.151  -54.525  -17.549 0.6999999881
22489  -27.842  -54.317  -18.456 0.6000000238
22506  -26.554  -54.409  -19.692 0.6000000238
123120  -26.296  -55.408  -19.561 0.6000000238
21643  -25.205  -55.409  -20.167 0.6000000238
113219  -24.069  -55.338  -20.474 0.6000000238
21655  -22.136  -56.063  -21.409 0.5000000000
109347  -22.812  -55.879  -22.394 0.4000000060
116914  -18.806  -52.008  -18.615 0.6000000238
24983  -20.543  -51.475  -17.271 0.6000000238
24973  -22.163  -51.541  -16.405 0.6000000238
24958  -23.751  -51.636  -15.809 0.6000000238
25758  -24.196  -50.888  -15.792 0.5000000000
24959  -24.620  -51.663  -15.691 0.6000000238
25759  -25.009  -51.035  -15.678 0.5000000000
118334  -25.653  -51.628  -15.554 0.5000000000
114799  -28.142  -51.925  -16.036 0.5000000000
127979  -28.288  -52.470  -16.240 0.6000000238
112956  -28.654  -50.805  -16.742 0.5000000000
24976  -28.513  -51.843  -16.611 0.5000000000
24151  -28.500  -52.829  -16.700 0.6000000238
24997  -28.231  -51.479  -18.377 0.4000000060
23346  -28.326  -52.848  -18.152 0.6999999881
24996  -27.599  -51.590  -19.017 0.4000000060
23363  -27.321  -53.132  -19.304 0.5000000000
23362  -26.602  -53.488  -19.725 0.6000000238
24190  -25.730  -52.930  -20.067 0.5000000000
23361  -25.830  -53.807  -20.087 0.6000000238
130031  -25.170  -53.417  -20.299 0.5000000000
22504  -24.449  -54.461  -20.465 0.6000000238
21676  -22.861  -54.870  -22.181 0.5000000000
110785  -25.117  -53.966  -20.322 0.6000000238
22503  -23.363  -54.702  -20.798 0.6000000238
21656  -22.348  -55.209  -21.413 0.6000000238
24994  -18.812  -51.154  -18.495 0.5000000000
24972  -21.303  -51.532  -16.773 0.5000000000
124992  -21.729  -50.688  -16.529 0.5000000000
25771  -22.647  -50.846  -16.167 0.4000000060
120049  -24.913  -50.280  -15.686 0.4000000060
25760  -25.777  -50.725  -15.548 0.5000000000
121022  -27.420  -50.873  -15.654 0.5000000000
121006  -27.325  -50.085  -19.325 0.4000000060
25797  -28.433  -50.726  -18.114 0.4000000060
25796  -27.811  -50.843  -18.792 0.4000000060
25012  -26.826  -51.687  -19.619 0.5000000000
24192  -27.393  -52.338  -19.218 0.5000000000
25010  -25.517  -51.483  -20.338 0.5000000000
25011  -26.022  -52.069  -20.045 0.5000000000
24188  -24.304  -52.223  -20.633 0.5000000000
23390  -23.920  -53.633  -22.088 0.5000000000
22535  -23.308  -54.128  -22.042 0.5000000000
113308  -23.588  -53.783  -20.910 0.6000000238
22527  -23.106  -54.140  -21.779 0.5000000000
25761  -26.772  -50.252  -15.499 0.4000000060
25773  -28.416  -50.101  -16.330 0.5000000000
26609  -28.579  -49.312  -17.337 0.5000000000
25808  -26.648  -50.800  -19.811 0.4000000060
25009  -24.716  -51.551  -20.544 0.5000000000
116407  -24.219  -52.601  -22.166 0.5000000000
23391  -25.015  -53.345  -22.125 0.3000000119
25806  -24.450  -50.879  -20.643 0.5000000000
24201  -23.814  -52.254  -20.934 0.5000000000
23379  -23.607  -53.248  -21.521 0.5000000000
26598  -27.975  -49.372  -16.053 0.4000000060
124381  -28.539  -49.864  -17.879 0.4000000060
26599  -28.432  -49.322  -16.684 0.4000000060
26631  -25.999  -49.223  -20.131 0.4000000060
118240  -27.402  -49.183  -19.173 0.4000000060
25807  -25.035  -50.315  -20.461 0.4000000060
26630  -24.977  -49.401  -20.416 0.4000000060
26640  -23.851  -49.888  -21.279 0.5000000000
122167  -26.129  -51.580  -23.557 0.4000000060
24222  -25.195  -52.430  -22.628 0.4000000060
25018  -23.776  -51.564  -21.160 0.5000000000
120072  -24.552  -51.874  -22.676 0.5000000000
25820  -23.788  -50.888  -21.430 0.5000000000
25037  -24.034  -51.486  -22.322 0.5000000000
24221  -23.841  -52.331  -21.869 0.5000000000
27470  -23.376  -48.731  -20.898 0.4000000060
26649  -23.590  -49.358  -21.512 0.4000000060
25837  -26.650  -50.951  -23.828 0.4000000060
25038  -24.767  -51.219  -23.094 0.5000000000
119220  -23.847  -50.235  -21.580 0.5000000000
25834  -24.265  -50.684  -22.560 0.5000000000
119218  -23.387  -49.234  -21.219 0.4000000060
25848  -26.363  -50.303  -24.208 0.4000000060
26661  -27.360  -50.417  -23.496 0.3000000119
120045  -23.948  -49.268  -21.949 0.5000000000
109896  -24.437  -50.008  -22.639 0.5000000000
25847  -25.687  -50.308  -23.952 0.5000000000
28355  -22.802  -47.918  -21.537 0.4000000060
26671  -26.930  -49.624  -24.256 0.3000000119
26672  -27.550  -49.530  -23.889 0.3000000119
27500  -23.606  -48.426  -21.815 0.4000000060
26670  -26.100  -49.590  -24.041 0.5000000000
27508  -25.234  -48.307  -22.817 0.4000000060
128705  -24.639  -49.478  -22.636 0.5000000000
27509  -26.141  -48.592  -23.642 0.5000000000
28356  -23.645  -47.746  -21.974 0.4000000060
27512  -27.980  -48.693  -23.937 0.3000000119
120423  -28.240  -48.302  -23.283 0.3000000119
28367  -26.919  -47.959  -23.985 0.4000000060
27501  -24.291  -48.197  -22.241 0.4000000060
29222  -22.815  -47.150  -21.833 0.5000000000
116218  -27.659  -48.316  -24.080 0.3000000119
28357  -28.355  -47.507  -23.477 0.4000000060
114921  -28.512  -46.999  -22.026 0.4000000060
28345  -28.415  -47.596  -22.620 0.4000000060
28365  -24.814  -47.562  -22.553 0.4000000060
127125  -27.795  -47.283  -24.090 0.4000000060
29233  -26.281  -46.500  -23.731 0.5000000000
28366  -25.975  -47.523  -23.397 0.5000000000
115804  -26.849  -47.123  -23.924 0.5000000000
29235  -28.115  -46.273  -24.074 0.4000000060
29236  -28.263  -46.963  -23.747 0.4000000060
29224  -28.507  -46.865  -23.058 0.4000000060
29200  -28.843  -46.795  -21.152 0.3000000119
29223  -24.159  -46.941  -22.370 0.5000000000
29232  -25.378  -46.695  -22.967 0.5000000000
30157  -28.573  -45.061  -23.101 0.4000000060
31042  -28.623  -44.720  -22.169 0.3000000119
120594  -23.941  -45.277  -22.417 0.5000000000
110585  -28.376  -44.973  -23.739 0.4000000060
129856  -28.248  -45.498  -24.018 0.4000000060
130411  -28.570  -45.420  -22.402 0.4000000060
30158  -28.926  -45.310  -21.380 0.4000000060
31032  -29.662  -44.774  -20.739 0.3000000119
30176  -24.781  -46.001  -22.637 0.5000000000
30179  -27.648  -45.581  -24.144 0.5000000000
30177  -25.790  -45.759  -23.358 0.5000000000
31056  -28.445  -44.368  -23.065 0.4000000060
31876  -28.855  -43.816  -21.986 0.4000000060
31062  -24.542  -44.225  -22.698 0.5000000000
31043  -29.114  -44.469  -21.377 0.3000000119
120544  -25.224  -45.023  -22.918 0.5000000000
119254  -26.158  -44.790  -23.659 0.5000000000
117096  -27.118  -44.854  -24.058 0.5000000000
30178  -26.637  -45.640  -23.973 0.5000000000
31890  -28.800  -42.862  -22.020 0.4000000060
31888  -23.875  -43.408  -22.684 0.5000000000
31896  -26.473  -43.134  -23.304 0.5000000000
121382  -29.390  -43.139  -21.290 0.3000000119
31894  -24.852  -43.336  -22.847 0.5000000000
31895  -25.696  -43.221  -23.112 0.5000000000
117459  -26.254  -43.918  -23.442 0.5000000000
19159  -25.141  -58.425  -18.307 0.6000000238
19184  -22.265  -58.411  -21.369 0.5000000000
109899  -26.862  -56.978  -14.929 0.6000000238
23302  -27.466  -53.229  -15.598 0.6999999881
111666  -24.660  -56.186  -20.130 0.6000000238
23319  -28.214  -53.167  -16.084 0.6999999881
126522  -23.196  -55.309  -20.698 0.6000000238
22474  -28.305  -53.733  -17.851 0.6999999881
130508  -27.798  -52.801  -18.828 0.5000000000
22505  -25.639  -54.609  -20.147 0.6000000238
24975  -28.176  -51.049  -16.052 0.5000000000
25785  -28.694  -50.550  -17.419 0.5000000000
24175  -28.430  -52.079  -18.033 0.4000000060
23370  -23.649  -53.049  -21.153 0.5000000000
23389  -23.686  -53.424  -21.805 0.5000000000
117326  -26.424  -49.972  -20.032 0.4000000060
112076  -25.841  -50.683  -20.305 0.5000000000
27456  -28.383  -48.932  -18.027 0.4000000060
27510  -26.909  -48.903  -24.163 0.4000000060
29213  -28.558  -46.181  -22.009 0.3000000119
31063  -25.537  -44.094  -23.059 0.5000000000
31064  -26.755  -44.266  -23.824 0.5000000000
12164  -22.179  -67.209  -13.481 0.5000000000
12188  -23.652  -67.870  -14.255 0.5000000000
12187  -22.732  -67.990  -13.824 0.5000000000
123588  -24.112  -67.195  -16.278 0.5000000000
11517  -24.039  -68.507  -15.475 0.5000000000
11501  -23.655  -68.710  -14.791 0.4000000060
13577  -22.133  -65.602  -12.965 0.5000000000
12166  -24.004  -66.956  -13.936 0.6000000238
12861  -23.512  -66.370  -13.450 0.6000000238
12208  -24.375  -67.576  -15.450 0.5000000000
12189  -24.342  -67.341  -14.634 0.5000000000
14352  -23.474  -64.888  -17.151 0.4000000060
15916  -20.932  -62.835  -13.428 0.6999999881
15107  -21.457  -63.393  -13.234 0.6999999881
118130  -22.648  -64.785  -12.940 0.6999999881
13580  -24.578  -65.640  -13.913 0.5000000000
121154  -23.614  -64.978  -13.190 0.6999999881
13615  -24.218  -65.803  -16.083 0.5000000000
13616  -24.808  -66.064  -15.220 0.5000000000
12886  -24.570  -66.407  -14.417 0.5000000000
15164  -23.701  -63.522  -17.825 0.5000000000
13627  -23.593  -65.430  -16.701 0.5000000000
121175  -19.733  -60.778  -15.285 0.5000000000
16679  -19.931  -62.045  -14.497 0.6999999881
16681  -21.087  -61.305  -13.988 0.6999999881
16671  -20.863  -62.059  -13.788 0.6999999881
16672  -21.715  -61.550  -13.627 0.6999999881
14303  -21.994  -64.076  -12.985 0.6000000238
15118  -25.081  -63.943  -13.970 0.6999999881
14304  -24.305  -64.305  -13.405 0.6000000238
113170  -23.825  -64.266  -16.345 0.5000000000
14330  -24.683  -64.627  -15.672 0.6000000238
14319  -25.248  -64.360  -14.488 0.6000000238
14339  -23.422  -64.710  -16.868 0.5000000000
15982  -24.069  -62.396  -19.043 0.5000000000
112542  -19.623  -60.140  -15.542 0.5000000000
17491  -20.790  -60.716  -14.400 0.6999999881
15917  -21.803  -62.498  -13.309 0.6999999881
110225  -22.587  -61.819  -13.306 0.6999999881
17485  -22.455  -60.867  -13.625 0.6999999881
15109  -23.479  -63.514  -13.133 0.8000000119
15919  -23.895  -62.673  -13.311 0.6999999881
15119  -25.357  -63.719  -14.707 0.6000000238
15925  -25.225  -62.973  -14.105 0.6999999881
125940  -23.888  -63.662  -16.428 0.6999999881
15127  -24.847  -63.806  -15.686 0.6000000238
15965  -23.444  -62.524  -18.196 0.6000000238
15950  -23.455  -63.093  -17.316 0.6000000238
16754  -23.791  -61.541  -19.366 0.6000000238
125973  -18.881  -59.404  -16.388 0.5000000000
109658  -19.750  -58.783  -15.699 0.6000000238
18330  -19.402  -59.410  -15.848 0.5000000000
18331  -20.146  -59.431  -15.257 0.6000000238
18311  -20.793  -59.856  -14.659 0.6000000238
120262  -21.289  -60.175  -14.236 0.6999999881
18297  -23.734  -59.779  -13.546 0.6999999881
18296  -22.800  -59.925  -13.695 0.6000000238
114984  -23.391  -62.060  -13.227 0.6999999881
17487  -24.339  -60.470  -13.538 0.6999999881
127578  -24.720  -62.607  -13.596 0.6999999881
15937  -23.774  -62.395  -16.834 0.6999999881
15981  -23.382  -61.909  -18.812 0.6999999881
16725  -23.226  -62.059  -17.664 0.6999999881
19129  -19.090  -58.613  -16.309 0.5000000000
19120  -21.152  -58.142  -15.014 0.6000000238
19102  -21.727  -58.678  -14.526 0.6000000238
18313  -22.275  -59.265  -14.071 0.6000000238
115672  -24.919  -61.204  -13.668 0.8000000119
18299  -25.480  -59.991  -13.935 0.5000000000
19079  -24.038  -58.970  -13.536 0.6000000238
16683  -25.420  -62.127  -14.468 0.6999999881
17505  -25.857  -60.981  -15.214 0.6999999881
16726  -23.523  -61.468  -17.306 0.6999999881
16707  -24.377  -61.553  -16.654 0.6999999881
16772  -23.424  -60.832  -19.753 0.5000000000
16753  -23.174  -61.223  -19.046 0.6999999881
123931  -23.427  -59.986  -21.224 0.5000000000
19128  -18.537  -58.107  -17.176 0.5000000000
19921  -19.264  -57.637  -16.579 0.5000000000
20707  -20.853  -56.827  -15.802 0.6000000238
19118  -19.829  -58.049  -15.896 0.6000000238
19912  -21.435  -57.335  -15.289 0.6000000238
19892  -22.020  -57.816  -14.695 0.6000000238
19913  -22.314  -57.027  -15.089 0.6000000238
121122  -22.591  -58.401  -14.163 0.6000000238
19893  -23.077  -57.476  -14.373 0.6000000238
121365  -26.233  -59.612  -14.854 0.6000000238
110903  -25.906  -59.444  -14.267 0.5000000000
19894  -24.118  -57.617  -13.826 0.5000000000
18347  -25.057  -60.228  -16.835 0.6000000238
110776  -25.841  -59.852  -16.276 0.6000000238
18359  -23.541  -60.150  -17.998 0.6000000238
112088  -24.151  -60.158  -17.446 0.6000000238
18396  -22.403  -59.302  -21.151 0.5000000000
19935  -18.804  -57.169  -17.308 0.5000000000
20724  -19.519  -56.754  -16.818 0.6000000238
20708  -21.724  -56.564  -15.621 0.6000000238
19081  -25.729  -58.585  -13.925 0.5000000000
19895  -24.993  -57.134  -13.889 0.5000000000
19130  -25.896  -59.120  -16.651 0.4000000060
19131  -26.415  -58.603  -16.054 0.5000000000
19104  -26.333  -58.069  -14.483 0.5000000000
18369  -23.613  -59.608  -18.596 0.6000000238
122899  -18.396  -56.803  -18.045 0.5000000000
20742  -19.042  -56.366  -17.545 0.6000000238
21596  -20.559  -55.645  -16.645 0.6000000238
20726  -21.138  -56.055  -16.087 0.6000000238
19147  -26.305  -58.242  -16.876 0.5000000000
115598  -26.694  -57.932  -15.907 0.4000000060
20769  -16.996  -56.718  -18.817 0.5000000000
20741  -18.553  -56.060  -18.221 0.5000000000
21612  -19.256  -55.646  -17.714 0.6000000238
21597  -21.352  -55.338  -16.351 0.6000000238
110857  -16.705  -56.257  -18.944 0.5000000000
20753  -17.328  -56.069  -18.928 0.5000000000
21627  -18.752  -55.331  -18.317 0.6000000238
113819  -20.750  -54.923  -16.812 0.6000000238
21637  -15.779  -55.653  -19.155 0.5000000000
109335  -16.396  -55.709  -19.118 0.5000000000
125024  -17.835  -54.779  -19.206 0.5000000000
22487  -18.948  -54.527  -18.367 0.6000000238
22470  -19.477  -54.926  -17.826 0.6000000238
22499  -15.860  -54.770  -19.415 0.5000000000
22500  -16.620  -55.091  -19.302 0.5000000000
22498  -15.033  -54.837  -19.358 0.5000000000
22488  -19.617  -54.147  -17.825 0.5000000000
23354  -15.042  -53.949  -19.479 0.5000000000
22502  -17.569  -54.220  -19.375 0.5000000000
22484  -12.993  -53.901  -18.946 0.5000000000
23341  -14.208  -53.180  -19.081 0.5000000000
23356  -16.373  -54.218  -19.512 0.5000000000
23343  -19.144  -53.639  -18.322 0.4000000060
23340  -13.038  -52.742  -18.623 0.5000000000
23355  -15.684  -53.647  -19.597 0.5000000000
24185  -16.445  -52.393  -19.675 0.4000000060
23358  -17.923  -53.221  -19.357 0.4000000060
24170  -13.752  -52.138  -18.807 0.4000000060
24184  -15.533  -52.404  -19.516 0.4000000060
25005  -16.718  -51.395  -19.583 0.4000000060
129622  -25.480  -59.662  -16.806 0.6000000238
18368  -23.006  -59.591  -19.341 0.5000000000
125939  -22.958  -59.394  -21.563 0.4000000060
19873  -24.983  -57.962  -13.608 0.6000000238
24187  -18.130  -52.221  -19.122 0.4000000060
25006  -17.552  -51.438  -19.321 0.4000000060
15918  -22.906  -62.626  -13.107 0.6999999881
126057  -25.333  -61.534  -14.103 0.6999999881
16690  -24.976  -62.224  -16.081 0.6999999881
15929  -25.359  -62.858  -15.215 0.6999999881
18298  -24.738  -59.680  -13.557 0.6000000238
19103  -23.496  -58.267  -13.784 0.6000000238
121494  -23.029  -61.216  -17.977 0.6999999881
16675  -25.534  -60.839  -14.182 0.6999999881
16708  -25.360  -61.408  -16.075 0.6999999881
17554  -22.935  -60.228  -19.243 0.6000000238
17567  -22.671  -60.236  -19.753 0.6000000238
11502  -24.177  -68.097  -14.849 0.4000000060
12165  -23.162  -67.173  -13.612 0.5000000000
12860  -22.599  -66.409  -13.204 0.6000000238
12862  -24.181  -66.236  -13.778 0.5000000000
12899  -24.420  -66.668  -15.790 0.5000000000
12900  -24.651  -66.861  -15.091 0.5000000000
13578  -23.068  -65.655  -13.065 0.6999999881
13579  -23.917  -65.676  -13.431 0.5000000000
13598  -24.966  -65.593  -14.557 0.5000000000
13599  -25.209  -64.976  -14.917 0.6000000238
13632  -23.432  -65.646  -17.119 0.4000000060
14318  -24.995  -64.859  -14.012 0.6000000238
14329  -23.918  -65.009  -16.243 0.5000000000
15108  -22.387  -63.348  -13.088 0.6999999881
15110  -24.567  -63.347  -13.510 0.6999999881
15126  -24.468  -63.059  -16.189 0.6000000238
15133  -23.427  -63.853  -16.850 0.6000000238
15148  -23.448  -64.086  -17.203 0.5000000000
16673  -23.357  -61.369  -13.393 0.6999999881
16674  -24.266  -61.880  -13.452 0.6999999881
16680  -20.568  -61.453  -14.293 0.6999999881
16682  -25.088  -62.067  -13.845 0.6999999881
16688  -19.417  -61.457  -15.229 0.5000000000
16689  -20.128  -61.140  -14.807 0.6999999881
16691  -25.538  -61.862  -15.299 0.6999999881
16752  -23.049  -60.679  -19.082 0.6000000238
16771  -22.987  -60.680  -19.565 0.6999999881
16773  -24.181  -60.939  -19.874 0.6000000238
17486  -23.438  -60.583  -13.536 0.6999999881
17488  -25.055  -60.443  -13.679 0.5000000000
17492  -21.531  -60.774  -13.944 0.6999999881
17493  -21.936  -60.061  -13.911 0.6999999881
17504  -20.217  -60.345  -15.007 0.5000000000
17525  -19.066  -60.088  -16.135 0.5000000000
17526  -25.653  -60.625  -16.142 0.6000000238
17541  -23.078  -60.715  -18.539 0.6000000238
17542  -23.457  -60.750  -17.630 0.6000000238
17543  -24.136  -60.827  -17.038 0.6999999881
17580  -22.808  -60.431  -20.230 0.6000000238
17581  -23.561  -60.461  -20.584 0.5000000000
18312  -21.485  -59.499  -14.374 0.6000000238
18314  -26.346  -58.929  -14.656 0.5000000000
18332  -26.093  -60.115  -15.455 0.6000000238
18333  -26.309  -59.257  -15.596 0.6000000238
18346  -18.415  -59.053  -16.974 0.5000000000
18358  -23.243  -60.217  -18.628 0.6000000238
18361  -25.023  -59.508  -17.346 0.6999999881
18380  -22.411  -59.699  -19.887 0.5000000000
18389  -22.399  -59.850  -20.435 0.5000000000
18390  -22.790  -60.077  -21.005 0.4000000060
18404  -23.619  -58.919  -21.973 0.4000000060
19078  -23.127  -59.079  -13.742 0.6000000238
19080  -24.880  -58.784  -13.555 0.5000000000
19101  -20.927  -59.009  -14.841 0.6000000238
19119  -20.385  -58.498  -15.354 0.6000000238
19121  -26.561  -58.419  -15.271 0.5000000000
19145  -24.815  -59.036  -17.953 0.6000000238
19156  -22.440  -58.955  -19.949 0.5000000000
19157  -23.568  -59.121  -19.184 0.6000000238
19158  -24.266  -58.908  -18.657 0.6000000238
19176  -22.296  -59.125  -20.554 0.5000000000
19195  -22.245  -58.013  -22.060 0.4000000060
19196  -23.018  -58.360  -22.237 0.4000000060
19872  -24.283  -58.292  -13.588 0.6000000238
19897  -26.398  -57.240  -14.446 0.6000000238
19911  -20.601  -57.660  -15.554 0.6000000238
19914  -26.719  -57.638  -15.060 0.5000000000
19922  -20.040  -57.186  -16.136 0.6000000238
19923  -26.810  -57.449  -16.617 0.4000000060
19936  -25.915  -58.051  -17.857 0.6000000238
19948  -24.714  -58.068  -19.113 0.6000000238
19964  -23.340  -57.552  -20.106 0.5000000000
19981  -22.150  -57.533  -21.733 0.5000000000
19989  -22.241  -57.268  -22.087 0.4000000060
20692  -24.049  -55.924  -14.954 0.6000000238
20693  -25.037  -56.332  -14.345 0.6000000238
20694  -25.817  -56.765  -14.179 0.5000000000
20695  -26.498  -56.479  -14.627 0.6000000238
20709  -22.466  -56.362  -15.446 0.6999999881
20725  -20.316  -56.383  -16.412 0.6000000238
20743  -19.758  -55.970  -17.040 0.6000000238
20744  -26.871  -56.926  -17.480 0.6000000238
20754  -17.764  -56.537  -18.597 0.5000000000
20756  -26.515  -56.771  -18.345 0.6000000238
20794  -22.138  -56.666  -21.862 0.5000000000
20805  -22.972  -56.682  -22.499 0.4000000060
21598  -22.018  -55.032  -16.147 0.6999999881
21613  -20.008  -55.275  -17.237 0.6000000238
21626  -18.059  -55.751  -18.753 0.5000000000
21628  -27.457  -55.602  -18.127 0.6000000238
21638  -16.946  -55.668  -19.143 0.5000000000
21639  -17.587  -55.420  -19.065 0.5000000000
21640  -22.417  -56.543  -20.957 0.6000000238
21642  -23.588  -56.007  -20.471 0.6000000238
21666  -22.314  -55.657  -21.975 0.5000000000
21667  -22.605  -54.851  -21.777 0.6000000238
22460  -23.047  -53.709  -15.887 0.6000000238
22471  -20.181  -54.539  -17.346 0.6000000238
22485  -14.110  -53.962  -19.199 0.5000000000
22486  -18.276  -55.002  -18.852 0.5000000000
22501  -17.215  -55.035  -19.278 0.5000000000
22507  -27.323  -53.997  -19.241 0.6000000238
22515  -22.858  -54.464  -21.335 0.5000000000
22536  -23.781  -54.650  -22.304 0.5000000000
23301  -26.524  -53.187  -15.371 0.6999999881
23329  -20.277  -53.750  -17.420 0.5000000000
23331  -28.515  -53.154  -17.366 0.6999999881
23342  -18.388  -54.067  -18.985 0.5000000000
23344  -19.730  -53.433  -17.817 0.6000000238
23357  -16.979  -53.500  -19.555 0.5000000000
23359  -23.992  -52.929  -20.759 0.5000000000
23360  -24.430  -53.536  -20.512 0.6000000238
24134  -27.838  -52.516  -15.808 0.6000000238
24149  -22.523  -52.282  -16.238 0.6000000238
24162  -28.577  -52.377  -17.386 0.4000000060
24173  -19.434  -52.678  -18.111 0.5000000000
24174  -28.006  -52.195  -18.624 0.4000000060
24183  -14.850  -52.899  -19.271 0.5000000000
24186  -17.326  -52.360  -19.487 0.4000000060
24189  -25.174  -52.207  -20.397 0.5000000000
24191  -26.664  -52.610  -19.694 0.5000000000
24208  -23.674  -52.317  -21.356 0.5000000000
24960  -26.552  -51.903  -15.500 0.6000000238
24984  -28.622  -51.418  -17.512 0.4000000060
24995  -19.275  -50.967  -18.061 0.5000000000
25007  -18.229  -51.356  -18.918 0.4000000060
25008  -24.060  -51.546  -20.787 0.5000000000
25024  -23.757  -51.546  -21.653 0.5000000000
25039  -25.395  -51.717  -23.263 0.4000000060
25762  -27.796  -50.159  -15.788 0.5000000000
25774  -28.765  -49.971  -16.987 0.5000000000
25809  -27.252  -51.001  -19.337 0.4000000060
25814  -24.045  -50.927  -20.920 0.5000000000
25833  -23.866  -50.811  -21.915 0.5000000000
25835  -24.965  -50.530  -23.339 0.5000000000
25836  -25.698  -51.003  -23.876 0.4000000060
25849  -27.001  -50.190  -24.173 0.4000000060
26621  -27.938  -49.476  -18.640 0.4000000060
26629  -24.298  -50.090  -20.785 0.5000000000
26632  -26.795  -49.235  -19.658 0.4000000060
26659  -24.071  -49.898  -22.135 0.5000000000
26660  -25.181  -49.869  -23.346 0.5000000000
26669  -25.335  -49.120  -23.098 0.5000000000
26673  -28.055  -49.100  -23.449 0.3000000119
27481  -23.089  -48.644  -21.372 0.4000000060
27491  -23.172  -48.514  -21.481 0.4000000060
27511  -27.455  -49.024  -24.146 0.3000000119
28368  -28.152  -47.846  -23.859 0.3000000119
29234  -27.246  -46.397  -24.067 0.5000000000
30180  -28.434  -45.894  -23.437 0.4000000060
31863  -29.699  -43.855  -20.915 0.3000000119
109336  -16.231  -56.330  -18.950 0.5000000000
110318  -16.212  -53.284  -19.681 0.4000000060
110771  -16.939  -54.520  -19.428 0.5000000000
110863  -24.724  -65.353  -15.537 0.5000000000
111191  -27.796  -54.987  -18.126 0.6000000238
111198  -24.138  -54.625  -15.508 0.6000000238
113273  -23.369  -64.318  -13.076 0.6999999881
114357  -23.944  -49.348  -20.813 0.4000000060
114424  -21.456  -52.910  -16.718 0.6000000238
114439  -25.943  -60.188  -14.596 0.6999999881
115758  -19.372  -51.689  -18.092 0.6000000238
115970  -25.691  -49.901  -20.332 0.4000000060
116528  -22.294  -58.332  -20.624 0.6000000238
116728  -22.760  -58.302  -20.103 0.6000000238
116985  -24.742  -52.876  -20.450 0.5000000000
117713  -23.106  -68.595  -14.318 0.5000000000
118268  -28.151  -54.717  -16.808 0.6999999881
119026  -25.096  -50.984  -20.457 0.5000000000
119575  -23.706  -46.319  -22.183 0.5000000000
119826  -23.821  -64.596  -17.659 0.4000000060
120048  -26.614  -51.188  -15.517 0.5000000000
120521  -28.053  -50.193  -18.582 0.4000000060
120712  -24.076  -61.108  -13.496 0.6999999881
120818  -25.395  -59.301  -13.770 0.6000000238
121218  -23.265  -53.742  -21.349 0.5000000000
121458  -23.407  -50.947  -15.904 0.5000000000
121973  -26.338  -54.424  -15.143 0.6000000238
122921  -23.665  -63.251  -16.754 0.6999999881
123149  -23.123  -61.654  -18.321 0.6999999881
123401  -22.749  -55.032  -20.982 0.6000000238
123906  -23.413  -55.446  -22.473 0.4000000060
124078  -26.195  -51.357  -20.087 0.5000000000
124264  -24.035  -63.130  -18.539 0.5000000000
124304  -26.880  -43.750  -23.595 0.5000000000
124670  -25.043  -65.517  -15.051 0.6000000238
125172  -22.766  -64.009  -12.975 0.6000000238
125941  -25.582  -61.469  -14.631 0.6999999881
126363  -24.465  -48.838  -22.359 0.4000000060
126528  -25.263  -64.315  -15.112 0.6000000238
126742  -22.415  -53.524  -16.217 0.6000000238
127961  -25.279  -53.716  -15.391 0.6000000238
128498  -24.351  -65.098  -13.536 0.6999999881
128603  -23.860  -50.440  -21.337 0.5000000000
128694  -24.050  -52.022  -22.318 0.5000000000
128718  -22.889  -58.875  -21.931 0.4000000060
129829  -27.757  -55.672  -16.746 0.6000000238
130428  -23.031  -61.101  -18.518 0.6999999881
130579  -24.957  -60.945  -16.578 0.6999999881
130776  -23.181  -60.649  -18.111 0.6000000238
