#!ascii label  , from subject sub-v1s13x0050005_ses-1 vox2ras=TkReg
1835
31897  -27.272  -43.196  -23.385 0.5000000000
31898  -27.653  -42.914  -23.172 0.5000000000
32705  -27.648  -42.149  -22.976 0.4000000060
33539  -28.154  -41.636  -22.667 0.5000000000
117848  -28.124  -40.944  -22.780 0.5000000000
35378  -28.756  -39.481  -22.301 0.5000000000
53511  -29.857  -19.733  -27.513 0.5000000000
54553  -30.720  -19.299  -27.399 0.4000000060
55507  -31.333  -18.741  -27.491 0.4000000060
54554  -32.066  -19.491  -26.890 0.4000000060
122077  -32.740  -18.832  -27.110 0.6000000238
56444  -33.121  -17.936  -27.481 0.5000000000
125105  -33.601  -19.277  -26.623 0.5000000000
55493  -34.381  -19.302  -26.400 0.5000000000
121443  -33.879  -18.656  -26.930 0.5000000000
56460  -34.455  -16.949  -27.427 0.4000000060
31066  -28.140  -44.196  -23.758 0.5000000000
31889  -28.189  -43.485  -22.963 0.4000000060
32706  -28.154  -42.500  -22.679 0.5000000000
32707  -28.781  -41.926  -21.945 0.5000000000
33528  -29.635  -41.358  -21.421 0.5000000000
34452  -29.850  -40.408  -21.541 0.5000000000
35379  -29.671  -39.502  -21.849 0.5000000000
36201  -29.293  -38.693  -22.182 0.5000000000
53510  -28.900  -20.237  -27.851 0.5000000000
52487  -28.402  -20.972  -27.708 0.5000000000
54552  -29.499  -19.046  -28.095 0.5000000000
123411  -30.172  -18.681  -27.859 0.5000000000
55514  -31.649  -17.836  -27.796 0.6000000238
58937  -37.008  -14.299  -26.995 0.3000000119
56459  -33.473  -17.030  -27.742 0.4000000060
58142  -36.349  -14.647  -27.221 0.3000000119
56447  -35.266  -16.892  -26.909 0.4000000060
57313  -35.556  -15.973  -26.980 0.4000000060
123828  -27.812  -43.601  -23.589 0.5000000000
33540  -28.826  -40.946  -22.114 0.5000000000
36200  -28.213  -38.731  -22.585 0.5000000000
124281  -31.263  -16.872  -28.360 0.6000000238
58127  -36.692  -15.234  -26.275 0.3000000119
57314  -36.150  -15.666  -26.570 0.3000000119
24195  -40.180  -52.629  -20.116 0.3000000119
25014  -39.816  -51.853  -19.751 0.3000000119
111575  -39.786  -50.994  -19.784 0.4000000060
25019  -40.625  -51.137  -20.441 0.4000000060
25811  -40.154  -50.343  -20.341 0.4000000060
26645  -40.437  -49.500  -20.953 0.4000000060
25817  -41.097  -50.460  -21.327 0.4000000060
26654  -40.770  -49.005  -21.586 0.4000000060
25013  -38.948  -51.322  -19.333 0.3000000119
25799  -38.187  -50.775  -18.971 0.3000000119
26624  -38.206  -49.854  -19.207 0.4000000060
25810  -39.107  -50.388  -19.561 0.4000000060
26635  -39.461  -49.691  -20.086 0.4000000060
27488  -40.070  -48.668  -21.132 0.4000000060
28349  -40.098  -47.729  -22.147 0.4000000060
27496  -40.671  -48.377  -21.928 0.4000000060
120690  -36.629  -50.040  -17.879 0.3000000119
26622  -36.884  -49.460  -18.372 0.3000000119
120492  -36.512  -48.724  -18.329 0.3000000119
26633  -37.765  -49.073  -19.332 0.4000000060
26634  -38.642  -49.204  -19.792 0.4000000060
27487  -39.153  -48.308  -20.726 0.4000000060
27495  -39.635  -48.045  -21.414 0.4000000060
28347  -37.997  -47.385  -21.418 0.4000000060
28348  -39.032  -47.596  -21.744 0.4000000060
29227  -37.408  -47.033  -22.257 0.4000000060
28359  -38.325  -47.357  -22.163 0.4000000060
26610  -36.026  -49.913  -17.216 0.3000000119
123119  -36.831  -50.694  -18.074 0.3000000119
26611  -36.295  -49.297  -17.745 0.3000000119
27466  -36.743  -48.184  -18.899 0.3000000119
27476  -38.042  -48.512  -19.825 0.3000000119
118825  -38.717  -48.588  -20.213 0.4000000060
28327  -38.288  -48.048  -20.350 0.4000000060
29217  -37.079  -46.906  -21.150 0.4000000060
28339  -37.609  -47.412  -20.494 0.4000000060
28340  -38.646  -47.766  -20.983 0.4000000060
29216  -36.521  -46.433  -21.825 0.4000000060
30171  -36.034  -45.724  -22.278 0.4000000060
120200  -35.685  -49.146  -17.067 0.3000000119
27457  -35.357  -48.330  -16.988 0.3000000119
27458  -35.931  -48.532  -17.695 0.3000000119
28310  -36.176  -47.945  -18.324 0.3000000119
128554  -37.014  -47.783  -19.370 0.4000000060
28338  -36.986  -47.258  -19.726 0.4000000060
28326  -37.564  -47.848  -19.838 0.4000000060
124342  -35.124  -44.702  -19.547 0.3000000119
30136  -36.124  -46.165  -20.109 0.4000000060
30150  -35.796  -45.666  -20.616 0.3000000119
30151  -36.346  -46.284  -20.880 0.4000000060
29205  -36.756  -46.762  -20.280 0.4000000060
30161  -35.925  -45.773  -21.422 0.4000000060
28272  -35.050  -48.054  -13.984 0.3000000119
123413  -34.728  -47.937  -14.586 0.3000000119
115676  -35.351  -47.244  -13.249 0.3000000119
114993  -35.165  -48.941  -16.291 0.3000000119
27432  -34.854  -48.680  -15.316 0.3000000119
27447  -34.875  -48.068  -16.188 0.3000000119
28299  -34.618  -47.208  -16.199 0.3000000119
29167  -34.799  -46.700  -16.916 0.3000000119
28309  -35.595  -47.743  -17.665 0.3000000119
118136  -35.291  -46.949  -17.625 0.3000000119
29182  -35.496  -46.506  -18.220 0.3000000119
28318  -35.820  -47.172  -18.296 0.3000000119
29192  -35.394  -45.794  -18.636 0.3000000119
28319  -36.467  -47.336  -18.984 0.3000000119
30135  -35.807  -46.035  -19.432 0.3000000119
29183  -35.909  -46.574  -18.851 0.4000000060
31035  -34.889  -44.096  -20.025 0.3000000119
110502  -35.496  -45.091  -21.141 0.4000000060
31867  -34.949  -44.273  -20.997 0.4000000060
31045  -35.245  -44.650  -21.868 0.4000000060
28256  -34.865  -47.333  -13.882 0.3000000119
28271  -34.495  -47.091  -14.684 0.3000000119
29130  -34.674  -46.433  -14.094 0.3000000119
27431  -34.574  -47.654  -15.401 0.3000000119
28286  -34.424  -46.806  -15.487 0.3000000119
30112  -34.632  -45.335  -17.086 0.3000000119
29174  -34.621  -46.016  -16.814 0.3000000119
30125  -34.882  -45.162  -17.997 0.3000000119
30113  -35.013  -46.065  -17.627 0.3000000119
31014  -34.729  -44.366  -18.308 0.3000000119
31015  -35.055  -44.937  -18.859 0.3000000119
31024  -34.809  -44.212  -19.134 0.3000000119
31856  -34.596  -43.466  -19.420 0.3000000119
129342  -34.708  -43.769  -20.613 0.3000000119
31879  -34.599  -43.324  -21.186 0.3000000119
31893  -34.916  -43.501  -22.680 0.4000000060
29131  -35.165  -46.627  -13.410 0.3000000119
119264  -35.761  -46.199  -12.976 0.3000000119
118927  -34.426  -46.262  -14.889 0.3000000119
30079  -34.588  -45.577  -14.418 0.3000000119
116213  -36.674  -45.847  -12.608 0.3000000119
30049  -36.595  -44.761  -12.822 0.3000000119
123322  -34.412  -46.112  -15.583 0.3000000119
119972  -34.481  -44.921  -14.837 0.3000000119
31762  -37.516  -44.300  -12.671 0.3000000119
121925  -34.371  -44.038  -16.434 0.3000000119
30994  -34.454  -44.795  -16.519 0.3000000119
30103  -34.426  -45.549  -16.151 0.3000000119
121821  -34.543  -43.775  -17.863 0.3000000119
31003  -34.549  -44.419  -17.339 0.3000000119
109064  -34.440  -43.032  -17.951 0.3000000119
31844  -34.576  -43.619  -18.585 0.3000000119
32676  -34.470  -42.688  -19.687 0.3000000119
31880  -34.769  -43.889  -21.963 0.4000000060
31892  -34.699  -43.037  -22.151 0.4000000060
31900  -35.407  -43.474  -23.462 0.5000000000
30062  -35.135  -45.662  -13.577 0.3000000119
30063  -35.913  -45.431  -13.023 0.3000000119
30080  -34.872  -44.686  -14.138 0.3000000119
113578  -35.635  -44.733  -13.391 0.3000000119
30094  -34.405  -45.514  -15.235 0.3000000119
30971  -34.543  -44.183  -14.912 0.3000000119
31775  -37.453  -43.507  -12.853 0.3000000119
31763  -38.231  -43.788  -12.776 0.3000000119
31804  -34.402  -43.724  -15.654 0.3000000119
30986  -34.382  -44.671  -15.655 0.3000000119
107966  -38.081  -42.961  -12.936 0.3000000119
31828  -34.412  -43.466  -17.163 0.3000000119
32596  -39.676  -42.755  -13.137 0.3000000119
33481  -34.370  -42.121  -18.204 0.3000000119
34348  -39.691  -41.000  -13.833 0.3000000119
32663  -34.437  -42.830  -18.825 0.3000000119
109790  -34.393  -42.045  -19.133 0.3000000119
129354  -34.462  -42.020  -19.873 0.3000000119
32685  -34.522  -42.429  -20.609 0.3000000119
121108  -34.650  -41.702  -22.155 0.4000000060
119432  -34.885  -41.777  -23.214 0.5000000000
30954  -35.449  -43.944  -13.810 0.3000000119
31774  -36.700  -43.328  -13.127 0.3000000119
31789  -34.691  -43.269  -14.961 0.3000000119
31790  -35.296  -43.202  -14.213 0.3000000119
31773  -35.941  -43.230  -13.569 0.3000000119
32593  -36.548  -42.612  -13.480 0.3000000119
31816  -34.360  -43.176  -16.360 0.3000000119
117813  -37.294  -42.792  -13.130 0.3000000119
32653  -34.326  -42.414  -17.120 0.3000000119
108864  -38.204  -41.685  -13.461 0.3000000119
34363  -38.111  -40.994  -13.906 0.3000000119
33435  -38.879  -41.415  -13.589 0.3000000119
35288  -39.632  -39.631  -15.609 0.3000000119
34382  -39.059  -39.860  -14.952 0.3000000119
33491  -34.347  -41.258  -18.684 0.3000000119
33504  -34.416  -41.374  -19.573 0.3000000119
111360  -34.484  -41.555  -20.372 0.3000000119
112509  -34.555  -41.668  -21.229 0.3000000119
32612  -35.126  -42.473  -14.646 0.3000000119
32613  -35.798  -42.461  -13.984 0.3000000119
33473  -34.414  -41.540  -16.525 0.3000000119
115379  -34.661  -41.722  -15.693 0.3000000119
32628  -34.671  -42.460  -15.361 0.3000000119
32629  -34.981  -41.878  -15.039 0.3000000119
33450  -35.631  -41.632  -14.499 0.3000000119
33451  -36.542  -41.759  -13.865 0.3000000119
113728  -34.316  -41.211  -17.577 0.3000000119
33464  -34.729  -40.886  -15.920 0.3000000119
33465  -35.144  -41.186  -15.198 0.3000000119
34379  -36.151  -39.999  -15.097 0.3000000119
124393  -36.578  -40.514  -14.597 0.3000000119
33434  -37.477  -41.608  -13.630 0.3000000119
34400  -34.451  -40.158  -17.491 0.3000000119
127323  -37.517  -39.425  -15.462 0.3000000119
129274  -37.109  -40.446  -14.512 0.3000000119
35303  -37.737  -39.009  -15.964 0.3000000119
34381  -38.132  -39.802  -15.040 0.3000000119
123794  -37.686  -40.414  -14.486 0.3000000119
36126  -38.808  -39.119  -16.862 0.3000000119
35304  -38.498  -39.195  -16.141 0.3000000119
34425  -34.374  -40.490  -19.335 0.4000000060
35318  -39.504  -39.517  -17.198 0.3000000119
33519  -34.435  -40.910  -20.855 0.4000000060
126777  -40.805  -40.399  -18.903 0.3000000119
33531  -34.511  -40.954  -21.741 0.3000000119
33543  -34.639  -40.981  -22.646 0.4000000060
34428  -41.757  -40.958  -20.047 0.3000000119
121066  -35.428  -41.774  -24.067 0.5000000000
34390  -34.506  -40.608  -16.727 0.3000000119
34391  -34.882  -40.046  -16.148 0.3000000119
35284  -35.686  -39.516  -15.849 0.3000000119
35285  -36.702  -39.373  -15.558 0.3000000119
129256  -37.238  -39.140  -15.733 0.3000000119
116086  -34.359  -39.847  -18.867 0.4000000060
36125  -38.216  -38.828  -16.498 0.3000000119
36142  -39.070  -39.074  -17.669 0.3000000119
116262  -34.369  -39.639  -19.550 0.4000000060
34445  -34.376  -40.109  -20.357 0.5000000000
35330  -39.782  -39.718  -18.212 0.3000000119
35331  -40.349  -40.153  -19.009 0.4000000060
35351  -40.451  -40.149  -19.711 0.4000000060
34455  -34.405  -40.227  -21.333 0.5000000000
34468  -34.518  -40.155  -22.214 0.6000000238
34426  -40.774  -40.532  -19.486 0.3000000119
34478  -34.731  -40.288  -23.081 0.6000000238
34479  -35.083  -40.270  -23.793 0.6000000238
126035  -35.220  -38.847  -16.974 0.3000000119
36123  -36.571  -38.395  -16.587 0.3000000119
34407  -34.347  -40.407  -18.352 0.3000000119
35301  -35.727  -38.859  -16.475 0.3000000119
36124  -37.560  -38.512  -16.475 0.3000000119
36141  -38.330  -38.458  -17.120 0.4000000060
35350  -34.409  -39.191  -18.964 0.4000000060
36159  -38.757  -38.273  -17.958 0.4000000060
35363  -34.321  -39.212  -20.263 0.5000000000
36160  -39.365  -38.960  -18.485 0.4000000060
36178  -39.687  -38.669  -19.177 0.4000000060
36187  -40.229  -39.271  -19.904 0.4000000060
35372  -34.295  -39.426  -21.163 0.5000000000
35382  -34.367  -39.319  -22.056 0.6000000238
36161  -39.945  -39.584  -19.111 0.4000000060
35364  -40.672  -40.249  -20.376 0.4000000060
35365  -40.998  -40.445  -21.040 0.4000000060
35391  -34.656  -39.464  -23.000 0.6000000238
34447  -41.150  -40.978  -20.525 0.3000000119
124781  -34.850  -39.881  -23.425 0.6000000238
35398  -35.620  -39.693  -24.384 0.6000000238
116134  -36.214  -39.978  -24.728 0.6999999881
35317  -34.743  -39.319  -17.335 0.3000000119
116147  -35.757  -38.328  -17.083 0.3000000119
36139  -36.511  -37.687  -17.350 0.3000000119
35329  -34.486  -39.524  -18.180 0.3000000119
36157  -34.683  -38.689  -18.407 0.3000000119
36140  -37.403  -37.936  -17.006 0.3000000119
36963  -38.014  -37.682  -17.594 0.4000000060
36177  -34.525  -38.465  -19.236 0.5000000000
36992  -34.667  -37.702  -19.570 0.5000000000
36186  -34.401  -38.365  -20.123 0.5000000000
36192  -34.298  -38.004  -20.988 0.6000000238
36188  -40.775  -39.361  -20.679 0.4000000060
114332  -41.933  -39.634  -22.019 0.4000000060
36213  -34.494  -38.427  -22.666 0.6000000238
35374  -42.001  -40.832  -22.310 0.4000000060
36204  -42.400  -39.769  -22.691 0.4000000060
36218  -35.587  -38.775  -24.401 0.6999999881
117171  -36.510  -39.139  -24.909 0.6999999881
115404  -36.967  -39.923  -25.151 0.6999999881
36158  -35.123  -38.110  -18.195 0.4000000060
126556  -37.291  -37.391  -17.518 0.4000000060
36979  -37.688  -36.844  -18.055 0.4000000060
36976  -34.843  -37.911  -18.792 0.4000000060
36978  -36.118  -37.162  -18.000 0.4000000060
36980  -38.536  -37.347  -18.257 0.4000000060
37822  -35.769  -36.742  -18.631 0.4000000060
36981  -39.189  -38.020  -18.636 0.4000000060
36994  -39.592  -37.740  -19.135 0.4000000060
36995  -40.096  -38.002  -19.622 0.4000000060
37005  -40.633  -38.207  -20.278 0.4000000060
37006  -41.224  -38.225  -20.863 0.4000000060
37010  -34.511  -37.326  -21.106 0.6000000238
36193  -41.387  -39.296  -21.365 0.4000000060
37019  -34.478  -37.630  -21.896 0.6000000238
37032  -34.647  -37.500  -22.845 0.6999999881
37033  -34.820  -37.808  -23.479 0.6999999881
35384  -42.878  -39.847  -23.361 0.4000000060
37037  -35.516  -37.695  -24.270 0.6999999881
35404  -37.644  -39.180  -25.391 0.6999999881
124967  -37.109  -36.346  -18.229 0.4000000060
36993  -35.137  -37.179  -19.090 0.4000000060
37823  -36.492  -36.471  -18.365 0.4000000060
37825  -39.156  -37.079  -18.811 0.4000000060
37836  -34.888  -36.928  -19.877 0.6000000238
37837  -35.433  -36.422  -19.385 0.5000000000
37839  -39.890  -36.895  -19.280 0.4000000060
37850  -34.765  -36.770  -20.710 0.6999999881
37852  -41.154  -37.209  -20.470 0.4000000060
37857  -34.729  -36.755  -21.575 0.6999999881
37012  -42.108  -37.364  -21.555 0.4000000060
37863  -34.814  -36.794  -22.508 0.6999999881
36205  -43.013  -38.689  -22.962 0.4000000060
37020  -42.507  -37.484  -22.122 0.4000000060
36215  -43.422  -38.755  -23.641 0.4000000060
36219  -36.431  -38.125  -24.818 0.6999999881
36226  -38.310  -38.469  -25.688 0.6999999881
116421  -43.943  -39.464  -24.730 0.4000000060
35407  -44.968  -40.253  -26.607 0.4000000060
37838  -36.086  -35.992  -18.917 0.4000000060
38744  -36.880  -35.688  -18.601 0.4000000060
110810  -37.655  -35.946  -18.405 0.4000000060
37824  -38.498  -36.301  -18.543 0.4000000060
37851  -35.154  -36.159  -20.231 0.6999999881
38755  -36.389  -35.262  -19.264 0.5000000000
110809  -39.304  -36.286  -18.876 0.4000000060
38769  -35.541  -35.361  -20.662 0.6999999881
112388  -40.460  -36.270  -19.526 0.4000000060
37853  -41.660  -37.247  -21.050 0.4000000060
37864  -35.061  -36.015  -22.085 0.6999999881
38772  -41.621  -36.330  -20.711 0.4000000060
37859  -42.111  -36.484  -21.338 0.4000000060
111817  -35.383  -36.096  -22.961 0.6999999881
37877  -35.167  -36.920  -23.527 0.6999999881
37021  -43.005  -37.606  -22.709 0.4000000060
37034  -43.445  -37.719  -23.391 0.4000000060
37038  -36.693  -37.259  -24.675 0.6999999881
36220  -43.773  -38.770  -24.241 0.4000000060
37046  -37.311  -37.669  -25.000 0.6999999881
127069  -44.420  -38.916  -25.359 0.4000000060
36228  -44.889  -38.981  -26.153 0.4000000060
38745  -37.509  -35.254  -18.602 0.4000000060
38747  -39.089  -35.387  -18.717 0.4000000060
38757  -39.922  -35.833  -19.071 0.4000000060
39630  -36.657  -34.546  -19.640 0.6000000238
38756  -37.051  -34.856  -18.910 0.5000000000
113233  -39.906  -34.883  -18.889 0.5000000000
38758  -40.715  -35.345  -19.459 0.4000000060
129657  -29.524  -36.544  -22.904 0.4000000060
37875  -30.189  -36.317  -23.351 0.5000000000
38770  -36.051  -34.978  -20.064 0.6000000238
39646  -35.933  -34.780  -21.214 0.6000000238
38778  -42.086  -35.595  -21.081 0.4000000060
38781  -35.729  -35.421  -22.520 0.6000000238
38783  -42.555  -35.779  -21.857 0.4000000060
37865  -42.945  -36.508  -22.522 0.4000000060
38795  -36.176  -35.552  -23.305 0.6999999881
37866  -43.376  -36.863  -23.178 0.4000000060
37884  -37.173  -36.499  -24.600 0.6999999881
37879  -43.855  -36.759  -24.005 0.4000000060
37886  -44.334  -36.372  -25.089 0.4000000060
37892  -44.718  -36.113  -26.533 0.4000000060
37902  -45.040  -36.356  -27.458 0.4000000060
39633  -39.178  -34.478  -18.680 0.5000000000
39631  -37.336  -34.168  -19.246 0.6000000238
39632  -38.532  -34.129  -18.725 0.5000000000
39634  -40.553  -34.326  -19.197 0.5000000000
37874  -28.651  -36.484  -22.871 0.3000000119
38793  -29.260  -35.805  -23.333 0.4000000060
38794  -30.055  -35.685  -23.760 0.5000000000
39648  -37.031  -33.879  -20.066 0.6000000238
38777  -36.167  -34.752  -22.169 0.6000000238
38759  -41.521  -35.290  -20.279 0.5000000000
39668  -36.417  -34.528  -22.990 0.6999999881
38782  -36.300  -35.048  -22.929 0.6000000238
39663  -42.400  -34.993  -21.484 0.4000000060
129976  -36.913  -35.473  -24.250 0.8000000119
38784  -43.095  -35.406  -22.661 0.4000000060
38797  -43.527  -35.880  -23.443 0.4000000060
38806  -43.990  -35.735  -24.525 0.4000000060
116901  -44.869  -35.674  -27.743 0.4000000060
40533  -38.244  -32.961  -19.934 0.6000000238
40520  -37.753  -33.571  -19.610 0.6000000238
40521  -38.559  -33.422  -19.116 0.5000000000
117845  -39.114  -33.829  -18.741 0.5000000000
38800  -28.703  -35.189  -23.672 0.4000000060
38801  -29.514  -35.089  -24.039 0.4000000060
40546  -36.888  -33.669  -21.859 0.6000000238
40532  -37.584  -33.344  -20.502 0.6000000238
40524  -41.132  -33.745  -19.561 0.5000000000
39687  -30.081  -34.717  -24.536 0.5000000000
40555  -36.558  -33.661  -22.577 0.6999999881
130573  -36.524  -34.139  -22.260 0.6999999881
39635  -41.186  -34.583  -19.669 0.5000000000
39688  -30.897  -34.775  -24.928 0.5000000000
122036  -36.288  -34.187  -23.422 0.6999999881
39678  -36.666  -34.917  -23.923 0.6999999881
39649  -41.651  -34.228  -20.204 0.5000000000
41647  -31.502  -32.950  -25.935 0.6999999881
39698  -30.951  -33.796  -25.375 0.6000000238
39690  -36.327  -34.594  -24.368 0.6999999881
40564  -36.157  -33.357  -23.161 0.6999999881
113443  -42.483  -34.063  -21.465 0.5000000000
41661  -32.349  -32.399  -26.359 0.6999999881
112165  -32.001  -33.786  -25.790 0.6999999881
39669  -42.751  -34.772  -22.116 0.4000000060
39702  -36.158  -34.870  -25.317 0.6999999881
38812  -36.721  -35.443  -25.883 0.8000000119
39670  -43.205  -34.479  -22.888 0.4000000060
114679  -43.721  -35.036  -24.161 0.4000000060
124241  -43.968  -35.047  -25.103 0.4000000060
38807  -44.274  -35.508  -25.763 0.4000000060
38813  -44.375  -35.127  -27.285 0.4000000060
41569  -39.025  -32.670  -19.460 0.6000000238
41570  -39.964  -32.624  -19.317 0.6000000238
40523  -40.341  -33.435  -19.145 0.5000000000
124486  -28.751  -34.686  -24.091 0.4000000060
39686  -29.324  -34.264  -24.576 0.4000000060
125562  -30.209  -34.190  -24.899 0.6999999881
41593  -37.702  -32.530  -21.596 0.6999999881
40547  -37.417  -33.197  -21.381 0.6000000238
40548  -38.024  -32.735  -20.845 0.6000000238
41606  -36.634  -32.807  -22.597 0.6999999881
40556  -37.132  -33.053  -22.070 0.6999999881
41571  -40.888  -32.805  -19.545 0.5000000000
40534  -41.668  -33.154  -20.207 0.5000000000
40535  -42.274  -33.158  -21.007 0.5000000000
40563  -35.582  -33.134  -23.608 0.6999999881
112062  -42.602  -33.121  -21.787 0.4000000060
40579  -35.002  -33.358  -24.349 0.6999999881
39689  -35.546  -34.201  -24.791 0.6999999881
42741  -34.732  -31.787  -23.812 0.6000000238
41636  -34.411  -32.480  -24.453 0.6000000238
40557  -42.881  -33.828  -22.341 0.4000000060
114459  -32.622  -31.096  -26.491 0.6999999881
110597  -43.448  -35.014  -23.352 0.4000000060
42749  -34.125  -31.590  -24.577 0.6000000238
39679  -43.512  -34.311  -23.802 0.4000000060
115446  -43.720  -34.306  -25.123 0.4000000060
39691  -43.957  -34.728  -26.369 0.4000000060
39704  -43.944  -34.359  -27.806 0.4000000060
41580  -39.543  -32.040  -19.852 0.6000000238
40577  -28.695  -33.501  -24.758 0.6000000238
40592  -28.936  -32.781  -25.115 0.6000000238
123691  -29.782  -33.450  -25.092 0.6999999881
122026  -37.245  -32.270  -22.135 0.6000000238
41607  -37.945  -31.726  -21.745 0.6999999881
41594  -38.380  -31.995  -21.086 0.6999999881
42726  -36.650  -31.905  -22.581 0.6000000238
42727  -37.397  -31.397  -22.218 0.6000000238
40593  -30.553  -33.043  -25.518 0.6999999881
42742  -35.978  -31.464  -22.966 0.6000000238
41660  -31.421  -32.088  -26.190 0.6999999881
41646  -30.653  -32.423  -25.756 0.6999999881
128438  -35.400  -31.890  -23.374 0.6000000238
41595  -42.360  -32.486  -21.350 0.4000000060
42777  -32.329  -31.183  -26.618 0.6999999881
117278  -32.016  -31.629  -26.581 0.6999999881
41619  -35.111  -32.549  -23.717 0.6999999881
41609  -42.895  -32.913  -22.646 0.4000000060
42740  -34.573  -30.943  -23.906 0.6000000238
40558  -43.231  -33.603  -23.255 0.4000000060
109150  -33.069  -30.914  -26.073 0.6999999881
43711  -33.585  -31.315  -25.380 0.6999999881
41649  -33.731  -32.237  -25.410 0.6000000238
40565  -43.420  -33.521  -24.404 0.4000000060
40581  -43.455  -33.529  -25.875 0.4000000060
39703  -43.675  -34.024  -26.860 0.4000000060
40595  -43.437  -33.402  -27.524 0.4000000060
39716  -43.738  -33.791  -28.017 0.4000000060
40606  -43.784  -33.269  -28.276 0.3000000119
41579  -38.686  -32.258  -20.220 0.6000000238
41644  -28.260  -32.190  -25.276 0.5000000000
43692  -36.718  -30.938  -22.585 0.6000000238
42692  -39.190  -31.588  -20.567 0.6000000238
42693  -40.079  -31.465  -20.269 0.6000000238
41645  -29.837  -32.654  -25.430 0.5000000000
42708  -40.520  -31.028  -20.698 0.5000000000
41581  -40.470  -32.035  -19.794 0.4000000060
41582  -41.294  -32.160  -20.102 0.5000000000
42762  -30.536  -31.795  -25.914 0.6999999881
42694  -40.877  -31.470  -20.323 0.5000000000
42695  -41.542  -31.561  -20.726 0.4000000060
41583  -41.966  -32.321  -20.723 0.4000000060
121879  -35.931  -30.413  -23.000 0.6000000238
42710  -42.185  -31.661  -21.393 0.4000000060
41608  -42.611  -32.259  -22.011 0.4000000060
113372  -31.767  -30.972  -26.662 0.6999999881
43706  -35.141  -30.415  -23.494 0.6000000238
41621  -42.802  -32.037  -22.919 0.4000000060
43740  -32.566  -30.402  -26.479 0.6999999881
44648  -34.528  -29.961  -23.952 0.6000000238
41622  -43.091  -32.670  -23.784 0.4000000060
43726  -32.863  -30.141  -26.133 0.6999999881
117013  -33.262  -30.068  -25.542 0.6999999881
130631  -33.501  -30.611  -25.291 0.6999999881
43712  -33.973  -30.733  -24.613 0.6999999881
42744  -42.752  -32.184  -24.888 0.4000000060
41637  -43.143  -32.911  -25.200 0.4000000060
44659  -33.494  -29.263  -25.008 0.6999999881
42750  -42.328  -31.700  -26.071 0.4000000060
119511  -42.329  -31.846  -27.638 0.3000000119
110956  -43.120  -33.046  -26.615 0.4000000060
42781  -42.576  -31.227  -28.607 0.4000000060
41666  -43.145  -32.253  -28.184 0.3000000119
43693  -37.560  -30.430  -22.277 0.6000000238
43694  -38.411  -29.929  -22.034 0.6000000238
43677  -38.837  -30.363  -21.682 0.6000000238
43678  -39.559  -30.310  -21.425 0.6000000238
42707  -39.786  -30.964  -20.907 0.5000000000
42760  -28.620  -31.559  -25.535 0.6000000238
42761  -29.612  -31.631  -25.694 0.6000000238
44634  -36.860  -29.917  -22.603 0.6000000238
44635  -37.850  -29.346  -22.453 0.6000000238
124012  -29.957  -32.125  -25.648 0.6999999881
43679  -41.347  -30.300  -21.664 0.5000000000
43672  -41.121  -30.897  -20.897 0.4000000060
42709  -41.676  -31.024  -21.277 0.4000000060
42776  -31.198  -31.400  -26.329 0.6999999881
43737  -30.898  -30.752  -26.419 0.6999999881
44649  -35.452  -29.632  -23.387 0.6000000238
44650  -36.290  -29.383  -23.011 0.6000000238
43680  -42.068  -30.793  -21.944 0.5000000000
42729  -42.459  -31.457  -22.308 0.5000000000
43738  -31.472  -30.292  -26.739 0.8000000119
43696  -42.177  -30.776  -22.907 0.4000000060
44689  -32.233  -29.782  -26.758 0.8000000119
45677  -34.997  -28.914  -23.703 0.6000000238
121275  -42.509  -31.386  -23.159 0.4000000060
44690  -32.580  -29.640  -26.390 0.6999999881
45713  -41.170  -29.145  -28.474 0.5000000000
44662  -40.664  -29.838  -27.143 0.5000000000
43727  -40.984  -30.296  -27.737 0.5000000000
43708  -42.115  -30.967  -24.163 0.4000000060
127921  -42.348  -31.535  -24.833 0.4000000060
44676  -33.000  -29.427  -25.777 0.6999999881
123288  -33.747  -29.966  -24.719 0.6999999881
44660  -34.178  -29.120  -24.311 0.6999999881
45699  -41.571  -28.716  -26.891 0.5000000000
44678  -40.866  -29.584  -28.827 0.5000000000
43714  -41.703  -31.036  -25.879 0.4000000060
45700  -41.689  -29.110  -27.241 0.5000000000
43741  -41.175  -30.084  -29.117 0.4000000060
42780  -41.799  -31.211  -28.683 0.4000000060
45684  -42.137  -28.564  -25.147 0.4000000060
44679  -41.880  -29.558  -27.989 0.4000000060
44692  -41.935  -29.934  -29.008 0.4000000060
42788  -42.132  -30.980  -29.245 0.4000000060
45660  -37.084  -28.999  -22.767 0.6000000238
45662  -38.527  -28.653  -22.845 0.6000000238
44621  -39.261  -29.663  -21.883 0.5000000000
44622  -40.117  -29.610  -21.822 0.5000000000
43725  -29.178  -31.002  -25.780 0.6000000238
42775  -30.243  -31.175  -26.001 0.6999999881
45680  -37.289  -28.272  -23.129 0.6000000238
117406  -40.494  -29.340  -22.608 0.5000000000
44623  -40.773  -29.737  -21.871 0.5000000000
43736  -29.914  -30.520  -26.098 0.6000000238
114952  -35.894  -28.711  -23.324 0.6000000238
124959  -36.611  -28.625  -23.086 0.6000000238
44638  -41.153  -29.765  -23.342 0.5000000000
44624  -41.111  -29.700  -22.430 0.5000000000
44687  -31.087  -29.626  -26.821 0.8000000119
44661  -40.428  -29.584  -26.144 0.5000000000
43695  -41.646  -30.210  -22.619 0.5000000000
44688  -31.824  -29.751  -26.944 0.8000000119
46732  -40.843  -28.595  -28.150 0.5000000000
45711  -39.950  -29.029  -27.937 0.5000000000
44677  -40.573  -29.493  -28.168 0.5000000000
44652  -40.879  -29.901  -24.911 0.5000000000
43707  -41.570  -30.319  -23.815 0.4000000060
45722  -32.281  -28.998  -26.673 0.8000000119
45712  -40.731  -29.131  -28.640 0.5000000000
43713  -41.225  -30.394  -25.557 0.5000000000
45723  -32.714  -28.744  -26.079 0.8000000119
45694  -33.840  -28.419  -24.641 0.6999999881
45695  -34.621  -28.182  -24.084 0.6999999881
46719  -41.268  -28.230  -26.552 0.4000000060
46698  -41.707  -27.868  -24.699 0.4000000060
44675  -27.760  -29.922  -25.758 0.5000000000
45661  -37.787  -28.622  -22.858 0.6000000238
44637  -39.722  -29.092  -22.432 0.5000000000
43735  -28.836  -30.276  -25.857 0.5000000000
45664  -39.897  -28.834  -23.437 0.5000000000
44686  -28.627  -29.463  -25.946 0.5000000000
109123  -29.656  -29.812  -26.212 0.5000000000
45679  -36.575  -27.854  -23.407 0.6000000238
45697  -39.714  -28.801  -26.013 0.5000000000
45683  -40.073  -29.068  -25.110 0.5000000000
44651  -40.569  -29.368  -23.937 0.5000000000
45721  -31.414  -29.081  -26.997 0.6999999881
45678  -35.533  -27.960  -23.645 0.6000000238
45698  -40.248  -29.330  -27.296 0.5000000000
127045  -31.622  -28.580  -27.087 0.6999999881
45727  -31.992  -28.354  -26.977 0.6999999881
46718  -40.785  -27.462  -26.215 0.4000000060
126417  -33.542  -27.853  -24.955 0.6999999881
47647  -41.114  -27.281  -24.845 0.5000000000
47626  -40.932  -26.387  -23.982 0.5000000000
46742  -32.411  -28.059  -26.495 0.6999999881
117287  -33.243  -28.555  -25.332 0.8000000119
48503  -43.565  -25.872  -22.697 0.4000000060
48504  -44.383  -25.671  -23.177 0.5000000000
123525  -44.348  -24.864  -23.469 0.5000000000
46699  -44.792  -27.216  -23.114 0.5000000000
49444  -44.961  -25.095  -23.885 0.5000000000
45663  -39.282  -28.721  -22.861 0.5000000000
45681  -38.218  -28.170  -23.502 0.6000000238
45696  -38.979  -28.206  -24.687 0.6000000238
45682  -39.095  -28.482  -23.553 0.5000000000
127307  -39.577  -28.634  -24.444 0.5000000000
45718  -28.399  -28.631  -26.062 0.5000000000
45719  -29.580  -28.948  -26.374 0.5000000000
125512  -30.326  -29.499  -26.550 0.6999999881
46696  -37.536  -27.667  -23.671 0.6000000238
46697  -38.240  -27.726  -24.209 0.6000000238
46731  -39.679  -28.470  -28.079 0.5000000000
44685  -27.579  -29.074  -25.840 0.5000000000
46741  -30.163  -28.195  -26.816 0.6000000238
46717  -39.364  -28.326  -26.510 0.5000000000
45720  -30.633  -28.967  -26.823 0.6999999881
46695  -37.028  -27.073  -23.907 0.6000000238
45724  -40.320  -28.624  -28.441 0.5000000000
45726  -31.034  -28.402  -27.140 0.6999999881
46694  -36.113  -27.072  -23.785 0.6000000238
125843  -40.549  -27.744  -27.593 0.5000000000
112996  -40.481  -26.532  -25.448 0.6000000238
47661  -40.348  -26.717  -26.672 0.4000000060
46713  -34.198  -27.538  -24.516 0.6999999881
46714  -35.108  -27.224  -24.080 0.6999999881
47646  -40.734  -26.725  -24.875 0.5000000000
114307  -41.654  -24.836  -22.477 0.4000000060
49431  -42.820  -24.236  -22.574 0.4000000060
46712  -33.675  -27.176  -24.954 0.6999999881
117346  -43.049  -25.113  -22.623 0.4000000060
47656  -33.469  -26.583  -25.434 0.6999999881
49432  -43.722  -24.938  -23.009 0.4000000060
125144  -32.557  -27.250  -26.394 0.6999999881
48518  -45.027  -25.905  -23.590 0.5000000000
47630  -45.393  -26.607  -23.689 0.5000000000
46715  -37.814  -27.252  -24.432 0.6000000238
46716  -38.597  -27.635  -25.255 0.5000000000
46739  -28.514  -27.107  -26.515 0.6000000238
46740  -29.702  -27.216  -26.882 0.6000000238
47676  -30.479  -26.725  -27.346 0.6000000238
47643  -36.642  -26.409  -24.281 0.5000000000
47644  -37.410  -26.586  -24.661 0.5000000000
46744  -39.895  -28.241  -28.621 0.5000000000
47681  -40.087  -27.839  -28.577 0.5000000000
46746  -30.729  -27.590  -27.233 0.6999999881
46745  -40.327  -28.239  -28.455 0.5000000000
47660  -39.967  -26.493  -27.470 0.6000000238
48552  -40.085  -25.830  -25.535 0.5000000000
47677  -31.302  -26.989  -27.377 0.6999999881
47642  -35.716  -26.351  -24.208 0.6999999881
50415  -40.086  -23.640  -23.470 0.5000000000
50401  -40.615  -23.611  -22.851 0.4000000060
46747  -31.491  -27.884  -27.200 0.6999999881
47641  -34.509  -26.415  -24.656 0.6999999881
48532  -34.848  -25.382  -24.994 0.6999999881
48516  -40.606  -25.529  -23.577 0.5000000000
49428  -40.355  -24.497  -23.304 0.4000000060
50402  -41.397  -23.415  -22.466 0.4000000060
49430  -41.965  -24.164  -22.360 0.4000000060
114324  -32.010  -27.320  -26.975 0.6999999881
51440  -43.257  -22.510  -22.862 0.4000000060
50403  -43.210  -23.467  -22.786 0.4000000060
48546  -33.601  -25.247  -25.963 0.6999999881
49442  -43.475  -24.131  -22.989 0.4000000060
50416  -43.804  -23.312  -23.413 0.4000000060
47669  -32.479  -26.510  -26.673 0.6999999881
114142  -33.120  -25.928  -26.161 0.6999999881
50431  -44.445  -23.709  -24.021 0.4000000060
50446  -44.734  -23.268  -24.822 0.4000000060
48519  -45.474  -25.776  -24.226 0.5000000000
50432  -44.995  -24.245  -24.551 0.5000000000
47645  -38.166  -26.957  -25.445 0.5000000000
46730  -38.888  -27.626  -26.888 0.5000000000
126594  -38.349  -26.734  -26.535 0.5000000000
47671  -38.693  -27.019  -27.864 0.5000000000
46748  -39.335  -27.131  -28.374 0.5000000000
47675  -29.698  -26.398  -27.122 0.6000000238
47658  -37.832  -26.168  -25.668 0.5000000000
117189  -39.368  -27.993  -28.122 0.5000000000
48534  -37.131  -25.822  -25.000 0.5000000000
48576  -39.204  -26.433  -28.379 0.6000000238
48551  -39.853  -25.778  -26.701 0.5000000000
48533  -36.351  -25.691  -24.672 0.6000000238
48515  -39.875  -25.057  -24.520 0.5000000000
114181  -40.220  -23.062  -23.210 0.4000000060
129648  -35.496  -25.709  -24.601 0.8000000119
49441  -39.706  -23.994  -24.225 0.5000000000
51438  -41.590  -22.488  -22.463 0.4000000060
114917  -42.431  -23.189  -22.459 0.4000000060
47678  -31.842  -26.198  -27.338 0.6999999881
127513  -35.081  -24.714  -25.275 0.6000000238
51457  -43.848  -22.293  -23.647 0.4000000060
47657  -33.909  -25.729  -25.396 0.6999999881
48547  -34.298  -24.987  -25.577 0.6000000238
50441  -35.357  -23.499  -25.910 0.6000000238
124680  -44.285  -22.889  -24.171 0.4000000060
48558  -32.504  -25.616  -26.965 0.6999999881
48559  -33.108  -25.060  -26.585 0.6000000238
49466  -33.774  -24.551  -26.155 0.6999999881
49467  -34.678  -24.232  -25.724 0.6000000238
127723  -44.483  -22.692  -24.679 0.4000000060
49479  -34.141  -23.634  -26.408 0.6000000238
121222  -35.066  -22.825  -26.380 0.6000000238
51487  -34.876  -22.282  -26.754 0.6000000238
122981  -45.438  -24.473  -25.204 0.5000000000
48553  -45.721  -24.948  -25.408 0.5000000000
47679  -38.968  -26.724  -28.448 0.6000000238
47674  -29.022  -25.663  -27.111 0.5000000000
48561  -38.712  -25.997  -28.219 0.6000000238
48570  -38.999  -25.976  -28.536 0.6000000238
120746  -30.135  -25.895  -27.425 0.6000000238
48568  -30.657  -25.318  -27.705 0.6000000238
48550  -37.743  -25.251  -26.155 0.6000000238
47659  -38.239  -26.002  -27.088 0.6000000238
48562  -39.559  -25.775  -27.673 0.5000000000
49471  -39.543  -24.924  -27.185 0.5000000000
48535  -39.615  -25.033  -25.904 0.5000000000
49487  -30.168  -24.448  -27.816 0.6000000238
49470  -37.821  -24.235  -26.762 0.6000000238
121299  -39.493  -24.305  -26.646 0.5000000000
51455  -39.566  -22.240  -24.040 0.5000000000
52433  -40.904  -21.907  -22.724 0.4000000060
51437  -40.774  -22.784  -22.745 0.4000000060
48569  -31.974  -25.233  -27.584 0.6999999881
49488  -31.262  -24.731  -27.934 0.6000000238
48549  -36.933  -25.000  -25.442 0.6999999881
49458  -39.505  -24.228  -25.418 0.5000000000
50430  -39.331  -23.387  -25.114 0.5000000000
50414  -39.613  -23.035  -23.965 0.5000000000
52435  -42.446  -21.293  -22.603 0.4000000060
52436  -42.997  -21.693  -22.718 0.4000000060
52453  -43.443  -21.604  -23.184 0.4000000060
49468  -35.725  -24.144  -25.441 0.6999999881
50456  -37.383  -22.995  -26.629 0.6999999881
50445  -39.341  -23.605  -26.520 0.5000000000
52454  -43.885  -21.378  -23.881 0.4000000060
49490  -32.563  -23.937  -27.595 0.6000000238
50455  -36.247  -22.828  -26.262 0.6000000238
51489  -37.227  -22.271  -26.909 0.6999999881
113143  -44.271  -22.085  -24.510 0.4000000060
49478  -32.535  -24.751  -27.259 0.6999999881
126418  -33.161  -24.205  -26.845 0.6000000238
50454  -33.258  -23.366  -27.212 0.6000000238
51486  -34.112  -22.787  -26.888 0.6000000238
51488  -35.942  -22.064  -26.656 0.6000000238
116773  -37.625  -21.146  -27.817 0.6000000238
51478  -44.651  -22.506  -25.179 0.4000000060
52489  -36.057  -21.447  -27.107 0.6000000238
52502  -36.616  -21.024  -27.616 0.6000000238
50447  -45.261  -23.815  -25.402 0.5000000000
51479  -45.070  -23.020  -25.686 0.4000000060
49472  -45.721  -24.396  -25.967 0.5000000000
50461  -45.903  -24.041  -26.800 0.5000000000
123038  -38.939  -25.276  -28.437 0.6000000238
48560  -38.553  -24.952  -27.801 0.6000000238
49481  -39.054  -24.514  -28.213 0.6000000238
50459  -39.283  -24.026  -27.725 0.5000000000
48567  -29.591  -25.032  -27.508 0.6000000238
49480  -38.684  -24.020  -27.988 0.6000000238
53445  -41.085  -21.077  -22.747 0.4000000060
50467  -30.614  -23.856  -28.141 0.6000000238
112312  -31.463  -24.018  -28.102 0.6000000238
50457  -38.376  -23.352  -27.534 0.6000000238
50444  -39.084  -23.007  -27.395 0.5000000000
51476  -38.725  -22.302  -27.301 0.5000000000
51477  -38.941  -22.194  -26.398 0.5000000000
114147  -39.050  -21.802  -25.172 0.5000000000
52434  -41.699  -21.588  -22.522 0.4000000060
53448  -43.034  -21.034  -22.844 0.4000000060
50443  -37.357  -23.622  -26.427 0.6999999881
51491  -38.658  -22.699  -27.389 0.5000000000
116061  -39.130  -22.935  -26.130 0.5000000000
117877  -32.525  -23.111  -27.979 0.6000000238
52503  -38.122  -21.282  -27.723 0.6000000238
52464  -44.265  -21.083  -24.660 0.4000000060
51497  -33.313  -22.442  -27.587 0.6000000238
51498  -33.757  -21.703  -27.598 0.6000000238
53520  -37.835  -20.616  -27.998 0.6000000238
52479  -44.539  -21.697  -25.338 0.4000000060
123773  -34.268  -22.060  -27.180 0.6000000238
51492  -44.896  -22.227  -25.948 0.4000000060
52492  -44.716  -21.416  -26.172 0.4000000060
52488  -35.188  -21.696  -27.025 0.6000000238
52501  -35.551  -21.041  -27.413 0.6000000238
50460  -45.486  -23.560  -26.237 0.5000000000
51493  -45.285  -22.772  -26.516 0.4000000060
50468  -45.677  -23.316  -27.061 0.5000000000
51500  -45.912  -23.210  -28.048 0.4000000060
50458  -38.960  -23.598  -27.956 0.5000000000
52463  -39.247  -21.123  -24.558 0.5000000000
53465  -39.851  -20.721  -23.647 0.5000000000
117851  -41.236  -20.569  -22.797 0.4000000060
50476  -31.533  -22.669  -28.503 0.6000000238
51496  -32.351  -22.252  -28.303 0.6000000238
52477  -38.630  -21.521  -27.015 0.5000000000
111096  -39.360  -21.841  -24.459 0.5000000000
53446  -41.791  -20.741  -22.656 0.4000000060
53468  -42.932  -20.293  -23.002 0.4000000060
53469  -43.466  -20.767  -23.382 0.4000000060
116657  -31.945  -23.637  -28.165 0.6000000238
53470  -43.933  -20.445  -24.020 0.4000000060
53516  -33.754  -21.007  -28.031 0.6000000238
54562  -37.923  -19.916  -28.084 0.6000000238
53512  -44.627  -20.607  -26.402 0.4000000060
53531  -35.590  -19.957  -28.425 0.6000000238
53533  -37.426  -19.905  -28.390 0.6000000238
53518  -36.092  -20.465  -27.955 0.6000000238
53519  -37.154  -20.519  -28.121 0.6000000238
52493  -45.059  -21.960  -26.803 0.4000000060
52505  -45.167  -21.654  -27.820 0.4000000060
52511  -45.371  -21.642  -28.876 0.3000000119
51499  -45.456  -22.544  -27.420 0.5000000000
51511  -45.800  -22.176  -29.188 0.3000000119
54500  -40.121  -19.857  -23.623 0.5000000000
53467  -41.416  -20.074  -22.872 0.5000000000
54502  -42.729  -19.468  -23.150 0.5000000000
53502  -38.898  -20.477  -25.243 0.5000000000
54542  -39.150  -19.564  -25.029 0.6000000238
54485  -42.198  -20.048  -22.817 0.4000000060
54503  -43.448  -19.879  -23.494 0.4000000060
52510  -32.577  -20.972  -28.523 0.6000000238
53529  -33.166  -20.357  -28.610 0.6000000238
115512  -38.444  -20.587  -27.103 0.6000000238
53486  -44.410  -20.068  -24.782 0.4000000060
118291  -34.109  -20.357  -28.327 0.6000000238
54543  -44.605  -19.990  -25.752 0.3000000119
54569  -35.044  -19.442  -28.831 0.6000000238
55516  -38.151  -19.277  -27.577 0.6000000238
54556  -44.741  -19.781  -26.755 0.3000000119
53517  -34.887  -20.533  -27.873 0.6000000238
52504  -44.771  -21.171  -27.032 0.4000000060
53532  -36.662  -19.913  -28.550 0.6000000238
114503  -37.468  -19.210  -28.584 0.6000000238
53523  -44.952  -21.130  -28.574 0.3000000119
53535  -45.045  -20.946  -29.505 0.3000000119
114541  -45.494  -21.087  -30.000 0.3000000119
54521  -39.791  -19.293  -24.229 0.6000000238
54522  -40.375  -19.162  -23.694 0.5000000000
55458  -41.690  -18.308  -23.421 0.5000000000
54501  -41.758  -19.226  -23.083 0.5000000000
54541  -38.633  -19.950  -25.965 0.6000000238
55460  -43.416  -18.835  -23.541 0.4000000060
54523  -44.559  -19.112  -24.579 0.4000000060
122190  -33.893  -19.696  -28.800 0.6000000238
129085  -44.738  -19.449  -25.175 0.3000000119
54578  -34.437  -18.909  -29.335 0.6000000238
54579  -35.505  -18.751  -29.361 0.6000000238
54580  -36.356  -18.528  -29.373 0.6000000238
55515  -37.815  -19.126  -28.185 0.6000000238
54570  -36.095  -19.331  -28.972 0.6000000238
120798  -44.673  -20.492  -27.165 0.3000000119
54571  -36.987  -19.242  -28.984 0.6000000238
55521  -36.933  -18.254  -29.184 0.6000000238
54564  -44.654  -20.072  -27.823 0.3000000119
53538  -44.750  -20.186  -29.518 0.3000000119
53539  -45.099  -20.309  -30.039 0.3000000119
53544  -45.587  -20.036  -30.210 0.3000000119
55478  -40.257  -18.464  -24.120 0.6000000238
55457  -40.944  -18.728  -23.481 0.5000000000
55459  -42.496  -18.615  -23.314 0.4000000060
124072  -39.264  -18.107  -25.332 0.6000000238
55477  -39.500  -18.671  -24.833 0.6000000238
129318  -44.305  -17.875  -24.193 0.4000000060
55461  -44.196  -18.589  -24.045 0.4000000060
56433  -38.832  -17.954  -25.891 0.6000000238
55479  -44.738  -18.294  -24.552 0.4000000060
55497  -45.016  -18.779  -25.109 0.3000000119
55510  -38.417  -18.380  -26.748 0.6000000238
54544  -45.000  -19.262  -25.837 0.3000000119
121706  -35.809  -18.001  -29.767 0.6000000238
114484  -37.936  -18.391  -27.741 0.6000000238
55517  -45.450  -18.508  -27.463 0.3000000119
128046  -37.497  -18.401  -28.524 0.6000000238
54565  -44.921  -19.259  -27.658 0.3000000119
55523  -44.696  -18.929  -29.402 0.3000000119
54582  -45.076  -19.408  -30.153 0.3000000119
127662  -40.445  -17.873  -24.287 0.6000000238
56401  -40.971  -17.883  -23.857 0.5000000000
57272  -42.476  -17.346  -23.696 0.5000000000
57273  -43.237  -17.223  -23.842 0.4000000060
56403  -43.708  -17.936  -23.830 0.4000000060
56418  -39.927  -17.785  -24.776 0.6000000238
56420  -44.024  -17.233  -24.143 0.4000000060
56421  -44.797  -17.404  -24.574 0.4000000060
55480  -45.288  -18.004  -25.047 0.4000000060
55498  -45.411  -18.510  -25.758 0.3000000119
55530  -34.994  -18.068  -29.772 0.6000000238
56449  -38.698  -17.197  -26.421 0.6000000238
121596  -46.151  -17.457  -26.271 0.3000000119
56477  -34.535  -17.372  -30.174 0.6000000238
120543  -35.407  -17.038  -30.275 0.6000000238
56462  -38.143  -17.343  -27.290 0.6000000238
56450  -46.059  -17.803  -27.223 0.3000000119
55531  -36.214  -17.494  -29.758 0.6000000238
56469  -36.502  -17.004  -29.666 0.6000000238
55522  -37.132  -17.442  -28.970 0.6000000238
56419  -40.645  -17.372  -24.477 0.6000000238
57291  -41.968  -16.943  -23.871 0.4000000060
57292  -42.597  -16.527  -24.105 0.4000000060
56434  -39.403  -17.216  -25.609 0.5000000000
56435  -40.238  -16.898  -25.134 0.5000000000
56422  -45.469  -17.225  -25.121 0.4000000060
125643  -45.949  -17.111  -25.609 0.3000000119
56451  -46.539  -17.043  -26.932 0.3000000119
56485  -35.083  -15.732  -30.862 0.6000000238
57331  -37.802  -16.283  -27.957 0.5000000000
56478  -35.807  -16.258  -30.338 0.6000000238
57336  -36.168  -15.882  -30.054 0.6000000238
56470  -36.759  -16.321  -29.258 0.6000000238
126287  -37.284  -16.669  -28.580 0.6000000238
115468  -36.629  -15.038  -29.589 0.5000000000
57304  -41.398  -15.792  -25.038 0.4000000060
58116  -42.188  -15.756  -24.690 0.3000000119
58117  -43.064  -15.757  -24.653 0.4000000060
57293  -43.556  -16.517  -24.309 0.4000000060
57294  -44.408  -16.605  -24.562 0.3000000119
123435  -39.928  -16.335  -25.794 0.5000000000
58118  -44.003  -15.840  -24.792 0.3000000119
58119  -44.901  -16.027  -24.953 0.3000000119
57295  -45.082  -16.720  -24.854 0.3000000119
57316  -39.351  -16.252  -26.436 0.5000000000
58947  -46.040  -14.893  -25.788 0.3000000119
57305  -45.676  -16.424  -25.336 0.3000000119
57315  -38.588  -16.124  -27.255 0.5000000000
56437  -46.325  -16.675  -26.006 0.3000000119
129214  -38.294  -15.679  -27.958 0.5000000000
57339  -46.328  -16.577  -28.662 0.3000000119
57337  -37.275  -15.590  -28.848 0.5000000000
58132  -41.863  -15.168  -25.393 0.3000000119
126962  -42.588  -15.048  -25.240 0.3000000119
58131  -41.139  -14.917  -26.029 0.3000000119
57303  -40.608  -15.961  -25.476 0.4000000060
58134  -44.554  -15.202  -25.187 0.3000000119
58130  -40.199  -15.323  -26.552 0.3000000119
122007  -45.466  -15.485  -25.380 0.3000000119
58143  -39.450  -15.240  -27.385 0.4000000060
58135  -46.226  -15.787  -25.813 0.3000000119
57317  -46.705  -16.149  -26.628 0.3000000119
58159  -38.787  -14.952  -28.251 0.5000000000
57333  -47.062  -15.831  -28.262 0.3000000119
58158  -38.007  -15.127  -28.675 0.5000000000
58173  -37.734  -14.138  -29.713 0.4000000060
124375  -38.433  -14.203  -29.304 0.5000000000
126303  -42.825  -14.348  -25.600 0.3000000119
58133  -43.526  -14.940  -25.197 0.3000000119
58941  -41.320  -13.900  -26.818 0.3000000119
58145  -40.778  -14.137  -27.185 0.3000000119
58961  -45.723  -14.033  -25.931 0.3000000119
58962  -46.539  -14.344  -26.364 0.3000000119
58144  -40.136  -14.282  -27.726 0.3000000119
117853  -46.697  -15.237  -26.420 0.3000000119
58963  -47.262  -14.710  -26.998 0.3000000119
58160  -39.675  -13.364  -28.425 0.3000000119
123173  -39.526  -14.320  -28.231 0.4000000060
58975  -47.656  -14.131  -27.587 0.3000000119
58974  -39.014  -13.766  -28.984 0.4000000060
58175  -47.257  -15.115  -28.829 0.3000000119
58985  -38.392  -13.212  -29.801 0.4000000060
58996  -46.462  -14.982  -29.729 0.3000000119
58942  -41.999  -14.187  -26.141 0.3000000119
58943  -42.636  -13.599  -26.153 0.3000000119
58944  -43.398  -13.997  -25.676 0.3000000119
58945  -44.235  -14.343  -25.491 0.3000000119
59813  -44.801  -13.777  -25.796 0.3000000119
59827  -45.303  -13.222  -26.180 0.3000000119
59828  -46.230  -13.468  -26.401 0.3000000119
58957  -40.424  -13.441  -27.843 0.3000000119
58958  -40.916  -13.122  -27.401 0.3000000119
118575  -47.594  -13.120  -27.525 0.3000000119
126288  -47.996  -13.669  -28.081 0.3000000119
59847  -47.994  -13.653  -28.821 0.3000000119
58995  -38.250  -12.450  -29.823 0.4000000060
59856  -47.475  -13.577  -29.635 0.3000000119
60677  -47.389  -12.855  -30.082 0.3000000119
59003  -46.598  -14.189  -30.085 0.3000000119
59864  -45.430  -13.574  -31.497 0.3000000119
59811  -43.179  -13.194  -26.150 0.3000000119
59812  -43.948  -13.516  -25.829 0.3000000119
59826  -44.387  -12.997  -26.139 0.3000000119
59824  -42.453  -12.769  -26.575 0.3000000119
123485  -44.867  -12.430  -26.373 0.3000000119
58959  -41.519  -13.317  -26.916 0.3000000119
116170  -45.796  -12.650  -26.477 0.3000000119
59836  -40.169  -12.911  -27.889 0.3000000119
61571  -46.723  -11.417  -27.095 0.3000000119
60660  -47.135  -12.147  -27.222 0.3000000119
59846  -38.776  -12.949  -29.264 0.4000000060
60661  -47.774  -12.192  -27.895 0.3000000119
59834  -38.478  -12.461  -29.405 0.4000000060
60668  -48.146  -12.122  -28.628 0.3000000119
59848  -48.070  -12.782  -29.239 0.3000000119
59860  -46.755  -13.501  -30.319 0.3000000119
59833  -37.997  -12.477  -28.919 0.4000000060
59859  -45.822  -13.871  -30.800 0.3000000119
60684  -45.555  -12.704  -31.775 0.3000000119
59825  -43.667  -12.865  -26.212 0.3000000119
60649  -43.013  -12.412  -26.490 0.3000000119
130295  -41.892  -12.526  -26.721 0.3000000119
60653  -46.219  -11.938  -26.735 0.3000000119
59822  -40.676  -12.775  -27.314 0.3000000119
61578  -47.912  -11.411  -28.255 0.3000000119
61579  -48.255  -11.388  -28.951 0.3000000119
60669  -48.220  -11.988  -29.259 0.3000000119
60678  -47.935  -12.143  -29.841 0.3000000119
60685  -47.299  -12.133  -30.506 0.3000000119
111278  -46.348  -12.951  -30.899 0.3000000119
58956  -37.463  -13.238  -27.972 0.3000000119
61597  -45.215  -12.421  -32.573 0.3000000119
60699  -45.265  -12.801  -33.031 0.3000000119
60648  -42.281  -12.107  -26.584 0.3000000119
60650  -43.846  -12.153  -26.455 0.3000000119
62427  -45.176  -10.792  -26.699 0.3000000119
60652  -45.392  -12.014  -26.542 0.3000000119
60647  -41.726  -12.290  -26.575 0.3000000119
61564  -46.054  -11.048  -26.815 0.3000000119
62436  -46.752  -10.574  -27.303 0.3000000119
62435  -46.352  -9.590  -27.409 0.3000000119
61572  -47.359  -11.398  -27.590 0.3000000119
117422  -47.733  -10.108  -28.393 0.3000000119
63326  -48.137  -10.000  -29.061 0.3000000119
62451  -48.270  -10.708  -29.416 0.3000000119
61594  -47.367  -11.289  -30.718 0.3000000119
62463  -46.602  -11.026  -31.430 0.3000000119
62462  -46.718  -10.192  -31.615 0.3000000119
61593  -46.460  -11.977  -31.216 0.3000000119
61598  -45.704  -11.763  -32.013 0.3000000119
61607  -45.163  -12.043  -33.183 0.3000000119
60705  -45.528  -12.235  -33.537 0.3000000119
61561  -42.841  -11.524  -26.565 0.3000000119
61562  -43.655  -11.178  -26.573 0.3000000119
62426  -44.265  -10.641  -26.633 0.3000000119
60638  -42.079  -11.542  -26.171 0.3000000119
111755  -42.979  -10.689  -26.510 0.3000000119
121123  -43.178  -9.973  -26.489 0.3000000119
123757  -45.791  -10.184  -26.946 0.3000000119
60637  -41.467  -12.038  -25.893 0.3000000119
63316  -47.183  -9.843  -27.845 0.3000000119
59810  -40.807  -12.577  -25.873 0.3000000119
63340  -48.165  -9.903  -29.957 0.3000000119
62459  -48.105  -10.850  -30.174 0.3000000119
62458  -47.529  -10.237  -30.866 0.3000000119
63343  -46.258  -9.755  -32.139 0.3000000119
62471  -44.974  -10.745  -33.092 0.3000000119
62419  -42.654  -10.097  -26.111 0.3000000119
61547  -41.947  -10.951  -25.380 0.3000000119
121210  -42.136  -10.231  -25.487 0.3000000119
61546  -41.474  -11.154  -24.681 0.3000000119
60630  -41.708  -11.484  -25.353 0.3000000119
61554  -42.430  -10.837  -26.075 0.3000000119
128222  -41.080  -12.419  -24.969 0.3000000119
60629  -41.313  -11.841  -24.738 0.3000000119
52491  -38.070  -21.915  -27.631 0.6999999881
49489  -32.018  -24.424  -27.855 0.6000000238
46729  -33.029  -27.616  -25.692 0.6999999881
23366  -39.613  -53.225  -19.985 0.3000000119
24194  -39.244  -52.745  -19.644 0.3000000119
24196  -40.875  -51.957  -20.499 0.3000000119
24203  -41.648  -52.212  -21.206 0.4000000060
118975  -41.462  -51.443  -21.269 0.4000000060
25034  -41.573  -51.313  -21.872 0.4000000060
26655  -41.016  -49.552  -21.800 0.4000000060
27497  -41.107  -48.943  -22.130 0.4000000060
27504  -41.213  -48.554  -22.879 0.4000000060
28360  -39.270  -47.360  -22.625 0.4000000060
27503  -40.892  -47.959  -22.618 0.4000000060
29228  -38.231  -47.144  -22.786 0.4000000060
30182  -35.627  -44.801  -23.213 0.4000000060
30050  -37.518  -45.188  -12.545 0.3000000119
124761  -38.927  -44.038  -12.857 0.3000000119
31068  -35.615  -44.268  -23.494 0.5000000000
111152  -40.402  -42.204  -13.373 0.3000000119
126130  -40.255  -41.494  -13.581 0.3000000119
31903  -36.026  -43.065  -24.298 0.5000000000
32717  -35.419  -42.512  -23.804 0.5000000000
34449  -42.588  -41.253  -21.294 0.3000000119
34448  -41.959  -41.265  -20.793 0.3000000119
34458  -42.898  -41.575  -21.844 0.3000000119
34486  -35.696  -40.495  -24.374 0.6000000238
34469  -42.442  -41.512  -22.541 0.4000000060
34492  -37.361  -40.659  -25.257 0.6000000238
35383  -42.459  -40.921  -23.003 0.4000000060
34481  -43.428  -41.838  -23.868 0.4000000060
112740  -43.380  -39.811  -24.047 0.4000000060
35400  -44.347  -40.296  -25.463 0.4000000060
119488  -45.132  -41.549  -27.264 0.4000000060
37017  -28.783  -37.933  -22.439 0.4000000060
37018  -29.825  -37.926  -22.319 0.5000000000
37030  -30.281  -37.174  -22.833 0.5000000000
37048  -38.613  -37.923  -26.175 0.6999999881
111561  -45.633  -37.827  -27.937 0.4000000060
118263  -38.164  -36.806  -25.570 0.6999999881
37059  -45.357  -36.970  -27.586 0.4000000060
38802  -30.416  -35.339  -24.329 0.5000000000
37876  -30.721  -36.079  -24.050 0.5000000000
39699  -31.635  -34.448  -25.411 0.6000000238
116232  -37.331  -35.872  -24.698 0.8000000119
38804  -36.937  -35.283  -24.874 0.8000000119
37891  -37.902  -36.307  -26.045 0.6999999881
37903  -45.418  -36.381  -27.692 0.4000000060
40603  -32.400  -33.166  -26.105 0.8000000119
108798  -44.632  -34.673  -27.993 0.4000000060
42778  -32.944  -31.699  -26.330 0.6999999881
39701  -35.072  -34.579  -25.516 0.8000000119
41648  -33.245  -32.306  -26.068 0.6999999881
127347  -34.169  -33.830  -25.460 0.8000000119
41667  -43.926  -32.856  -28.238 0.3000000119
44653  -42.487  -28.966  -25.272 0.4000000060
44663  -42.547  -29.395  -25.901 0.4000000060
44680  -42.568  -30.165  -27.597 0.4000000060
43742  -42.334  -30.589  -28.731 0.4000000060
125450  -42.568  -27.863  -23.606 0.4000000060
45686  -43.905  -28.430  -23.272 0.4000000060
46683  -44.010  -27.523  -22.879 0.5000000000
47628  -42.157  -27.203  -23.308 0.5000000000
48502  -42.693  -25.941  -22.593 0.4000000060
47616  -44.154  -26.624  -22.817 0.5000000000
129251  -44.932  -28.294  -23.329 0.4000000060
48500  -41.069  -25.158  -22.758 0.5000000000
48501  -41.817  -25.565  -22.596 0.4000000060
47648  -45.917  -26.423  -24.518 0.5000000000
48537  -45.944  -25.691  -25.150 0.5000000000
49473  -46.131  -25.209  -25.973 0.5000000000
49483  -46.248  -24.774  -26.699 0.5000000000
48557  -27.925  -25.296  -26.817 0.5000000000
130379  -46.052  -23.772  -27.461 0.5000000000
51509  -46.095  -22.833  -28.996 0.4000000060
50465  -28.527  -23.168  -27.674 0.6000000238
50466  -29.465  -23.548  -27.994 0.6000000238
50475  -31.079  -23.312  -28.382 0.6000000238
51512  -46.308  -22.447  -29.792 0.3000000119
51506  -30.290  -21.745  -28.783 0.6000000238
51507  -31.309  -21.691  -28.790 0.6000000238
124409  -32.154  -21.539  -28.564 0.6000000238
52514  -46.131  -21.686  -30.082 0.3000000119
129914  -46.920  -20.859  -30.311 0.3000000119
53528  -31.827  -20.245  -29.060 0.6000000238
54568  -32.492  -19.609  -29.134 0.6000000238
55529  -33.883  -18.117  -29.770 0.6000000238
56484  -34.421  -16.382  -30.702 0.6000000238
57343  -35.304  -15.347  -30.782 0.6000000238
126673  -35.608  -15.460  -30.522 0.6000000238
57351  -34.117  -15.190  -31.298 0.6000000238
58172  -35.779  -14.891  -30.226 0.5000000000
58984  -37.924  -12.864  -30.068 0.4000000060
112819  -37.352  -12.709  -29.981 0.4000000060
58973  -37.292  -12.652  -29.342 0.4000000060
63344  -47.228  -9.289  -31.526 0.3000000119
63354  -44.971  -9.880  -33.230 0.3000000119
62481  -44.725  -10.313  -33.801 0.3000000119
61616  -45.150  -11.644  -33.760 0.3000000119
60617  -40.683  -12.306  -23.891 0.3000000119
35413  -45.535  -40.085  -27.884 0.4000000060
46720  -45.929  -27.034  -24.141 0.5000000000
25798  -37.389  -50.209  -18.514 0.3000000119
26623  -37.462  -49.510  -18.846 0.3000000119
26644  -39.451  -48.963  -20.439 0.4000000060
27467  -37.082  -48.904  -18.882 0.3000000119
30160  -35.623  -45.278  -21.844 0.4000000060
27418  -35.093  -48.690  -14.310 0.3000000119
29193  -36.371  -46.661  -19.535 0.4000000060
29166  -34.494  -46.409  -16.201 0.3000000119
32711  -34.959  -42.769  -22.965 0.4000000060
33436  -39.608  -41.836  -13.384 0.3000000119
130518  -37.133  -42.190  -13.440 0.3000000119
34362  -37.098  -40.940  -14.134 0.3000000119
35305  -39.214  -39.439  -16.345 0.3000000119
112532  -40.554  -40.075  -18.290 0.3000000119
34360  -35.816  -40.754  -14.792 0.3000000119
34378  -35.345  -40.361  -15.453 0.3000000119
34380  -37.117  -39.966  -14.929 0.3000000119
35366  -42.376  -40.688  -20.157 0.3000000119
126756  -35.092  -39.375  -16.557 0.3000000119
35302  -36.323  -38.973  -16.074 0.3000000119
125103  -34.289  -38.598  -21.599 0.6000000238
34457  -42.073  -41.453  -21.748 0.4000000060
36214  -34.902  -38.606  -23.687 0.6000000238
36138  -35.072  -38.571  -17.633 0.3000000119
35393  -42.978  -41.000  -23.690 0.4000000060
36225  -37.404  -38.354  -25.200 0.6999999881
37806  -36.861  -36.942  -17.855 0.4000000060
36194  -42.064  -38.389  -21.748 0.4000000060
38754  -35.719  -35.656  -19.717 0.6000000238
122855  -35.934  -36.189  -23.617 0.6999999881
37047  -38.151  -37.586  -25.506 0.6999999881
125008  -35.941  -34.864  -20.638 0.6000000238
37041  -44.218  -37.212  -24.636 0.4000000060
37883  -36.113  -36.699  -24.232 0.6999999881
120154  -44.767  -37.960  -25.817 0.4000000060
37058  -45.002  -37.002  -26.634 0.4000000060
39647  -36.404  -34.410  -20.597 0.6000000238
37878  -36.766  -35.895  -24.013 0.6999999881
37039  -37.695  -37.007  -24.990 0.6999999881
39662  -36.996  -33.792  -21.032 0.6000000238
39650  -42.091  -34.682  -20.867 0.5000000000
38796  -36.605  -35.213  -23.599 0.6999999881
40580  -35.848  -33.820  -23.924 0.6999999881
41620  -35.933  -32.461  -23.120 0.6000000238
118459  -35.270  -31.151  -23.380 0.6000000238
40578  -34.213  -33.162  -25.110 0.6999999881
127192  -34.760  -33.873  -25.103 0.6999999881
40608  -44.644  -33.820  -27.806 0.4000000060
40607  -44.158  -33.545  -28.328 0.3000000119
42728  -38.174  -30.870  -21.924 0.6000000238
42706  -38.817  -31.113  -21.327 0.6000000238
42763  -33.294  -31.716  -25.977 0.6999999881
41664  -33.617  -32.889  -25.624 0.8000000119
42743  -42.660  -31.777  -23.856 0.3000000119
41650  -42.762  -32.460  -26.377 0.3000000119
41651  -42.880  -32.681  -28.041 0.3000000119
118004  -40.511  -30.357  -21.268 0.5000000000
125186  -30.582  -30.096  -26.499 0.6999999881
46733  -41.202  -28.880  -28.194 0.5000000000
42779  -41.313  -30.605  -28.592 0.4000000060
42764  -41.652  -31.160  -27.449 0.4000000060
130547  -40.881  -29.486  -22.977 0.5000000000
47627  -41.498  -26.863  -23.658 0.5000000000
47670  -32.903  -26.771  -26.065 0.6999999881
49443  -44.579  -24.416  -23.867 0.5000000000
117249  -44.067  -24.222  -23.459 0.4000000060
47629  -44.743  -26.431  -23.220 0.5000000000
113398  -27.990  -27.819  -26.188 0.5000000000
116249  -42.325  -24.975  -22.492 0.4000000060
49429  -41.122  -24.298  -22.540 0.4000000060
47668  -28.909  -26.411  -26.800 0.5000000000
128329  -31.396  -25.537  -27.679 0.6999999881
48548  -35.924  -24.932  -25.016 0.6999999881
50442  -36.499  -23.536  -25.933 0.6999999881
49486  -29.010  -24.092  -27.555 0.5000000000
49482  -39.274  -24.934  -28.077 0.6000000238
51466  -39.207  -22.507  -24.968 0.5000000000
51456  -40.137  -22.269  -23.318 0.4000000060
49469  -36.723  -24.209  -25.710 0.6999999881
51490  -38.152  -22.657  -27.423 0.6999999881
52490  -36.990  -21.598  -27.285 0.6000000238
52452  -40.369  -21.315  -23.153 0.4000000060
52478  -38.783  -21.324  -25.724 0.5000000000
109874  -38.372  -21.869  -27.474 0.6000000238
116989  -38.330  -21.264  -27.559 0.6999999881
53521  -38.168  -20.706  -27.773 0.6000000238
53503  -44.519  -20.808  -25.518 0.4000000060
52500  -34.555  -21.333  -27.464 0.6000000238
51508  -45.627  -22.348  -28.376 0.4000000060
53485  -39.490  -20.160  -24.345 0.6000000238
53466  -40.672  -20.432  -23.078 0.4000000060
53501  -38.609  -20.770  -26.202 0.6000000238
121362  -40.856  -19.555  -23.234 0.5000000000
54555  -38.423  -19.521  -26.786 0.6000000238
54557  -45.233  -18.927  -26.654 0.3000000119
53534  -44.727  -20.479  -28.713 0.3000000119
53540  -45.971  -20.855  -30.192 0.3000000119
55496  -38.819  -18.870  -25.741 0.6000000238
54572  -44.664  -19.598  -28.812 0.3000000119
56436  -45.730  -17.753  -25.661 0.4000000060
55511  -45.741  -18.189  -26.485 0.3000000119
56461  -37.595  -17.472  -28.122 0.6000000238
117607  -44.969  -18.748  -28.501 0.3000000119
127196  -41.349  -17.141  -24.140 0.5000000000
120725  -41.734  -16.424  -24.342 0.4000000060
57290  -40.983  -16.598  -24.736 0.4000000060
57332  -46.791  -16.477  -27.638 0.3000000119
58946  -45.157  -14.613  -25.539 0.3000000119
58161  -47.156  -15.610  -27.261 0.3000000119
58986  -47.794  -14.352  -28.366 0.3000000119
130008  -45.552  -14.698  -30.635 0.3000000119
59829  -47.099  -13.788  -26.906 0.3000000119
58960  -41.981  -13.097  -26.745 0.3000000119
59837  -46.715  -12.852  -26.843 0.3000000119
60690  -45.299  -13.314  -32.345 0.3000000119
60651  -44.645  -11.538  -26.547 0.3000000119
59823  -41.308  -12.731  -26.954 0.3000000119
61563  -45.497  -11.470  -26.634 0.3000000119
61608  -45.179  -11.561  -32.756 0.3000000119
63304  -44.781  -9.888  -26.847 0.3000000119
129879  -47.897  -9.382  -29.346 0.3000000119
64219  -47.771  -9.208  -30.640 0.3000000119
62472  -45.792  -10.736  -32.218 0.3000000119
126110  -44.990  -11.431  -33.344 0.3000000119
61619  -45.735  -11.653  -34.155 0.3000000119
62425  -43.557  -10.485  -26.585 0.3000000119
63302  -43.428  -9.264  -26.607 0.3000000119
59800  -40.556  -12.984  -24.621 0.3000000119
63355  -45.667  -9.376  -32.691 0.3000000119
61530  -40.918  -11.402  -24.020 0.3000000119
37885  -37.764  -36.334  -25.179 0.6999999881
38822  -35.777  -35.298  -25.999 0.8000000119
40605  -33.626  -33.592  -25.635 0.8000000119
112024  -44.265  -28.946  -23.618 0.4000000060
58181  -35.246  -14.836  -30.855 0.5000000000
128869  -42.633  -27.316  -23.039 0.4000000060
45665  -43.341  -27.985  -23.168 0.4000000060
106534  -48.115  -28.160  -27.689 0.3000000119
47673  -47.372  -27.092  -26.797 0.4000000060
129364  -48.405  -28.223  -28.377 0.3000000119
46721  -46.403  -27.060  -24.823 0.4000000060
47649  -46.350  -26.447  -25.225 0.4000000060
122862  -48.759  -28.402  -29.157 0.3000000119
48564  -47.082  -26.210  -27.165 0.4000000060
106533  -47.866  -27.355  -28.052 0.3000000119
46681  -42.672  -26.839  -22.769 0.3000000119
48538  -46.588  -26.137  -26.068 0.4000000060
48577  -46.793  -24.721  -28.306 0.3000000119
48572  -46.771  -25.299  -27.544 0.4000000060
49495  -47.438  -25.070  -29.409 0.3000000119
128567  -47.274  -25.453  -28.546 0.3000000119
48563  -46.539  -25.490  -26.655 0.4000000060
50481  -47.599  -24.034  -30.254 0.3000000119
50480  -47.116  -24.016  -29.727 0.3000000119
50477  -46.459  -23.577  -28.913 0.3000000119
50474  -29.769  -22.870  -28.390 0.5000000000
51513  -47.010  -23.270  -30.092 0.3000000119
50473  -28.710  -22.682  -28.116 0.5000000000
52498  -28.563  -20.616  -28.366 0.5000000000
51504  -28.597  -21.999  -28.302 0.5000000000
52508  -28.926  -20.901  -28.858 0.5000000000
52509  -29.942  -20.832  -29.217 0.5000000000
51515  -46.900  -22.490  -30.238 0.3000000119
110797  -46.592  -23.208  -29.566 0.3000000119
53527  -30.140  -19.935  -29.374 0.5000000000
54576  -31.478  -18.712  -29.487 0.5000000000
55526  -29.945  -17.979  -29.198 0.5000000000
129807  -30.633  -16.925  -29.585 0.5000000000
54575  -30.227  -18.205  -29.373 0.5000000000
55537  -31.407  -17.046  -29.883 0.4000000060
56467  -30.009  -17.666  -29.037 0.5000000000
55520  -29.614  -18.415  -28.953 0.5000000000
122900  -32.446  -16.834  -30.179 0.5000000000
57335  -30.858  -15.864  -29.428 0.4000000060
57349  -32.047  -15.066  -30.842 0.5000000000
57326  -30.806  -16.293  -28.932 0.4000000060
58154  -31.196  -15.289  -29.187 0.4000000060
57350  -33.032  -14.793  -31.341 0.5000000000
58169  -31.204  -14.965  -29.824 0.4000000060
56458  -32.325  -17.015  -27.975 0.4000000060
58170  -31.648  -14.408  -29.667 0.5000000000
57327  -31.651  -16.064  -28.555 0.4000000060
58999  -33.264  -13.778  -31.089 0.4000000060
58155  -32.222  -15.024  -28.772 0.5000000000
58180  -32.241  -13.838  -30.435 0.4000000060
57328  -32.682  -16.200  -28.218 0.3000000119
58969  -33.760  -13.807  -29.730 0.4000000060
58994  -35.312  -14.364  -30.473 0.4000000060
57329  -33.694  -15.865  -28.105 0.3000000119
58970  -34.410  -14.221  -29.088 0.3000000119
123754  -35.706  -13.840  -29.556 0.3000000119
114817  -35.636  -13.989  -30.015 0.3000000119
57330  -34.835  -16.040  -27.541 0.3000000119
58141  -35.279  -15.074  -27.789 0.3000000119
58983  -36.606  -13.787  -29.711 0.3000000119
58971  -35.167  -14.272  -28.866 0.3000000119
58972  -36.552  -13.355  -29.582 0.3000000119
127361  -35.813  -15.088  -27.291 0.3000000119
58954  -35.901  -14.095  -28.401 0.3000000119
58955  -36.705  -13.548  -28.310 0.3000000119
52497  -28.177  -21.233  -28.061 0.5000000000
44693  -48.628  -29.687  -27.096 0.3000000119
46734  -46.851  -27.083  -25.757 0.4000000060
53515  -28.940  -19.893  -28.559 0.5000000000
117095  -29.084  -19.557  -28.310 0.4000000060
56456  -29.821  -17.998  -28.743 0.5000000000
48517  -41.294  -25.992  -23.104 0.4000000060
47615  -43.405  -26.708  -22.701 0.4000000060
54577  -33.136  -18.906  -29.396 0.5000000000
45685  -42.999  -28.617  -23.961 0.4000000060
47614  -41.980  -26.432  -22.831 0.3000000119
45687  -45.857  -28.164  -23.862 0.4000000060
50469  -46.410  -23.965  -28.136 0.3000000119
51505  -29.355  -21.850  -28.581 0.5000000000
110065  -31.309  -20.900  -29.028 0.5000000000
56475  -32.435  -17.863  -29.796 0.5000000000
56476  -33.526  -17.138  -30.254 0.5000000000
56483  -33.084  -15.889  -30.749 0.5000000000
59000  -34.331  -14.052  -31.214 0.4000000060
107723  -48.696  -29.174  -27.691 0.3000000119
121169  -47.619  -28.031  -26.564 0.4000000060
45714  -46.966  -27.928  -25.311 0.4000000060
46701  -46.239  -27.652  -24.314 0.4000000060
48573  -47.522  -26.252  -28.273 0.3000000119
117790  -46.817  -24.249  -28.900 0.3000000119
50464  -28.207  -22.820  -27.297 0.5000000000
52496  -28.147  -21.579  -27.852 0.5000000000
52507  -28.361  -21.228  -28.360 0.5000000000
53526  -28.990  -19.976  -28.984 0.5000000000
111986  -29.362  -19.277  -29.120 0.5000000000
122022  -31.139  -19.511  -29.386 0.5000000000
54567  -30.103  -19.019  -29.306 0.5000000000
54566  -29.574  -18.674  -29.093 0.5000000000
54561  -29.257  -19.194  -28.787 0.5000000000
57348  -31.332  -15.477  -30.244 0.4000000060
55528  -31.121  -17.830  -29.595 0.4000000060
58185  -32.380  -14.270  -31.019 0.5000000000
58993  -34.846  -14.029  -30.711 0.3000000119
45701  -46.512  -28.384  -24.515 0.4000000060
38819  -33.293  -35.310  -25.651 0.6999999881
39715  -34.981  -35.149  -25.845 0.6999999881
108179  -34.189  -34.425  -25.596 0.6999999881
39714  -33.810  -34.469  -25.644 0.6999999881
39713  -33.331  -34.492  -25.687 0.6999999881
40594  -32.805  -33.789  -25.858 0.6999999881
40604  -33.452  -33.716  -25.706 0.6999999881
41662  -32.952  -33.121  -26.091 0.6999999881
43728  -43.380  -30.438  -25.927 0.3000000119
42765  -43.185  -31.056  -27.373 0.3000000119
43715  -44.291  -30.562  -24.875 0.3000000119
44656  -44.900  -29.362  -23.788 0.3000000119
41663  -33.221  -32.948  -25.957 0.6999999881
107991  -42.794  -29.806  -26.289 0.3000000119
44655  -43.710  -29.713  -24.580 0.3000000119
43709  -44.776  -30.061  -24.216 0.3000000119
44665  -46.554  -29.636  -24.601 0.3000000119
43717  -46.299  -30.414  -24.655 0.3000000119
124034  -32.911  -32.332  -26.311 0.6000000238
44654  -43.087  -29.145  -24.580 0.3000000119
107953  -43.627  -28.972  -23.872 0.3000000119
44657  -45.895  -28.964  -24.045 0.3000000119
128780  -46.737  -29.017  -24.662 0.3000000119
45702  -47.227  -28.787  -25.275 0.3000000119
46682  -43.129  -27.380  -22.868 0.3000000119
111908  -36.300  -35.850  -26.542 0.6999999881
37899  -35.993  -36.319  -26.853 0.6999999881
37890  -32.593  -36.669  -25.466 0.6999999881
110818  -35.390  -35.769  -26.221 0.6999999881
38821  -34.550  -35.184  -25.770 0.6999999881
38811  -32.550  -35.669  -25.460 0.6999999881
39700  -32.520  -34.649  -25.609 0.6999999881
42782  -43.521  -31.976  -27.915 0.3000000119
43729  -43.933  -31.053  -25.811 0.3000000119
43716  -45.286  -30.590  -24.506 0.3000000119
42752  -45.821  -31.263  -24.852 0.3000000119
43718  -47.286  -30.208  -25.225 0.3000000119
44666  -47.333  -29.482  -25.275 0.3000000119
123196  -47.829  -29.367  -26.036 0.3000000119
45715  -47.800  -28.838  -26.323 0.3000000119
44664  -45.637  -29.830  -24.232 0.3000000119
30190  -38.767  -45.190  -25.712 0.4000000060
31076  -38.934  -44.366  -26.148 0.4000000060
31072  -38.051  -44.621  -25.315 0.4000000060
30186  -36.691  -45.198  -24.068 0.4000000060
31077  -39.508  -44.038  -27.026 0.4000000060
33558  -35.913  -41.258  -24.459 0.5000000000
109691  -36.747  -42.768  -24.774 0.4000000060
31904  -36.850  -43.487  -24.700 0.4000000060
31909  -37.457  -42.996  -25.228 0.4000000060
126526  -37.007  -44.445  -24.582 0.4000000060
32720  -37.419  -42.155  -25.259 0.5000000000
119280  -39.056  -43.619  -26.406 0.4000000060
32719  -36.193  -42.137  -24.537 0.4000000060
33559  -36.816  -41.364  -24.919 0.5000000000
31910  -38.568  -42.802  -26.023 0.5000000000
31081  -39.345  -43.537  -27.570 0.5000000000
33565  -37.713  -41.324  -25.425 0.5000000000
33566  -38.618  -41.679  -26.102 0.5000000000
31915  -39.486  -42.878  -27.629 0.5000000000
31084  -37.976  -43.992  -27.729 0.5000000000
31083  -36.764  -44.180  -27.484 0.5000000000
32726  -39.448  -42.493  -27.363 0.5000000000
34493  -38.324  -40.737  -25.791 0.6000000238
31918  -38.755  -43.321  -28.017 0.5000000000
33581  -38.961  -41.484  -27.510 0.5000000000
32729  -38.748  -42.485  -27.975 0.5000000000
31916  -36.259  -43.377  -27.349 0.6000000238
31917  -37.388  -43.379  -27.784 0.5000000000
32725  -35.719  -42.598  -27.095 0.5000000000
112923  -37.982  -39.966  -25.571 0.6000000238
33574  -39.240  -41.683  -27.154 0.6000000238
116005  -38.732  -40.034  -26.193 0.6000000238
33580  -38.663  -41.644  -27.801 0.5000000000
109319  -36.811  -42.646  -27.720 0.6000000238
33578  -36.262  -41.818  -27.585 0.6000000238
33573  -35.185  -41.768  -26.908 0.5000000000
127107  -32.963  -41.955  -25.476 0.5000000000
32722  -33.286  -42.417  -25.661 0.5000000000
33572  -34.180  -41.688  -26.436 0.5000000000
33564  -33.368  -41.625  -25.929 0.5000000000
35381  -31.590  -39.692  -22.556 0.4000000060
34498  -38.968  -40.749  -27.270 0.6000000238
115811  -31.891  -38.770  -23.992 0.5000000000
35406  -38.868  -39.407  -26.702 0.6000000238
34506  -38.675  -40.746  -27.608 0.5000000000
35390  -31.873  -39.356  -23.424 0.5000000000
35420  -38.660  -39.745  -27.349 0.6000000238
117457  -37.960  -40.894  -27.817 0.6000000238
35396  -32.291  -39.549  -24.475 0.5000000000
115772  -36.787  -40.996  -27.821 0.6000000238
117007  -35.638  -40.998  -27.472 0.6000000238
33557  -32.637  -41.791  -25.058 0.5000000000
33577  -34.671  -40.958  -26.877 0.5000000000
34496  -33.811  -40.888  -26.383 0.5000000000
129950  -31.130  -39.370  -22.008 0.4000000060
36203  -31.284  -38.895  -22.514 0.5000000000
128639  -30.430  -40.991  -21.219 0.4000000060
37031  -31.586  -37.920  -24.059 0.5000000000
35405  -38.526  -39.271  -25.892 0.6000000238
36216  -32.146  -38.631  -24.747 0.5000000000
36233  -38.599  -38.816  -27.151 0.6000000238
34505  -37.261  -40.110  -27.764 0.6000000238
34504  -36.101  -40.211  -27.683 0.6000000238
35418  -36.614  -39.356  -27.697 0.6000000238
33563  -32.868  -41.401  -25.532 0.5000000000
34503  -35.110  -40.228  -27.336 0.6000000238
34491  -33.096  -40.713  -25.869 0.5000000000
35408  -33.159  -39.902  -25.965 0.5000000000
123633  -31.079  -37.658  -23.211 0.5000000000
35370  -30.579  -39.725  -21.687 0.4000000060
37036  -31.575  -37.233  -24.470 0.5000000000
37044  -31.927  -36.975  -25.030 0.5000000000
119554  -32.003  -37.775  -24.930 0.5000000000
37045  -32.398  -37.453  -25.348 0.5000000000
118631  -38.127  -37.686  -27.328 0.6000000238
37057  -38.480  -38.056  -26.906 0.6000000238
36224  -32.618  -38.317  -25.537 0.5000000000
36217  -32.520  -39.355  -25.243 0.5000000000
109070  -37.536  -37.690  -27.596 0.6000000238
111272  -36.082  -38.780  -27.563 0.6000000238
34485  -32.587  -40.854  -25.242 0.5000000000
35417  -35.595  -39.475  -27.504 0.5000000000
35403  -32.782  -40.068  -25.532 0.5000000000
113985  -33.608  -40.096  -26.352 0.5000000000
120535  -31.017  -36.954  -23.738 0.5000000000
115155  -33.165  -36.096  -25.644 0.6000000238
37052  -32.848  -37.443  -25.686 0.5000000000
37901  -37.571  -36.499  -26.754 0.6000000238
36240  -37.012  -38.358  -27.703 0.6000000238
125500  -33.281  -37.834  -25.992 0.5000000000
37063  -36.766  -37.446  -27.551 0.6000000238
36231  -33.187  -38.607  -26.017 0.5000000000
36238  -35.313  -38.701  -27.293 0.5000000000
35409  -33.557  -39.222  -26.288 0.5000000000
118665  -34.436  -38.701  -26.776 0.5000000000
36202  -30.798  -38.075  -22.559 0.4000000060
37882  -31.375  -36.512  -24.521 0.4000000060
35380  -30.431  -38.814  -21.996 0.4000000060
113452  -33.888  -35.976  -25.769 0.6000000238
37896  -33.469  -36.861  -25.854 0.6000000238
37906  -36.467  -36.799  -27.272 0.6000000238
37053  -34.074  -37.410  -26.219 0.5000000000
36232  -33.807  -38.285  -26.317 0.5000000000
37055  -35.688  -36.874  -26.980 0.6000000238
114647  -34.482  -37.841  -26.601 0.5000000000
38803  -31.182  -35.682  -24.694 0.4000000060
38810  -31.775  -35.231  -25.228 0.5000000000
38820  -33.989  -35.184  -25.720 0.6000000238
37897  -34.424  -36.586  -26.103 0.6000000238
37898  -35.252  -36.395  -26.447 0.5000000000
34476  -32.352  -40.711  -23.995 0.5000000000
35397  -32.500  -40.097  -25.069 0.5000000000
31901  -36.088  -43.927  -24.108 0.4000000060
36227  -38.715  -38.629  -26.440 0.6000000238
38805  -37.442  -35.787  -25.555 0.6000000238
38823  -37.188  -35.951  -26.420 0.6000000238
37900  -36.807  -36.382  -26.983 0.6000000238
112748  -34.666  -35.851  -25.946 0.6000000238
37889  -31.883  -36.128  -25.099 0.5000000000
120085  -39.232  -42.345  -26.793 0.5000000000
32730  -39.214  -42.304  -27.681 0.5000000000
33579  -37.628  -41.891  -27.883 0.6000000238
129029  -38.369  -39.416  -27.578 0.6000000238
35416  -34.756  -39.485  -27.108 0.5000000000
36241  -37.986  -38.301  -27.614 0.6000000238
35410  -34.102  -39.551  -26.661 0.5000000000
37907  -37.461  -36.976  -27.330 0.6000000238
36239  -36.058  -38.018  -27.487 0.6000000238
37062  -36.040  -37.291  -27.343 0.6000000238
37061  -35.241  -37.742  -27.082 0.6000000238
37054  -34.901  -37.105  -26.562 0.5000000000
34480  -42.837  -41.700  -23.196 0.3000000119
33532  -42.673  -41.686  -22.289 0.3000000119
33555  -44.269  -42.098  -23.761 0.3000000119
33561  -44.403  -42.184  -24.504 0.3000000119
34482  -44.647  -41.237  -23.243 0.3000000119
33556  -44.762  -42.123  -24.417 0.3000000119
34495  -45.634  -42.246  -25.784 0.3000000119
34488  -44.222  -41.580  -25.175 0.3000000119
34494  -44.593  -42.227  -25.515 0.3000000119
33562  -44.935  -42.453  -25.036 0.3000000119
33571  -45.974  -42.676  -27.008 0.3000000119
35412  -44.535  -41.607  -26.091 0.3000000119
33575  -45.726  -42.825  -27.584 0.3000000119
37908  -46.090  -36.805  -27.950 0.3000000119
38825  -46.147  -35.713  -27.611 0.3000000119
120626  -45.085  -35.029  -28.020 0.3000000119
39719  -45.738  -34.931  -27.479 0.3000000119
38824  -45.322  -35.796  -27.764 0.3000000119
39718  -44.590  -34.283  -28.096 0.3000000119
31085  -38.993  -44.247  -27.781 0.4000000060
34470  -43.318  -41.781  -22.526 0.3000000119
35395  -45.339  -40.335  -23.636 0.3000000119
30196  -37.787  -44.866  -27.582 0.4000000060
115914  -45.797  -39.628  -24.161 0.3000000119
34490  -46.401  -40.883  -25.586 0.3000000119
34500  -45.516  -42.486  -28.008 0.3000000119
119221  -45.558  -41.314  -28.650 0.3000000119
37065  -45.806  -37.229  -28.022 0.3000000119
37068  -46.153  -38.167  -28.486 0.3000000119
37069  -47.503  -38.615  -28.672 0.3000000119
37066  -46.907  -37.673  -28.208 0.3000000119
38828  -46.440  -36.395  -27.766 0.3000000119
35401  -45.742  -40.650  -24.454 0.3000000119
120904  -46.711  -41.593  -26.843 0.3000000119
25040  -26.895  -51.853  -22.878 0.4000000060
128224  -27.267  -51.134  -23.005 0.3000000119
26662  -27.902  -49.928  -22.809 0.3000000119
26673  -28.055  -49.100  -23.449 0.3000000119
31070  -32.494  -44.076  -24.066 0.4000000060
31073  -32.732  -43.878  -24.633 0.4000000060
115250  -32.441  -44.913  -23.754 0.4000000060
30184  -32.777  -45.610  -24.140 0.4000000060
32716  -32.439  -42.646  -23.920 0.4000000060
32718  -32.590  -42.594  -24.704 0.4000000060
31902  -32.537  -43.318  -24.368 0.4000000060
32721  -32.849  -42.534  -25.225 0.4000000060
31907  -33.194  -43.169  -25.441 0.4000000060
31908  -33.764  -43.802  -25.701 0.4000000060
31913  -34.496  -43.572  -26.187 0.4000000060
124055  -33.289  -44.862  -25.072 0.4000000060
31075  -33.761  -44.632  -25.523 0.4000000060
32694  -29.640  -42.294  -21.171 0.3000000119
112877  -32.511  -41.910  -24.312 0.4000000060
32724  -34.618  -42.607  -26.436 0.4000000060
33529  -30.512  -41.646  -20.942 0.3000000119
31912  -33.818  -42.972  -25.903 0.4000000060
109971  -32.076  -40.197  -23.276 0.4000000060
30181  -32.676  -45.715  -23.327 0.4000000060
31899  -32.431  -43.404  -23.562 0.4000000060
31071  -32.776  -44.712  -24.540 0.4000000060
31074  -33.127  -44.041  -25.138 0.4000000060
25843  -41.028  -49.175  -22.521 0.3000000119
27513  -41.490  -48.595  -24.059 0.3000000119
28361  -40.501  -47.534  -22.972 0.3000000119
28370  -39.836  -47.293  -23.469 0.3000000119
29243  -39.957  -47.473  -25.677 0.3000000119
27528  -39.819  -47.894  -26.299 0.3000000119
27527  -39.355  -48.269  -26.300 0.3000000119
29247  -39.419  -46.722  -26.493 0.3000000119
29252  -39.370  -47.131  -26.654 0.3000000119
28385  -38.477  -47.703  -26.545 0.3000000119
30191  -39.256  -45.878  -26.205 0.3000000119
30195  -39.494  -45.661  -27.044 0.3000000119
29251  -39.332  -46.301  -27.155 0.3000000119
119520  -39.401  -44.974  -26.742 0.3000000119
30198  -39.276  -45.569  -27.396 0.3000000119
29239  -38.838  -47.082  -23.489 0.3000000119
112847  -39.357  -44.707  -27.348 0.3000000119
28378  -41.474  -48.097  -24.539 0.3000000119
24223  -26.106  -52.296  -22.905 0.4000000060
27475  -37.351  -48.375  -19.367 0.3000000119
28257  -35.366  -47.840  -13.421 0.3000000119
28300  -35.059  -47.505  -16.939 0.3000000119
28362  -41.247  -47.955  -23.457 0.3000000119
28371  -40.806  -47.539  -23.966 0.3000000119
28386  -39.247  -47.525  -26.646 0.3000000119
29132  -35.655  -46.877  -12.942 0.3000000119
29253  -38.947  -46.162  -27.451 0.3000000119
30943  -36.866  -43.951  -12.838 0.3000000119
30944  -38.430  -44.703  -12.674 0.3000000119
30955  -36.182  -43.982  -13.230 0.3000000119
31025  -35.423  -45.336  -19.452 0.3000000119
31036  -35.379  -44.950  -20.236 0.3000000119
31058  -35.181  -44.288  -22.779 0.4000000060
31065  -27.551  -44.088  -23.862 0.5000000000
31764  -38.905  -43.261  -12.931 0.3000000119
31866  -34.585  -43.309  -20.261 0.3000000119
31905  -37.971  -43.760  -25.476 0.4000000060
31906  -32.753  -43.261  -24.974 0.4000000060
31911  -39.531  -43.098  -27.082 0.5000000000
31919  -39.315  -42.908  -27.883 0.5000000000
32594  -37.824  -42.244  -13.259 0.3000000119
32595  -38.740  -42.278  -13.152 0.3000000119
32643  -34.407  -42.393  -16.133 0.3000000119
32698  -34.616  -42.413  -21.632 0.4000000060
32710  -34.741  -42.339  -22.430 0.4000000060
32723  -33.786  -42.268  -26.088 0.5000000000
32728  -37.910  -42.746  -27.979 0.5000000000
33544  -43.977  -41.907  -23.007 0.3000000119
33551  -34.863  -40.897  -23.349 0.6000000238
33552  -35.228  -41.092  -23.925 0.5000000000
33553  -42.875  -41.869  -22.768 0.3000000119
33554  -43.483  -42.000  -23.299 0.3000000119
33560  -43.876  -42.194  -24.009 0.3000000119
33567  -38.925  -40.808  -26.605 0.6000000238
33568  -44.070  -42.074  -24.638 0.4000000060
33569  -44.603  -42.392  -25.084 0.3000000119
33570  -45.150  -42.562  -26.026 0.3000000119
34361  -36.302  -41.089  -14.323 0.3000000119
34427  -41.205  -40.818  -19.826 0.3000000119
34446  -40.812  -40.637  -20.046 0.3000000119
34453  -30.893  -40.452  -21.437 0.4000000060
34456  -41.450  -41.119  -21.177 0.4000000060
34465  -28.406  -40.275  -22.552 0.5000000000
34466  -29.095  -40.111  -22.029 0.5000000000
34483  -45.069  -41.489  -23.982 0.3000000119
34484  -32.402  -40.447  -24.640 0.5000000000
34487  -36.462  -40.617  -24.794 0.6000000238
34489  -45.401  -41.845  -24.799 0.3000000119
34497  -34.308  -40.200  -26.783 0.5000000000
34499  -45.064  -42.432  -26.680 0.3000000119
35286  -38.143  -39.369  -15.624 0.3000000119
35287  -38.792  -39.520  -15.610 0.3000000119
35300  -34.677  -39.883  -16.824 0.3000000119
35352  -42.289  -40.309  -19.543 0.3000000119
35371  -31.298  -40.026  -21.921 0.4000000060
35373  -41.500  -40.651  -21.635 0.4000000060
35392  -35.040  -39.459  -23.824 0.6000000238
35399  -43.654  -41.000  -24.526 0.3000000119
35411  -39.008  -40.116  -26.892 0.6000000238
35419  -37.796  -39.177  -27.690 0.6000000238
36212  -31.448  -38.410  -23.239 0.5000000000
36221  -44.265  -38.143  -24.841 0.4000000060
36234  -45.242  -37.869  -26.872 0.4000000060
36235  -45.398  -38.891  -27.279 0.4000000060
36242  -38.359  -38.920  -27.475 0.6000000238
36246  -47.864  -39.600  -29.351 0.3000000119
36962  -35.662  -37.869  -17.743 0.4000000060
36977  -35.429  -37.480  -18.382 0.4000000060
37004  -34.549  -37.502  -20.390 0.6000000238
37011  -41.689  -38.073  -21.324 0.4000000060
37029  -29.217  -37.177  -22.569 0.4000000060
37040  -43.862  -37.858  -24.074 0.4000000060
37049  -44.597  -37.106  -25.513 0.4000000060
37056  -38.267  -37.137  -26.504 0.6000000238
37064  -38.345  -38.323  -27.364 0.6000000238
37840  -40.576  -37.123  -19.870 0.4000000060
37858  -35.018  -36.022  -21.152 0.6999999881
37860  -42.459  -36.698  -21.866 0.4000000060
38746  -38.196  -35.345  -18.528 0.4000000060
38771  -41.050  -36.249  -20.035 0.4000000060
38776  -35.511  -35.362  -21.641 0.6000000238
39624  -37.848  -34.580  -18.703 0.5000000000
39625  -38.574  -34.760  -18.596 0.4000000060
39661  -36.498  -34.236  -21.564 0.6000000238
39717  -44.127  -33.881  -28.324 0.4000000060
40522  -39.466  -33.275  -18.973 0.5000000000
41665  -42.362  -31.523  -28.438 0.4000000060
42787  -41.572  -30.451  -29.221 0.4000000060
43739  -32.195  -30.517  -26.736 0.8000000119
43745  -41.946  -30.386  -29.342 0.4000000060
44636  -38.855  -29.139  -22.341 0.5000000000
44691  -41.459  -29.903  -29.154 0.4000000060
45725  -40.123  -28.281  -28.599 0.5000000000
46700  -45.548  -27.506  -23.644 0.5000000000
46743  -39.437  -27.522  -28.349 0.5000000000
46749  -39.789  -27.710  -28.504 0.5000000000
47667  -27.830  -26.139  -26.559 0.5000000000
47672  -40.206  -27.376  -27.959 0.5000000000
47680  -39.651  -26.884  -28.176 0.5000000000
47682  -39.101  -26.628  -28.446 0.6000000238
48536  -40.436  -25.990  -24.550 0.5000000000
48566  -28.369  -24.679  -27.210 0.5000000000
48571  -39.229  -25.811  -28.263 0.6000000238
49459  -45.438  -25.023  -24.723 0.5000000000
49491  -39.056  -25.221  -28.407 0.6000000238
49492  -46.356  -24.408  -27.451 0.5000000000
50472  -28.336  -22.473  -27.877 0.5000000000
51439  -42.452  -22.114  -22.499 0.4000000060
51495  -28.227  -22.020  -27.807 0.5000000000
51503  -28.139  -21.556  -28.084 0.5000000000
52451  -39.711  -21.571  -23.786 0.5000000000
52499  -33.009  -21.680  -28.091 0.6000000238
52513  -45.677  -21.630  -29.684 0.3000000119
53447  -42.500  -20.668  -22.736 0.4000000060
53522  -44.773  -20.839  -27.848 0.3000000119
53530  -34.706  -20.016  -28.416 0.6000000238
54504  -44.057  -19.493  -24.018 0.4000000060
54563  -38.251  -20.068  -27.566 0.6000000238
55506  -29.601  -18.535  -28.503 0.5000000000
55513  -30.360  -18.133  -28.153 0.5000000000
55527  -30.531  -17.354  -29.506 0.5000000000
56402  -41.779  -17.579  -23.689 0.5000000000
56457  -30.441  -17.329  -28.663 0.5000000000
56468  -30.452  -16.797  -29.172 0.5000000000
56473  -30.354  -17.237  -29.299 0.5000000000
56474  -30.696  -16.471  -29.508 0.4000000060
56481  -30.900  -16.388  -29.877 0.5000000000
56482  -31.759  -16.059  -30.308 0.5000000000
57342  -30.980  -15.595  -29.896 0.4000000060
58128  -37.260  -14.912  -25.956 0.3000000119
58156  -33.496  -14.580  -28.795 0.3000000119
58157  -34.519  -15.028  -28.272 0.3000000119
58162  -47.566  -15.006  -27.835 0.3000000119
58171  -32.567  -14.042  -29.574 0.4000000060
58178  -31.480  -14.835  -30.422 0.4000000060
58179  -31.715  -14.369  -30.294 0.4000000060
58186  -33.676  -14.340  -31.431 0.5000000000
58187  -34.740  -14.740  -31.210 0.6000000238
58982  -34.891  -13.811  -29.977 0.3000000119
58991  -33.116  -13.617  -30.364 0.4000000060
58992  -34.091  -13.671  -30.699 0.3000000119
59001  -34.870  -14.371  -31.031 0.5000000000
59845  -38.192  -12.571  -30.095 0.4000000060
61588  -48.217  -11.446  -29.652 0.3000000119
61595  -47.883  -11.569  -30.199 0.3000000119
62443  -47.560  -10.665  -27.956 0.3000000119
62444  -48.076  -10.711  -28.653 0.3000000119
108289  -44.866  -11.031  -33.823 0.3000000119
108854  -29.190  -32.146  -25.433 0.6000000238
109067  -39.781  -34.014  -18.832 0.5000000000
109148  -47.410  -14.368  -29.269 0.3000000119
109441  -37.967  -33.913  -18.980 0.5000000000
110153  -34.450  -43.010  -15.696 0.3000000119
110968  -28.014  -44.832  -24.114 0.5000000000
111147  -34.259  -38.721  -20.830 0.5000000000
113659  -29.090  -28.001  -26.442 0.6000000238
114132  -48.097  -12.942  -28.329 0.3000000119
115115  -34.431  -40.890  -20.091 0.4000000060
116112  -31.951  -29.118  -26.971 0.8000000119
116153  -43.869  -9.918  -26.697 0.3000000119
116364  -32.925  -39.273  -25.794 0.5000000000
116437  -32.596  -31.707  -26.495 0.6999999881
117161  -42.958  -17.962  -23.539 0.4000000060
117403  -31.015  -26.144  -27.619 0.6999999881
117739  -45.294  -11.220  -34.271 0.3000000119
118051  -37.007  -38.853  -16.023 0.3000000119
119538  -42.117  -33.857  -20.723 0.5000000000
120412  -38.007  -12.309  -30.108 0.4000000060
120478  -32.296  -40.059  -23.988 0.5000000000
120612  -45.471  -10.101  -32.654 0.3000000119
120695  -39.369  -26.899  -28.359 0.5000000000
120913  -42.484  -38.564  -22.366 0.4000000060
123675  -34.951  -43.862  -14.416 0.3000000119
124410  -33.227  -33.972  -25.735 0.6999999881
124930  -38.252  -39.983  -27.691 0.6000000238
125329  -34.395  -39.784  -21.686 0.5000000000
126142  -39.837  -47.572  -26.270 0.3000000119
126447  -28.263  -22.070  -28.068 0.5000000000
126476  -41.537  -30.033  -29.344 0.4000000060
126981  -34.381  -38.979  -19.615 0.5000000000
127275  -45.315  -14.191  -31.210 0.3000000119
127646  -42.201  -30.782  -29.133 0.4000000060
127910  -42.288  -17.954  -23.489 0.5000000000
128260  -28.428  -25.877  -26.812 0.5000000000
128577  -43.252  -24.612  -22.761 0.4000000060
129571  -38.852  -49.787  -19.629 0.4000000060
130134  -34.699  -39.026  -17.879 0.3000000119
130550  -35.714  -45.625  -19.968 0.4000000060
130715  -30.504  -22.521  -28.564 0.6000000238
