#!ascii label  , from subject sub-v1s13x0050005_ses-1 vox2ras=TkReg
1903
118240  -27.402  -49.183  -19.173 0.5000000000
27465  -27.760  -48.638  -18.693 0.4000000060
27446  -28.348  -48.503  -17.266 0.6000000238
28325  -27.428  -47.755  -18.781 0.6000000238
28323  -24.911  -47.741  -19.929 0.6000000238
119531  -26.762  -47.907  -19.332 0.5000000000
28322  -23.797  -47.869  -20.436 0.6000000238
28298  -27.947  -47.800  -16.834 0.6999999881
119617  -27.471  -47.852  -16.186 0.6999999881
28316  -27.231  -46.976  -18.488 0.6999999881
28324  -25.979  -47.648  -19.547 0.6999999881
29212  -22.106  -47.431  -21.538 0.5000000000
29199  -22.073  -47.548  -21.367 0.6999999881
28344  -22.658  -47.923  -21.447 0.5000000000
112220  -16.607  -55.152  -16.103 0.5000000000
28307  -27.769  -47.079  -17.260 0.6999999881
29190  -25.334  -46.945  -19.414 0.6999999881
29173  -27.205  -46.348  -17.697 0.6999999881
29181  -26.591  -46.558  -18.600 0.6999999881
29180  -25.709  -46.318  -18.817 0.6999999881
29211  -21.669  -46.816  -21.670 0.6000000238
124487  -19.807  -45.939  -16.347 0.6999999881
29153  -21.518  -46.065  -15.664 0.6999999881
127141  -26.443  -47.066  -15.202 0.6999999881
28270  -25.890  -46.923  -14.881 0.6999999881
127785  -16.730  -56.283  -15.552 0.6000000238
19909  -15.278  -56.945  -15.581 0.4000000060
124319  -27.211  -47.166  -15.911 0.6999999881
29188  -23.031  -47.099  -20.453 0.6999999881
29198  -21.601  -46.891  -21.530 0.6999999881
30134  -21.756  -45.819  -20.337 0.6999999881
112504  -22.897  -45.097  -22.177 0.6000000238
30087  -17.872  -45.339  -16.484 0.6999999881
29163  -18.932  -45.784  -16.783 0.6999999881
29154  -22.380  -46.361  -15.363 0.6999999881
29152  -20.451  -45.470  -16.012 0.6999999881
30099  -18.332  -44.993  -16.617 0.6999999881
21576  -17.996  -55.080  -15.506 0.6000000238
28269  -25.043  -46.712  -14.653 0.6999999881
30091  -21.156  -44.898  -15.495 0.6999999881
112102  -20.049  -44.182  -15.982 0.6999999881
19889  -16.645  -57.338  -14.907 0.5000000000
19910  -16.212  -56.724  -15.522 0.5000000000
30124  -26.176  -45.829  -18.053 0.6999999881
29156  -27.215  -46.426  -16.036 0.6999999881
19888  -15.830  -57.518  -15.159 0.4000000060
127550  -23.773  -46.208  -19.500 0.6999999881
29155  -26.847  -46.004  -15.311 0.6999999881
29144  -23.155  -45.886  -14.856 0.6999999881
30076  -22.165  -45.465  -15.154 0.6999999881
19074  -15.689  -58.966  -14.263 0.4000000060
124692  -26.919  -45.802  -15.888 0.6999999881
121356  -22.742  -44.923  -14.698 0.6999999881
30075  -21.887  -44.295  -15.047 0.6999999881
29187  -21.787  -46.824  -20.856 0.6999999881
117609  -25.090  -45.647  -18.257 0.6999999881
123478  -24.552  -44.726  -14.539 0.6999999881
30077  -23.559  -44.825  -14.488 0.6999999881
30156  -20.893  -45.844  -21.719 0.6999999881
30092  -25.809  -44.932  -15.092 0.6999999881
31055  -23.488  -44.302  -22.417 0.6000000238
31041  -20.501  -45.177  -21.405 0.6999999881
31031  -20.122  -44.940  -21.009 0.6999999881
32704  -24.173  -42.595  -22.822 0.5000000000
32712  -25.033  -42.507  -22.956 0.5000000000
32715  -27.283  -42.235  -23.183 0.4000000060
32714  -26.740  -42.278  -23.273 0.5000000000
116450  -18.070  -44.088  -15.517 0.6999999881
21555  -18.681  -55.284  -14.972 0.6000000238
129478  -24.591  -46.206  -14.556 0.6999999881
20687  -17.026  -56.623  -15.183 0.5000000000
30982  -19.540  -43.017  -15.602 0.6999999881
30111  -26.444  -45.566  -17.076 0.6999999881
30078  -26.221  -45.645  -14.944 0.6999999881
126405  -23.356  -45.517  -19.192 0.6999999881
30100  -25.746  -44.914  -16.548 0.6999999881
110732  -21.961  -42.583  -22.266 0.6999999881
31053  -21.475  -44.646  -22.015 0.6999999881
31887  -22.837  -43.494  -22.405 0.6999999881
31886  -21.659  -43.693  -22.083 0.6999999881
32703  -23.179  -42.580  -22.634 0.6999999881
24945  -19.951  -51.815  -15.114 0.6999999881
121231  -20.133  -50.978  -14.985 0.6999999881
26571  -20.512  -49.402  -14.505 0.8000000119
124299  -20.304  -47.997  -14.247 0.8000000119
24117  -19.648  -52.623  -15.207 0.6000000238
24118  -20.359  -52.539  -14.771 0.6000000238
24946  -20.724  -51.586  -14.628 0.6000000238
117952  -19.566  -47.827  -14.562 0.8000000119
23284  -19.920  -53.419  -14.850 0.6000000238
22423  -20.350  -54.077  -14.404 0.6000000238
30074  -18.552  -44.751  -14.598 0.6999999881
22421  -19.298  -54.726  -14.821 0.6000000238
22422  -19.768  -54.208  -14.687 0.6000000238
20689  -18.610  -56.086  -14.473 0.6000000238
30963  -18.337  -43.399  -15.508 0.6999999881
19890  -17.420  -57.127  -14.572 0.5000000000
19891  -18.192  -56.905  -14.199 0.6000000238
30983  -20.707  -43.577  -15.378 0.6999999881
30123  -24.087  -45.403  -18.607 0.6999999881
30101  -26.480  -45.444  -16.187 0.6999999881
30967  -22.702  -43.905  -14.715 0.6999999881
31884  -19.616  -43.280  -21.197 0.8000000119
129099  -20.112  -43.783  -21.387 0.6999999881
30110  -25.452  -45.215  -17.372 0.6999999881
30968  -23.560  -43.759  -14.641 0.6999999881
32702  -20.786  -42.339  -21.869 0.8000000119
30133  -21.457  -45.018  -19.825 0.6999999881
30109  -24.555  -44.874  -17.761 0.6999999881
33548  -26.988  -41.423  -23.395 0.5000000000
34475  -27.181  -40.626  -23.417 0.5000000000
33538  -27.556  -41.353  -23.137 0.4000000060
25748  -20.965  -50.127  -14.439 0.6999999881
26572  -21.306  -49.372  -14.176 0.8000000119
27417  -20.809  -48.608  -14.179 0.8999999762
23285  -20.752  -53.312  -14.400 0.6000000238
28267  -19.959  -47.210  -14.122 0.8000000119
29128  -20.358  -46.535  -13.581 0.8000000119
22411  -20.047  -54.892  -14.228 0.6000000238
21543  -19.839  -55.750  -13.769 0.6000000238
30060  -19.774  -45.286  -13.583 0.8000000119
19869  -17.797  -57.663  -13.927 0.6000000238
20674  -18.942  -56.721  -13.774 0.6000000238
30059  -19.207  -43.870  -14.028 0.6999999881
128288  -16.828  -58.309  -14.175 0.5000000000
31771  -19.336  -42.378  -14.829 0.6999999881
31772  -19.686  -42.099  -14.123 0.6999999881
19075  -16.573  -58.806  -13.983 0.5000000000
19076  -17.346  -58.452  -13.715 0.5000000000
30965  -20.215  -42.474  -15.196 0.6999999881
30966  -21.396  -42.774  -14.933 0.6999999881
32693  -19.184  -42.536  -20.952 0.8000000119
31862  -19.838  -43.724  -20.746 0.8000000119
30120  -22.153  -44.519  -19.312 0.6999999881
31002  -25.065  -44.322  -17.104 0.6999999881
30970  -25.083  -44.343  -14.872 0.6999999881
31010  -21.392  -44.232  -19.546 0.6999999881
33547  -26.324  -41.446  -23.404 0.5000000000
24119  -21.149  -52.457  -14.336 0.6999999881
24106  -21.839  -52.382  -13.950 0.6999999881
24947  -21.549  -51.680  -14.176 0.6999999881
25733  -21.702  -50.165  -14.106 0.8000000119
26558  -22.092  -49.400  -13.826 0.8000000119
23274  -21.076  -54.117  -13.964 0.6999999881
121116  -22.013  -50.984  -13.928 0.8000000119
27403  -22.512  -48.603  -13.497 0.8000000119
127688  -20.556  -54.487  -14.107 0.6000000238
121042  -20.930  -47.644  -13.730 0.8000000119
21544  -20.445  -55.450  -13.574 0.6000000238
108698  -20.730  -45.857  -13.072 0.6999999881
19870  -18.585  -57.486  -13.516 0.6000000238
110114  -20.154  -44.383  -13.266 0.8000000119
30061  -20.906  -45.061  -12.790 0.6999999881
19077  -18.242  -58.277  -13.261 0.6000000238
30935  -20.797  -43.700  -12.765 0.8000000119
18275  -16.782  -60.150  -13.084 0.4000000060
32583  -20.048  -41.957  -14.502 0.6999999881
17472  -16.512  -61.031  -12.658 0.4000000060
118386  -22.501  -42.579  -14.749 0.6999999881
122200  -20.497  -41.868  -14.827 0.6999999881
32680  -19.360  -42.817  -20.831 0.8000000119
31011  -22.188  -43.978  -19.149 0.8000000119
30969  -24.202  -43.601  -14.870 0.6999999881
30993  -25.141  -43.954  -16.321 0.6999999881
33535  -22.424  -41.634  -22.477 0.8000000119
33536  -23.520  -41.768  -22.772 0.6999999881
33537  -24.382  -41.929  -22.901 0.5000000000
35389  -27.327  -39.867  -23.274 0.5000000000
34464  -27.741  -40.469  -23.077 0.4000000060
24107  -22.558  -52.735  -13.467 0.6000000238
24935  -22.304  -51.818  -13.755 0.6999999881
25734  -22.467  -50.254  -13.741 0.8000000119
117104  -20.795  -54.872  -13.712 0.6999999881
28254  -22.037  -47.648  -13.287 0.8000000119
20676  -20.436  -56.159  -13.114 0.6000000238
20664  -20.088  -57.172  -12.721 0.6000000238
29129  -22.178  -46.799  -12.752 0.8000000119
29110  -21.562  -45.951  -12.642 0.8000000119
19852  -19.071  -58.129  -12.815 0.6000000238
126069  -20.312  -42.276  -13.342 0.8999999762
30045  -21.743  -44.931  -12.383 0.8000000119
32603  -21.064  -41.335  -14.316 0.8000000119
32584  -21.147  -41.128  -13.736 0.8000000119
19058  -17.935  -59.095  -13.001 0.5000000000
32606  -23.439  -41.347  -15.410 0.8000000119
31785  -21.483  -41.527  -14.669 0.6999999881
17473  -17.341  -60.614  -12.484 0.4000000060
126942  -19.604  -40.489  -20.855 0.8000000119
120254  -20.781  -42.952  -19.724 0.8000000119
31837  -22.246  -43.524  -19.293 0.8000000119
31001  -24.465  -44.034  -17.817 0.8000000119
31787  -23.300  -42.512  -14.949 0.6999999881
33534  -21.078  -41.315  -21.970 0.8000000119
130050  -23.438  -44.282  -18.509 0.8000000119
31801  -24.562  -43.463  -15.498 0.6999999881
31851  -22.880  -43.275  -19.418 0.8000000119
129616  -21.821  -40.730  -22.124 0.8000000119
31850  -21.694  -42.844  -19.605 0.8000000119
34472  -25.044  -40.815  -23.197 0.6000000238
34463  -24.000  -40.998  -22.966 0.6000000238
35388  -26.799  -39.949  -23.486 0.5000000000
23276  -22.419  -53.667  -13.202 0.6000000238
24936  -22.860  -51.158  -13.552 0.6999999881
22412  -21.522  -54.706  -13.287 0.6000000238
25735  -23.269  -50.348  -13.441 0.6999999881
27404  -23.373  -48.767  -13.278 0.6999999881
21545  -21.211  -55.626  -12.935 0.6000000238
22413  -22.249  -54.435  -12.882 0.6000000238
23265  -23.005  -54.158  -12.504 0.6000000238
20666  -21.502  -56.453  -12.127 0.6000000238
128637  -22.563  -47.330  -12.886 0.8000000119
19853  -19.854  -57.937  -12.383 0.6000000238
20665  -20.733  -56.827  -12.460 0.6000000238
28255  -23.002  -47.857  -13.054 0.6999999881
19059  -18.743  -58.895  -12.527 0.5000000000
29111  -22.533  -45.964  -12.273 0.8000000119
124866  -19.062  -59.347  -11.838 0.3000000119
32572  -22.156  -41.713  -12.825 0.8000000119
30936  -22.050  -43.679  -12.245 0.8000000119
33427  -21.813  -40.775  -14.270 0.8000000119
32585  -21.859  -40.948  -13.610 0.8000000119
32637  -24.884  -42.362  -16.543 0.8000000119
32669  -20.511  -42.111  -19.979 0.8000000119
30992  -24.789  -43.448  -17.204 0.8000000119
31788  -24.011  -42.469  -15.621 0.8000000119
31852  -23.751  -43.519  -19.281 0.8000000119
123191  -22.772  -40.791  -22.572 0.6999999881
36209  -25.628  -39.155  -23.283 0.6000000238
36200  -28.213  -38.731  -22.585 0.3000000119
23277  -23.216  -53.347  -12.808 0.6000000238
24937  -23.837  -51.986  -12.962 0.6999999881
25736  -24.067  -50.447  -13.121 0.6999999881
26561  -24.401  -49.807  -13.016 0.6999999881
111206  -19.466  -57.521  -9.752 0.5000000000
21535  -22.047  -55.182  -12.587 0.6000000238
22404  -22.764  -54.895  -12.212 0.6000000238
27382  -23.768  -48.207  -12.934 0.6999999881
19060  -20.210  -58.282  -11.577 0.5000000000
19838  -21.171  -57.208  -11.652 0.5000000000
21517  -22.214  -56.163  -11.592 0.6000000238
121369  -23.883  -46.948  -12.399 0.6999999881
18265  -19.399  -59.221  -11.173 0.3000000119
18278  -19.552  -58.748  -11.941 0.5000000000
122870  -23.356  -46.314  -12.179 0.8000000119
30047  -23.842  -45.170  -12.018 0.8000000119
30046  -22.569  -44.974  -12.107 0.8000000119
33428  -22.493  -40.491  -14.335 0.8999999762
120679  -23.084  -42.316  -12.581 0.8999999762
124018  -22.415  -42.702  -12.407 0.8000000119
30937  -23.169  -44.562  -12.056 0.8000000119
18277  -18.484  -59.704  -12.255 0.4000000060
32623  -24.293  -41.746  -15.931 0.8999999762
32605  -23.089  -40.390  -14.844 0.8999999762
32586  -22.791  -41.208  -13.259 0.8999999762
34450  -20.214  -39.868  -20.944 0.8000000119
33497  -20.178  -40.930  -20.188 0.8000000119
31839  -24.375  -43.596  -18.588 0.8000000119
31811  -24.691  -42.967  -16.784 0.8000000119
34460  -20.853  -40.107  -21.527 0.8000000119
34462  -23.031  -39.773  -22.380 0.6999999881
35386  -25.280  -39.968  -23.280 0.6000000238
110259  -26.846  -38.478  -23.090 0.6000000238
125502  -26.962  -39.333  -23.343 0.6000000238
23266  -23.709  -53.803  -12.043 0.6000000238
24089  -24.014  -52.920  -12.389 0.6000000238
24938  -24.412  -51.275  -12.770 0.6999999881
22389  -23.381  -54.586  -11.720 0.6000000238
25716  -24.919  -50.476  -12.640 0.6999999881
21518  -22.772  -55.715  -11.211 0.6000000238
26539  -24.997  -49.579  -12.740 0.8000000119
19823  -20.697  -57.733  -10.680 0.6000000238
19824  -21.321  -57.342  -10.994 0.5000000000
20627  -22.345  -56.313  -10.948 0.6000000238
27405  -24.274  -48.948  -12.995 0.6999999881
28236  -24.762  -46.920  -12.439 0.8000000119
19038  -19.556  -58.788  -10.513 0.4000000060
29112  -24.094  -46.058  -12.133 0.6999999881
125550  -23.264  -45.542  -12.002 0.8000000119
119735  -23.543  -40.910  -13.787 0.8000000119
30938  -24.109  -44.246  -12.214 0.8000000119
34344  -23.202  -40.388  -14.793 0.8000000119
31755  -23.159  -43.457  -12.242 0.8000000119
32624  -25.079  -41.889  -16.114 0.8000000119
32670  -22.709  -42.514  -20.073 0.8000000119
115681  -23.937  -43.047  -20.203 0.8000000119
31800  -24.532  -42.631  -16.214 0.6999999881
34418  -20.543  -40.045  -20.483 0.8000000119
31822  -24.914  -43.472  -17.904 0.8000000119
34461  -21.845  -39.820  -21.850 0.8000000119
33498  -21.124  -40.723  -20.266 0.8000000119
124679  -25.135  -38.447  -23.060 0.6999999881
116908  -25.955  -38.210  -23.111 0.6999999881
38791  -26.578  -35.431  -23.407 0.6000000238
119319  -27.328  -35.327  -23.482 0.6000000238
39677  -27.924  -34.783  -23.764 0.6000000238
21491  -23.335  -55.018  -10.947 0.6000000238
24902  -25.233  -51.695  -11.660 0.8000000119
24915  -25.106  -51.291  -12.213 0.6999999881
21487  -19.848  -55.525  -9.643 0.5000000000
21489  -22.167  -56.192  -10.408 0.5000000000
118269  -25.062  -48.845  -12.695 0.8000000119
27383  -24.564  -47.916  -12.665 0.6999999881
20625  -21.164  -57.173  -10.401 0.5000000000
20626  -21.767  -56.764  -10.732 0.5000000000
26540  -25.638  -49.334  -12.386 0.8000000119
27384  -25.705  -48.442  -12.383 0.8000000119
110016  -20.373  -57.393  -9.986 0.5000000000
123096  -25.411  -47.581  -12.473 0.8000000119
112717  -25.120  -46.122  -12.374 0.8000000119
109524  -25.570  -45.350  -12.403 0.8000000119
109525  -24.628  -45.256  -12.235 0.8000000119
32573  -23.865  -41.871  -12.890 0.8000000119
33461  -24.478  -41.410  -15.484 0.8000000119
31756  -24.026  -43.007  -12.394 0.8000000119
33499  -22.389  -41.302  -20.293 0.8000000119
31823  -25.669  -43.295  -18.058 0.8000000119
31853  -24.868  -43.418  -19.939 0.8999999762
34451  -20.955  -39.175  -21.182 0.8000000119
34419  -21.378  -39.813  -20.429 0.8000000119
122947  -23.598  -39.196  -22.653 0.6999999881
35377  -23.516  -38.413  -22.528 0.6999999881
37872  -26.306  -36.311  -23.000 0.6999999881
36208  -24.300  -38.055  -22.779 0.6999999881
37025  -25.091  -37.622  -22.841 0.6999999881
37871  -25.432  -36.160  -22.920 0.6999999881
24061  -24.521  -52.089  -10.113 0.8000000119
23244  -24.478  -53.132  -11.055 0.6000000238
24068  -24.839  -52.337  -10.752 0.6000000238
24069  -25.308  -51.777  -11.021 0.8000000119
24066  -19.456  -52.805  -10.291 0.6000000238
23242  -20.151  -53.743  -9.765 0.5000000000
22378  -23.612  -54.373  -10.559 0.6000000238
22368  -23.486  -54.021  -9.981 0.6000000238
25717  -25.569  -50.662  -12.002 0.8000000119
24901  -18.518  -51.604  -11.086 0.6000000238
24891  -19.231  -51.870  -10.569 0.6000000238
113856  -19.958  -52.014  -10.098 0.6000000238
23232  -20.931  -53.435  -9.558 0.5000000000
22366  -22.240  -54.685  -9.589 0.5000000000
27367  -18.129  -48.530  -11.448 0.5000000000
25701  -18.356  -50.165  -11.299 0.5000000000
25690  -19.408  -50.453  -10.664 0.6000000238
24892  -19.736  -51.228  -10.381 0.6000000238
21469  -21.013  -55.816  -9.623 0.5000000000
27385  -26.368  -48.459  -11.894 0.8000000119
117480  -25.687  -46.902  -12.446 0.8000000119
121679  -19.007  -49.176  -11.017 0.5000000000
21470  -21.805  -55.935  -9.847 0.5000000000
27366  -17.449  -48.160  -11.813 0.4000000060
20604  -21.515  -56.515  -10.080 0.5000000000
29113  -26.062  -46.175  -12.411 0.6999999881
32588  -25.566  -42.154  -13.241 0.8000000119
30939  -25.115  -44.468  -12.365 0.8000000119
127298  -25.913  -44.635  -12.423 0.6999999881
129658  -25.764  -41.935  -16.241 0.8000000119
33447  -24.895  -41.342  -14.804 0.8000000119
111504  -25.863  -42.880  -12.722 0.8000000119
32587  -24.638  -41.547  -13.397 0.8000000119
33448  -25.925  -41.646  -14.520 0.8000000119
35358  -22.320  -38.412  -21.146 0.8999999762
34420  -22.708  -40.121  -20.370 0.8999999762
116209  -24.958  -42.942  -20.368 0.8000000119
32650  -25.892  -42.804  -17.352 0.8000000119
108874  -23.523  -42.285  -20.317 1.0000000000
32672  -25.771  -43.070  -20.310 0.8000000119
35376  -22.768  -38.675  -22.154 0.8000000119
36198  -23.351  -37.533  -22.316 0.6999999881
24884  -23.826  -51.701  -9.585 0.8000000119
24894  -25.051  -51.566  -10.470 0.8000000119
25693  -25.836  -50.551  -10.865 0.8000000119
25691  -20.278  -50.524  -10.156 0.6000000238
116076  -23.311  -52.411  -9.528 0.6000000238
23235  -23.786  -53.190  -9.881 0.6000000238
25703  -25.904  -50.433  -11.477 0.8000000119
25694  -26.227  -49.889  -11.163 0.8000000119
25702  -18.889  -50.130  -11.007 0.5000000000
123964  -20.448  -51.372  -9.972 0.6000000238
23234  -22.845  -53.242  -9.499 0.6000000238
26527  -26.389  -49.069  -11.483 0.8000000119
127628  -26.578  -48.466  -11.506 0.8000000119
28221  -26.769  -47.864  -11.583 0.6999999881
26525  -19.248  -49.669  -10.837 0.5000000000
24882  -21.472  -52.112  -9.490 0.6000000238
28220  -19.345  -48.031  -10.761 0.4000000060
27356  -20.303  -49.024  -10.156 0.4000000060
29114  -26.835  -46.321  -12.173 0.6999999881
28206  -19.074  -47.264  -10.817 0.4000000060
28207  -19.783  -47.375  -10.442 0.4000000060
26519  -21.216  -49.728  -9.589 0.4000000060
30048  -26.565  -45.373  -12.367 0.6999999881
29084  -19.439  -46.599  -10.534 0.4000000060
28208  -20.509  -47.485  -9.947 0.5000000000
31758  -26.563  -43.454  -12.593 0.6999999881
29083  -18.795  -46.577  -10.966 0.3000000119
27342  -20.863  -48.390  -9.723 0.5000000000
33462  -25.622  -41.675  -15.474 0.8000000119
32625  -26.388  -42.168  -15.896 0.8000000119
33431  -26.036  -41.984  -13.767 0.8000000119
32575  -26.478  -42.615  -13.028 0.8000000119
35344  -21.845  -38.918  -20.673 0.8000000119
33500  -23.703  -41.339  -20.367 1.0000000000
32681  -25.460  -42.313  -20.520 0.8000000119
32682  -26.374  -42.352  -20.410 0.8000000119
31854  -26.084  -43.461  -19.726 0.8000000119
31813  -26.791  -43.163  -17.253 0.8000000119
32640  -26.996  -42.984  -16.357 0.8000000119
118949  -23.128  -39.372  -20.486 1.0000000000
31842  -27.468  -43.432  -18.795 0.8000000119
35369  -22.517  -38.327  -21.545 0.8000000119
33516  -24.932  -41.219  -20.489 0.8000000119
32673  -26.694  -42.999  -20.094 0.8000000119
110624  -22.867  -38.013  -22.074 0.8999999762
37024  -24.200  -37.193  -22.592 0.6999999881
37870  -24.921  -36.734  -22.700 0.6999999881
38790  -25.729  -35.486  -23.329 0.6999999881
39675  -26.044  -34.773  -23.693 0.6999999881
40575  -26.625  -33.438  -24.415 0.6999999881
116759  -25.904  -33.572  -24.183 0.6999999881
109942  -27.928  -33.568  -24.567 0.6000000238
39684  -27.359  -33.993  -24.180 0.6000000238
25679  -24.552  -51.257  -9.832 0.8000000119
25680  -25.298  -50.586  -10.129 0.8000000119
25678  -23.302  -51.027  -9.375 0.8000000119
120061  -23.462  -50.410  -9.327 0.8000000119
112679  -24.354  -50.461  -9.534 0.8000000119
26520  -25.939  -49.862  -10.485 0.8000000119
26517  -19.894  -49.720  -10.425 0.5000000000
24893  -20.995  -50.900  -9.760 0.6000000238
25676  -21.549  -50.423  -9.507 0.5000000000
27369  -26.761  -48.428  -11.076 0.6999999881
112261  -20.076  -48.200  -10.322 0.4000000060
126456  -20.873  -49.178  -9.736 0.5000000000
25677  -22.522  -50.593  -9.308 0.6999999881
26521  -26.379  -49.168  -10.755 0.6999999881
27358  -27.056  -47.770  -11.113 0.6999999881
28222  -27.231  -47.090  -11.351 0.6999999881
118025  -26.890  -47.092  -11.946 0.6999999881
30031  -27.410  -45.706  -11.936 0.6999999881
110063  -27.243  -44.915  -12.262 0.6999999881
29072  -20.914  -46.707  -9.557 0.5000000000
30941  -27.460  -44.102  -12.378 0.6999999881
30021  -19.804  -45.916  -10.162 0.4000000060
30022  -20.416  -46.077  -9.752 0.4000000060
32626  -27.190  -42.791  -15.500 0.8000000119
112922  -27.282  -43.206  -12.709 0.6999999881
32607  -26.554  -42.113  -15.021 0.8000000119
31814  -27.736  -43.387  -16.998 0.8000000119
31815  -28.679  -43.417  -16.732 0.6999999881
33517  -26.045  -41.432  -20.503 0.8000000119
31825  -27.433  -43.466  -18.019 0.8000000119
36191  -22.839  -37.954  -21.687 0.8999999762
36197  -22.923  -37.584  -21.817 0.8999999762
36173  -23.267  -38.285  -21.033 0.8999999762
35346  -23.665  -38.928  -20.533 0.8000000119
35359  -24.619  -39.223  -20.460 0.8000000119
34442  -25.763  -40.426  -20.456 0.8000000119
37015  -23.015  -36.877  -21.983 0.8999999762
37009  -22.964  -37.205  -21.837 0.8000000119
125305  -23.532  -36.844  -22.325 0.8999999762
38788  -24.329  -35.622  -22.715 0.8000000119
38800  -28.703  -35.189  -23.672 0.4000000060
38789  -24.922  -35.476  -23.140 0.8000000119
39674  -25.132  -34.779  -23.519 0.6999999881
39683  -26.408  -34.092  -24.002 0.6999999881
41644  -28.260  -32.190  -25.276 0.5000000000
26502  -24.859  -49.758  -9.510 0.6999999881
27344  -23.207  -49.002  -8.960 0.6999999881
128820  -25.893  -48.325  -9.576 0.6999999881
28184  -22.750  -47.476  -8.742 0.6000000238
27345  -24.316  -48.851  -9.097 0.6999999881
129929  -26.892  -47.924  -10.668 0.6999999881
29086  -27.514  -46.606  -10.765 0.6999999881
29097  -27.593  -46.226  -11.348 0.6999999881
29115  -27.221  -46.512  -11.753 0.6999999881
119361  -21.581  -46.996  -9.223 0.5000000000
30942  -27.870  -44.875  -11.933 0.6999999881
116363  -21.032  -45.095  -9.221 0.4000000060
31759  -28.077  -43.561  -12.418 0.6999999881
30899  -20.711  -44.300  -9.275 0.3000000119
29990  -22.130  -45.202  -8.684 0.5000000000
31802  -27.922  -43.253  -16.060 0.6999999881
32590  -27.629  -42.537  -13.760 0.6999999881
30900  -21.587  -44.627  -8.852 0.4000000060
32627  -28.097  -42.995  -15.186 0.6999999881
124247  -27.205  -42.661  -13.195 0.6999999881
31827  -28.974  -43.250  -18.019 0.6999999881
35360  -25.525  -39.485  -20.445 0.8000000119
32683  -27.099  -42.317  -20.172 0.8000000119
32660  -27.916  -43.167  -19.147 0.8000000119
34443  -26.650  -40.625  -20.347 0.8000000119
36182  -24.186  -37.975  -20.821 0.8000000119
38780  -23.557  -35.799  -22.076 0.8000000119
37842  -23.387  -36.312  -21.809 0.8000000119
36998  -23.342  -37.592  -21.438 0.8999999762
38787  -23.809  -35.872  -22.406 0.8999999762
39673  -24.399  -34.785  -22.969 0.8000000119
40574  -25.138  -33.303  -23.843 0.8000000119
41643  -27.360  -32.210  -25.141 0.6999999881
40591  -27.912  -32.895  -24.911 0.6000000238
41634  -25.816  -32.812  -24.474 0.6999999881
42756  -24.251  -30.792  -24.541 0.6999999881
27346  -25.360  -49.054  -9.492 0.6999999881
29061  -23.780  -46.302  -8.476 0.6000000238
28186  -24.483  -47.020  -8.655 0.6000000238
28196  -24.357  -47.864  -8.874 0.6999999881
29074  -25.853  -46.889  -9.029 0.6999999881
128341  -26.373  -47.994  -9.826 0.6999999881
28209  -26.778  -47.602  -10.056 0.6999999881
28194  -21.967  -47.584  -9.042 0.5000000000
119034  -22.463  -48.338  -8.922 0.6000000238
29075  -26.604  -46.907  -9.492 0.6999999881
29076  -27.201  -46.841  -10.104 0.6999999881
28210  -27.180  -47.340  -10.692 0.6999999881
30898  -19.884  -44.355  -9.861 0.3000000119
29059  -22.290  -45.974  -8.684 0.5000000000
29060  -22.929  -46.637  -8.616 0.5000000000
29062  -24.714  -46.260  -8.510 0.6000000238
30032  -27.962  -45.426  -11.362 0.6999999881
30876  -22.442  -44.580  -8.554 0.4000000060
29992  -23.451  -45.532  -8.431 0.6000000238
30921  -28.451  -44.565  -11.345 0.6999999881
32592  -29.081  -42.222  -13.277 0.6999999881
123423  -28.526  -43.108  -12.390 0.6999999881
32591  -28.353  -42.509  -13.516 0.6999999881
111142  -22.291  -43.065  -8.507 0.3000000119
108771  -29.087  -42.769  -14.917 0.6999999881
33501  -27.754  -41.704  -19.902 0.8000000119
32675  -28.303  -42.402  -19.400 0.8000000119
33488  -29.090  -42.026  -19.044 0.6999999881
32662  -29.410  -42.528  -18.322 0.6999999881
32642  -30.419  -42.530  -16.283 0.6999999881
112112  -27.805  -40.079  -19.943 0.8000000119
118202  -23.310  -36.876  -21.672 0.8000000119
115444  -24.189  -38.591  -20.583 0.8000000119
36183  -25.138  -38.558  -20.508 0.8000000119
35361  -26.415  -39.738  -20.392 0.8000000119
39653  -23.804  -35.142  -22.024 0.8000000119
38762  -25.402  -35.560  -21.237 0.8000000119
114260  -25.899  -37.134  -20.623 0.8000000119
126457  -26.661  -35.819  -20.854 0.8000000119
39639  -26.621  -34.675  -21.288 0.8000000119
42759  -27.675  -31.601  -25.425 0.6000000238
125802  -26.935  -31.686  -25.287 0.6999999881
41633  -24.650  -32.483  -23.904 0.8000000119
43721  -24.057  -29.920  -24.700 0.6999999881
43722  -24.870  -30.066  -25.185 0.6000000238
42758  -26.170  -31.371  -25.176 0.6000000238
28187  -25.161  -46.805  -8.753 0.6000000238
29993  -24.297  -45.404  -8.375 0.6000000238
30012  -27.049  -46.235  -9.539 0.6999999881
123273  -27.555  -46.109  -10.171 0.6999999881
123657  -25.097  -45.715  -8.445 0.6000000238
116295  -27.797  -44.860  -9.613 0.6999999881
116690  -27.895  -45.403  -10.169 0.6999999881
30023  -28.212  -45.098  -10.720 0.6999999881
31698  -22.809  -43.810  -8.447 0.4000000060
30877  -23.394  -44.676  -8.396 0.4000000060
30879  -25.203  -43.956  -8.387 0.5000000000
29996  -27.175  -45.000  -9.119 0.6999999881
30913  -28.977  -43.836  -10.851 0.6999999881
30878  -24.376  -44.362  -8.355 0.5000000000
31743  -29.229  -43.258  -11.249 0.6999999881
31760  -28.719  -43.673  -11.769 0.6999999881
109523  -23.124  -42.995  -8.387 0.3000000119
128979  -23.848  -42.985  -8.408 0.4000000060
31803  -28.918  -43.214  -15.822 0.6999999881
31761  -29.162  -42.872  -11.995 0.6999999881
32516  -22.607  -42.248  -8.422 0.3000000119
118663  -23.698  -41.134  -8.497 0.3000000119
108409  -28.993  -42.338  -14.041 0.6999999881
118809  -29.762  -42.521  -15.094 0.6999999881
33449  -30.491  -41.523  -14.482 0.6999999881
35362  -27.201  -39.937  -20.233 0.8000000119
33489  -29.784  -41.487  -18.578 0.6999999881
32641  -29.671  -43.184  -16.621 0.6999999881
33463  -30.833  -41.467  -15.314 0.6999999881
33490  -30.453  -41.235  -17.908 0.6999999881
34388  -31.080  -40.956  -16.563 0.6999999881
37000  -25.091  -37.638  -20.678 0.8000000119
36184  -26.160  -38.867  -20.434 0.8000000119
33503  -29.266  -41.231  -19.162 0.6999999881
34406  -30.657  -40.508  -17.978 0.6999999881
35315  -30.995  -40.008  -17.711 0.6999999881
36999  -24.171  -37.244  -21.176 0.8000000119
37001  -25.959  -38.021  -20.512 0.8000000119
36185  -27.022  -39.114  -20.337 0.8000000119
35347  -27.764  -39.350  -20.060 0.8000000119
35348  -28.502  -39.739  -19.663 0.8000000119
35327  -30.026  -39.914  -18.818 0.8000000119
36136  -30.970  -39.197  -18.140 0.6999999881
38761  -24.496  -35.674  -21.452 0.8000000119
114136  -26.552  -37.622  -20.504 0.8000000119
37003  -27.697  -36.996  -20.410 0.8000000119
112537  -28.932  -38.311  -19.752 0.8000000119
39637  -23.969  -35.167  -21.762 0.8000000119
129393  -24.291  -34.693  -21.754 0.8000000119
37845  -26.135  -36.238  -20.811 0.8000000119
37846  -27.161  -36.191  -20.661 0.8000000119
37848  -28.907  -36.187  -20.384 0.8000000119
115373  -24.248  -33.749  -22.525 0.8000000119
40538  -24.993  -33.455  -21.952 0.8000000119
119979  -27.031  -35.432  -20.921 0.8000000119
38764  -27.680  -35.643  -20.718 0.8000000119
39641  -28.720  -34.872  -20.877 0.8000000119
128607  -24.131  -33.114  -22.715 0.8000000119
40540  -27.067  -33.529  -21.811 0.8000000119
40561  -24.060  -33.162  -23.025 0.8000000119
43724  -27.964  -30.846  -25.676 0.5000000000
108310  -26.964  -31.095  -25.477 0.6000000238
42736  -23.776  -31.552  -23.233 0.8000000119
116925  -23.844  -30.958  -23.818 0.8000000119
44675  -27.760  -29.922  -25.758 0.6000000238
109405  -25.908  -29.737  -25.585 0.6000000238
108545  -26.910  -30.286  -25.601 0.6000000238
29994  -25.701  -45.659  -8.583 0.6999999881
29995  -26.292  -46.132  -8.969 0.6999999881
30881  -26.803  -44.385  -8.740 0.6999999881
30902  -28.270  -44.071  -9.580 0.6999999881
30014  -28.210  -44.789  -10.085 0.6999999881
31699  -25.921  -43.524  -8.445 0.5000000000
31720  -27.881  -43.411  -9.039 0.6999999881
32517  -24.474  -42.604  -8.420 0.4000000060
109438  -25.278  -42.283  -8.441 0.5000000000
120203  -29.679  -42.375  -11.925 0.6999999881
34276  -24.952  -40.823  -8.599 0.3000000119
127626  -26.036  -42.081  -8.471 0.5000000000
119794  -30.418  -41.458  -11.006 0.6999999881
32579  -29.935  -41.928  -12.338 0.6999999881
34274  -22.785  -40.654  -8.524 0.3000000119
35199  -25.452  -40.251  -8.782 0.3000000119
33422  -30.133  -41.506  -12.898 0.6999999881
35221  -24.494  -39.371  -9.104 0.3000000119
34359  -31.456  -40.253  -14.555 0.6999999881
34423  -28.943  -40.572  -19.401 0.8000000119
34405  -30.232  -40.610  -18.470 0.6999999881
113685  -31.173  -40.945  -15.754 0.6999999881
34424  -29.652  -40.595  -19.014 0.6999999881
35328  -30.568  -39.931  -18.310 0.6999999881
35316  -31.367  -39.432  -17.307 0.6999999881
130128  -25.595  -36.628  -20.820 0.8000000119
37002  -27.282  -37.710  -20.408 0.8000000119
112101  -29.139  -39.018  -19.519 0.6999999881
121969  -30.449  -38.681  -18.753 0.8000000119
37844  -25.174  -36.246  -21.127 0.8000000119
36991  -29.948  -37.251  -19.472 0.8000000119
39638  -24.680  -34.982  -21.500 0.8000000119
37847  -28.080  -36.258  -20.511 0.8000000119
38766  -29.243  -35.484  -20.517 0.8000000119
41586  -24.322  -32.802  -22.551 0.8000000119
39655  -25.719  -34.052  -21.580 0.8000000119
39656  -27.369  -34.177  -21.459 0.8000000119
39657  -28.261  -34.285  -21.361 0.8000000119
39642  -29.624  -34.825  -20.740 0.8000000119
42701  -23.958  -31.877  -22.770 0.8000000119
42702  -24.665  -32.161  -22.490 0.8000000119
121387  -26.573  -33.937  -21.579 0.8000000119
41589  -26.887  -32.894  -22.226 0.8000000119
39658  -29.167  -34.282  -21.319 0.8000000119
43710  -23.806  -30.184  -24.120 0.8000000119
30880  -26.009  -44.316  -8.478 0.6000000238
128070  -26.511  -43.820  -8.568 0.6000000238
109354  -23.591  -42.162  -8.391 0.3000000119
115073  -24.451  -43.454  -8.398 0.5000000000
31700  -27.188  -43.649  -8.741 0.6000000238
32518  -25.985  -42.750  -8.451 0.5000000000
128710  -28.096  -42.673  -8.922 0.6999999881
31721  -28.473  -43.026  -9.352 0.6999999881
32549  -29.693  -42.121  -10.085 0.6999999881
33386  -27.458  -41.699  -8.568 0.6000000238
32535  -28.753  -42.030  -9.070 0.6999999881
32536  -29.572  -41.351  -9.459 0.6999999881
32550  -30.092  -41.792  -10.522 0.6999999881
35197  -23.972  -39.868  -8.758 0.3000000119
34277  -26.005  -40.833  -8.617 0.3000000119
33388  -30.285  -40.910  -8.957 0.6999999881
35220  -23.673  -39.221  -9.110 0.3000000119
114004  -27.500  -38.232  -9.977 0.3000000119
33410  -30.477  -41.344  -11.953 0.6999999881
36899  -25.338  -37.002  -10.959 0.3000000119
36883  -25.540  -37.640  -10.358 0.3000000119
36884  -26.445  -37.877  -10.213 0.3000000119
36901  -27.112  -37.439  -10.711 0.3000000119
37750  -25.732  -35.973  -12.200 0.3000000119
34376  -31.117  -40.905  -14.932 0.6999999881
34389  -31.414  -40.265  -16.219 0.6999999881
36974  -30.511  -37.757  -18.888 0.8000000119
37834  -30.193  -36.302  -19.686 0.8000000119
38767  -30.118  -35.455  -20.210 0.8000000119
41587  -25.078  -32.832  -22.217 0.8000000119
40539  -26.009  -33.300  -21.915 0.8000000119
128949  -25.230  -31.756  -22.561 0.8000000119
41588  -25.853  -32.405  -22.365 0.8000000119
41600  -27.698  -32.661  -22.454 0.8000000119
40551  -28.232  -33.156  -22.181 0.8000000119
40541  -28.705  -33.680  -21.779 0.8000000119
44627  -23.913  -30.103  -23.261 0.8000000119
41599  -26.974  -32.169  -22.585 0.8000000119
43700  -23.750  -30.571  -23.466 0.8000000119
44658  -23.751  -29.206  -24.444 0.6999999881
44671  -24.228  -29.354  -25.055 0.6000000238
32534  -27.873  -42.145  -8.684 0.6000000238
33387  -29.328  -41.017  -9.214 0.6000000238
33402  -29.974  -41.072  -9.648 0.6999999881
36040  -27.610  -39.205  -9.399 0.4000000060
35226  -29.883  -40.251  -9.625 0.6000000238
33389  -30.422  -40.833  -9.124 0.6999999881
33403  -30.251  -41.049  -10.205 0.6999999881
128015  -29.706  -39.063  -9.767 0.4000000060
34324  -31.189  -39.984  -11.318 0.6999999881
121056  -30.994  -40.607  -11.952 0.6999999881
34345  -31.096  -40.695  -13.326 0.6999999881
37736  -28.802  -36.779  -11.583 0.3000000119
113680  -30.121  -38.754  -10.113 0.4000000060
125486  -31.699  -39.690  -13.381 0.6999999881
121538  -31.446  -40.234  -13.764 0.6999999881
34377  -31.466  -40.249  -15.398 0.6999999881
36096  -32.257  -38.853  -14.457 0.6999999881
35283  -31.812  -39.551  -15.905 0.6999999881
36948  -32.072  -38.043  -17.031 0.6999999881
36176  -29.720  -38.261  -19.337 0.8000000119
37833  -29.426  -36.748  -20.020 0.8000000119
37819  -30.660  -36.843  -19.013 0.8000000119
39643  -30.469  -34.693  -20.558 0.8000000119
126510  -27.568  -33.198  -22.103 0.8000000119
40552  -29.034  -33.082  -22.283 0.8000000119
43685  -24.462  -30.608  -22.912 0.8000000119
117823  -26.293  -31.071  -23.029 0.8000000119
118345  -27.102  -31.469  -23.006 0.8000000119
42719  -27.862  -32.009  -22.931 0.8000000119
43687  -27.003  -30.695  -23.281 0.8000000119
44673  -25.911  -29.004  -25.765 0.6000000238
44641  -23.660  -29.631  -23.709 0.8000000119
45708  -24.687  -28.281  -25.443 0.6000000238
45669  -23.906  -28.045  -23.965 0.6999999881
46711  -24.850  -27.377  -24.649 0.6999999881
113227  -28.252  -41.430  -8.724 0.6000000238
34296  -29.413  -40.523  -9.303 0.6000000238
34297  -30.452  -40.659  -8.977 0.6000000238
109014  -28.385  -38.207  -10.061 0.3000000119
34312  -30.726  -40.028  -10.552 0.6000000238
36902  -28.371  -37.221  -11.084 0.3000000119
36886  -29.716  -37.968  -10.366 0.3000000119
36065  -30.814  -38.680  -10.598 0.5000000000
111547  -30.183  -37.496  -10.838 0.3000000119
36066  -31.019  -37.913  -11.041 0.5000000000
35266  -31.694  -39.450  -12.633 0.6999999881
38663  -27.990  -35.839  -12.782 0.3000000119
37754  -29.277  -36.388  -12.080 0.3000000119
36916  -32.328  -37.408  -12.579 0.4000000060
38685  -27.693  -35.279  -13.289 0.3000000119
36097  -32.651  -38.083  -14.452 0.6000000238
36961  -32.234  -37.203  -17.299 0.6000000238
36949  -32.604  -37.377  -16.418 0.6000000238
36975  -31.169  -37.302  -18.423 0.8000000119
37804  -31.775  -36.854  -17.963 0.6999999881
117688  -32.675  -36.731  -16.892 0.6000000238
37821  -31.978  -36.094  -18.199 0.6999999881
37805  -32.378  -36.413  -17.515 0.6999999881
37835  -30.916  -36.053  -19.146 0.8000000119
38752  -31.232  -35.402  -19.346 0.6999999881
38753  -31.840  -35.104  -18.965 0.6999999881
38743  -32.113  -35.471  -18.451 0.6999999881
39659  -30.052  -34.225  -21.216 0.8000000119
38768  -30.884  -35.076  -19.947 0.8000000119
39644  -31.263  -34.491  -20.344 0.6999999881
39645  -32.009  -34.239  -20.036 0.6999999881
127128  -30.210  -33.203  -22.185 0.8000000119
40543  -30.510  -33.630  -21.704 0.8000000119
40529  -31.706  -33.892  -20.798 0.6999999881
40530  -32.498  -33.613  -20.448 0.6999999881
108633  -25.333  -31.138  -22.776 0.8000000119
41601  -28.510  -32.537  -22.634 0.8000000119
40554  -30.906  -32.987  -22.221 0.8000000119
43686  -25.738  -30.325  -23.152 0.8000000119
43688  -28.079  -31.148  -23.373 0.8000000119
42721  -29.482  -31.731  -23.193 0.8000000119
44629  -25.753  -29.263  -23.357 0.8000000119
44631  -27.816  -30.182  -23.495 0.8000000119
43701  -28.793  -30.355  -23.541 0.8000000119
44628  -24.590  -29.656  -23.200 0.8000000119
46678  -24.991  -27.729  -23.662 0.6999999881
45709  -25.483  -28.344  -25.683 0.6000000238
46737  -26.708  -27.020  -26.012 0.6000000238
129359  -23.954  -28.438  -23.673 0.8000000119
46687  -24.476  -27.577  -24.000 0.6999999881
128779  -25.558  -26.849  -24.646 0.6999999881
36074  -31.513  -38.471  -11.472 0.5000000000
35260  -31.525  -39.299  -11.755 0.5000000000
36905  -31.330  -37.216  -11.615 0.4000000060
36075  -31.985  -37.931  -12.065 0.5000000000
36089  -32.051  -38.937  -13.318 0.6000000238
38665  -29.790  -35.905  -12.429 0.3000000119
117518  -32.584  -37.590  -13.184 0.5000000000
114167  -32.506  -38.161  -13.683 0.6000000238
39535  -29.884  -34.716  -13.311 0.3000000119
121201  -31.238  -35.390  -12.671 0.3000000119
36922  -32.865  -37.398  -13.954 0.6000000238
36928  -32.863  -37.586  -14.907 0.6000000238
39582  -28.180  -34.258  -14.153 0.3000000119
115597  -32.494  -35.371  -13.297 0.3000000119
39583  -29.076  -34.288  -13.859 0.3000000119
37792  -33.053  -36.560  -16.199 0.6000000238
40456  -28.077  -33.579  -14.689 0.3000000119
38732  -32.631  -35.554  -17.756 0.6999999881
39628  -32.230  -34.523  -19.266 0.6999999881
42737  -29.814  -31.264  -23.360 0.8000000119
41604  -31.361  -32.450  -22.466 0.6999999881
41590  -31.749  -32.842  -22.008 0.6999999881
110527  -30.818  -32.378  -22.668 0.6999999881
43689  -29.119  -31.177  -23.417 0.8000000119
43702  -29.784  -30.517  -23.510 0.6999999881
44630  -26.830  -29.818  -23.406 0.8000000119
44642  -27.602  -29.403  -23.531 0.6999999881
44643  -28.426  -29.492  -23.566 0.8000000119
44644  -29.431  -29.519  -23.579 0.6000000238
47667  -27.830  -26.139  -26.559 0.6000000238
45656  -25.803  -28.277  -23.491 0.6999999881
124480  -25.810  -27.492  -23.665 0.6999999881
45670  -26.748  -27.888  -23.595 0.6999999881
46728  -25.626  -26.894  -25.211 0.6999999881
47665  -26.308  -26.549  -25.718 0.6999999881
46688  -25.333  -27.087  -24.047 0.6999999881
50425  -28.729  -23.846  -25.611 0.5000000000
113830  -28.659  -23.172  -26.101 0.5000000000
37770  -33.145  -36.814  -14.647 0.6000000238
37782  -33.337  -36.272  -15.326 0.6000000238
38733  -33.371  -35.174  -16.922 0.6000000238
39622  -32.559  -34.846  -18.470 0.6999999881
39623  -33.350  -34.220  -18.177 0.6999999881
40518  -32.717  -33.952  -19.623 0.6999999881
41542  -26.296  -32.112  -16.071 0.3000000119
40545  -32.145  -33.240  -21.265 0.6999999881
39629  -32.827  -34.252  -18.919 0.6999999881
42723  -31.235  -31.901  -22.854 0.6999999881
41605  -32.032  -32.076  -22.455 0.6000000238
115203  -31.084  -31.122  -23.249 0.6999999881
45657  -26.812  -28.885  -23.502 0.6999999881
114864  -28.832  -28.848  -23.585 0.6999999881
45673  -29.541  -28.531  -23.602 0.6000000238
46689  -27.650  -27.323  -23.784 0.6999999881
47666  -26.852  -26.171  -26.186 0.6000000238
46738  -27.424  -26.975  -26.268 0.5000000000
48509  -26.488  -25.899  -24.858 0.6999999881
48528  -26.961  -25.277  -25.311 0.6999999881
49465  -27.132  -24.252  -26.032 0.6000000238
37771  -33.310  -35.972  -14.480 0.5000000000
39585  -33.682  -34.523  -14.810 0.4000000060
128467  -33.764  -34.767  -15.360 0.5000000000
110197  -33.741  -34.965  -15.933 0.6000000238
39591  -33.983  -34.215  -15.576 0.5000000000
39599  -33.865  -34.387  -16.561 0.6000000238
40510  -33.976  -33.448  -18.263 0.6000000238
42647  -26.104  -31.406  -16.458 0.3000000119
41543  -27.044  -32.180  -15.948 0.3000000119
40531  -33.368  -33.271  -19.967 0.6999999881
41576  -32.938  -32.904  -20.898 0.6000000238
41577  -33.733  -32.537  -20.565 0.6000000238
41591  -32.561  -32.555  -21.757 0.6000000238
44645  -30.298  -29.794  -23.563 0.6000000238
42739  -31.899  -30.772  -23.093 0.6000000238
45671  -27.878  -28.562  -23.589 0.6999999881
115886  -30.900  -29.868  -23.534 0.6000000238
45672  -28.745  -28.012  -23.643 0.6999999881
46690  -29.569  -27.662  -23.672 0.6000000238
48510  -27.320  -25.766  -24.660 0.6999999881
48545  -26.930  -24.834  -25.889 0.6999999881
48556  -27.149  -25.288  -26.375 0.6000000238
48557  -27.925  -25.296  -26.817 0.5000000000
118829  -27.027  -24.785  -26.163 0.6000000238
48565  -27.457  -24.465  -26.637 0.6000000238
49485  -28.018  -23.754  -27.189 0.5000000000
116672  -27.738  -25.113  -24.940 0.6000000238
49477  -27.194  -24.282  -26.200 0.5000000000
120747  -27.274  -24.599  -25.633 0.5000000000
50453  -28.018  -23.155  -26.781 0.5000000000
50463  -27.703  -23.758  -26.661 0.5000000000
51471  -28.275  -22.775  -26.684 0.5000000000
52473  -29.076  -21.821  -26.765 0.5000000000
109823  -33.873  -33.828  -14.934 0.4000000060
40474  -34.098  -33.383  -15.410 0.4000000060
41510  -31.378  -32.074  -14.654 0.4000000060
40500  -34.014  -33.782  -17.312 0.6000000238
42649  -27.641  -31.613  -16.157 0.3000000119
130014  -28.126  -31.041  -16.333 0.3000000119
42651  -29.413  -31.122  -15.893 0.3000000119
126976  -34.041  -32.702  -19.834 0.6000000238
44586  -27.978  -29.740  -17.475 0.3000000119
42689  -34.180  -31.891  -21.039 0.6000000238
43690  -32.652  -30.475  -22.797 0.5000000000
42703  -32.961  -31.834  -22.174 0.6000000238
123460  -30.971  -28.721  -23.594 0.6000000238
44646  -31.445  -29.422  -23.467 0.6000000238
118152  -30.316  -28.155  -23.605 0.6000000238
43705  -32.082  -29.962  -23.208 0.6000000238
46692  -31.227  -27.743  -23.566 0.6000000238
121795  -28.773  -27.144  -23.846 0.6999999881
47623  -30.282  -26.403  -23.879 0.6000000238
47638  -28.385  -25.835  -24.467 0.6999999881
49453  -28.207  -24.519  -25.287 0.5000000000
50438  -27.997  -23.445  -26.283 0.5000000000
51472  -29.030  -22.631  -26.337 0.5000000000
116843  -32.871  -32.791  -14.434 0.4000000060
40491  -34.215  -33.606  -16.262 0.4000000060
123252  -33.979  -32.709  -15.303 0.4000000060
42633  -33.532  -31.423  -15.631 0.4000000060
116051  -34.582  -32.567  -17.368 0.4000000060
41560  -34.532  -32.643  -18.258 0.4000000060
41567  -34.005  -33.057  -19.121 0.5000000000
43645  -28.208  -30.362  -16.851 0.3000000119
44564  -29.923  -29.917  -16.854 0.3000000119
43604  -30.220  -30.529  -16.144 0.4000000060
41568  -34.544  -32.332  -19.253 0.4000000060
113625  -30.099  -29.345  -17.566 0.3000000119
43625  -31.178  -30.192  -16.240 0.4000000060
42704  -33.763  -31.499  -21.783 0.5000000000
41578  -34.454  -32.129  -20.164 0.6000000238
42725  -33.252  -31.019  -22.382 0.5000000000
44632  -32.818  -29.627  -22.847 0.5000000000
45675  -31.756  -28.550  -23.438 0.6000000238
44633  -33.543  -29.256  -22.433 0.5000000000
46691  -30.342  -27.259  -23.687 0.6000000238
47624  -31.062  -26.722  -23.660 0.6000000238
47639  -29.468  -25.973  -24.230 0.6000000238
47640  -30.267  -25.740  -24.142 0.6000000238
48529  -28.847  -25.202  -24.724 0.5000000000
49454  -29.325  -24.601  -25.031 0.5000000000
50439  -29.695  -23.339  -25.620 0.5000000000
51473  -30.024  -22.528  -25.910 0.5000000000
53496  -29.620  -21.135  -26.859 0.5000000000
41512  -33.375  -32.228  -15.020 0.4000000060
40501  -34.397  -32.994  -16.836 0.4000000060
40475  -34.280  -32.802  -15.987 0.4000000060
119984  -34.817  -31.923  -17.568 0.4000000060
42652  -34.194  -31.331  -16.236 0.4000000060
111636  -34.953  -31.767  -18.532 0.4000000060
42680  -35.067  -31.522  -19.560 0.4000000060
44587  -29.294  -29.588  -17.449 0.3000000119
121783  -34.702  -30.280  -21.373 0.4000000060
42690  -34.819  -31.434  -20.527 0.5000000000
122197  -28.493  -28.656  -18.183 0.3000000119
44619  -34.164  -29.769  -21.956 0.4000000060
45658  -32.921  -28.796  -22.837 0.5000000000
45659  -33.600  -28.366  -22.449 0.4000000060
47625  -31.866  -26.945  -23.432 0.6000000238
46693  -32.168  -27.777  -23.323 0.5000000000
46680  -33.580  -27.455  -22.512 0.5000000000
48511  -30.934  -25.878  -23.859 0.6000000238
115705  -31.676  -26.091  -23.550 0.5000000000
116788  -32.294  -26.333  -23.279 0.5000000000
48530  -29.853  -25.235  -24.539 0.5000000000
48531  -30.693  -25.170  -24.239 0.6000000238
50426  -29.770  -24.087  -25.212 0.5000000000
51474  -31.065  -22.413  -25.636 0.5000000000
49455  -30.259  -24.586  -24.731 0.5000000000
48460  -26.706  -25.364  -19.038 0.3000000119
48478  -28.445  -25.344  -19.036 0.4000000060
48479  -29.220  -25.373  -18.945 0.4000000060
48512  -31.592  -25.136  -23.806 0.5000000000
50367  -27.373  -23.845  -19.395 0.4000000060
49456  -31.100  -24.443  -24.387 0.5000000000
49440  -33.227  -24.497  -23.072 0.5000000000
48498  -33.653  -25.092  -22.617 0.5000000000
50427  -31.419  -23.693  -24.649 0.5000000000
50411  -32.805  -23.836  -23.632 0.5000000000
50440  -30.812  -23.175  -25.317 0.5000000000
51463  -31.730  -22.976  -25.026 0.6000000238
53497  -30.487  -20.613  -26.803 0.5000000000
52474  -31.149  -21.582  -26.077 0.6000000238
54536  -31.356  -20.063  -26.743 0.4000000060
122109  -28.872  -24.772  -19.144 0.4000000060
48463  -30.782  -25.330  -18.600 0.4000000060
49457  -31.919  -24.178  -23.979 0.5000000000
50428  -32.234  -23.418  -24.339 0.5000000000
127943  -32.606  -22.224  -24.944 0.5000000000
50429  -32.957  -23.054  -24.126 0.5000000000
51475  -32.018  -22.198  -25.333 0.5000000000
54554  -32.066  -19.491  -26.890 0.4000000060
128446  -32.032  -21.631  -25.655 0.5000000000
53498  -32.040  -21.001  -26.036 0.5000000000
109304  -29.898  -23.894  -18.962 0.4000000060
51396  -28.359  -22.594  -19.645 0.4000000060
49425  -33.954  -24.352  -22.603 0.4000000060
52475  -32.706  -21.725  -25.272 0.4000000060
52476  -33.357  -21.011  -25.559 0.4000000060
109228  -32.804  -20.252  -26.272 0.5000000000
125156  -33.042  -19.567  -26.572 0.3000000119
50413  -34.061  -23.160  -23.345 0.4000000060
111512  -33.513  -21.671  -24.903 0.4000000060
127704  -33.574  -20.424  -25.870 0.5000000000
54537  -33.787  -19.920  -26.191 0.4000000060
110218  -34.257  -20.487  -25.552 0.4000000060
56445  -34.193  -17.847  -27.234 0.4000000060
54538  -34.588  -19.868  -25.929 0.4000000060
52462  -35.299  -21.129  -24.504 0.4000000060
54539  -35.246  -19.340  -25.909 0.4000000060
55508  -34.907  -18.475  -26.597 0.4000000060
55509  -35.561  -17.693  -26.422 0.4000000060
56446  -34.918  -17.619  -26.932 0.4000000060
127042  -34.963  -20.719  -25.082 0.4000000060
53499  -35.115  -20.134  -25.490 0.3000000119
53483  -35.707  -20.370  -24.845 0.4000000060
53462  -36.088  -20.835  -24.143 0.4000000060
53500  -35.685  -19.735  -25.308 0.3000000119
54540  -36.023  -19.081  -25.382 0.4000000060
55494  -35.748  -18.477  -25.939 0.4000000060
55495  -36.304  -18.387  -25.396 0.5000000000
53484  -36.379  -20.182  -24.359 0.4000000060
54519  -36.270  -19.633  -24.820 0.4000000060
122073  -26.416  -46.384  -14.956 0.6999999881
28266  -19.014  -46.914  -14.597 0.6999999881
20688  -17.781  -56.386  -14.856 0.6000000238
121457  -21.278  -50.879  -14.338 0.6999999881
125725  -20.428  -45.205  -13.141 0.8000000119
27402  -21.627  -48.544  -13.795 0.8000000119
117057  -21.772  -54.023  -13.458 0.6000000238
24108  -23.368  -52.621  -13.042 0.6000000238
126819  -23.355  -51.581  -13.317 0.6999999881
19822  -20.014  -58.105  -10.246 0.4000000060
112031  -21.399  -41.773  -20.027 0.8000000119
24076  -24.913  -52.354  -11.375 0.6000000238
21488  -20.558  -54.840  -9.564 0.5000000000
125949  -24.786  -43.605  -12.417 0.8000000119
26541  -26.130  -49.075  -12.053 0.8000000119
28219  -18.666  -47.843  -11.159 0.4000000060
24883  -22.837  -51.531  -9.360 0.6000000238
26500  -21.985  -49.768  -9.281 0.6000000238
26504  -26.042  -49.135  -10.037 0.6999999881
31843  -28.179  -43.378  -18.406 0.6999999881
115408  -26.323  -45.176  -8.698 0.6999999881
31722  -29.107  -42.520  -9.672 0.6999999881
35299  -31.547  -39.673  -16.630 0.6999999881
36137  -31.514  -38.603  -17.572 0.6999999881
34313  -31.176  -39.221  -10.917 0.6000000238
36106  -32.163  -39.082  -15.329 0.6999999881
36122  -32.339  -38.236  -16.185 0.6000000238
34295  -28.429  -40.701  -8.932 0.6000000238
120057  -31.563  -37.760  -11.626 0.5000000000
38700  -33.361  -35.155  -14.298 0.4000000060
42724  -32.434  -31.288  -22.662 0.6000000238
41526  -34.078  -32.079  -15.729 0.4000000060
42665  -35.070  -31.148  -17.833 0.4000000060
52461  -33.138  -22.299  -24.579 0.4000000060
27472  -25.468  -48.488  -20.055 0.5000000000
27471  -24.412  -48.575  -20.429 0.5000000000
27429  -26.544  -48.637  -15.484 0.6999999881
119575  -23.706  -46.319  -22.183 0.5000000000
22457  -16.831  -54.296  -16.186 0.5000000000
126311  -21.357  -46.267  -21.816 0.6999999881
30088  -17.713  -44.596  -16.101 0.6999999881
30980  -18.106  -43.908  -15.967 0.6999999881
29145  -25.008  -45.746  -14.460 0.6999999881
119246  -24.193  -45.667  -14.500 0.6999999881
30985  -25.861  -44.834  -15.737 0.6999999881
117934  -25.481  -45.225  -14.706 0.6999999881
31895  -25.696  -43.221  -23.112 0.5000000000
31888  -23.875  -43.408  -22.684 0.6000000238
33545  -25.015  -41.675  -23.104 0.5000000000
21556  -19.293  -55.478  -14.393 0.6000000238
31799  -19.101  -42.691  -15.259 0.6999999881
124518  -21.286  -42.981  -22.050 0.6999999881
22440  -19.262  -53.929  -15.104 0.6000000238
29143  -19.339  -46.128  -14.168 0.8000000119
30952  -19.134  -42.785  -14.509 0.6999999881
20675  -19.718  -56.541  -13.347 0.6000000238
19871  -19.378  -57.336  -13.118 0.6000000238
33514  -19.366  -41.942  -20.713 0.8000000119
23275  -21.659  -53.245  -13.869 0.6999999881
113333  -21.325  -46.765  -13.168 0.6999999881
119783  -21.076  -42.674  -12.733 0.8000000119
35387  -26.154  -39.948  -23.511 0.5000000000
26559  -22.902  -49.490  -13.539 0.6999999881
19854  -20.558  -57.639  -12.016 0.6000000238
31786  -22.451  -41.155  -14.880 0.8000000119
118127  -24.275  -40.005  -22.930 0.6999999881
36210  -26.433  -39.205  -23.354 0.6000000238
26560  -23.711  -49.622  -13.272 0.6999999881
20650  -21.778  -56.758  -11.312 0.6000000238
32649  -25.140  -42.877  -17.240 0.8999999762
112274  -26.514  -37.402  -22.920 0.6000000238
37028  -28.240  -37.272  -22.659 0.4000000060
19837  -20.742  -57.800  -11.260 0.5000000000
19048  -20.256  -58.324  -10.876 0.5000000000
19047  -19.864  -58.748  -11.183 0.5000000000
34357  -23.103  -40.439  -15.007 0.8999999762
34440  -20.739  -39.350  -20.818 0.8000000119
24090  -24.515  -52.821  -11.727 0.6000000238
23252  -23.937  -54.080  -11.163 0.6000000238
24914  -24.676  -52.110  -12.203 0.6000000238
121917  -25.509  -50.020  -12.349 0.8000000119
21490  -22.717  -55.653  -10.631 0.5000000000
33430  -25.322  -41.413  -13.984 0.8000000119
37026  -25.743  -37.068  -22.867 0.6999999881
39676  -26.945  -34.706  -23.717 0.6000000238
39685  -28.324  -34.135  -24.348 0.4000000060
22377  -19.665  -54.473  -9.844 0.5000000000
20603  -20.659  -56.588  -9.754 0.5000000000
22367  -23.088  -54.891  -10.150 0.5000000000
28237  -26.249  -47.634  -12.188 0.6999999881
24067  -24.333  -52.861  -10.365 0.6000000238
24058  -20.375  -52.804  -9.843 0.6000000238
119791  -18.720  -50.741  -11.051 0.6000000238
122868  -19.111  -51.175  -10.745 0.6000000238
113220  -21.211  -54.261  -9.485 0.5000000000
23233  -21.883  -53.636  -9.442 0.6000000238
24059  -21.186  -52.802  -9.540 0.6000000238
117209  -21.573  -55.222  -9.582 0.5000000000
117826  -22.806  -54.167  -9.636 0.5000000000
30940  -26.597  -44.353  -12.426 0.6999999881
31824  -26.481  -43.323  -17.960 0.8000000119
32671  -24.475  -42.327  -20.464 0.8999999762
26518  -20.559  -49.740  -9.958 0.5000000000
129089  -21.065  -51.544  -9.669 0.6000000238
24881  -20.717  -52.093  -9.740 0.6000000238
125591  -22.342  -52.222  -9.355 0.6000000238
117072  -21.791  -51.315  -9.436 0.6000000238
27343  -21.550  -49.013  -9.400 0.5000000000
28193  -21.244  -47.568  -9.459 0.5000000000
32608  -27.409  -42.602  -14.667 0.6999999881
34421  -23.944  -40.292  -20.387 0.8000000119
41635  -26.923  -32.797  -24.781 0.6999999881
26503  -25.563  -49.703  -9.910 0.6999999881
119339  -22.882  -49.761  -9.178 0.6999999881
26501  -23.854  -49.714  -9.224 0.6999999881
108016  -28.204  -44.218  -12.025 0.6999999881
110962  -21.560  -46.312  -9.061 0.5000000000
32576  -27.924  -42.836  -12.885 0.6999999881
30009  -20.314  -45.241  -9.673 0.4000000060
40562  -24.603  -33.892  -23.368 0.8000000119
28195  -23.438  -48.145  -8.786 0.6000000238
118098  -25.070  -48.342  -9.187 0.6999999881
119824  -22.336  -49.101  -9.109 0.6000000238
119926  -21.665  -48.265  -9.259 0.5000000000
31719  -21.299  -43.865  -8.870 0.3000000119
32609  -28.209  -42.642  -14.368 0.6999999881
32577  -28.701  -42.622  -12.768 0.6999999881
31697  -21.979  -43.850  -8.625 0.3000000119
39667  -24.185  -34.514  -22.372 0.8999999762
40573  -24.354  -33.033  -23.446 0.8000000119
118067  -24.303  -34.011  -22.851 0.8000000119
130146  -25.205  -31.729  -24.583 0.6000000238
41642  -26.427  -32.107  -24.958 0.6000000238
42757  -25.266  -30.925  -25.026 0.6000000238
42748  -24.091  -31.643  -23.883 0.8000000119
28197  -25.291  -47.554  -9.058 0.6999999881
123987  -26.871  -45.640  -9.157 0.6999999881
29991  -22.781  -45.321  -8.507 0.5000000000
115074  -23.657  -43.713  -8.396 0.4000000060
33502  -28.600  -41.450  -19.469 0.8000000119
33480  -30.674  -41.776  -17.013 0.6999999881
39654  -24.116  -34.424  -22.046 0.8000000119
41632  -23.937  -32.381  -23.329 0.8000000119
30912  -28.578  -44.373  -10.401 0.6999999881
32556  -29.723  -42.600  -11.089 0.6999999881
127445  -29.590  -41.891  -12.974 0.6999999881
122162  -23.567  -40.392  -8.600 0.3000000119
32610  -29.754  -42.212  -14.543 0.6999999881
33432  -29.783  -41.849  -13.663 0.6999999881
33472  -30.896  -41.727  -16.044 0.6999999881
35298  -31.269  -40.194  -16.988 0.6999999881
36175  -28.367  -38.797  -19.887 0.8000000119
36989  -28.250  -37.856  -20.143 0.8000000119
31735  -28.817  -43.531  -9.974 0.6999999881
33367  -24.539  -41.647  -8.470 0.3000000119
33368  -25.533  -41.525  -8.510 0.5000000000
31736  -29.266  -43.025  -10.454 0.6999999881
32557  -30.138  -41.977  -11.461 0.6999999881
35198  -24.720  -40.045  -8.763 0.3000000119
33369  -26.540  -41.560  -8.521 0.5000000000
34336  -30.731  -40.985  -12.742 0.6999999881
33433  -30.538  -41.229  -13.549 0.6999999881
117388  -31.835  -39.610  -14.974 0.6999999881
123687  -27.948  -37.638  -10.560 0.3000000119
126320  -31.170  -40.512  -12.656 0.6999999881
128273  -27.650  -37.144  -11.133 0.3000000119
46710  -24.291  -27.926  -24.990 0.6999999881
35225  -29.366  -39.503  -9.488 0.6000000238
35242  -29.976  -39.541  -9.862 0.6000000238
34298  -30.126  -40.319  -9.870 0.6000000238
36064  -29.255  -38.567  -9.872 0.4000000060
34337  -31.411  -40.015  -12.187 0.6999999881
34346  -31.449  -40.129  -13.006 0.6999999881
35270  -31.810  -39.614  -14.092 0.6999999881
36107  -32.490  -38.367  -15.282 0.6000000238
39660  -30.905  -34.116  -21.057 0.8000000119
41603  -30.229  -32.647  -22.574 0.8000000119
42720  -28.747  -31.865  -23.120 0.8000000119
46727  -25.033  -27.668  -25.391 0.6000000238
45716  -26.027  -27.537  -25.704 0.6000000238
36885  -28.813  -37.782  -10.444 0.3000000119
35224  -28.523  -39.872  -9.216 0.5000000000
37737  -29.736  -36.870  -11.406 0.3000000119
128484  -31.171  -38.586  -10.969 0.5000000000
36090  -32.291  -38.104  -12.797 0.5000000000
38686  -28.473  -35.360  -13.100 0.3000000119
109696  -32.712  -36.960  -13.136 0.5000000000
37781  -33.003  -37.070  -15.521 0.6000000238
37820  -31.334  -36.474  -18.583 0.8000000119
38717  -32.965  -36.050  -16.916 0.6000000238
40544  -31.333  -33.480  -21.536 0.6999999881
48527  -26.616  -25.700  -25.429 0.6999999881
108385  -30.925  -36.005  -12.258 0.3000000119
114792  -28.968  -34.905  -13.349 0.3000000119
38667  -31.960  -35.865  -12.608 0.3000000119
112536  -28.744  -33.750  -14.387 0.3000000119
40441  -30.099  -33.959  -13.786 0.3000000119
38718  -33.421  -35.756  -16.074 0.6000000238
39610  -33.074  -34.849  -17.739 0.6000000238
116858  -26.338  -26.993  -23.868 0.6999999881
47620  -26.899  -26.426  -24.280 0.6999999881
39611  -33.540  -34.486  -17.354 0.6000000238
40519  -33.370  -33.714  -19.025 0.6999999881
43704  -31.343  -30.270  -23.383 0.6000000238
47621  -28.010  -26.506  -24.203 0.6999999881
114066  -33.506  -33.895  -14.463 0.4000000060
118085  -29.572  -26.829  -23.872 0.6000000238
51485  -28.279  -22.199  -27.342 0.4000000060
40461  -33.592  -33.172  -14.710 0.4000000060
42632  -31.084  -31.406  -15.159 0.4000000060
123324  -28.637  -29.817  -17.300 0.3000000119
43691  -33.430  -30.153  -22.450 0.5000000000
44647  -32.255  -29.144  -23.231 0.5000000000
127606  -30.532  -30.025  -16.564 0.4000000060
43676  -34.025  -30.672  -21.963 0.5000000000
42673  -35.292  -30.883  -18.743 0.4000000060
47611  -32.733  -26.998  -22.988 0.5000000000
48477  -27.607  -25.334  -19.075 0.3000000119
48480  -29.986  -25.348  -18.782 0.4000000060
49439  -32.472  -24.726  -23.466 0.5000000000
49401  -30.359  -24.598  -18.745 0.4000000060
53482  -34.332  -21.290  -24.873 0.4000000060
56431  -36.218  -17.713  -25.789 0.3000000119
124992  -21.729  -50.688  -16.529 0.5000000000
121313  -24.038  -50.147  -15.806 0.5000000000
117643  -18.107  -49.707  -18.627 0.4000000060
26620  -18.743  -49.557  -18.050 0.5000000000
25783  -20.317  -50.097  -17.263 0.5000000000
25770  -21.055  -50.030  -16.764 0.5000000000
123148  -21.715  -49.902  -16.479 0.6000000238
26597  -22.865  -49.444  -16.051 0.6000000238
26618  -17.166  -49.094  -18.583 0.5000000000
26617  -16.361  -48.859  -18.384 0.5000000000
26607  -18.573  -48.686  -17.822 0.5000000000
27455  -19.881  -48.611  -17.073 0.5000000000
26605  -15.507  -49.216  -17.682 0.5000000000
27441  -20.685  -48.412  -16.658 0.6000000238
27442  -21.685  -48.609  -16.345 0.6000000238
26596  -22.087  -49.347  -16.307 0.6000000238
27443  -22.509  -48.706  -16.101 0.6000000238
27426  -23.846  -48.218  -15.596 0.6000000238
28296  -22.108  -48.055  -16.077 0.6000000238
27427  -24.793  -48.487  -15.456 0.6000000238
27428  -25.708  -48.334  -15.354 0.6000000238
27451  -16.714  -48.399  -17.990 0.5000000000
27453  -18.355  -47.978  -17.686 0.5000000000
27440  -19.593  -47.660  -16.982 0.6000000238
26592  -15.944  -49.662  -17.163 0.5000000000
26593  -16.444  -48.980  -17.308 0.5000000000
118026  -20.444  -47.479  -16.533 0.6000000238
24146  -16.068  -51.626  -16.327 0.5000000000
24969  -16.198  -50.569  -16.670 0.5000000000
28295  -21.315  -47.759  -16.274 0.6000000238
27425  -22.919  -47.941  -15.760 0.6000000238
28285  -26.856  -47.683  -15.617 0.6000000238
28315  -17.456  -48.007  -17.797 0.5000000000
28306  -18.550  -47.438  -17.378 0.5000000000
25768  -16.752  -49.790  -16.777 0.5000000000
27439  -16.977  -48.281  -17.143 0.5000000000
28290  -16.981  -48.119  -17.500 0.5000000000
29172  -17.692  -47.126  -17.142 0.5000000000
24970  -17.131  -51.548  -16.314 0.5000000000
122819  -17.124  -50.629  -16.443 0.5000000000
28294  -19.715  -46.724  -16.649 0.6000000238
24147  -16.729  -52.363  -16.242 0.5000000000
24128  -17.560  -52.536  -16.232 0.5000000000
29164  -20.782  -46.699  -16.173 0.6000000238
28280  -22.019  -47.161  -15.811 0.6000000238
28283  -25.358  -47.630  -15.092 0.6000000238
28282  -24.449  -47.555  -15.189 0.6000000238
25769  -17.606  -50.101  -16.271 0.5000000000
28277  -17.662  -47.082  -16.416 0.5000000000
117494  -17.624  -46.789  -16.803 0.6000000238
29151  -17.634  -46.160  -16.467 0.6000000238
24971  -17.871  -51.039  -16.246 0.5000000000
28292  -18.066  -46.784  -17.202 0.6000000238
29162  -18.214  -45.907  -16.902 0.6000000238
23315  -16.987  -53.304  -16.219 0.5000000000
22438  -17.340  -54.929  -15.957 0.5000000000
110492  -22.995  -46.982  -15.297 0.6000000238
28268  -24.001  -46.681  -14.910 0.6000000238
25756  -18.319  -50.546  -16.012 0.5000000000
118659  -18.330  -49.676  -15.866 0.5000000000
26580  -18.144  -48.748  -15.884 0.5000000000
28278  -18.012  -47.287  -15.652 0.6000000238
24955  -18.094  -51.902  -16.184 0.5000000000
23296  -17.905  -53.280  -16.136 0.5000000000
24129  -18.345  -52.691  -16.000 0.6000000238
121158  -19.090  -49.826  -15.389 0.6000000238
26581  -18.841  -49.080  -15.419 0.5000000000
27424  -18.428  -48.199  -15.466 0.5000000000
28265  -18.197  -46.651  -15.219 0.6000000238
119523  -18.694  -52.129  -15.840 0.6000000238
24956  -18.691  -51.331  -15.868 0.6000000238
125470  -17.856  -45.844  -15.537 0.6000000238
22439  -18.631  -54.462  -15.347 0.5000000000
23297  -18.613  -53.502  -15.613 0.5000000000
24130  -18.979  -52.698  -15.554 0.6000000238
20706  -17.271  -55.794  -15.566 0.4000000060
24957  -19.260  -51.970  -15.516 0.6000000238
121159  -19.455  -51.162  -15.401 0.6000000238
26570  -19.652  -49.442  -14.930 0.6000000238
27415  -19.217  -48.482  -14.963 0.5000000000
29142  -18.386  -45.884  -14.886 0.6000000238
27416  -20.030  -48.641  -14.554 0.6999999881
109977  -26.961  -36.773  -22.919 0.5000000000
125737  -26.675  -43.154  -8.551 0.5000000000
36156  -31.083  -38.229  -18.298 0.6000000238
44672  -24.968  -29.045  -25.524 0.5000000000
45710  -26.554  -28.511  -25.861 0.5000000000
48544  -26.701  -25.568  -25.890 0.5000000000
56416  -36.713  -17.839  -25.089 0.4000000060
56432  -36.662  -16.994  -25.495 0.3000000119
57288  -37.572  -16.397  -24.442 0.3000000119
25794  -18.225  -50.551  -18.798 0.4000000060
119633  -20.231  -50.798  -17.399 0.5000000000
25784  -20.842  -50.786  -16.948 0.5000000000
120049  -24.913  -50.280  -15.686 0.5000000000
25792  -16.363  -49.575  -18.975 0.4000000060
26582  -23.668  -49.495  -15.860 0.6000000238
119598  -24.029  -48.901  -15.735 0.6000000238
26583  -24.578  -49.468  -15.677 0.5000000000
26584  -25.574  -49.167  -15.477 0.5000000000
25791  -14.788  -49.498  -18.641 0.4000000060
25767  -15.018  -49.825  -17.071 0.5000000000
24145  -14.978  -51.511  -16.330 0.5000000000
113214  -15.344  -50.815  -16.610 0.5000000000
23314  -15.813  -52.648  -16.091 0.3000000119
22437  -15.936  -54.429  -16.138 0.4000000060
20705  -15.504  -56.160  -15.934 0.4000000060
37027  -27.326  -37.553  -22.793 0.4000000060
37873  -27.691  -36.610  -22.891 0.4000000060
34294  -27.297  -40.911  -8.613 0.5000000000
35223  -27.565  -40.087  -9.033 0.4000000060
44674  -26.758  -29.428  -25.736 0.5000000000
45717  -27.480  -28.373  -25.970 0.5000000000
116549  -26.971  -27.724  -26.030 0.5000000000
37764  -33.019  -36.519  -13.841 0.4000000060
56417  -37.193  -17.151  -24.785 0.3000000119
119498  -38.225  -15.521  -23.282 0.3000000119
28293  -18.753  -46.663  -17.068 0.6000000238
21554  -18.092  -55.743  -15.096 0.5000000000
111340  -17.800  -54.154  -15.949 0.5000000000
44685  -27.579  -29.074  -25.840 0.5000000000
23295  -16.174  -53.663  -16.135 0.4000000060
25772  -23.239  -50.214  -15.952 0.6000000238
25795  -18.804  -50.379  -18.331 0.4000000060
26608  -19.519  -49.292  -17.465 0.5000000000
26594  -20.477  -49.310  -16.964 0.6000000238
27463  -17.250  -48.371  -18.169 0.5000000000
26616  -15.467  -49.123  -18.475 0.5000000000
27422  -17.413  -47.903  -16.692 0.5000000000
26579  -17.333  -48.861  -16.486 0.5000000000
25781  -14.467  -49.374  -17.930 0.4000000060
26585  -26.435  -49.478  -15.476 0.4000000060
26586  -27.246  -49.413  -15.628 0.4000000060
24968  -14.342  -50.365  -16.673 0.4000000060
21486  -18.771  -55.707  -9.921 0.4000000060
108338  -19.650  -56.603  -9.660 0.4000000060
23241  -19.185  -53.733  -10.271 0.4000000060
22376  -18.789  -54.628  -10.215 0.4000000060
24900  -17.656  -51.797  -11.577 0.4000000060
109952  -18.150  -52.300  -11.235 0.4000000060
23240  -18.751  -53.109  -10.603 0.4000000060
119378  -16.419  -50.958  -12.165 0.3000000119
25699  -17.229  -50.943  -11.792 0.3000000119
25715  -16.809  -50.119  -11.999 0.4000000060
24065  -18.692  -52.431  -10.790 0.4000000060
109294  -18.039  -50.905  -11.447 0.5000000000
25700  -17.626  -50.121  -11.626 0.4000000060
26538  -17.232  -49.114  -11.833 0.4000000060
112266  -26.346  -40.047  -8.959 0.3000000119
36906  -31.888  -37.265  -12.048 0.3000000119
37738  -31.626  -36.633  -12.118 0.3000000119
38668  -32.634  -36.170  -13.146 0.3000000119
37756  -32.260  -36.693  -12.527 0.3000000119
38690  -33.032  -35.696  -13.759 0.3000000119
40460  -32.850  -33.611  -14.055 0.3000000119
41511  -32.368  -32.150  -14.673 0.3000000119
42624  -31.871  -31.552  -14.983 0.3000000119
42631  -30.213  -31.312  -15.485 0.3000000119
43605  -30.888  -30.790  -15.636 0.3000000119
47612  -33.596  -26.493  -22.533 0.4000000060
119096  -33.427  -25.733  -22.670 0.3000000119
48514  -32.987  -25.268  -23.025 0.4000000060
50412  -33.415  -23.319  -23.630 0.4000000060
51452  -33.659  -22.718  -23.932 0.3000000119
129559  -32.666  -31.467  -15.208 0.3000000119
43627  -33.637  -30.753  -16.160 0.3000000119
43606  -31.822  -30.835  -15.500 0.3000000119
119205  -33.020  -30.325  -16.275 0.3000000119
43628  -34.276  -30.596  -16.722 0.3000000119
42653  -34.713  -31.222  -16.964 0.3000000119
44566  -32.731  -29.813  -16.707 0.3000000119
44567  -33.606  -30.120  -16.672 0.3000000119
123882  -34.322  -29.833  -17.299 0.3000000119
43656  -35.182  -30.538  -18.042 0.3000000119
42691  -35.256  -30.983  -20.102 0.3000000119
44565  -30.854  -29.631  -17.065 0.3000000119
114003  -31.819  -29.686  -16.815 0.3000000119
43670  -35.082  -30.708  -20.719 0.3000000119
45607  -30.854  -29.043  -17.715 0.3000000119
45630  -30.754  -28.364  -18.086 0.3000000119
44615  -35.293  -29.904  -20.709 0.3000000119
45629  -29.931  -28.253  -18.246 0.3000000119
46650  -29.613  -27.508  -18.399 0.3000000119
45648  -34.279  -28.835  -21.912 0.3000000119
46672  -34.332  -27.895  -21.999 0.3000000119
47605  -34.279  -27.006  -22.138 0.3000000119
49399  -28.097  -24.487  -19.249 0.3000000119
130196  -34.204  -26.424  -22.194 0.3000000119
49400  -29.017  -23.940  -19.198 0.3000000119
50398  -33.615  -23.796  -23.145 0.3000000119
51465  -33.990  -22.050  -24.339 0.3000000119
43647  -34.838  -30.497  -17.373 0.3000000119
44589  -32.458  -29.318  -17.235 0.3000000119
44590  -33.361  -29.484  -17.131 0.3000000119
44605  -35.247  -29.592  -18.619 0.3000000119
43664  -35.448  -30.112  -19.252 0.3000000119
43671  -35.444  -30.358  -20.063 0.3000000119
44588  -31.625  -29.204  -17.456 0.3000000119
45610  -33.050  -29.003  -17.489 0.3000000119
45611  -33.872  -29.078  -17.657 0.3000000119
45634  -35.125  -28.726  -18.845 0.3000000119
44611  -35.423  -29.343  -19.311 0.3000000119
44616  -35.546  -29.578  -19.966 0.3000000119
45645  -35.413  -29.030  -20.638 0.3000000119
45608  -31.546  -28.574  -17.885 0.3000000119
45631  -32.328  -28.120  -18.003 0.3000000119
45632  -33.257  -28.429  -17.872 0.3000000119
44620  -34.874  -29.369  -21.335 0.3000000119
46651  -30.450  -27.589  -18.318 0.3000000119
46652  -31.455  -27.659  -18.199 0.3000000119
45649  -35.059  -28.335  -21.303 0.3000000119
46673  -34.922  -27.324  -21.521 0.3000000119
112663  -30.427  -26.058  -18.595 0.3000000119
116591  -29.547  -24.659  -18.973 0.3000000119
50370  -30.268  -23.135  -19.112 0.3000000119
47613  -34.115  -25.808  -22.257 0.3000000119
50369  -29.575  -23.309  -19.279 0.3000000119
52448  -34.842  -21.794  -24.088 0.3000000119
51453  -34.434  -22.471  -23.651 0.3000000119
44604  -34.697  -29.280  -18.076 0.3000000119
45633  -34.287  -28.518  -18.215 0.3000000119
46656  -35.219  -27.925  -19.409 0.3000000119
111854  -35.491  -28.662  -19.811 0.3000000119
46653  -32.452  -27.310  -18.225 0.3000000119
46654  -33.837  -27.799  -18.317 0.3000000119
46655  -34.686  -27.884  -18.760 0.3000000119
47582  -30.898  -26.801  -18.375 0.3000000119
47583  -31.807  -26.672  -18.336 0.3000000119
45650  -35.387  -27.562  -20.854 0.3000000119
47607  -35.184  -25.826  -21.179 0.3000000119
46674  -35.316  -26.696  -21.064 0.3000000119
124858  -31.463  -25.370  -18.477 0.3000000119
49382  -31.302  -24.590  -18.536 0.3000000119
126630  -34.703  -25.575  -21.733 0.3000000119
50349  -31.634  -23.672  -18.579 0.3000000119
48499  -34.374  -24.973  -22.131 0.3000000119
50371  -31.104  -22.977  -18.867 0.3000000119
49426  -34.631  -24.169  -21.980 0.3000000119
50399  -34.371  -23.629  -22.665 0.3000000119
51434  -34.819  -22.880  -22.877 0.3000000119
51454  -35.281  -22.195  -23.301 0.3000000119
47584  -32.797  -26.379  -18.347 0.3000000119
124277  -33.686  -26.457  -18.464 0.3000000119
47596  -34.970  -26.601  -19.253 0.3000000119
114869  -35.461  -27.756  -20.090 0.3000000119
45646  -35.439  -28.274  -20.543 0.3000000119
48464  -32.015  -25.836  -18.416 0.3000000119
48481  -35.049  -25.759  -19.399 0.3000000119
46667  -35.302  -27.149  -19.689 0.3000000119
46669  -35.474  -26.945  -20.339 0.3000000119
119170  -32.052  -25.073  -18.388 0.3000000119
48465  -32.734  -25.484  -18.364 0.3000000119
48466  -33.512  -25.765  -18.426 0.3000000119
49383  -32.196  -24.331  -18.406 0.3000000119
51381  -32.005  -22.832  -18.633 0.3000000119
51382  -33.034  -22.710  -18.408 0.3000000119
49421  -35.496  -24.208  -20.700 0.3000000119
48493  -35.039  -24.856  -21.378 0.3000000119
51398  -31.469  -22.157  -18.987 0.3000000119
49427  -35.197  -24.006  -21.398 0.3000000119
50400  -35.171  -23.358  -21.975 0.3000000119
51435  -35.718  -22.490  -22.313 0.3000000119
52449  -35.696  -21.509  -23.753 0.3000000119
48467  -34.361  -26.000  -18.768 0.3000000119
122975  -34.019  -25.271  -18.528 0.3000000119
47597  -35.365  -26.352  -19.849 0.3000000119
49403  -34.621  -25.118  -18.932 0.3000000119
47603  -35.425  -26.108  -20.503 0.3000000119
50350  -32.550  -23.561  -18.408 0.3000000119
50351  -33.496  -23.606  -18.350 0.3000000119
53400  -31.448  -20.792  -19.668 0.3000000119
52387  -31.028  -21.540  -19.447 0.3000000119
51399  -32.346  -21.993  -18.720 0.3000000119
52374  -33.206  -21.813  -18.582 0.3000000119
50391  -35.677  -23.501  -21.125 0.3000000119
52450  -36.440  -21.125  -23.362 0.3000000119
116586  -35.179  -24.905  -19.503 0.3000000119
48482  -35.424  -25.512  -19.974 0.3000000119
49386  -34.862  -24.296  -18.955 0.3000000119
49404  -35.354  -24.069  -19.530 0.3000000119
51383  -33.892  -23.025  -18.406 0.3000000119
50352  -34.392  -23.643  -18.574 0.3000000119
50353  -35.135  -23.516  -18.953 0.3000000119
50382  -35.722  -23.794  -20.039 0.3000000119
52389  -32.671  -21.237  -18.950 0.3000000119
120126  -33.906  -22.337  -18.442 0.3000000119
130669  -35.873  -23.494  -20.513 0.3000000119
52390  -33.376  -21.167  -18.757 0.3000000119
52375  -33.995  -21.571  -18.546 0.3000000119
51384  -34.611  -22.903  -18.588 0.3000000119
51422  -35.833  -22.905  -21.508 0.3000000119
51436  -36.417  -21.902  -22.139 0.3000000119
52430  -36.076  -21.791  -22.925 0.3000000119
54520  -36.945  -19.553  -24.115 0.3000000119
53463  -36.705  -20.381  -23.703 0.3000000119
53401  -32.244  -20.671  -19.416 0.3000000119
51385  -35.374  -22.753  -18.927 0.3000000119
50372  -35.692  -23.300  -19.498 0.3000000119
50373  -36.189  -23.006  -20.031 0.3000000119
53402  -33.103  -20.513  -19.135 0.3000000119
53391  -33.977  -20.815  -18.736 0.3000000119
52377  -35.534  -21.947  -18.881 0.3000000119
51400  -35.982  -22.538  -19.431 0.3000000119
51414  -36.485  -22.300  -20.422 0.3000000119
52403  -36.796  -21.764  -20.752 0.3000000119
51423  -36.401  -22.285  -21.353 0.3000000119
52414  -36.928  -21.448  -21.494 0.3000000119
53444  -37.352  -20.045  -22.268 0.3000000119
52432  -37.207  -20.760  -21.954 0.3000000119
52431  -36.722  -21.302  -22.482 0.3000000119
53464  -37.208  -19.841  -23.174 0.3000000119
53443  -36.986  -20.601  -22.850 0.3000000119
117575  -32.561  -20.064  -19.592 0.3000000119
54430  -33.215  -19.644  -19.498 0.3000000119
113638  -33.833  -20.151  -19.033 0.3000000119
53403  -34.836  -20.381  -18.773 0.3000000119
119491  -35.714  -21.109  -18.853 0.3000000119
52391  -36.206  -21.743  -19.358 0.3000000119
51401  -36.372  -22.249  -19.864 0.3000000119
109153  -35.977  -20.255  -18.914 0.3000000119
119923  -36.759  -21.570  -19.984 0.3000000119
53418  -37.422  -20.379  -20.574 0.3000000119
52404  -37.175  -21.144  -20.602 0.3000000119
53429  -37.467  -20.182  -21.385 0.3000000119
52415  -37.335  -20.814  -21.182 0.3000000119
113450  -37.576  -19.546  -21.699 0.3000000119
55475  -36.678  -18.755  -24.755 0.3000000119
54431  -34.158  -19.568  -19.131 0.3000000119
54432  -35.216  -19.526  -18.883 0.3000000119
53404  -36.526  -20.935  -19.326 0.3000000119
54446  -37.396  -19.856  -19.919 0.3000000119
53417  -37.158  -20.696  -19.900 0.3000000119
54484  -37.559  -19.298  -22.509 0.3000000119
125077  -37.224  -18.744  -24.114 0.3000000119
55476  -37.190  -18.009  -24.403 0.3000000119
27445  -28.002  -48.584  -16.426 0.4000000060
24899  -16.819  -51.714  -11.940 0.3000000119
26523  -18.105  -49.440  -11.430 0.4000000060
48497  -32.870  -26.056  -22.950 0.4000000060
121243  -29.226  -26.786  -18.515 0.3000000119
48462  -29.624  -26.062  -18.699 0.3000000119
50368  -28.217  -23.476  -19.466 0.3000000119
113215  -28.988  -23.051  -19.523 0.3000000119
125198  -17.075  -52.365  -11.761 0.4000000060
23251  -17.640  -53.487  -11.180 0.4000000060
24075  -18.205  -52.952  -11.027 0.4000000060
113577  -15.981  -50.168  -12.391 0.3000000119
43626  -32.224  -30.227  -16.183 0.3000000119
47581  -30.036  -26.798  -18.465 0.3000000119
47606  -34.714  -26.390  -21.734 0.3000000119
45609  -32.344  -28.788  -17.662 0.3000000119
129683  -33.037  -27.773  -18.133 0.3000000119
126282  -29.710  -22.509  -19.460 0.3000000119
120665  -29.003  -22.343  -19.637 0.3000000119
46666  -34.969  -27.317  -19.164 0.3000000119
117891  -33.354  -27.131  -18.341 0.3000000119
123554  -34.312  -27.023  -18.688 0.3000000119
48490  -35.394  -25.208  -20.614 0.3000000119
115176  -33.352  -25.018  -18.377 0.3000000119
49384  -33.051  -24.295  -18.313 0.3000000119
49385  -34.036  -24.467  -18.474 0.3000000119
49413  -35.505  -24.630  -20.048 0.3000000119
52376  -34.729  -22.130  -18.591 0.3000000119
53392  -34.814  -21.314  -18.642 0.3000000119
109157  -37.433  -19.053  -23.429 0.3000000119
54445  -36.851  -20.082  -19.358 0.3000000119
54434  -37.162  -19.219  -19.402 0.3000000119
24088  -16.433  -52.431  -11.990 0.4000000060
36199  -27.504  -38.355  -22.812 0.4000000060
17484  -15.898  -60.332  -13.392 0.3000000119
125676  -15.516  -59.729  -13.859 0.3000000119
19099  -16.301  -58.150  -14.563 0.3000000119
26537  -16.401  -49.370  -12.264 0.3000000119
126737  -16.638  -48.844  -12.184 0.3000000119
22375  -17.819  -54.315  -10.761 0.3000000119
24074  -17.599  -52.683  -11.448 0.3000000119
23239  -18.375  -53.689  -10.684 0.3000000119
23250  -16.782  -53.181  -11.682 0.3000000119
112198  -27.966  -39.659  -22.862 0.3000000119
18276  -17.659  -59.939  -12.731 0.5000000000
18294  -16.243  -59.568  -13.685 0.3000000119
18295  -17.078  -59.335  -13.384 0.4000000060
19100  -17.061  -57.838  -14.330 0.5000000000
20690  -19.265  -56.101  -13.958 0.6000000238
21471  -22.385  -55.535  -9.972 0.5000000000
21536  -22.524  -55.548  -11.898 0.6000000238
21575  -16.364  -55.941  -15.887 0.6000000238
22388  -23.028  -55.205  -11.564 0.6000000238
23243  -24.017  -53.676  -10.511 0.6000000238
23298  -19.298  -53.242  -15.278 0.6000000238
24060  -24.043  -52.503  -9.821 0.6000000238
24895  -25.470  -51.150  -10.757 0.8000000119
24916  -25.580  -51.101  -11.370 0.8000000119
24982  -19.831  -51.238  -17.679 0.5000000000
25692  -20.897  -50.263  -9.771 0.6000000238
25746  -19.596  -50.357  -15.167 0.6000000238
25747  -20.252  -50.184  -14.758 0.6999999881
25757  -18.936  -50.493  -15.621 0.6000000238
25766  -14.004  -49.730  -17.212 0.4000000060
25782  -19.530  -50.350  -17.730 0.5000000000
25793  -17.449  -50.017  -18.986 0.4000000060
25805  -17.718  -50.774  -19.123 0.4000000060
26524  -18.705  -49.612  -11.149 0.5000000000
26526  -26.009  -49.826  -11.879 0.8000000119
26595  -21.302  -49.283  -16.596 0.6000000238
26606  -16.179  -48.832  -17.959 0.5000000000
26619  -17.968  -48.865  -18.325 0.5000000000
27355  -19.543  -48.916  -10.670 0.5000000000
27357  -26.498  -48.394  -10.281 0.6999999881
27368  -18.888  -48.595  -11.069 0.5000000000
27423  -17.771  -47.968  -16.085 0.5000000000
27430  -27.386  -48.614  -15.871 0.6999999881
27438  -16.626  -48.467  -17.590 0.5000000000
27444  -23.305  -48.793  -15.878 0.6000000238
27452  -17.129  -48.116  -17.801 0.5000000000
27454  -19.102  -48.266  -17.443 0.5000000000
27464  -17.909  -48.175  -17.999 0.5000000000
27473  -26.365  -48.492  -19.690 0.5000000000
27474  -27.129  -48.513  -19.296 0.5000000000
28185  -23.612  -47.252  -8.622 0.6000000238
28234  -23.021  -46.983  -12.530 0.8000000119
28235  -23.644  -47.570  -12.685 0.6999999881
28279  -18.695  -47.583  -15.003 0.6000000238
28281  -23.634  -47.506  -15.372 0.6000000238
28284  -26.148  -47.700  -15.278 0.6000000238
28291  -17.366  -47.541  -17.053 0.5000000000
28297  -27.547  -47.140  -16.489 0.6999999881
28304  -17.406  -47.793  -17.470 0.5000000000
28305  -17.838  -47.572  -17.558 0.5000000000
28308  -28.074  -47.716  -17.534 0.6999999881
28317  -27.767  -47.254  -18.050 0.6999999881
28332  -22.793  -48.114  -21.157 0.6000000238
29063  -25.474  -46.256  -8.672 0.6999999881
29073  -22.174  -46.832  -8.874 0.5000000000
29085  -20.155  -46.691  -10.091 0.4000000060
29087  -27.849  -45.843  -10.783 0.6999999881
29141  -17.623  -45.466  -16.066 0.6000000238
29146  -25.748  -46.081  -14.637 0.6999999881
29161  -17.855  -46.321  -16.838 0.6000000238
29165  -27.444  -46.528  -16.838 0.6999999881
29178  -22.750  -46.101  -19.931 0.6999999881
29179  -24.770  -46.210  -19.114 0.6999999881
29189  -24.297  -47.016  -19.750 0.6999999881
29191  -26.113  -46.890  -19.171 0.6999999881
30010  -20.954  -45.825  -9.341 0.4000000060
30011  -21.582  -45.507  -8.942 0.5000000000
30013  -27.437  -45.561  -9.626 0.6999999881
30073  -17.829  -45.022  -15.488 0.6000000238
30089  -18.462  -44.120  -16.258 0.6999999881
30090  -19.262  -44.839  -16.388 0.6999999881
30093  -26.409  -45.478  -15.474 0.6999999881
30102  -27.093  -45.921  -16.626 0.6999999881
30121  -22.555  -45.156  -19.361 0.6999999881
30122  -23.368  -44.849  -18.691 0.6999999881
30144  -20.719  -45.508  -20.720 0.6999999881
30145  -21.087  -46.315  -21.239 0.6999999881
30167  -21.740  -45.425  -22.012 0.6999999881
30168  -22.566  -46.084  -21.979 0.6000000238
30901  -27.576  -44.239  -9.108 0.6999999881
30953  -19.773  -43.032  -13.626 0.6999999881
30964  -18.518  -43.467  -14.925 0.6999999881
30981  -18.669  -43.288  -15.706 0.6999999881
30984  -25.253  -44.171  -15.478 0.6999999881
30991  -17.987  -44.515  -16.332 0.6999999881
31012  -22.840  -44.318  -18.869 0.8000000119
31013  -23.781  -43.958  -18.392 0.8000000119
31022  -20.577  -44.563  -20.308 0.8000000119
31023  -23.200  -43.846  -18.770 0.8000000119
31052  -20.662  -44.340  -21.646 0.6999999881
31054  -22.425  -44.438  -22.181 0.6999999881
31754  -21.623  -42.272  -12.654 0.8000000119
31757  -25.694  -43.679  -12.478 0.8000000119
31783  -18.737  -42.851  -15.184 0.6999999881
31784  -19.691  -42.295  -15.054 0.6999999881
31812  -24.751  -43.413  -16.079 0.6999999881
31826  -28.413  -43.437  -17.596 0.6999999881
31836  -21.514  -43.535  -19.467 0.8000000119
31838  -22.699  -43.788  -18.993 0.8000000119
31840  -25.369  -43.534  -18.924 0.8999999762
31841  -26.553  -43.506  -18.793 0.8000000119
31849  -20.584  -43.629  -19.924 0.6999999881
31855  -27.065  -43.359  -19.426 0.8000000119
31874  -19.397  -43.290  -20.997 0.8000000119
31875  -19.948  -44.078  -21.134 0.6999999881
31885  -20.541  -43.281  -21.680 0.6999999881
32519  -27.457  -42.878  -8.719 0.6000000238
32533  -26.883  -42.322  -8.534 0.6000000238
32570  -20.866  -41.702  -13.197 0.8000000119
32571  -21.433  -41.422  -13.164 0.8000000119
32574  -24.944  -42.640  -12.686 0.8000000119
32578  -29.342  -42.300  -12.569 0.6999999881
32589  -26.792  -42.270  -13.989 0.6999999881
32604  -21.860  -40.876  -14.507 0.8000000119
32611  -30.345  -42.169  -15.336 0.6999999881
32622  -23.657  -40.876  -15.378 0.8999999762
32638  -25.454  -42.243  -16.770 0.8000000119
32639  -26.187  -42.415  -16.681 0.8000000119
32651  -29.636  -42.971  -17.524 0.6999999881
32652  -30.239  -42.660  -17.061 0.6999999881
32661  -28.671  -42.867  -18.755 0.6999999881
32668  -19.898  -42.655  -20.296 0.8000000119
32674  -27.502  -42.730  -19.727 0.8000000119
32701  -19.744  -42.385  -21.353 0.8000000119
32713  -25.859  -42.250  -23.242 0.5000000000
33366  -22.927  -41.522  -8.414 0.3000000119
33370  -29.988  -40.657  -8.807 0.6000000238
33429  -24.247  -41.004  -14.326 0.8000000119
33445  -22.459  -40.494  -14.590 0.8999999762
33446  -23.839  -40.811  -15.074 0.8000000119
33479  -30.093  -42.168  -17.770 0.6999999881
33496  -19.713  -41.639  -20.298 0.8000000119
33515  -19.511  -40.992  -20.628 0.8000000119
33518  -26.925  -41.538  -20.303 0.8000000119
33526  -19.290  -41.373  -20.961 0.8000000119
33527  -19.912  -40.604  -21.243 0.8000000119
33533  -20.078  -41.544  -21.490 0.8000000119
33546  -25.651  -41.386  -23.307 0.5000000000
34275  -24.199  -40.536  -8.612 0.3000000119
34323  -30.709  -40.739  -10.976 0.6999999881
34358  -31.047  -40.839  -14.109 0.6999999881
34399  -30.875  -40.777  -17.370 0.6999999881
34422  -28.159  -40.696  -19.736 0.8000000119
34439  -20.005  -40.181  -20.689 0.8000000119
34441  -24.853  -40.056  -20.457 0.8000000119
34444  -27.432  -40.745  -20.096 0.8000000119
34473  -25.881  -40.715  -23.436 0.5000000000
34474  -26.600  -40.679  -23.513 0.5000000000
35222  -25.330  -39.613  -9.070 0.3000000119
35241  -28.468  -38.916  -9.549 0.3000000119
35243  -30.523  -39.434  -10.322 0.5000000000
35345  -22.724  -38.696  -20.790 0.8999999762
35349  -29.367  -39.824  -19.271 0.6999999881
35357  -21.547  -38.682  -21.103 0.8000000119
35368  -21.961  -38.916  -21.592 0.8000000119
36082  -31.886  -38.682  -12.292 0.5000000000
36121  -31.837  -38.930  -16.673 0.6999999881
36154  -29.874  -39.186  -19.097 0.8000000119
36155  -30.397  -39.384  -18.646 0.6999999881
36174  -27.594  -38.522  -20.237 0.8000000119
36211  -27.427  -39.085  -23.048 0.4000000060
36887  -30.434  -38.155  -10.522 0.4000000060
36903  -29.258  -37.329  -10.946 0.3000000119
36935  -32.680  -37.730  -15.665 0.6000000238
36960  -31.654  -37.708  -17.782 0.6999999881
36990  -29.156  -37.575  -19.844 0.8000000119
37016  -27.963  -37.958  -22.606 0.4000000060
37832  -28.602  -36.958  -20.244 0.8000000119
37843  -24.161  -36.431  -21.428 0.8000000119
37849  -29.601  -36.058  -20.197 0.8000000119
37856  -23.278  -36.361  -21.916 0.8000000119
37862  -23.453  -36.344  -22.199 0.8999999762
37869  -24.107  -36.366  -22.552 0.8999999762
38687  -29.330  -35.358  -12.935 0.3000000119
38710  -33.599  -35.360  -15.159 0.5000000000
38742  -31.548  -35.751  -18.767 0.8000000119
38751  -30.667  -35.653  -19.657 0.8000000119
38763  -26.256  -35.419  -21.078 0.8000000119
38765  -28.391  -35.528  -20.647 0.8000000119
38775  -23.790  -35.814  -21.680 0.8000000119
38792  -28.084  -35.734  -23.307 0.4000000060
39560  -27.525  -34.702  -13.824 0.3000000119
39561  -28.285  -34.804  -13.583 0.3000000119
39627  -31.561  -34.796  -19.632 0.6999999881
39640  -27.720  -34.913  -20.982 0.8000000119
39666  -23.965  -35.276  -22.402 0.8999999762
39682  -25.521  -34.084  -23.830 0.6999999881
40528  -24.720  -34.263  -21.730 0.8000000119
40537  -24.395  -33.637  -22.329 0.8000000119
40542  -29.627  -33.604  -21.852 0.8000000119
40553  -29.705  -33.001  -22.354 0.8000000119
40576  -27.350  -33.327  -24.589 0.6000000238
41553  -34.524  -32.103  -16.605 0.3000000119
41592  -33.386  -32.236  -21.420 0.6000000238
41602  -29.428  -32.401  -22.775 0.8000000119
41618  -23.815  -32.471  -22.888 0.8000000119
42648  -26.885  -31.498  -16.344 0.3000000119
42650  -28.792  -30.775  -16.342 0.3000000119
42681  -35.371  -30.778  -19.548 0.3000000119
42705  -34.508  -31.132  -21.322 0.4000000060
42717  -24.428  -31.411  -22.661 0.8000000119
42718  -26.163  -31.672  -22.719 0.8000000119
42722  -30.307  -31.841  -23.085 0.8000000119
42738  -30.333  -31.040  -23.387 0.8000000119
43607  -32.859  -30.771  -15.730 0.3000000119
43646  -29.055  -30.130  -16.861 0.3000000119
43657  -35.309  -30.215  -18.496 0.3000000119
43684  -23.916  -31.011  -23.025 0.8000000119
43703  -30.630  -30.436  -23.473 0.6000000238
43723  -26.033  -30.600  -25.375 0.6000000238
45654  -23.902  -29.147  -23.452 0.8000000119
45655  -24.660  -28.587  -23.445 0.8000000119
45674  -30.225  -29.001  -23.608 0.6000000238
45676  -32.416  -28.449  -23.182 0.5000000000
45693  -23.844  -28.320  -24.450 0.6999999881
45707  -24.131  -28.624  -25.070 0.6000000238
46677  -24.296  -28.000  -23.729 0.8000000119
46679  -32.901  -27.965  -22.892 0.5000000000
47619  -26.010  -26.513  -24.428 0.6999999881
47622  -28.876  -26.483  -24.123 0.6000000238
47637  -26.052  -26.326  -24.925 0.6999999881
47655  -26.286  -26.240  -25.434 0.5000000000
48461  -28.818  -26.071  -18.756 0.4000000060
48513  -32.321  -25.586  -23.354 0.4000000060
49402  -30.738  -23.797  -18.747 0.3000000119
49452  -27.583  -23.988  -25.893 0.5000000000
50452  -27.512  -23.882  -26.293 0.6000000238
51413  -36.153  -22.934  -20.773 0.3000000119
51464  -32.466  -22.698  -24.703 0.5000000000
52388  -31.857  -21.390  -19.203 0.3000000119
52472  -28.494  -22.178  -26.939 0.5000000000
52486  -28.278  -21.620  -27.583 0.4000000060
108279  -20.356  -41.529  -13.858 0.8000000119
109210  -26.794  -36.976  -20.540 0.8000000119
109575  -26.773  -38.300  -20.435 0.8000000119
109705  -30.556  -23.904  -24.983 0.5000000000
109722  -23.036  -45.955  -8.513 0.5000000000
109813  -25.558  -34.803  -21.364 0.8000000119
110441  -15.428  -49.599  -19.014 0.4000000060
110454  -25.206  -43.098  -8.414 0.5000000000
112221  -29.794  -42.861  -15.645 0.6999999881
112351  -19.118  -43.763  -16.100 0.6999999881
113843  -30.238  -21.888  -26.196 0.5000000000
114763  -23.626  -28.710  -23.890 0.6999999881
115690  -20.230  -56.666  -12.922 0.6000000238
115866  -27.879  -33.670  -21.758 0.8000000119
116228  -35.035  -29.951  -17.902 0.3000000119
117612  -25.040  -36.886  -20.908 0.8000000119
117658  -25.294  -44.954  -8.384 0.6000000238
118296  -23.644  -51.143  -13.240 0.6999999881
118435  -31.231  -26.014  -18.486 0.4000000060
118533  -28.137  -48.066  -18.111 0.6000000238
118587  -23.910  -44.543  -18.239 0.6999999881
118707  -17.722  -46.365  -15.900 0.6000000238
118954  -32.180  -38.877  -15.907 0.6999999881
119081  -20.658  -45.760  -21.371 0.6999999881
119152  -23.061  -51.999  -13.389 0.6999999881
120047  -25.773  -49.944  -15.532 0.4000000060
120193  -26.858  -46.755  -15.455 0.6999999881
120233  -27.144  -36.028  -23.175 0.6000000238
120610  -24.524  -39.051  -23.037 0.6999999881
120776  -18.576  -49.073  -11.237 0.5000000000
120810  -22.388  -50.081  -16.245 0.6000000238
121549  -23.110  -36.762  -21.887 0.8000000119
122142  -26.732  -47.250  -19.058 0.6999999881
123142  -20.674  -50.753  -14.639 0.6999999881
123245  -24.758  -36.040  -22.790 0.6999999881
123641  -24.187  -27.824  -24.382 0.6999999881
124056  -30.774  -29.372  -23.572 0.6000000238
124667  -24.083  -39.586  -20.433 0.8000000119
125304  -20.928  -45.183  -21.826 0.6999999881
125466  -22.769  -40.314  -14.912 0.8999999762
125883  -21.192  -46.318  -21.620 0.6999999881
125971  -23.581  -35.778  -21.886 0.8000000119
125994  -30.219  -28.811  -17.936 0.3000000119
126095  -34.343  -33.110  -17.613 0.4000000060
126393  -26.181  -47.574  -9.464 0.6999999881
126502  -30.318  -40.596  -10.131 0.6000000238
127367  -23.907  -50.967  -9.488 0.8000000119
127583  -31.742  -31.440  -22.898 0.6999999881
127955  -29.130  -43.355  -17.310 0.6999999881
128019  -24.198  -53.393  -11.656 0.6000000238
128196  -24.335  -41.031  -8.543 0.3000000119
128235  -32.670  -24.837  -18.352 0.3000000119
128289  -21.925  -52.798  -9.387 0.6000000238
128327  -26.393  -46.848  -12.262 0.6999999881
128490  -21.991  -48.686  -9.141 0.5000000000
128887  -21.936  -55.828  -12.231 0.6000000238
129035  -25.181  -49.725  -15.600 0.5000000000
129524  -16.806  -48.607  -18.290 0.5000000000
130085  -20.977  -56.280  -12.668 0.6000000238
130120  -25.400  -51.225  -11.830 0.8000000119
130535  -23.712  -50.545  -15.842 0.5000000000
