#!ascii label  , from subject sub-v1s13x0050005_ses-1 vox2ras=TkReg
1318
7210  -17.400  -76.144  -26.847 0.5000000000
6620  -16.457  -76.437  -27.003 0.6000000238
120284  -23.309  -72.236  -21.125 0.3000000119
6029  -16.602  -77.789  -27.496 0.5000000000
8352  -20.589  -73.490  -22.283 0.4000000060
9572  -21.940  -72.174  -21.748 0.4000000060
9573  -22.636  -71.669  -21.496 0.4000000060
8961  -22.626  -72.350  -21.442 0.3000000119
8974  -21.204  -72.720  -22.066 0.4000000060
7194  -14.311  -75.274  -26.012 0.5000000000
7195  -15.114  -75.428  -25.588 0.5000000000
121741  -16.453  -75.987  -26.321 0.5000000000
7207  -13.787  -75.870  -26.707 0.6000000238
7208  -14.776  -75.944  -26.505 0.5000000000
6619  -15.515  -76.594  -26.972 0.6000000238
8943  -24.503  -72.051  -20.639 0.3000000119
6627  -15.328  -77.296  -27.210 0.5000000000
8351  -19.756  -73.789  -22.492 0.5000000000
7748  -19.640  -74.451  -22.676 0.5000000000
8942  -23.807  -71.895  -20.723 0.3000000119
6618  -14.405  -76.746  -26.994 0.6000000238
6628  -16.361  -77.087  -27.401 0.5000000000
8972  -19.899  -73.045  -22.563 0.5000000000
8973  -20.474  -72.782  -22.437 0.4000000060
9581  -22.101  -71.475  -22.112 0.4000000060
10209  -23.238  -71.041  -21.227 0.3000000119
129515  -23.864  -70.713  -20.852 0.3000000119
8984  -20.067  -72.340  -22.950 0.4000000060
9580  -21.395  -71.882  -22.411 0.4000000060
10219  -22.467  -70.784  -22.742 0.4000000060
9590  -21.066  -71.539  -23.493 0.4000000060
113497  -13.877  -72.992  -25.845 0.6999999881
128951  -14.116  -73.464  -25.602 0.6999999881
8377  -14.420  -74.010  -25.266 0.6999999881
7197  -17.002  -75.820  -25.656 0.5000000000
9015  -12.346  -72.961  -26.371 0.6999999881
116114  -13.126  -73.145  -26.077 0.6999999881
7791  -13.008  -74.610  -26.257 0.8000000119
7792  -13.965  -74.588  -25.810 0.5000000000
7206  -12.614  -75.673  -26.730 0.6999999881
117598  -17.695  -75.698  -25.019 0.5000000000
7799  -11.796  -74.689  -26.603 0.6999999881
7167  -17.786  -75.141  -23.491 0.4000000060
7747  -19.038  -74.065  -22.707 0.5000000000
9558  -25.223  -71.588  -20.329 0.3000000119
6616  -12.127  -76.627  -26.849 0.6000000238
8367  -18.396  -73.454  -22.902 0.5000000000
8983  -19.195  -73.234  -22.756 0.5000000000
112435  -25.223  -70.619  -20.176 0.3000000119
112662  -13.190  -76.616  -26.956 0.5000000000
107918  -18.758  -72.479  -23.401 0.5000000000
9601  -20.022  -71.490  -24.514 0.4000000060
8997  -19.595  -71.963  -23.653 0.4000000060
9591  -21.751  -71.225  -23.196 0.4000000060
10231  -23.161  -70.208  -23.472 0.4000000060
10220  -23.122  -70.444  -22.145 0.4000000060
9602  -20.754  -71.361  -24.513 0.3000000119
10229  -21.533  -71.143  -24.573 0.4000000060
10236  -12.278  -69.767  -24.799 0.5000000000
10251  -11.977  -70.560  -25.352 0.6000000238
10252  -13.020  -70.524  -25.354 0.6000000238
9609  -13.749  -71.448  -25.631 0.6000000238
9004  -13.203  -72.372  -25.979 0.6000000238
10942  -11.887  -68.917  -23.811 0.5000000000
10952  -11.676  -69.172  -24.161 0.5000000000
10235  -11.338  -69.972  -24.760 0.6000000238
9607  -11.587  -71.308  -25.792 0.6000000238
9003  -12.079  -72.161  -26.214 0.6999999881
7180  -15.409  -75.097  -24.626 0.6000000238
8322  -27.454  -72.450  -20.368 0.3000000119
10218  -11.034  -70.030  -22.237 0.6999999881
125124  -10.778  -69.591  -23.712 0.6000000238
9588  -10.283  -71.064  -24.328 0.6000000238
10250  -11.182  -70.666  -25.270 0.6000000238
9606  -10.723  -71.285  -25.457 0.6999999881
9014  -11.431  -72.831  -26.524 0.6999999881
7782  -15.200  -74.382  -24.582 0.6000000238
7783  -15.695  -74.672  -24.085 0.6000000238
7182  -16.841  -75.525  -24.553 0.5000000000
10905  -11.477  -69.565  -22.120 0.6999999881
10217  -10.745  -70.135  -23.115 0.6000000238
9578  -10.506  -71.024  -23.306 0.6000000238
8384  -9.933  -73.109  -25.843 0.6999999881
126631  -10.376  -74.610  -26.260 0.6999999881
7764  -17.245  -74.504  -23.268 0.5000000000
109781  -11.087  -69.771  -21.303 0.6999999881
10203  -11.033  -70.540  -21.479 0.6000000238
9570  -10.895  -70.775  -22.365 0.6999999881
8364  -10.044  -72.665  -24.350 0.6000000238
119039  -9.914  -73.465  -24.993 0.6000000238
7205  -11.452  -75.825  -26.737 0.6999999881
8366  -16.780  -73.527  -23.494 0.5000000000
8982  -17.755  -72.900  -23.411 0.5000000000
9579  -11.005  -71.613  -22.477 0.6000000238
8349  -11.339  -73.261  -22.950 0.6000000238
7178  -10.092  -75.083  -25.777 0.6000000238
7204  -10.689  -75.983  -26.378 0.6000000238
6615  -11.317  -76.656  -26.458 0.6000000238
8995  -17.127  -72.499  -24.083 0.5000000000
10895  -25.004  -70.088  -20.620 0.3000000119
8938  -11.976  -71.795  -21.275 0.6999999881
8959  -11.739  -72.085  -22.021 0.6000000238
118738  -11.214  -72.414  -22.657 0.6000000238
8365  -10.476  -73.656  -23.887 0.6000000238
7761  -10.880  -74.556  -23.943 0.5000000000
7164  -10.799  -75.145  -24.388 0.5000000000
6017  -11.328  -77.268  -26.146 0.5000000000
6018  -11.953  -77.544  -26.525 0.5000000000
9600  -19.112  -71.632  -24.513 0.5000000000
10261  -22.498  -70.932  -26.054 0.3000000119
9616  -21.790  -71.024  -25.537 0.3000000119
10238  -22.324  -71.034  -25.312 0.3000000119
10944  -23.839  -70.386  -24.472 0.4000000060
6012  -11.621  -78.008  -26.091 0.5000000000
10259  -20.699  -70.905  -25.443 0.3000000119
9615  -21.126  -71.141  -25.296 0.3000000119
10230  -22.295  -70.712  -24.056 0.4000000060
129495  -13.667  -67.010  -23.871 0.5000000000
11620  -13.008  -68.066  -24.159 0.5000000000
11622  -14.479  -67.458  -24.329 0.5000000000
120031  -13.860  -68.275  -24.418 0.5000000000
11607  -14.599  -67.571  -22.949 0.5000000000
11606  -13.746  -67.740  -23.222 0.5000000000
11617  -12.488  -68.615  -23.576 0.5000000000
10953  -12.594  -68.938  -24.340 0.5000000000
10237  -13.248  -69.631  -24.895 0.5000000000
111030  -15.134  -70.227  -25.338 0.6000000238
9610  -14.886  -71.416  -25.541 0.6000000238
11604  -12.605  -68.952  -22.542 0.5000000000
9005  -14.325  -72.292  -25.711 0.6000000238
9006  -15.234  -72.712  -25.230 0.8000000119
108192  -28.110  -73.132  -20.649 0.3000000119
11594  -13.289  -68.677  -21.887 0.6000000238
10906  -12.012  -69.212  -22.017 0.6000000238
10925  -11.935  -69.260  -23.036 0.6000000238
9611  -16.340  -71.482  -25.441 0.4000000060
8946  -28.366  -72.616  -19.888 0.3000000119
116195  -11.504  -69.070  -21.110 0.6999999881
8994  -15.703  -72.859  -24.682 0.5000000000
8378  -15.111  -73.540  -24.817 0.6000000238
9560  -27.043  -71.643  -19.859 0.3000000119
9559  -26.182  -71.475  -20.087 0.3000000119
10892  -11.057  -69.432  -20.520 0.6999999881
115622  -17.934  -71.378  -25.235 0.4000000060
9539  -25.661  -71.023  -19.952 0.3000000119
10184  -10.991  -70.240  -20.472 0.6000000238
108229  -11.354  -71.100  -20.894 0.6999999881
9007  -17.569  -71.817  -24.823 0.4000000060
10913  -24.374  -70.135  -21.071 0.3000000119
9535  -12.224  -71.211  -19.711 0.6000000238
9555  -12.118  -71.500  -20.506 0.6999999881
8333  -12.042  -72.853  -22.302 0.6000000238
7745  -12.447  -74.543  -22.789 0.5000000000
7165  -11.650  -75.121  -23.583 0.5000000000
6002  -11.231  -77.298  -25.667 0.6000000238
9613  -19.160  -71.193  -25.238 0.4000000060
9008  -18.413  -71.521  -24.975 0.4000000060
10979  -22.455  -70.300  -26.570 0.3000000119
10277  -22.147  -70.616  -26.168 0.3000000119
10279  -23.765  -70.846  -27.127 0.3000000119
10262  -23.347  -71.040  -26.489 0.3000000119
109660  -23.742  -71.123  -25.885 0.4000000060
111749  -24.315  -69.799  -21.870 0.3000000119
8334  -12.864  -73.198  -21.986 0.6000000238
7746  -13.271  -74.782  -22.301 0.5000000000
6580  -12.751  -75.436  -22.944 0.5000000000
6593  -12.058  -76.007  -23.772 0.5000000000
6605  -11.843  -77.310  -24.765 0.5000000000
6003  -11.942  -78.072  -25.377 0.6000000238
5479  -12.617  -78.763  -25.552 0.5000000000
9622  -19.832  -70.850  -25.384 0.3000000119
10276  -21.304  -70.568  -25.738 0.3000000119
7733  -13.083  -73.988  -22.224 0.5000000000
125834  -13.234  -75.847  -22.793 0.5000000000
5995  -13.449  -77.581  -23.791 0.5000000000
6595  -13.955  -77.071  -23.074 0.5000000000
11608  -15.516  -67.613  -22.886 0.5000000000
12275  -14.848  -66.628  -23.415 0.5000000000
12283  -14.067  -66.674  -24.014 0.5000000000
12288  -15.236  -66.203  -24.080 0.5000000000
11623  -15.338  -67.034  -24.396 0.5000000000
11630  -15.630  -68.326  -24.829 0.5000000000
10907  -14.636  -68.683  -22.345 0.5000000000
12274  -14.137  -66.790  -23.638 0.5000000000
10963  -16.738  -69.057  -25.331 0.4000000060
109250  -13.815  -68.486  -22.413 0.5000000000
10962  -15.906  -69.563  -25.253 0.4000000060
8323  -28.865  -73.590  -20.333 0.3000000119
8307  -29.222  -72.761  -19.482 0.3000000119
11595  -14.242  -68.771  -21.640 0.6000000238
10254  -16.164  -70.587  -25.538 0.4000000060
116024  -15.688  -71.133  -25.561 0.4000000060
108276  -13.797  -68.433  -21.022 0.6000000238
11583  -11.972  -68.353  -20.500 0.6000000238
8925  -27.900  -71.869  -19.618 0.3000000119
9541  -27.550  -71.148  -19.547 0.3000000119
11582  -11.315  -68.819  -20.086 0.6000000238
9612  -17.239  -71.484  -25.312 0.4000000060
10884  -11.315  -68.843  -19.192 0.6000000238
10256  -18.446  -70.503  -25.638 0.4000000060
10258  -19.144  -70.761  -25.501 0.4000000060
10190  -25.979  -70.317  -20.133 0.3000000119
10165  -11.396  -70.426  -19.407 0.6999999881
10275  -20.402  -70.542  -25.546 0.3000000119
10978  -21.668  -70.206  -26.148 0.3000000119
12977  -16.207  -65.816  -23.546 0.5000000000
12284  -14.610  -66.354  -23.931 0.5000000000
12994  -16.051  -65.630  -23.936 0.5000000000
12289  -16.947  -66.113  -24.505 0.4000000060
124531  -15.336  -68.522  -22.529 0.5000000000
127311  -16.900  -67.202  -24.885 0.4000000060
11631  -16.340  -67.747  -24.883 0.4000000060
10926  -16.263  -68.926  -22.515 0.6000000238
11633  -18.193  -68.614  -25.657 0.4000000060
10964  -17.641  -69.154  -25.606 0.4000000060
8926  -28.751  -72.026  -19.303 0.3000000119
11573  -12.664  -67.848  -19.944 0.6000000238
112699  -17.547  -70.080  -25.657 0.4000000060
10255  -17.003  -70.834  -25.544 0.4000000060
112030  -18.376  -69.656  -25.752 0.4000000060
10966  -20.240  -69.312  -25.818 0.4000000060
10977  -20.810  -70.103  -25.766 0.3000000119
11646  -21.918  -69.593  -26.403 0.3000000119
10148  -11.809  -70.175  -18.430 0.6000000238
12277  -16.838  -66.499  -22.990 0.5000000000
12987  -16.735  -65.271  -23.711 0.5000000000
13725  -17.325  -64.940  -23.904 0.4000000060
12995  -16.766  -65.138  -24.052 0.4000000060
11609  -16.549  -67.756  -22.864 0.5000000000
12278  -17.786  -66.903  -22.626 0.5000000000
12997  -18.537  -65.758  -24.621 0.4000000060
10908  -15.561  -69.372  -21.984 0.6000000238
129302  -16.914  -69.439  -22.239 0.6000000238
11610  -17.540  -67.857  -22.658 0.6000000238
112123  -18.646  -66.930  -25.220 0.4000000060
11596  -14.987  -69.187  -21.342 0.6000000238
10909  -16.487  -69.864  -21.677 0.6000000238
12300  -19.371  -67.506  -25.528 0.4000000060
11634  -19.725  -68.350  -25.791 0.4000000060
11585  -14.507  -68.549  -20.526 0.6000000238
10965  -19.199  -69.196  -25.839 0.4000000060
11635  -20.601  -68.486  -25.799 0.4000000060
12302  -21.827  -67.681  -25.540 0.4000000060
10171  -28.102  -70.699  -19.612 0.3000000119
12251  -14.331  -67.916  -19.583 0.6000000238
108176  -21.445  -68.616  -25.924 0.4000000060
10897  -26.457  -69.643  -20.680 0.3000000119
10170  -27.358  -70.589  -19.701 0.3000000119
12249  -12.483  -67.704  -19.035 0.6000000238
10870  -11.807  -69.259  -18.439 0.6000000238
11563  -12.694  -67.835  -18.256 0.6999999881
11564  -15.528  -68.302  -18.494 0.6999999881
11548  -12.615  -68.704  -17.813 0.6000000238
12240  -14.389  -67.687  -18.032 0.6999999881
12231  -15.289  -67.882  -17.878 0.6999999881
127450  -13.068  -68.435  -16.857 0.6000000238
11550  -15.858  -68.301  -18.049 0.6999999881
11552  -16.956  -68.817  -17.347 0.6000000238
111068  -13.805  -67.590  -17.368 0.6999999881
12232  -15.950  -67.990  -17.336 0.6999999881
123678  -16.890  -65.581  -23.301 0.5000000000
13708  -18.364  -65.035  -23.270 0.5000000000
12266  -18.447  -66.443  -22.457 0.5000000000
12957  -19.138  -65.855  -22.283 0.5000000000
12979  -18.324  -65.503  -22.870 0.5000000000
14450  -19.874  -64.286  -23.475 0.5000000000
14467  -19.414  -64.600  -23.789 0.4000000060
13735  -18.916  -64.970  -24.158 0.4000000060
124036  -18.274  -69.548  -21.783 0.6000000238
10928  -18.062  -68.855  -22.267 0.6000000238
12267  -19.314  -66.916  -21.927 0.6000000238
12958  -19.906  -66.171  -21.637 0.6000000238
12998  -19.585  -65.682  -24.610 0.4000000060
10893  -15.681  -69.820  -21.038 0.6000000238
10911  -18.871  -68.933  -21.870 0.6000000238
11599  -20.093  -67.173  -21.288 0.6000000238
13010  -19.453  -66.676  -25.155 0.4000000060
11586  -15.221  -69.176  -20.349 0.6000000238
10185  -16.495  -70.291  -20.554 0.6000000238
10187  -18.528  -70.469  -20.793 0.6000000238
10207  -19.480  -70.104  -20.890 0.6000000238
11588  -20.251  -68.306  -21.111 0.6000000238
109979  -20.093  -67.538  -25.552 0.4000000060
13014  -23.230  -66.621  -25.141 0.4000000060
10885  -16.240  -69.863  -19.500 0.6000000238
10186  -17.571  -70.549  -20.657 0.6000000238
10188  -20.135  -70.368  -20.269 0.6000000238
10886  -20.888  -69.560  -20.126 0.6000000238
12303  -22.730  -67.763  -25.651 0.4000000060
11574  -15.042  -68.445  -19.618 0.6000000238
10166  -17.284  -70.461  -19.651 0.5000000000
117182  -18.348  -70.797  -19.378 0.6000000238
110728  -19.146  -70.837  -20.078 0.6000000238
11577  -21.432  -68.501  -19.691 0.6999999881
112850  -13.155  -67.602  -18.697 0.6999999881
108786  -15.411  -68.504  -18.987 0.6000000238
10150  -17.749  -70.345  -18.728 0.6000000238
125393  -19.263  -70.966  -19.126 0.6000000238
10887  -21.436  -69.749  -19.384 0.6000000238
11567  -21.966  -68.930  -18.958 0.6000000238
12923  -22.732  -67.295  -18.447 0.6000000238
117429  -19.890  -71.082  -18.812 0.6000000238
10169  -21.218  -70.636  -18.873 0.6000000238
10872  -21.888  -70.021  -18.564 0.6000000238
11568  -22.315  -68.294  -18.321 0.6000000238
116767  -17.415  -69.825  -18.148 0.6000000238
10151  -18.655  -70.700  -18.517 0.6000000238
9512  -20.725  -71.157  -17.666 0.5000000000
10154  -21.924  -70.515  -17.911 0.6000000238
11553  -22.683  -69.139  -17.730 0.6000000238
10134  -18.955  -70.594  -17.620 0.5000000000
12230  -14.568  -67.560  -16.996 0.6999999881
11534  -16.556  -68.304  -16.874 0.6999999881
10857  -18.411  -70.014  -16.992 0.5000000000
10119  -19.192  -70.376  -16.731 0.6000000238
10121  -20.609  -70.704  -16.493 0.5000000000
10122  -21.573  -70.724  -16.582 0.5000000000
10103  -20.188  -70.248  -15.872 0.6000000238
14400  -14.597  -64.361  -20.975 0.6000000238
110258  -14.052  -64.252  -20.280 0.6000000238
108871  -12.995  -64.070  -19.087 0.6000000238
13709  -19.067  -65.008  -22.816 0.5000000000
13710  -19.695  -64.719  -22.689 0.5000000000
14431  -19.501  -64.503  -23.095 0.5000000000
13736  -19.825  -64.716  -24.174 0.5000000000
13670  -21.370  -65.874  -21.124 0.5000000000
12999  -20.539  -65.493  -24.651 0.4000000060
13739  -22.990  -63.758  -25.422 0.4000000060
12259  -20.657  -66.385  -20.919 0.5000000000
12960  -22.095  -66.350  -20.878 0.5000000000
13012  -21.266  -66.554  -25.096 0.4000000060
13001  -22.619  -65.260  -25.058 0.4000000060
13002  -23.579  -65.221  -25.251 0.4000000060
12252  -21.191  -67.694  -20.050 0.5000000000
12932  -21.761  -66.854  -19.913 0.5000000000
12943  -21.256  -66.354  -20.592 0.5000000000
13013  -22.238  -66.558  -25.115 0.4000000060
114195  -21.537  -67.571  -19.611 0.6000000238
12253  -21.835  -67.285  -19.388 0.6000000238
12254  -22.285  -67.564  -18.738 0.6000000238
120978  -22.327  -67.167  -19.181 0.5000000000
12916  -23.070  -67.306  -17.804 0.4000000060
12244  -23.868  -66.945  -18.363 0.4000000060
12924  -24.773  -66.572  -18.445 0.4000000060
10859  -23.231  -69.068  -17.036 0.6000000238
11536  -22.841  -68.281  -17.617 0.6000000238
12917  -23.533  -66.694  -17.409 0.5000000000
116320  -23.708  -66.355  -17.743 0.4000000060
13642  -25.359  -65.978  -18.257 0.4000000060
114036  -25.642  -64.583  -18.402 0.4000000060
122161  -13.664  -68.299  -15.360 0.6999999881
10858  -22.805  -69.859  -17.108 0.6000000238
12233  -23.436  -67.294  -16.992 0.5000000000
128507  -24.077  -65.263  -17.788 0.4000000060
10838  -17.962  -69.419  -16.303 0.6000000238
10104  -21.091  -70.399  -15.804 0.5000000000
10106  -22.530  -70.318  -16.372 0.5000000000
12207  -23.951  -67.983  -16.234 0.5000000000
124023  -23.733  -66.317  -16.698 0.5000000000
13640  -23.701  -65.449  -17.446 0.4000000060
15165  -24.582  -63.976  -18.351 0.4000000060
10839  -18.673  -69.842  -16.156 0.6000000238
10825  -23.529  -69.320  -15.458 0.5000000000
16002  -14.125  -62.650  -22.264 0.6999999881
15211  -15.027  -64.049  -21.622 0.6000000238
16004  -16.120  -62.730  -21.946 0.6999999881
15196  -15.511  -64.228  -20.968 0.6000000238
15991  -17.194  -62.690  -21.196 0.6000000238
15159  -13.891  -63.859  -19.213 0.6000000238
110929  -16.244  -63.509  -19.656 0.6000000238
15979  -16.970  -63.013  -20.331 0.6000000238
15992  -17.771  -62.272  -20.618 0.6000000238
16738  -17.932  -61.681  -19.008 0.6000000238
14365  -13.211  -63.814  -18.210 0.5000000000
15160  -14.840  -63.692  -18.924 0.6000000238
15162  -16.448  -63.361  -18.635 0.6000000238
15183  -16.935  -62.884  -19.287 0.6000000238
15980  -17.500  -62.507  -19.819 0.6000000238
14468  -20.301  -64.029  -23.843 0.5000000000
14347  -12.520  -64.039  -17.407 0.5000000000
15142  -14.205  -63.635  -17.957 0.5000000000
15163  -17.082  -62.958  -18.488 0.5000000000
15964  -17.532  -62.456  -18.935 0.5000000000
13687  -19.752  -65.375  -22.189 0.4000000060
13711  -21.519  -64.059  -22.760 0.5000000000
115984  -21.847  -62.960  -24.756 0.5000000000
120432  -21.390  -63.736  -24.587 0.4000000060
14334  -14.184  -63.660  -16.788 0.5000000000
15143  -14.954  -63.667  -17.349 0.5000000000
14351  -17.375  -64.092  -17.099 0.5000000000
15147  -17.699  -63.645  -17.010 0.5000000000
13689  -21.040  -64.969  -22.053 0.5000000000
13738  -22.098  -63.863  -25.048 0.4000000060
14472  -24.506  -62.779  -25.625 0.4000000060
14479  -25.286  -63.349  -25.477 0.4000000060
14333  -12.784  -63.960  -16.401 0.5000000000
14349  -15.735  -64.197  -16.971 0.5000000000
14350  -16.600  -64.241  -17.178 0.6000000238
14337  -17.605  -64.639  -16.527 0.6000000238
13740  -23.930  -63.730  -25.623 0.4000000060
14326  -14.875  -64.512  -15.352 0.6000000238
128866  -15.554  -64.574  -16.212 0.6000000238
14336  -17.105  -64.777  -16.614 0.6999999881
127456  -21.662  -66.456  -20.435 0.4000000060
12944  -22.270  -66.800  -19.897 0.5000000000
12159  -12.146  -67.866  -13.844 0.6000000238
12933  -23.225  -67.094  -19.105 0.5000000000
12935  -25.516  -66.892  -19.156 0.4000000060
12160  -12.663  -68.015  -13.776 0.6000000238
12934  -24.508  -67.107  -19.123 0.4000000060
11493  -13.423  -68.216  -14.163 0.6000000238
12205  -15.275  -67.689  -15.203 0.6000000238
14367  -26.443  -65.074  -18.412 0.4000000060
11494  -16.965  -68.162  -14.537 0.6000000238
12223  -15.907  -67.874  -16.242 0.6999999881
10821  -19.676  -69.705  -15.364 0.6000000238
10808  -20.011  -69.256  -14.798 0.6000000238
10822  -20.557  -69.858  -15.247 0.5000000000
127340  -22.291  -69.859  -15.153 0.5000000000
16782  -14.600  -61.735  -22.080 0.6999999881
126713  -16.264  -61.783  -21.903 0.6999999881
119132  -16.841  -60.111  -21.697 0.6000000238
16785  -17.640  -61.576  -21.430 0.6000000238
123631  -17.478  -59.911  -21.537 0.6000000238
16751  -18.352  -61.224  -19.914 0.6000000238
17539  -18.058  -60.338  -18.287 0.6999999881
124854  -17.990  -61.336  -18.018 0.6000000238
118227  -17.919  -62.144  -17.385 0.6000000238
121265  -21.164  -63.309  -23.617 0.5000000000
14451  -20.669  -63.647  -23.641 0.5000000000
14452  -21.724  -62.927  -24.325 0.5000000000
15936  -18.120  -62.416  -16.586 0.6000000238
16706  -18.156  -61.467  -16.911 0.5000000000
14454  -23.600  -62.681  -24.262 0.5000000000
126769  -22.553  -62.889  -25.214 0.5000000000
14471  -23.453  -62.542  -25.399 0.4000000060
14328  -18.873  -64.449  -15.232 0.6000000238
14338  -17.852  -64.241  -16.550 0.6000000238
15928  -18.996  -62.373  -15.143 0.5000000000
13690  -21.993  -65.407  -21.957 0.5000000000
12877  -12.329  -66.521  -14.371 0.6000000238
13590  -12.949  -65.749  -14.381 0.4000000060
130510  -14.514  -64.970  -14.482 0.6000000238
13624  -16.822  -65.269  -15.819 0.6000000238
13613  -18.347  -65.234  -15.691 0.6000000238
15125  -18.652  -63.451  -15.282 0.6000000238
12962  -23.818  -66.905  -21.114 0.4000000060
12980  -24.070  -66.462  -21.919 0.4000000060
12879  -14.117  -66.177  -13.883 0.5000000000
13592  -14.736  -65.596  -13.955 0.5000000000
13610  -15.302  -65.254  -14.485 0.6000000238
117545  -17.279  -65.785  -15.270 0.6999999881
13612  -18.051  -66.096  -15.255 0.6000000238
13595  -18.787  -65.916  -15.120 0.6000000238
13614  -18.993  -65.178  -15.263 0.6000000238
12945  -23.032  -66.860  -20.412 0.5000000000
116644  -13.780  -66.910  -14.060 0.6000000238
13593  -16.319  -66.398  -13.838 0.6000000238
13594  -17.158  -66.422  -14.329 0.6000000238
124917  -19.300  -66.496  -14.668 0.6000000238
13596  -19.434  -65.668  -14.649 0.6000000238
14317  -20.088  -64.543  -13.829 0.6000000238
12947  -25.107  -67.057  -20.084 0.4000000060
12179  -14.580  -66.895  -14.033 0.5000000000
12880  -15.807  -66.491  -13.715 0.6000000238
119762  -18.278  -67.410  -14.324 0.6000000238
118128  -19.741  -67.026  -14.365 0.6000000238
13597  -20.031  -66.301  -14.126 0.6000000238
129016  -15.116  -67.362  -14.295 0.6000000238
125035  -15.719  -67.532  -14.272 0.6000000238
12181  -16.440  -67.466  -13.869 0.6000000238
115125  -18.219  -68.024  -14.151 0.6000000238
12183  -18.942  -67.989  -14.342 0.6000000238
10807  -19.128  -69.171  -14.860 0.6000000238
10819  -18.286  -69.364  -15.600 0.6000000238
10810  -21.906  -69.405  -14.619 0.5000000000
10811  -22.911  -69.374  -14.768 0.5000000000
16769  -14.236  -60.753  -21.444 0.6999999881
17586  -15.044  -60.957  -21.793 0.6999999881
17562  -12.811  -60.873  -18.875 0.6999999881
17563  -14.273  -60.481  -19.217 0.6999999881
108111  -14.586  -60.396  -20.343 0.6999999881
17577  -16.213  -59.869  -21.395 0.6999999881
17578  -16.986  -59.436  -21.297 0.6000000238
18379  -17.304  -59.850  -19.921 0.6000000238
18367  -17.344  -59.433  -18.820 0.5000000000
17553  -17.883  -60.124  -19.227 0.6999999881
18357  -18.161  -59.655  -17.608 0.5000000000
111922  -18.566  -59.941  -16.804 0.5000000000
17524  -18.653  -60.763  -16.476 0.5000000000
14435  -22.933  -63.272  -23.615 0.4000000060
15229  -24.508  -62.108  -24.832 0.5000000000
15230  -25.300  -62.650  -24.776 0.5000000000
128121  -24.957  -62.136  -25.213 0.5000000000
15243  -25.287  -62.694  -25.132 0.4000000060
110958  -23.488  -65.500  -22.363 0.4000000060
14455  -25.177  -63.508  -23.780 0.4000000060
15117  -19.193  -63.870  -14.626 0.6000000238
15924  -20.196  -62.853  -13.831 0.6000000238
118593  -20.716  -65.809  -13.540 0.6000000238
15106  -20.622  -63.505  -13.482 0.6000000238
12185  -20.834  -67.957  -13.981 0.6000000238
12163  -21.234  -67.214  -13.640 0.6000000238
14302  -21.140  -64.131  -13.269 0.6000000238
11497  -19.474  -68.604  -14.498 0.6000000238
12859  -21.543  -66.335  -13.275 0.5000000000
11499  -21.355  -68.724  -14.190 0.6000000238
12186  -21.777  -68.026  -13.745 0.5000000000
11500  -22.322  -68.728  -14.185 0.5000000000
16724  -12.019  -61.187  -17.369 0.6999999881
120236  -13.445  -60.557  -17.876 0.6999999881
17551  -14.049  -60.302  -18.374 0.6999999881
17564  -15.084  -60.105  -19.902 0.6999999881
18376  -15.110  -59.752  -19.369 0.6000000238
18377  -15.820  -59.494  -20.106 0.6999999881
19175  -16.461  -59.543  -20.391 0.4000000060
16705  -11.434  -61.009  -16.518 0.6999999881
18354  -12.663  -60.333  -17.094 0.6999999881
18355  -13.574  -60.060  -17.734 0.6000000238
18366  -14.487  -59.651  -18.641 0.6000000238
19168  -16.627  -59.331  -19.260 0.5000000000
120980  -8.791  -60.303  -16.754 0.6999999881
17522  -10.713  -60.893  -16.374 0.6999999881
125781  -17.988  -58.137  -17.970 0.5000000000
17520  -7.756  -60.149  -16.663 0.6999999881
129423  -18.165  -59.094  -17.536 0.5000000000
18343  -6.924  -59.253  -16.435 0.6000000238
18329  -6.256  -58.556  -15.808 0.6000000238
18305  -5.417  -58.846  -14.148 0.6000000238
123080  -6.758  -59.740  -12.680 0.5000000000
18271  -7.641  -59.181  -12.603 0.5000000000
14456  -25.985  -63.785  -23.685 0.4000000060
15231  -26.142  -63.393  -24.480 0.4000000060
119473  -21.658  -64.825  -13.068 0.6000000238
19165  -15.281  -59.027  -19.373 0.5000000000
19166  -15.813  -58.988  -19.326 0.5000000000
18345  -11.255  -60.397  -16.487 0.6000000238
19142  -12.783  -59.431  -17.556 0.6000000238
19155  -13.681  -59.004  -18.246 0.6000000238
19945  -13.478  -58.048  -18.713 0.6000000238
19961  -15.671  -57.790  -18.944 0.5000000000
19167  -16.200  -59.278  -19.473 0.5000000000
113351  -17.168  -58.227  -18.610 0.5000000000
18344  -9.036  -59.660  -16.902 0.6999999881
120568  -10.266  -60.067  -16.608 0.6000000238
18352  -10.888  -59.413  -17.045 0.6000000238
19141  -11.616  -58.823  -17.755 0.6000000238
19943  -11.731  -57.260  -19.036 0.6000000238
19947  -17.792  -57.371  -18.343 0.5000000000
123477  -7.389  -58.764  -16.769 0.6999999881
19127  -8.453  -58.480  -17.361 0.6000000238
119202  -8.905  -57.812  -17.817 0.6000000238
125515  -9.641  -57.827  -18.038 0.6000000238
19942  -10.137  -57.298  -18.606 0.6000000238
19125  -6.845  -58.146  -16.276 0.6000000238
19126  -7.547  -57.905  -16.907 0.6000000238
19919  -7.723  -56.858  -16.506 0.6000000238
19932  -8.668  -57.036  -17.714 0.6000000238
19116  -6.476  -57.829  -15.303 0.6000000238
126947  -6.929  -57.051  -15.172 0.6000000238
19905  -7.505  -56.542  -15.428 0.6000000238
19920  -8.418  -56.552  -16.921 0.6000000238
19092  -6.022  -58.112  -14.410 0.5000000000
18286  -6.649  -58.760  -13.211 0.5000000000
19865  -7.233  -57.474  -13.845 0.5000000000
19881  -7.549  -56.896  -14.373 0.6000000238
19882  -8.463  -56.287  -14.530 0.6000000238
14458  -27.702  -63.999  -23.458 0.4000000060
17453  -7.716  -61.093  -11.653 0.5000000000
18287  -7.607  -58.206  -13.191 0.5000000000
19866  -8.086  -57.451  -13.532 0.6000000238
124320  -8.480  -56.909  -13.826 0.6000000238
17454  -8.693  -60.657  -11.577 0.5000000000
18272  -8.770  -59.619  -12.224 0.4000000060
19071  -8.729  -58.172  -13.026 0.5000000000
19867  -9.071  -57.537  -13.403 0.6000000238
19960  -14.881  -57.609  -19.050 0.6000000238
19962  -16.198  -57.587  -18.847 0.5000000000
19959  -13.871  -57.477  -18.976 0.6000000238
20766  -14.308  -56.846  -19.039 0.5000000000
19946  -17.223  -57.214  -18.643 0.5000000000
20751  -11.191  -56.570  -19.210 0.6999999881
21634  -12.706  -55.817  -19.419 0.6999999881
20740  -9.670  -56.369  -18.371 0.6000000238
20750  -10.389  -56.521  -18.950 0.6999999881
20739  -9.020  -56.226  -17.497 0.6000000238
21610  -9.663  -55.376  -17.440 0.6999999881
20722  -8.823  -55.754  -16.248 0.6000000238
130666  -9.268  -55.453  -16.626 0.6999999881
20699  -9.036  -55.701  -15.068 0.6000000238
20723  -9.562  -55.382  -15.602 0.6999999881
15872  -10.208  -62.480  -10.450 0.5000000000
17455  -9.878  -60.858  -11.604 0.5000000000
18288  -9.339  -58.914  -12.677 0.4000000060
115997  -9.699  -58.303  -13.115 0.6000000238
19883  -9.339  -56.889  -13.809 0.6000000238
16638  -10.555  -61.951  -11.036 0.5000000000
17466  -9.573  -60.190  -11.976 0.4000000060
18273  -9.916  -59.623  -12.408 0.5000000000
20768  -16.460  -56.871  -18.835 0.5000000000
110669  -15.595  -56.301  -18.996 0.5000000000
121279  -13.751  -56.227  -19.234 0.6000000238
21635  -13.832  -55.597  -19.364 0.5000000000
21636  -14.912  -55.607  -19.188 0.5000000000
113986  -11.525  -55.787  -19.197 0.6999999881
21611  -10.156  -54.802  -17.691 0.6999999881
22453  -9.963  -54.415  -16.841 0.6000000238
20684  -9.632  -56.289  -14.302 0.6999999881
21594  -9.728  -54.918  -16.223 0.6000000238
19868  -10.003  -57.678  -13.516 0.6000000238
19884  -10.289  -57.061  -13.928 0.6000000238
15888  -11.237  -62.437  -10.894 0.5000000000
17467  -10.435  -60.328  -12.231 0.4000000060
18289  -10.274  -59.053  -12.916 0.6000000238
117976  -11.890  -62.266  -11.526 0.4000000060
16639  -11.260  -61.747  -11.650 0.4000000060
17468  -11.288  -60.541  -12.639 0.5000000000
18274  -10.809  -59.790  -12.769 0.5000000000
21624  -11.798  -54.905  -19.021 0.6000000238
21625  -12.865  -54.846  -19.317 0.5000000000
22482  -11.159  -54.133  -18.257 0.6000000238
22483  -11.959  -53.975  -18.611 0.5000000000
22469  -10.446  -53.891  -17.419 0.6000000238
23311  -10.676  -53.026  -16.870 0.5000000000
21595  -10.273  -54.574  -16.081 0.6000000238
20685  -10.585  -56.476  -14.350 0.6999999881
20701  -11.602  -55.709  -14.967 0.5000000000
19094  -10.837  -57.856  -13.791 0.6000000238
107987  -11.101  -59.207  -13.284 0.5000000000
16640  -12.139  -61.911  -12.090 0.4000000060
17480  -11.607  -59.978  -13.231 0.5000000000
17434  -11.578  -60.060  -9.130 0.4000000060
127946  -11.965  -59.713  -9.650 0.3000000119
17435  -12.366  -60.230  -9.305 0.4000000060
23339  -11.937  -52.941  -18.228 0.5000000000
16609  -12.482  -61.304  -8.030 0.3000000119
17423  -13.010  -60.784  -8.803 0.4000000060
22454  -10.528  -53.843  -16.346 0.5000000000
130253  -10.916  -52.648  -17.131 0.5000000000
16598  -12.994  -62.193  -7.379 0.3000000119
16610  -13.514  -61.574  -8.150 0.4000000060
21570  -11.011  -54.693  -15.579 0.5000000000
15851  -14.341  -63.301  -7.619 0.3000000119
124171  -11.450  -56.635  -14.555 0.6000000238
125729  -11.491  -57.999  -14.089 0.6999999881
112460  -12.036  -57.609  -14.470 0.6000000238
16657  -12.495  -61.529  -12.660 0.5000000000
18306  -11.871  -59.282  -13.696 0.5000000000
18290  -12.428  -60.015  -13.627 0.4000000060
18307  -12.655  -59.247  -14.078 0.4000000060
19030  -11.302  -58.604  -10.278 0.3000000119
17433  -11.118  -59.337  -9.622 0.3000000119
19010  -12.115  -59.107  -10.202 0.3000000119
18235  -12.669  -59.781  -9.879 0.3000000119
120680  -13.051  -60.266  -9.497 0.4000000060
22455  -11.225  -53.322  -16.215 0.5000000000
22433  -11.384  -54.104  -15.712 0.5000000000
15857  -14.073  -62.429  -7.715 0.4000000060
16611  -14.601  -61.814  -8.369 0.4000000060
21571  -12.072  -54.983  -15.380 0.5000000000
121894  -14.739  -63.596  -8.078 0.4000000060
20686  -12.326  -56.720  -14.815 0.5000000000
19095  -12.047  -58.541  -14.130 0.5000000000
19886  -12.893  -57.498  -14.855 0.5000000000
15890  -13.484  -62.833  -11.458 0.3000000119
15908  -13.568  -62.344  -12.157 0.4000000060
17481  -13.052  -60.659  -13.472 0.4000000060
19096  -12.884  -58.388  -14.515 0.4000000060
113100  -10.715  -58.229  -10.346 0.3000000119
18248  -13.106  -59.236  -10.354 0.4000000060
18236  -13.506  -59.926  -9.938 0.4000000060
24169  -12.723  -51.330  -18.118 0.4000000060
17436  -13.779  -60.522  -9.308 0.4000000060
24159  -12.170  -51.346  -17.477 0.4000000060
17424  -13.931  -61.103  -8.711 0.4000000060
22456  -11.986  -53.066  -16.171 0.4000000060
17437  -14.787  -60.924  -8.973 0.4000000060
20702  -12.702  -56.011  -15.218 0.5000000000
15858  -14.915  -62.843  -8.158 0.4000000060
15067  -15.266  -63.505  -9.461 0.3000000119
19906  -13.061  -56.818  -15.155 0.5000000000
15909  -14.554  -62.311  -12.197 0.3000000119
19814  -11.212  -57.876  -10.648 0.3000000119
114014  -11.995  -58.274  -10.699 0.3000000119
19031  -12.714  -58.624  -10.660 0.3000000119
19032  -13.607  -58.486  -10.834 0.4000000060
18249  -14.074  -59.352  -10.331 0.4000000060
120698  -13.537  -51.125  -18.536 0.4000000060
24993  -14.955  -51.266  -19.169 0.4000000060
18237  -14.445  -60.106  -9.723 0.4000000060
112805  -12.247  -52.219  -16.393 0.4000000060
22434  -12.404  -54.071  -15.651 0.4000000060
16616  -15.346  -61.642  -8.703 0.3000000119
21572  -13.177  -55.316  -15.490 0.4000000060
15859  -15.541  -62.930  -8.847 0.3000000119
15079  -15.369  -63.371  -10.173 0.3000000119
18291  -13.263  -59.920  -13.920 0.4000000060
20644  -11.371  -56.473  -11.316 0.3000000119
19815  -12.759  -57.943  -11.057 0.4000000060
25803  -16.040  -50.416  -19.341 0.4000000060
24992  -14.015  -50.572  -18.739 0.4000000060
18250  -15.145  -59.459  -9.993 0.4000000060
24143  -12.215  -51.208  -16.906 0.4000000060
23292  -13.011  -53.349  -15.822 0.4000000060
114512  -12.988  -51.549  -16.292 0.4000000060
118632  -15.813  -61.192  -9.003 0.3000000119
15866  -16.407  -62.263  -9.693 0.3000000119
20703  -13.683  -56.403  -15.493 0.5000000000
15865  -15.904  -62.902  -9.716 0.3000000119
15878  -16.347  -62.512  -10.354 0.3000000119
19907  -13.640  -57.335  -15.174 0.5000000000
125285  -14.248  -61.482  -12.983 0.3000000119
19097  -13.694  -58.511  -14.614 0.4000000060
16670  -13.684  -61.252  -13.162 0.4000000060
20645  -12.263  -56.500  -11.421 0.3000000119
19033  -14.693  -58.630  -10.575 0.3000000119
25802  -14.936  -50.255  -19.060 0.4000000060
114527  -15.472  -60.341  -9.397 0.3000000119
24981  -12.903  -50.110  -17.400 0.4000000060
112486  -13.987  -49.803  -18.401 0.3000000119
120890  -13.351  -52.597  -15.941 0.4000000060
24966  -12.754  -50.550  -16.827 0.4000000060
16618  -16.530  -61.595  -9.364 0.3000000119
20704  -14.618  -56.323  -15.780 0.4000000060
15892  -15.284  -62.664  -11.502 0.3000000119
17471  -15.414  -61.044  -13.054 0.3000000119
17483  -14.899  -60.293  -13.689 0.3000000119
18310  -14.921  -58.729  -14.532 0.3000000119
129389  -15.808  -59.246  -9.864 0.3000000119
18238  -16.072  -59.759  -9.549 0.3000000119
24967  -13.340  -49.997  -16.929 0.3000000119
23313  -14.341  -52.338  -15.988 0.4000000060
24144  -13.722  -50.968  -16.408 0.4000000060
16623  -16.953  -61.896  -10.101 0.3000000119
23293  -14.171  -53.518  -15.799 0.4000000060
125598  -16.665  -62.235  -11.054 0.3000000119
16660  -15.831  -61.726  -12.419 0.3000000119
19908  -14.435  -57.137  -15.438 0.3000000119
18293  -14.899  -59.423  -14.174 0.3000000119
16624  -17.459  -61.159  -10.133 0.3000000119
16642  -17.308  -61.657  -10.994 0.3000000119
22436  -14.969  -54.504  -15.978 0.3000000119
23294  -15.256  -53.542  -15.969 0.3000000119
16661  -16.726  -61.813  -11.869 0.3000000119
20705  -15.504  -56.160  -15.934 0.3000000119
17484  -15.898  -60.332  -13.392 0.3000000119
19887  -15.060  -57.587  -15.223 0.3000000119
16643  -17.840  -60.957  -10.928 0.3000000119
18252  -18.491  -59.802  -10.147 0.3000000119
17456  -17.412  -61.203  -11.862 0.3000000119
21574  -15.710  -55.300  -16.092 0.3000000119
17457  -18.110  -60.498  -11.821 0.3000000119
18264  -18.813  -59.861  -11.207 0.3000000119
17482  -13.916  -60.511  -13.633 0.4000000060
15910  -15.325  -62.189  -12.174 0.3000000119
7781  -14.729  -74.819  -25.213 0.6000000238
7209  -15.665  -75.944  -26.359 0.5000000000
7196  -15.994  -75.604  -25.191 0.5000000000
7766  -19.112  -74.805  -23.008 0.5000000000
8391  -12.566  -73.822  -26.274 0.6999999881
115599  -15.140  -72.249  -25.524 0.6999999881
8390  -11.630  -73.612  -26.610 0.6999999881
128749  -18.541  -75.152  -23.368 0.4000000060
111449  -10.852  -75.134  -26.548 0.6999999881
123379  -17.641  -73.750  -23.062 0.5000000000
10896  -25.652  -69.759  -20.743 0.3000000119
9614  -19.890  -71.186  -25.132 0.3000000119
10253  -14.063  -70.457  -25.320 0.6000000238
10955  -14.898  -68.911  -24.792 0.5000000000
10924  -11.196  -69.613  -23.056 0.6000000238
9002  -11.055  -72.060  -26.089 0.6999999881
8980  -10.274  -71.834  -23.885 0.6000000238
114717  -9.838  -72.612  -25.169 0.6000000238
7790  -9.934  -74.118  -25.756 0.6999999881
8379  -16.285  -72.941  -24.131 0.5000000000
7763  -16.323  -74.548  -23.649 0.6000000238
7181  -16.107  -75.216  -24.136 0.5000000000
7780  -10.229  -74.541  -24.868 0.6000000238
7192  -10.255  -75.930  -25.988 0.6999999881
8350  -12.271  -73.668  -22.584 0.5000000000
6604  -10.780  -76.351  -25.520 0.5000000000
10914  -26.044  -69.397  -21.557 0.3000000119
8939  -12.818  -72.071  -20.931 0.6000000238
121886  -12.291  -76.801  -23.936 0.5000000000
112980  -22.977  -71.116  -25.868 0.3000000119
109333  -15.764  -72.161  -25.248 0.5000000000
10931  -25.644  -69.479  -22.513 0.3000000119
115206  -12.884  -76.198  -23.262 0.5000000000
108867  -17.806  -67.337  -25.213 0.4000000060
9542  -28.408  -71.356  -19.407 0.3000000119
10204  -17.180  -70.269  -21.267 0.6000000238
12241  -14.936  -67.955  -18.821 0.6999999881
10871  -16.871  -69.808  -18.759 0.6000000238
10133  -18.128  -70.164  -17.909 0.6000000238
10206  -18.828  -69.802  -21.404 0.6000000238
124564  -20.319  -65.693  -21.619 0.5000000000
13000  -21.544  -65.141  -24.794 0.4000000060
11576  -20.838  -68.470  -20.441 0.6000000238
113928  -20.714  -67.396  -20.557 0.5000000000
10167  -19.929  -70.914  -19.487 0.6000000238
12220  -13.902  -67.865  -15.326 0.6000000238
11514  -16.718  -68.304  -15.740 0.6999999881
111936  -15.465  -63.711  -19.517 0.6000000238
14433  -20.694  -63.979  -22.890 0.4000000060
12961  -23.023  -66.298  -21.657 0.4000000060
12925  -25.859  -66.387  -18.683 0.4000000060
10841  -23.243  -69.691  -16.293 0.4000000060
11513  -13.688  -68.265  -14.601 0.6000000238
15197  -16.315  -63.733  -20.840 0.6000000238
15144  -15.892  -63.714  -17.868 0.6000000238
15228  -23.475  -62.054  -25.027 0.5000000000
109755  -14.113  -63.856  -15.820 0.5000000000
15927  -18.414  -62.672  -15.799 0.6000000238
14325  -13.296  -64.069  -15.616 0.4000000060
11495  -17.762  -68.327  -14.342 0.5000000000
12981  -25.524  -66.667  -21.723 0.5000000000
12884  -19.187  -67.263  -14.548 0.6000000238
12162  -16.963  -67.229  -13.696 0.5000000000
18342  -5.945  -59.371  -15.866 0.6000000238
17465  -7.705  -60.144  -12.051 0.5000000000
19154  -12.492  -58.161  -18.345 0.5000000000
18351  -9.644  -58.850  -17.383 0.6000000238
19140  -10.500  -58.283  -17.878 0.6000000238
20752  -12.170  -56.622  -19.285 0.6000000238
19904  -7.045  -57.245  -16.007 0.6000000238
120627  -9.148  -61.412  -11.169 0.5000000000
111281  -14.685  -56.236  -19.075 0.5000000000
20700  -10.467  -55.251  -15.335 0.6000000238
125770  -10.364  -61.433  -11.390 0.5000000000
19885  -11.135  -57.297  -14.202 0.6000000238
17422  -12.009  -60.641  -8.629 0.3000000119
23327  -11.054  -53.148  -17.660 0.5000000000
15907  -12.813  -62.043  -12.323 0.3000000119
24158  -11.997  -51.992  -17.838 0.4000000060
23312  -11.258  -52.520  -16.774 0.4000000060
16669  -12.914  -61.247  -13.088 0.4000000060
15891  -14.299  -62.799  -11.536 0.3000000119
126005  -13.489  -57.963  -14.821 0.5000000000
24980  -12.534  -50.676  -17.478 0.4000000060
115371  -11.905  -57.339  -11.073 0.3000000119
16617  -15.984  -62.156  -8.988 0.3000000119
22435  -13.853  -54.595  -15.699 0.4000000060
18292  -14.120  -59.742  -14.089 0.3000000119
19117  -14.361  -58.049  -14.890 0.4000000060
20646  -13.140  -56.345  -11.518 0.3000000119
116198  -17.054  -61.216  -9.578 0.3000000119
21573  -14.798  -55.456  -15.939 0.4000000060
5451  -17.941  -78.924  -21.140 0.5000000000
5450  -17.319  -78.402  -21.933 0.5000000000
5988  -16.594  -77.986  -22.423 0.5000000000
5987  -15.720  -77.621  -22.693 0.4000000060
5427  -18.080  -78.417  -19.379 0.5000000000
112152  -18.019  -78.166  -20.306 0.5000000000
5957  -17.117  -77.255  -20.985 0.5000000000
5971  -16.152  -77.233  -21.951 0.5000000000
6583  -15.319  -76.879  -22.184 0.5000000000
6581  -13.629  -76.286  -22.726 0.4000000060
5934  -17.862  -77.853  -18.439 0.4000000060
116294  -17.832  -77.607  -19.507 0.5000000000
6568  -15.797  -76.519  -21.540 0.5000000000
7159  -14.207  -75.839  -22.115 0.4000000060
6527  -17.329  -76.906  -19.612 0.5000000000
7136  -16.384  -75.991  -20.099 0.5000000000
6547  -16.858  -76.698  -20.421 0.5000000000
7118  -16.630  -75.771  -19.300 0.5000000000
6546  -16.177  -76.234  -20.872 0.5000000000
7719  -15.434  -74.945  -20.313 0.5000000000
7718  -14.722  -74.615  -20.964 0.5000000000
7149  -13.968  -74.875  -21.716 0.4000000060
6504  -17.153  -76.373  -18.871 0.5000000000
7702  -15.237  -74.106  -20.121 0.5000000000
7717  -14.112  -74.017  -21.286 0.5000000000
8246  -16.691  -73.747  -15.838 0.5000000000
7104  -16.972  -75.557  -18.456 0.5000000000
7692  -16.956  -74.656  -18.151 0.5000000000
7691  -16.406  -74.111  -18.760 0.5000000000
8292  -16.199  -73.244  -18.420 0.5000000000
8306  -15.710  -73.653  -19.323 0.5000000000
8321  -14.594  -73.648  -20.586 0.5000000000
8320  -13.982  -73.173  -20.961 0.5000000000
8279  -16.557  -72.974  -17.349 0.5000000000
8905  -16.039  -72.330  -16.796 0.5000000000
9487  -15.046  -71.577  -15.226 0.5000000000
8914  -15.731  -72.537  -17.930 0.5000000000
8889  -15.435  -71.728  -16.160 0.5000000000
9501  -14.722  -71.095  -15.848 0.5000000000
8291  -15.386  -72.839  -18.954 0.5000000000
8913  -14.886  -72.130  -18.474 0.5000000000
9522  -14.230  -71.528  -17.938 0.5000000000
8924  -14.580  -72.467  -19.394 0.5000000000
8912  -14.031  -71.774  -18.924 0.5000000000
8304  -14.305  -72.809  -20.215 0.5000000000
8940  -13.588  -72.416  -20.566 0.5000000000
8319  -13.280  -72.783  -21.297 0.5000000000
116523  -13.568  -70.070  -14.086 0.5000000000
10818  -13.787  -69.063  -14.875 0.6000000238
10118  -14.186  -70.474  -15.745 0.5000000000
9510  -13.461  -71.005  -17.377 0.5000000000
10117  -13.605  -69.946  -16.269 0.5000000000
10149  -12.554  -70.646  -17.843 0.5000000000
10130  -12.331  -69.881  -17.685 0.5000000000
9536  -13.151  -71.486  -19.314 0.5000000000
9520  -12.345  -70.934  -18.808 0.5000000000
8922  -12.997  -71.768  -20.150 0.5000000000
11484  -12.249  -68.605  -13.674 0.5000000000
11485  -13.110  -68.649  -13.767 0.5000000000
10836  -13.467  -68.889  -15.975 0.6000000238
123697  -11.851  -64.083  -22.338 0.5000000000
112313  -12.711  -64.367  -21.743 0.6000000238
15220  -11.417  -63.683  -22.453 0.5000000000
15209  -12.703  -63.746  -22.284 0.5000000000
15210  -13.563  -63.450  -22.214 0.6000000238
126036  -13.320  -62.449  -22.250 0.6000000238
16000  -11.990  -62.514  -22.105 0.5000000000
16780  -12.629  -61.784  -21.862 0.6000000238
16766  -11.359  -61.110  -20.823 0.5000000000
16781  -13.619  -61.587  -21.967 0.6000000238
16768  -13.131  -60.918  -21.238 0.6000000238
17560  -11.084  -60.963  -20.217 0.5000000000
17575  -12.694  -60.761  -20.184 0.6000000238
17576  -13.770  -60.610  -20.307 0.6000000238
16736  -10.138  -61.258  -18.368 0.5000000000
17549  -12.027  -61.106  -18.343 0.5000000000
16720  -8.683  -61.080  -17.566 0.5000000000
17535  -8.328  -60.613  -17.030 0.6000000238
17517  -4.826  -60.329  -15.736 0.6000000238
17518  -5.635  -60.217  -16.157 0.5000000000
16703  -10.298  -61.095  -16.671 0.6000000238
16737  -11.254  -61.282  -17.710 0.5000000000
17519  -6.731  -60.068  -16.403 0.5000000000
18304  -4.983  -59.542  -13.988 0.6000000238
18327  -5.064  -59.441  -14.572 0.6000000238
18285  -5.768  -59.343  -13.415 0.6000000238
10947  -26.226  -69.780  -23.418 0.3000000119
114662  -25.947  -70.153  -24.470 0.3000000119
10968  -27.934  -69.706  -25.779 0.3000000119
10239  -24.607  -70.617  -25.171 0.3000000119
10945  -24.614  -70.048  -23.914 0.3000000119
10930  -24.668  -69.635  -22.735 0.3000000119
130418  -14.060  -75.392  -21.929 0.4000000060
9521  -13.266  -71.257  -18.359 0.5000000000
10855  -13.041  -69.410  -16.990 0.5000000000
14384  -13.250  -64.361  -20.021 0.5000000000
6567  -15.027  -76.028  -21.760 0.4000000060
7150  -14.495  -75.357  -21.574 0.5000000000
7704  -16.466  -75.006  -18.997 0.5000000000
7656  -17.150  -74.382  -16.215 0.5000000000
8293  -16.906  -73.749  -17.824 0.5000000000
8245  -16.120  -73.208  -15.510 0.5000000000
125165  -15.511  -72.081  -15.369 0.5000000000
8904  -15.173  -71.885  -17.390 0.5000000000
10132  -13.933  -70.686  -16.539 0.5000000000
10946  -25.376  -69.822  -23.540 0.3000000119
10265  -26.137  -70.465  -26.451 0.3000000119
10241  -26.512  -70.329  -25.432 0.3000000119
125764  -25.223  -70.250  -24.513 0.3000000119
10240  -25.532  -70.589  -25.705 0.3000000119
5478  -12.079  -78.552  -25.988 0.5000000000
5958  -17.534  -77.382  -20.354 0.5000000000
5972  -16.928  -77.575  -21.643 0.5000000000
5973  -17.593  -77.898  -21.114 0.5000000000
5986  -14.838  -77.290  -22.891 0.4000000060
5994  -12.569  -77.491  -24.265 0.5000000000
6526  -16.855  -76.354  -19.653 0.5000000000
6569  -16.527  -76.883  -21.264 0.5000000000
6582  -14.486  -76.558  -22.430 0.5000000000
6592  -11.186  -75.813  -24.511 0.5000000000
6594  -13.141  -76.900  -23.467 0.5000000000
6611  -10.803  -76.606  -26.086 0.6000000238
7117  -16.072  -75.310  -19.796 0.5000000000
7134  -15.163  -75.401  -21.061 0.5000000000
7135  -15.780  -75.628  -20.545 0.5000000000
7158  -13.592  -75.498  -22.334 0.4000000060
7166  -16.920  -75.180  -23.728 0.5000000000
7179  -10.448  -75.511  -25.258 0.6000000238
7183  -18.398  -75.526  -24.234 0.4000000060
7191  -10.367  -75.399  -26.196 0.6999999881
7193  -13.528  -75.170  -26.296 0.5000000000
7703  -15.880  -74.526  -19.569 0.5000000000
7734  -13.624  -74.254  -21.813 0.5000000000
7744  -11.526  -74.151  -23.252 0.5000000000
7749  -20.324  -74.338  -22.481 0.5000000000
7762  -15.734  -73.812  -24.032 0.6000000238
7765  -18.232  -74.461  -22.996 0.5000000000
7797  -10.403  -73.698  -26.342 0.6999999881
7798  -10.939  -74.168  -26.621 0.6999999881
8264  -16.588  -72.953  -16.253 0.5000000000
8280  -17.027  -73.620  -16.742 0.5000000000
8305  -15.019  -73.211  -19.837 0.5000000000
8335  -13.531  -73.569  -21.588 0.6000000238
8338  -23.082  -72.769  -21.429 0.3000000119
8385  -13.567  -73.832  -25.814 0.6999999881
8386  -14.653  -73.027  -25.545 0.6999999881
8389  -10.580  -72.858  -26.299 0.6999999881
8869  -15.007  -72.156  -14.844 0.5000000000
8923  -13.806  -72.099  -19.777 0.5000000000
8941  -23.242  -71.771  -21.056 0.3000000119
8944  -25.211  -72.168  -20.739 0.3000000119
8960  -12.508  -72.456  -21.651 0.6000000238
8971  -10.662  -71.909  -23.098 0.6000000238
8981  -10.593  -72.633  -23.412 0.6000000238
8985  -20.734  -72.165  -22.739 0.5000000000
8993  -9.972  -71.876  -24.774 0.6000000238
8996  -18.095  -72.072  -24.182 0.5000000000
9001  -10.139  -72.090  -25.637 0.6999999881
9511  -14.498  -71.321  -16.873 0.5000000000
9513  -21.425  -70.981  -17.554 0.6000000238
9523  -20.254  -71.134  -18.190 0.6000000238
9524  -20.978  -71.141  -18.263 0.6000000238
9534  -11.481  -70.921  -20.168 0.6000000238
9537  -20.498  -71.002  -18.888 0.6000000238
9538  -24.959  -71.116  -20.155 0.3000000119
9540  -26.630  -70.888  -19.718 0.3000000119
9556  -23.803  -71.306  -20.671 0.3000000119
9557  -24.418  -71.466  -20.426 0.3000000119
9571  -11.308  -71.353  -21.734 0.6999999881
9589  -20.356  -71.753  -23.633 0.4000000060
9599  -10.167  -71.284  -25.050 0.6000000238
9608  -12.639  -71.392  -25.795 0.6000000238
10081  -13.095  -70.069  -13.766 0.5000000000
10105  -22.036  -70.312  -15.734 0.5000000000
10120  -19.862  -70.496  -16.461 0.6000000238
10131  -13.021  -70.346  -17.068 0.5000000000
10135  -19.990  -70.887  -17.297 0.5000000000
10136  -20.888  -71.040  -17.093 0.5000000000
10137  -22.204  -70.533  -17.242 0.6000000238
10147  -11.263  -69.635  -18.968 0.6000000238
10152  -19.504  -70.945  -18.254 0.6000000238
10153  -21.521  -70.742  -18.260 0.6000000238
10168  -20.715  -70.480  -19.565 0.6000000238
10189  -24.457  -70.789  -20.413 0.3000000119
10192  -27.734  -70.084  -19.963 0.3000000119
10205  -17.970  -70.184  -21.348 0.6000000238
10208  -22.667  -71.064  -21.827 0.4000000060
10210  -23.762  -70.293  -21.569 0.3000000119
10227  -10.449  -70.163  -23.952 0.6000000238
10228  -10.893  -69.640  -24.183 0.5000000000
10257  -19.142  -70.163  -25.707 0.4000000060
10260  -21.633  -70.820  -25.711 0.3000000119
10274  -19.699  -70.501  -25.541 0.3000000119
10278  -22.961  -70.724  -26.596 0.3000000119
10797  -12.066  -69.318  -13.673 0.5000000000
10799  -13.258  -69.478  -13.842 0.5000000000
10805  -13.542  -69.140  -14.215 0.6000000238
10809  -20.940  -69.371  -14.649 0.5000000000
10820  -18.892  -69.558  -15.452 0.6000000238
10823  -21.488  -69.934  -15.164 0.5000000000
10824  -22.837  -69.943  -15.564 0.5000000000
10840  -19.392  -70.072  -15.989 0.6000000238
10856  -17.572  -69.466  -17.336 0.6000000238
10873  -22.384  -69.952  -17.857 0.6000000238
10883  -11.026  -69.513  -19.749 0.6999999881
10894  -20.283  -69.387  -20.813 0.6000000238
10910  -17.471  -69.677  -21.914 0.6000000238
10912  -19.620  -69.152  -21.391 0.6000000238
10927  -17.216  -68.848  -22.519 0.6000000238
10929  -23.834  -69.946  -22.523 0.4000000060
10943  -12.414  -68.513  -23.923 0.5000000000
10954  -14.114  -69.385  -24.917 0.5000000000
10976  -19.916  -70.029  -25.722 0.3000000119
11496  -18.614  -68.544  -14.490 0.6000000238
11498  -20.400  -68.656  -14.355 0.6000000238
11515  -17.588  -68.850  -15.340 0.6000000238
11516  -18.349  -69.036  -14.919 0.6000000238
11533  -13.329  -67.955  -16.196 0.6999999881
11535  -17.224  -68.840  -16.511 0.6999999881
11537  -23.688  -68.870  -16.252 0.4000000060
11549  -13.167  -67.851  -17.275 0.6000000238
11551  -16.377  -68.582  -17.741 0.6999999881
11562  -11.928  -68.241  -18.649 0.6000000238
11565  -16.050  -68.946  -18.614 0.6000000238
11566  -16.882  -69.194  -18.020 0.6999999881
11572  -11.786  -68.138  -19.547 0.6000000238
11575  -15.567  -69.098  -19.496 0.6000000238
11584  -12.963  -68.292  -20.847 0.6000000238
11587  -15.746  -69.811  -20.174 0.6000000238
11593  -12.362  -68.770  -21.443 0.6000000238
11597  -18.548  -67.780  -22.251 0.6000000238
11598  -19.502  -68.075  -21.674 0.6000000238
11605  -13.165  -68.465  -23.096 0.5000000000
11618  -13.088  -67.767  -23.885 0.5000000000
11621  -13.519  -67.259  -24.064 0.5000000000
11632  -17.283  -68.209  -25.327 0.4000000060
11645  -21.133  -69.450  -25.922 0.3000000119
12161  -16.347  -66.862  -13.638 0.6000000238
12176  -11.879  -67.323  -14.217 0.6000000238
12177  -12.574  -67.329  -13.968 0.6000000238
12178  -13.234  -67.610  -13.929 0.6000000238
12180  -15.607  -66.957  -13.737 0.5000000000
12182  -17.583  -67.637  -13.975 0.5000000000
12184  -19.852  -67.834  -14.260 0.6000000238
12203  -13.795  -67.494  -14.283 0.6000000238
12204  -14.471  -67.585  -14.725 0.6000000238
12206  -16.179  -67.857  -14.928 0.6000000238
12221  -14.394  -67.593  -15.836 0.6000000238
12222  -15.101  -67.649  -16.285 0.6999999881
12229  -13.728  -67.666  -16.497 0.6999999881
12239  -13.491  -67.678  -18.067 0.6999999881
12242  -21.851  -67.911  -19.064 0.6000000238
12243  -22.633  -67.675  -18.065 0.4000000060
12250  -13.381  -67.631  -19.395 0.6000000238
12258  -13.680  -67.946  -20.257 0.6000000238
12260  -21.295  -66.979  -20.074 0.5000000000
12276  -15.757  -66.547  -23.248 0.5000000000
12285  -15.334  -66.055  -23.755 0.5000000000
12287  -14.605  -66.520  -24.104 0.5000000000
12290  -17.865  -66.264  -24.795 0.4000000060
12299  -16.099  -66.579  -24.390 0.4000000060
12301  -20.943  -67.594  -25.533 0.4000000060
12858  -20.761  -66.558  -13.668 0.6000000238
12878  -13.234  -66.599  -14.022 0.6000000238
12881  -16.815  -66.801  -13.736 0.6000000238
12882  -17.422  -67.053  -13.945 0.6000000238
12883  -18.663  -66.692  -14.798 0.6000000238
12885  -20.395  -67.159  -13.988 0.6000000238
12946  -24.118  -67.092  -20.148 0.4000000060
12959  -20.809  -65.663  -21.335 0.5000000000
12978  -17.585  -65.928  -22.932 0.5000000000
12996  -17.488  -65.343  -24.293 0.4000000060
13011  -20.343  -66.614  -25.105 0.4000000060
13591  -13.825  -65.316  -14.221 0.4000000060
13609  -13.945  -64.430  -14.938 0.6000000238
13611  -16.334  -65.716  -14.581 0.6999999881
13623  -15.873  -65.067  -15.512 0.6000000238
13625  -17.638  -65.204  -15.987 0.6000000238
13626  -17.938  -64.786  -16.189 0.6000000238
13641  -24.375  -65.877  -17.921 0.4000000060
13643  -26.209  -65.826  -18.508 0.4000000060
13688  -20.327  -64.926  -22.267 0.4000000060
13707  -17.552  -65.222  -23.421 0.5000000000
13726  -18.109  -64.938  -23.728 0.4000000060
13734  -18.058  -64.986  -24.098 0.4000000060
13737  -20.697  -64.270  -24.303 0.4000000060
14301  -20.463  -64.151  -13.571 0.6000000238
14316  -19.493  -64.694  -14.500 0.6000000238
14327  -18.339  -64.398  -15.883 0.6000000238
14335  -14.893  -63.930  -16.382 0.5000000000
14348  -13.397  -63.733  -17.150 0.5000000000
14364  -12.378  -64.203  -18.457 0.5000000000
14366  -24.797  -65.129  -18.088 0.4000000060
14385  -14.889  -64.037  -20.042 0.6000000238
14399  -13.571  -64.460  -21.060 0.6000000238
14416  -14.124  -64.163  -21.652 0.6000000238
14432  -20.048  -64.190  -23.039 0.4000000060
14434  -22.037  -63.218  -23.590 0.5000000000
14453  -22.658  -62.599  -24.525 0.5000000000
14457  -26.825  -63.963  -23.543 0.4000000060
14466  -18.646  -64.828  -23.866 0.4000000060
14469  -21.081  -63.280  -24.136 0.5000000000
14470  -22.581  -62.424  -24.974 0.5000000000
15124  -18.098  -63.466  -16.347 0.6000000238
15145  -16.891  -63.528  -17.859 0.5000000000
15146  -17.524  -63.136  -17.817 0.5000000000
15161  -15.649  -63.574  -18.775 0.6000000238
15182  -15.708  -63.894  -20.254 0.6000000238
15212  -15.895  -63.703  -21.610 0.6000000238
15213  -16.606  -63.198  -21.485 0.6000000238
15221  -11.988  -63.339  -22.453 0.5000000000
15232  -27.090  -63.600  -24.318 0.4000000060
15242  -24.454  -62.141  -25.217 0.5000000000
15244  -26.321  -63.415  -24.969 0.4000000060
15850  -13.668  -63.036  -7.146 0.3000000119
15877  -15.687  -62.923  -10.628 0.3000000119
15893  -16.051  -62.594  -11.091 0.3000000119
15923  -19.362  -63.032  -14.437 0.6000000238
15948  -17.772  -62.371  -18.140 0.6000000238
15949  -17.845  -62.965  -17.268 0.5000000000
16001  -12.700  -62.878  -22.325 0.6000000238
16003  -15.176  -63.025  -22.145 0.6999999881
16005  -16.825  -62.258  -21.704 0.6000000238
16612  -15.330  -62.276  -8.581 0.3000000119
16637  -9.676  -61.899  -10.837 0.5000000000
16641  -16.030  -62.283  -11.748 0.3000000119
16655  -10.867  -61.005  -11.987 0.4000000060
16656  -11.705  -61.281  -12.405 0.5000000000
16658  -13.232  -61.753  -12.740 0.4000000060
16659  -14.838  -61.697  -12.723 0.3000000119
16687  -18.641  -61.687  -15.944 0.5000000000
16704  -10.947  -61.226  -16.546 0.6999999881
16722  -10.657  -61.334  -17.047 0.5000000000
16723  -11.452  -61.272  -16.842 0.6999999881
16767  -12.155  -61.044  -21.078 0.5000000000
16770  -18.246  -61.299  -20.687 0.6000000238
16783  -15.513  -61.851  -21.936 0.6999999881
16784  -16.830  -61.187  -21.826 0.6999999881
17469  -12.200  -60.789  -13.074 0.5000000000
17470  -14.496  -61.060  -13.233 0.3000000119
17502  -5.210  -59.686  -15.312 0.6000000238
17503  -19.189  -60.813  -15.769 0.5000000000
17521  -9.827  -60.568  -16.612 0.6999999881
17523  -11.950  -60.587  -16.689 0.6999999881
17534  -7.337  -60.529  -16.905 0.6000000238
17536  -9.362  -60.796  -16.955 0.6999999881
17537  -12.251  -60.941  -16.951 0.6999999881
17538  -13.012  -60.612  -17.397 0.6999999881
17540  -18.242  -60.586  -17.334 0.5000000000
17548  -11.059  -61.068  -19.115 0.5000000000
17550  -12.819  -60.919  -17.762 0.6999999881
17552  -14.661  -60.160  -18.963 0.6999999881
17561  -11.882  -60.883  -19.607 0.6000000238
17565  -15.766  -59.783  -20.790 0.6999999881
17566  -18.223  -60.409  -20.375 0.6000000238
17574  -11.774  -60.899  -20.485 0.5000000000
17579  -18.004  -60.460  -21.319 0.6000000238
17587  -15.965  -60.778  -21.783 0.6999999881
17588  -17.408  -60.629  -21.650 0.6000000238
18308  -13.478  -59.160  -14.334 0.4000000060
18309  -14.246  -58.957  -14.460 0.4000000060
18328  -5.711  -58.768  -14.976 0.6000000238
18353  -11.947  -59.846  -16.905 0.6000000238
18356  -17.876  -59.650  -18.416 0.5000000000
18378  -16.945  -59.464  -20.612 0.4000000060
18387  -16.307  -59.454  -20.965 0.6999999881
18388  -17.672  -59.651  -21.125 0.6000000238
19057  -8.441  -58.796  -12.683 0.5000000000
19069  -5.952  -58.481  -13.790 0.6000000238
19070  -6.562  -57.921  -13.790 0.5000000000
19072  -10.575  -58.457  -13.374 0.6000000238
19073  -11.345  -58.569  -13.722 0.6999999881
19093  -6.741  -57.493  -14.519 0.6000000238
19098  -15.375  -58.188  -14.812 0.3000000119
19143  -17.813  -58.959  -18.074 0.5000000000
19144  -18.196  -58.669  -17.537 0.5000000000
19153  -11.206  -57.734  -18.434 0.6000000238
19164  -14.526  -58.435  -18.926 0.6000000238
19933  -9.223  -57.130  -18.236 0.6000000238
19934  -18.298  -57.508  -17.794 0.5000000000
19944  -12.795  -57.368  -18.994 0.6000000238
19963  -16.664  -57.453  -18.774 0.5000000000
20698  -8.154  -56.031  -15.786 0.6000000238
20765  -13.236  -56.713  -19.183 0.6000000238
20767  -16.013  -56.951  -18.913 0.5000000000
21622  -10.170  -55.631  -18.426 0.6999999881
21623  -10.797  -54.961  -18.484 0.6999999881
22497  -14.000  -54.830  -19.370 0.5000000000
23328  -11.358  -52.436  -17.418 0.5000000000
24142  -11.740  -51.844  -17.154 0.4000000060
24171  -14.419  -51.731  -19.057 0.4000000060
24991  -13.074  -50.233  -18.116 0.4000000060
25004  -15.800  -51.349  -19.478 0.4000000060
25780  -13.457  -49.704  -17.679 0.3000000119
25804  -17.003  -50.553  -19.399 0.4000000060
108741  -15.082  -63.631  -18.157 0.6000000238
108896  -15.595  -75.936  -21.176 0.5000000000
108968  -11.530  -76.623  -24.684 0.5000000000
109084  -13.546  -60.659  -18.462 0.6999999881
109307  -23.008  -70.840  -24.935 0.4000000060
109348  -18.824  -67.996  -25.656 0.4000000060
109882  -15.276  -56.936  -18.973 0.5000000000
110215  -11.243  -69.176  -23.786 0.6000000238
111291  -15.391  -67.715  -16.977 0.6999999881
111594  -16.331  -58.362  -18.879 0.5000000000
111639  -16.698  -70.066  -25.516 0.4000000060
111981  -15.098  -66.299  -13.755 0.6000000238
112069  -18.510  -71.092  -25.400 0.4000000060
112375  -16.099  -73.933  -15.459 0.5000000000
112409  -18.138  -70.782  -20.137 0.6000000238
112508  -13.983  -67.623  -18.794 0.6999999881
112671  -8.176  -57.440  -17.380 0.6000000238
112686  -15.279  -60.333  -21.178 0.6999999881
112927  -16.329  -64.802  -16.499 0.6999999881
113014  -15.590  -65.919  -13.877 0.5000000000
113117  -12.116  -62.697  -11.118 0.4000000060
113290  -20.061  -65.309  -13.973 0.6000000238
113587  -13.356  -68.825  -24.501 0.5000000000
113772  -18.242  -60.793  -19.228 0.6999999881
113954  -15.962  -58.385  -18.969 0.5000000000
114339  -10.613  -70.493  -24.760 0.6000000238
114548  -26.651  -72.050  -20.360 0.3000000119
115258  -29.119  -71.564  -19.246 0.3000000119
115377  -19.473  -72.563  -22.996 0.4000000060
116031  -17.144  -67.780  -13.917 0.5000000000
116467  -10.770  -55.908  -18.945 0.6999999881
116547  -18.071  -61.972  -19.887 0.6000000238
116637  -25.074  -69.565  -21.553 0.3000000119
116918  -24.843  -66.490  -22.093 0.4000000060
117047  -26.891  -70.191  -25.989 0.3000000119
117362  -19.846  -63.782  -13.943 0.6000000238
118519  -13.491  -60.717  -19.313 0.6999999881
118636  -10.846  -57.113  -19.068 0.6000000238
118835  -20.751  -64.883  -13.442 0.6000000238
119167  -7.971  -59.623  -16.785 0.6999999881
119308  -10.026  -55.758  -14.791 0.6000000238
120378  -16.029  -72.407  -15.807 0.5000000000
120560  -18.125  -79.129  -19.290 0.5000000000
120580  -8.004  -58.931  -17.059 0.6999999881
120962  -10.853  -55.923  -14.709 0.6999999881
121060  -11.653  -68.928  -13.911 0.5000000000
121451  -15.318  -58.313  -19.124 0.5000000000
121514  -14.008  -61.858  -12.725 0.4000000060
121693  -22.293  -69.276  -18.319 0.6000000238
121956  -23.240  -66.983  -18.063 0.4000000060
123162  -17.972  -66.781  -14.505 0.6000000238
123168  -17.809  -70.947  -25.523 0.4000000060
123417  -16.781  -63.243  -21.013 0.6000000238
123699  -25.729  -65.359  -18.314 0.4000000060
123876  -23.359  -68.181  -16.953 0.6000000238
123927  -15.630  -71.736  -25.509 0.6000000238
124150  -17.515  -75.458  -24.132 0.5000000000
124318  -13.536  -65.939  -14.058 0.5000000000
124496  -16.571  -72.152  -24.852 0.5000000000
124868  -14.050  -55.655  -15.726 0.4000000060
125631  -24.008  -69.933  -23.380 0.3000000119
125762  -18.998  -64.769  -23.456 0.5000000000
126730  -10.946  -73.409  -26.646 0.6999999881
126826  -20.507  -71.213  -25.100 0.3000000119
127212  -24.396  -63.367  -23.754 0.4000000060
127300  -21.348  -65.491  -13.199 0.6000000238
127444  -18.339  -60.399  -10.796 0.3000000119
127593  -13.360  -64.158  -21.849 0.6000000238
128811  -9.769  -61.378  -11.256 0.5000000000
128859  -18.649  -64.846  -15.584 0.6000000238
128977  -13.541  -63.745  -16.310 0.5000000000
129234  -21.090  -63.102  -23.962 0.5000000000
129400  -25.457  -70.164  -20.370 0.3000000119
129562  -23.025  -67.707  -17.532 0.6000000238
130049  -22.804  -65.499  -22.228 0.4000000060
130559  -14.430  -63.565  -22.051 0.6000000238
