#!ascii label  , from subject sub-v1s13x0050005_ses-1 vox2ras=TkReg
1495
5477  -8.925  -79.014  -24.736 0.5000000000
3335  -11.112  -82.308  -22.832 0.5000000000
109953  -11.663  -82.053  -22.153 0.5000000000
2851  -11.004  -82.931  -20.696 0.5000000000
6001  -7.765  -77.876  -24.960 0.5000000000
5476  -8.173  -78.745  -25.221 0.5000000000
5992  -8.350  -77.383  -24.044 0.5000000000
5468  -9.420  -78.516  -23.848 0.5000000000
129426  -9.692  -78.213  -22.990 0.6000000238
4929  -10.322  -79.660  -23.544 0.5000000000
110549  -10.653  -83.389  -20.124 0.5000000000
3872  -10.891  -81.812  -23.839 0.5000000000
2830  -10.733  -83.761  -19.315 0.5000000000
3861  -11.988  -81.476  -22.226 0.6000000238
2838  -11.374  -83.019  -19.797 0.6000000238
4375  -12.207  -81.100  -22.216 0.6000000238
3318  -11.725  -82.372  -20.637 0.6000000238
2839  -12.007  -82.876  -18.979 0.6999999881
3850  -12.910  -80.896  -20.878 0.6999999881
3311  -12.168  -82.305  -19.878 0.6999999881
113546  -13.458  -80.899  -20.119 0.6999999881
3320  -13.256  -81.414  -19.767 0.6999999881
3312  -12.831  -82.188  -19.146 0.6999999881
6591  -7.946  -76.540  -23.575 0.5000000000
5983  -8.697  -77.135  -22.918 0.6000000238
7163  -7.872  -75.845  -22.997 0.6000000238
6578  -8.466  -76.327  -22.394 0.6000000238
4930  -11.000  -80.123  -23.156 0.5000000000
2831  -11.205  -83.938  -18.504 0.5000000000
2405  -11.496  -84.396  -17.847 0.5000000000
1941  -12.530  -85.483  -17.232 0.6999999881
115417  -12.231  -84.132  -17.381 0.6999999881
2380  -12.842  -84.544  -16.964 0.6999999881
4387  -11.652  -80.713  -22.724 0.6000000238
4923  -12.139  -80.339  -22.086 0.6999999881
3292  -13.035  -83.123  -17.324 0.6999999881
4911  -12.447  -79.983  -21.385 0.6999999881
4912  -12.988  -80.409  -20.815 0.6999999881
3293  -13.681  -82.734  -16.875 0.6999999881
4344  -13.861  -80.698  -19.625 0.6999999881
3834  -13.804  -81.098  -19.433 0.6999999881
124548  -13.483  -81.659  -19.008 0.6999999881
3283  -14.412  -82.459  -16.412 0.6999999881
124829  -14.182  -80.369  -19.122 0.6999999881
4339  -14.589  -80.247  -18.404 0.6999999881
111762  -14.547  -80.956  -17.679 0.6999999881
108915  -15.005  -80.794  -16.684 0.6999999881
7162  -7.474  -75.664  -23.872 0.5000000000
7156  -7.646  -75.171  -23.038 0.6000000238
130797  -7.729  -74.039  -22.334 0.6000000238
7157  -8.113  -75.469  -22.328 0.6000000238
7732  -8.239  -74.283  -21.596 0.6000000238
5984  -9.513  -77.612  -22.379 0.6000000238
6565  -8.674  -75.678  -21.660 0.6000000238
5459  -10.267  -78.361  -22.295 0.6000000238
1942  -13.254  -85.431  -17.286 0.6999999881
5460  -10.995  -78.936  -21.951 0.6999999881
2381  -13.551  -84.387  -16.775 0.6999999881
1943  -13.778  -85.152  -17.564 0.6999999881
2406  -14.811  -84.687  -18.591 0.6999999881
128797  -10.745  -78.169  -21.309 0.6999999881
2382  -14.276  -84.266  -16.759 0.6999999881
2416  -15.483  -84.596  -19.245 0.6999999881
4910  -11.729  -79.467  -21.735 0.6999999881
5438  -11.425  -78.419  -20.725 0.6999999881
2820  -13.517  -83.485  -16.723 0.6999999881
2812  -14.045  -83.717  -16.480 0.6999999881
2393  -15.091  -84.091  -17.154 0.6999999881
2407  -15.485  -84.301  -18.252 0.6999999881
4900  -12.651  -79.517  -20.667 0.6999999881
5440  -12.811  -78.999  -20.152 0.6999999881
3282  -14.099  -83.132  -16.405 0.6999999881
2832  -15.897  -83.813  -17.606 0.6999999881
4892  -14.343  -79.820  -18.891 0.6999999881
3807  -15.127  -82.113  -15.990 0.6999999881
2813  -14.817  -82.985  -16.116 0.6999999881
4883  -14.757  -79.514  -18.011 0.6999999881
4319  -15.354  -81.204  -16.019 0.6999999881
3285  -16.143  -82.356  -15.900 0.6999999881
4332  -15.061  -80.137  -17.354 0.6999999881
3270  -15.828  -81.721  -15.733 0.6999999881
4879  -15.161  -79.186  -16.821 0.6999999881
118711  -7.255  -74.373  -24.142 0.5000000000
8363  -7.258  -73.662  -24.007 0.6000000238
8970  -7.457  -72.537  -22.733 0.6000000238
8979  -7.184  -72.089  -23.983 0.5000000000
9569  -7.563  -71.819  -21.976 0.6000000238
117924  -6.183  -73.028  -25.299 0.5000000000
8992  -6.830  -72.904  -24.777 0.5000000000
8331  -7.837  -73.355  -21.871 0.6000000238
9553  -7.675  -71.223  -21.142 0.6000000238
124436  -8.375  -73.627  -21.099 0.6000000238
8958  -7.881  -72.141  -21.078 0.6000000238
6566  -9.139  -76.425  -21.528 0.6000000238
5985  -10.106  -77.706  -21.687 0.6999999881
7148  -9.251  -75.745  -20.928 0.6999999881
129713  -10.965  -77.608  -20.405 0.6999999881
6544  -9.825  -76.551  -20.769 0.6999999881
2408  -16.275  -84.251  -19.145 0.6999999881
5956  -11.730  -78.024  -20.047 0.6999999881
5945  -10.905  -76.866  -19.883 0.6999999881
118079  -16.271  -83.919  -18.458 0.6999999881
123670  -16.917  -84.306  -19.686 0.6999999881
113152  -11.450  -77.346  -19.636 0.6999999881
2833  -16.643  -83.462  -18.091 0.6999999881
2840  -16.944  -83.808  -19.088 0.6999999881
1969  -16.721  -85.140  -20.736 0.6999999881
5932  -13.295  -77.714  -18.565 0.6000000238
3306  -16.926  -82.842  -17.604 0.6999999881
2834  -17.255  -83.032  -18.712 0.6999999881
2841  -17.317  -83.434  -19.517 0.6999999881
109034  -17.415  -84.218  -20.679 0.6999999881
1970  -17.262  -84.914  -21.129 0.6999999881
5411  -14.246  -78.974  -18.536 0.6999999881
3286  -16.755  -82.130  -16.265 0.6999999881
3295  -17.207  -82.104  -17.105 0.6000000238
3835  -17.655  -81.666  -18.801 0.6999999881
3313  -17.499  -82.750  -19.554 0.6999999881
4333  -15.592  -80.198  -16.263 0.6999999881
128077  -16.452  -80.281  -15.865 0.6999999881
4321  -16.674  -80.925  -15.973 0.6999999881
4322  -17.261  -80.795  -16.699 0.6000000238
4340  -17.824  -80.722  -18.695 0.6000000238
5398  -15.448  -78.414  -16.280 0.6000000238
111495  -15.865  -79.202  -16.011 0.6000000238
126914  -17.026  -80.142  -16.276 0.6000000238
4880  -17.721  -79.407  -17.743 0.5000000000
117624  -17.746  -80.139  -17.970 0.5000000000
4884  -17.979  -79.732  -18.731 0.5000000000
5393  -16.547  -78.610  -16.172 0.6000000238
5394  -17.242  -78.171  -16.729 0.5000000000
4875  -17.238  -79.213  -16.713 0.5000000000
9577  -7.334  -71.529  -23.095 0.6000000238
9587  -7.159  -71.192  -24.103 0.6000000238
10202  -7.495  -70.264  -21.605 0.5000000000
119825  -7.721  -68.804  -21.527 0.6999999881
9598  -6.787  -71.711  -24.639 0.5000000000
122813  -6.100  -70.773  -24.615 0.6000000238
10225  -6.602  -70.375  -24.157 0.6000000238
9585  -4.525  -71.626  -24.477 0.6000000238
9595  -5.223  -72.058  -24.904 0.6000000238
10182  -7.655  -70.479  -20.701 0.4000000060
122959  -4.952  -70.702  -24.255 0.6000000238
9554  -8.044  -71.773  -20.480 0.5000000000
8937  -8.381  -72.454  -20.374 0.6000000238
7716  -9.316  -74.164  -19.946 0.6000000238
6545  -10.395  -76.339  -20.032 0.6999999881
7132  -9.320  -74.968  -20.427 0.6000000238
6523  -10.824  -76.306  -19.491 0.6999999881
5931  -12.569  -77.415  -18.802 0.6000000238
6501  -11.743  -76.342  -18.651 0.6000000238
5933  -14.069  -78.036  -18.214 0.6000000238
3841  -17.707  -81.406  -20.100 0.6000000238
3321  -17.541  -82.330  -20.250 0.6000000238
2852  -17.468  -83.376  -20.282 0.6999999881
2862  -17.490  -83.768  -21.053 0.6999999881
113983  -17.484  -84.498  -21.561 0.6999999881
109777  -14.422  -77.636  -17.245 0.6000000238
129331  -18.036  -80.179  -19.213 0.6000000238
2432  -17.564  -85.320  -22.069 0.6999999881
5382  -16.224  -77.811  -15.936 0.6000000238
5412  -17.937  -78.830  -18.515 0.4000000060
115224  -18.212  -79.008  -20.074 0.4000000060
4903  -18.037  -79.818  -20.473 0.5000000000
4354  -17.703  -80.725  -20.697 0.6000000238
3329  -17.272  -82.789  -21.146 0.6000000238
3339  -17.169  -83.566  -21.830 0.6000000238
120516  -16.774  -77.801  -16.287 0.5000000000
6478  -17.481  -76.751  -17.231 0.5000000000
5916  -17.573  -77.596  -17.403 0.5000000000
5399  -17.657  -78.508  -17.537 0.5000000000
5451  -17.941  -78.924  -21.140 0.4000000060
4913  -17.620  -80.015  -21.376 0.6000000238
11591  -7.829  -68.551  -22.428 0.6000000238
10923  -7.333  -70.035  -22.677 0.6000000238
121211  -8.156  -67.888  -20.572 0.6000000238
111866  -5.821  -70.100  -24.063 0.6000000238
112280  -6.857  -69.334  -23.180 0.5000000000
12281  -6.632  -68.302  -23.062 0.6000000238
118093  -5.843  -67.288  -22.617 0.6000000238
10891  -7.578  -69.558  -20.841 0.6000000238
10224  -4.151  -70.340  -23.426 0.6999999881
11602  -5.052  -68.327  -22.733 0.6000000238
12269  -5.171  -67.576  -22.414 0.6000000238
10164  -8.167  -70.721  -19.327 0.5000000000
10881  -7.661  -69.329  -19.759 0.6000000238
116356  -3.633  -70.765  -23.137 0.6000000238
124454  -4.636  -68.049  -22.395 0.6999999881
9532  -8.440  -71.864  -19.843 0.5000000000
10921  -3.491  -69.125  -22.203 0.6999999881
8303  -9.335  -73.435  -19.576 0.6000000238
113123  -3.181  -69.184  -21.476 0.6000000238
7116  -10.462  -75.640  -19.397 0.6000000238
7688  -9.946  -73.957  -19.139 0.6000000238
7701  -10.404  -74.818  -18.880 0.6000000238
7102  -10.840  -75.372  -18.664 0.6000000238
7103  -12.290  -76.086  -18.186 0.6000000238
6476  -13.140  -76.363  -17.940 0.6000000238
7052  -15.106  -75.178  -15.579 0.6000000238
5908  -14.705  -77.084  -16.435 0.6000000238
7636  -16.500  -74.620  -15.615 0.6000000238
6458  -16.163  -76.497  -15.682 0.6000000238
4365  -17.214  -80.969  -21.506 0.6000000238
3851  -16.785  -81.899  -21.741 0.6000000238
3338  -16.618  -82.649  -22.231 0.6000000238
6462  -17.180  -76.504  -16.485 0.5000000000
7105  -17.357  -76.221  -17.919 0.5000000000
110109  -17.593  -77.029  -18.027 0.5000000000
3354  -15.869  -82.743  -23.844 0.6000000238
4924  -17.383  -79.353  -22.119 0.4000000060
4377  -16.722  -79.807  -22.854 0.6000000238
4376  -16.400  -80.848  -22.810 0.6000000238
11592  -8.334  -67.938  -22.806 0.6000000238
113225  -8.357  -66.624  -23.102 0.5000000000
12265  -8.869  -67.504  -22.369 0.6000000238
12956  -9.786  -66.588  -21.701 0.5000000000
11603  -7.651  -68.308  -22.892 0.6000000238
13704  -8.146  -65.575  -22.870 0.6000000238
12264  -8.250  -68.115  -21.727 0.5000000000
12257  -8.720  -67.555  -21.215 0.5000000000
12248  -8.445  -67.395  -20.103 0.5000000000
12973  -6.397  -66.611  -22.555 0.5000000000
12272  -7.888  -67.578  -23.126 0.6000000238
13683  -5.831  -66.115  -21.865 0.5000000000
12247  -8.007  -67.921  -19.715 0.6000000238
12262  -4.161  -67.725  -21.349 0.6999999881
12953  -4.827  -67.044  -21.044 0.6000000238
12952  -4.118  -67.106  -20.618 0.6000000238
8910  -9.276  -72.302  -18.695 0.5000000000
10180  -3.527  -69.363  -20.720 0.5000000000
12256  -3.676  -67.839  -20.797 0.6999999881
8289  -9.578  -73.060  -18.930 0.5000000000
7690  -10.895  -74.791  -18.206 0.5000000000
7082  -11.580  -75.463  -18.124 0.6000000238
115403  -13.321  -74.532  -16.166 0.6000000238
7084  -13.504  -75.673  -17.241 0.5000000000
7655  -14.201  -74.690  -15.713 0.6000000238
7059  -14.480  -75.522  -16.050 0.6000000238
7061  -17.341  -75.104  -16.654 0.5000000000
5462  -16.808  -78.865  -22.714 0.5000000000
4389  -15.931  -80.427  -23.530 0.6000000238
116770  -15.758  -81.497  -23.477 0.6000000238
13705  -9.084  -65.957  -22.991 0.6000000238
12976  -9.781  -66.119  -22.664 0.6000000238
14426  -7.973  -64.891  -22.424 0.6000000238
12942  -9.570  -66.324  -20.105 0.5000000000
13684  -7.132  -65.220  -22.217 0.6000000238
110869  -6.214  -65.487  -21.502 0.6999999881
113165  -8.369  -67.365  -19.205 0.6000000238
120079  -4.989  -66.312  -20.692 0.6000000238
12954  -5.376  -66.537  -21.382 0.6000000238
11561  -8.147  -68.833  -18.591 0.6000000238
126817  -3.821  -66.595  -20.178 0.6000000238
13666  -4.863  -65.870  -20.203 0.6000000238
9518  -8.604  -71.194  -18.800 0.5000000000
8277  -10.646  -73.564  -17.743 0.5000000000
11571  -4.173  -68.652  -19.435 0.5000000000
12246  -3.455  -67.898  -20.185 0.6000000238
7681  -12.129  -74.819  -17.334 0.5000000000
7633  -12.871  -73.941  -15.787 0.6000000238
7057  -13.045  -74.919  -17.028 0.5000000000
109045  -15.315  -73.642  -15.228 0.5000000000
7635  -15.649  -74.493  -15.402 0.5000000000
4932  -16.095  -79.387  -23.452 0.6000000238
5471  -15.241  -79.082  -24.074 0.6000000238
14414  -9.317  -64.384  -22.369 0.6000000238
14428  -9.797  -64.960  -22.623 0.5000000000
13686  -10.679  -65.408  -22.019 0.5000000000
15206  -8.804  -63.854  -21.430 0.6999999881
13667  -10.273  -65.950  -21.166 0.5000000000
15204  -7.120  -64.405  -20.549 0.6999999881
14412  -7.484  -64.618  -21.531 0.6000000238
110261  -10.352  -65.600  -19.861 0.5000000000
14410  -5.959  -65.217  -20.657 0.6000000238
12931  -9.129  -66.373  -19.135 0.5000000000
120158  -8.546  -67.517  -18.378 0.6000000238
14380  -4.972  -65.033  -19.163 0.6999999881
10853  -8.557  -69.203  -17.932 0.6000000238
14379  -4.424  -65.311  -19.203 0.6000000238
10128  -8.680  -70.089  -17.918 0.6000000238
12920  -3.485  -66.825  -18.723 0.6999999881
12919  -3.467  -66.418  -19.280 0.6999999881
8911  -9.766  -72.657  -18.296 0.5000000000
10146  -8.921  -71.029  -17.993 0.5000000000
124085  -3.673  -67.497  -18.972 0.6000000238
8903  -10.242  -72.693  -17.593 0.5000000000
12237  -4.106  -67.369  -18.273 0.5000000000
8888  -11.083  -72.895  -16.386 0.6000000238
8278  -11.157  -73.855  -17.283 0.5000000000
10852  -5.080  -68.847  -17.839 0.6000000238
7653  -11.758  -74.142  -16.909 0.5000000000
128950  -13.598  -74.100  -15.541 0.6000000238
8870  -15.489  -72.734  -15.154 0.5000000000
15207  -9.744  -63.755  -21.887 0.6999999881
15219  -10.229  -64.330  -22.488 0.5000000000
14415  -11.209  -64.705  -22.214 0.5000000000
15989  -8.860  -62.785  -19.964 0.8000000119
15195  -9.273  -63.277  -20.767 0.6999999881
13669  -11.311  -65.093  -21.380 0.5000000000
13654  -11.130  -65.167  -20.241 0.5000000000
15181  -6.627  -63.793  -19.026 0.6999999881
15193  -7.611  -63.782  -20.063 0.6999999881
15205  -7.927  -64.081  -20.932 0.8000000119
14396  -6.405  -64.763  -20.254 0.6999999881
14362  -10.917  -64.992  -19.196 0.5000000000
15158  -5.453  -63.833  -18.378 0.6999999881
15180  -5.831  -64.221  -18.978 0.6999999881
12922  -9.260  -66.341  -18.415 0.6000000238
13653  -9.619  -65.858  -19.010 0.5000000000
125870  -4.043  -64.592  -18.182 0.6000000238
14361  -4.568  -64.784  -18.687 0.6000000238
10854  -9.059  -69.676  -17.299 0.6000000238
122275  -3.472  -65.675  -17.689 0.6999999881
13637  -3.526  -65.522  -18.292 0.6999999881
9509  -9.984  -71.896  -17.012 0.6000000238
10129  -9.125  -70.484  -17.377 0.6000000238
12913  -3.798  -66.522  -17.767 0.6000000238
9500  -10.435  -71.745  -16.268 0.6000000238
8242  -11.690  -72.985  -15.748 0.6000000238
119105  -5.138  -68.117  -17.170 0.6000000238
8243  -12.500  -73.342  -15.504 0.6000000238
8244  -14.570  -72.901  -14.797 0.5000000000
16764  -9.547  -62.420  -20.372 0.6000000238
15998  -10.119  -63.033  -21.163 0.5000000000
16009  -11.416  -63.031  -22.306 0.5000000000
14398  -12.631  -64.594  -20.806 0.5000000000
15977  -7.891  -62.667  -19.063 0.8000000119
14383  -12.311  -64.503  -19.611 0.5000000000
15976  -6.050  -63.586  -18.586 0.6999999881
12914  -9.568  -66.458  -17.652 0.6000000238
12151  -5.832  -68.023  -12.374 0.6000000238
15157  -4.718  -64.181  -18.051 0.8000000119
12158  -6.540  -67.694  -13.226 0.6000000238
14331  -3.779  -64.671  -16.950 0.6999999881
15141  -4.425  -63.621  -17.166 0.8000000119
117108  -8.939  -67.780  -17.626 0.6000000238
12174  -5.620  -67.870  -14.615 0.6000000238
13620  -3.973  -65.168  -16.590 0.6000000238
123180  -9.907  -71.257  -16.576 0.6000000238
9484  -10.961  -71.516  -15.440 0.6000000238
12200  -5.605  -67.204  -15.652 0.6000000238
12217  -5.157  -67.412  -16.685 0.6000000238
12905  -4.542  -66.619  -16.958 0.6000000238
8867  -11.016  -72.318  -15.933 0.6000000238
9485  -11.609  -71.578  -14.821 0.6000000238
12226  -4.598  -67.308  -17.473 0.5000000000
8856  -13.731  -72.338  -14.501 0.5000000000
8857  -14.408  -72.081  -14.540 0.5000000000
9470  -13.948  -71.529  -14.286 0.5000000000
16765  -10.730  -61.380  -20.406 0.5000000000
16778  -11.135  -61.808  -20.975 0.5000000000
16763  -8.988  -61.986  -19.955 0.6000000238
16750  -10.336  -61.269  -19.762 0.5000000000
111407  -7.217  -63.131  -18.819 0.8000000119
16748  -8.434  -61.842  -19.245 0.6999999881
16732  -6.597  -62.035  -17.942 0.8000000119
15961  -5.817  -63.136  -17.959 0.8000000119
13638  -9.792  -65.793  -18.097 0.6000000238
14363  -11.591  -64.582  -18.783 0.5000000000
12139  -6.177  -67.309  -11.811 0.6000000238
15960  -5.103  -63.367  -17.571 0.8000000119
13631  -11.059  -64.907  -17.258 0.5000000000
12153  -7.465  -67.164  -13.329 0.6999999881
12152  -6.931  -67.356  -12.541 0.6000000238
113698  -4.327  -63.722  -16.269 0.8000000119
10834  -9.547  -69.181  -16.702 0.6000000238
12218  -9.925  -67.369  -16.724 0.6000000238
12915  -10.144  -65.954  -17.300 0.6000000238
12855  -6.900  -67.071  -14.123 0.6000000238
10116  -10.284  -70.307  -15.860 0.6000000238
10115  -9.654  -70.356  -16.584 0.6000000238
117223  -10.198  -67.834  -16.216 0.6000000238
12872  -5.905  -67.068  -15.230 0.6000000238
12906  -4.786  -65.916  -16.459 0.6000000238
14332  -4.219  -64.394  -16.420 0.5000000000
10100  -10.751  -70.670  -15.329 0.6000000238
12894  -5.203  -66.850  -16.310 0.6000000238
9486  -12.179  -71.848  -14.630 0.6000000238
10087  -11.813  -70.509  -14.113 0.6000000238
10088  -12.687  -70.699  -13.937 0.5000000000
10090  -14.032  -70.813  -14.376 0.5000000000
9471  -14.533  -71.532  -14.654 0.5000000000
10837  -13.961  -69.850  -15.326 0.5000000000
16749  -9.374  -61.518  -19.433 0.6000000238
16733  -7.283  -61.651  -18.189 0.6999999881
13561  -6.898  -65.897  -11.250 0.6000000238
12830  -6.263  -66.493  -11.538 0.6000000238
16731  -6.040  -62.447  -17.745 0.8000000119
14346  -11.670  -64.447  -17.753 0.5000000000
12845  -7.287  -66.816  -11.894 0.6000000238
129154  -5.079  -61.616  -16.858 0.8000000119
129457  -11.850  -64.531  -16.609 0.5000000000
15121  -4.303  -63.167  -15.816 0.8000000119
12219  -10.410  -67.038  -16.240 0.6000000238
13622  -11.161  -65.273  -16.451 0.6000000238
12874  -7.847  -66.582  -14.148 0.8000000119
14321  -4.706  -63.974  -15.876 0.6999999881
11532  -10.098  -68.664  -16.154 0.6000000238
12897  -11.066  -66.681  -15.516 0.6000000238
120561  -7.132  -66.448  -14.749 0.6999999881
13605  -6.769  -65.831  -15.476 0.6999999881
14322  -5.726  -64.579  -15.923 0.6000000238
113425  -10.602  -69.005  -15.321 0.6000000238
12202  -11.245  -67.436  -14.804 0.6000000238
12895  -5.597  -66.489  -16.018 0.6000000238
11512  -11.159  -68.911  -14.480 0.5000000000
10080  -12.340  -69.960  -13.730 0.5000000000
16734  -8.059  -61.467  -18.407 0.6000000238
16721  -9.712  -61.184  -17.378 0.5000000000
128038  -6.379  -64.356  -10.241 0.6000000238
16719  -7.683  -61.041  -17.588 0.6999999881
13550  -6.884  -65.261  -10.608 0.6000000238
16718  -6.638  -61.092  -17.441 0.6999999881
17533  -6.481  -60.485  -16.703 0.6000000238
16702  -5.831  -60.839  -16.838 0.6000000238
16701  -4.974  -60.941  -16.507 0.6999999881
116048  -8.239  -66.699  -11.999 0.8000000119
16685  -4.447  -61.627  -15.591 0.6999999881
16677  -4.445  -60.900  -15.021 0.6000000238
116419  -8.208  -66.748  -13.382 0.8000000119
15122  -4.822  -63.300  -15.320 0.8000000119
15115  -5.519  -63.065  -14.574 0.6999999881
13589  -8.400  -65.650  -14.341 0.6999999881
13606  -7.336  -64.959  -15.576 0.6999999881
124768  -7.407  -64.226  -15.181 0.6000000238
15116  -6.647  -63.734  -15.051 0.8000000119
15060  -5.849  -63.646  -9.585 0.6000000238
13544  -7.157  -65.202  -9.887 0.6000000238
13551  -7.780  -65.966  -10.587 0.6999999881
118812  -4.853  -59.840  -14.460 0.6000000238
12831  -7.924  -66.446  -11.401 0.6999999881
12832  -8.775  -66.549  -11.576 0.6999999881
16678  -4.801  -61.352  -14.385 0.6999999881
15915  -5.479  -62.110  -14.004 0.6000000238
12856  -8.875  -66.430  -13.014 0.8000000119
12857  -9.480  -65.720  -12.897 0.6000000238
14314  -8.720  -64.854  -14.171 0.5000000000
123774  -6.115  -62.840  -13.779 0.6999999881
15104  -6.806  -63.107  -13.247 0.6999999881
16668  -5.805  -61.004  -13.043 0.6000000238
12875  -8.542  -66.270  -13.756 0.8000000119
109371  -7.882  -64.120  -14.462 0.6000000238
129533  -7.274  -63.835  -14.833 0.6000000238
15054  -5.664  -63.835  -8.589 0.6000000238
14258  -6.059  -64.693  -8.007 0.6000000238
14268  -7.334  -65.374  -9.149 0.6999999881
14267  -6.559  -64.495  -9.140 0.6000000238
13545  -8.112  -65.910  -9.645 0.6999999881
12822  -8.537  -66.377  -10.982 0.6999999881
12823  -9.276  -66.321  -11.021 0.6000000238
16667  -5.300  -61.160  -13.659 0.6000000238
12847  -9.374  -66.267  -12.380 0.6000000238
14300  -9.315  -64.952  -13.391 0.6000000238
17463  -6.121  -60.364  -12.826 0.5000000000
15905  -7.041  -62.467  -12.395 0.6000000238
16653  -6.535  -61.340  -12.538 0.5000000000
17464  -6.960  -60.701  -12.190 0.5000000000
15906  -7.890  -62.976  -11.948 0.6000000238
16654  -7.201  -61.616  -11.895 0.5000000000
14250  -4.381  -64.800  -6.507 0.6000000238
15046  -4.921  -64.398  -7.557 0.6000000238
14259  -6.965  -65.305  -8.343 0.6999999881
13546  -8.935  -66.073  -9.375 0.6000000238
13552  -8.812  -66.212  -10.311 0.5000000000
13553  -9.459  -65.879  -10.231 0.6999999881
112132  -9.796  -65.945  -11.219 0.6000000238
118360  -9.941  -65.243  -11.552 0.6000000238
15087  -9.507  -64.154  -10.835 0.6000000238
15095  -8.581  -63.762  -12.382 0.6000000238
15086  -8.699  -63.392  -11.424 0.5000000000
15073  -8.875  -63.075  -10.687 0.5000000000
16636  -8.303  -61.620  -11.245 0.5000000000
15813  -4.757  -62.404  -5.500 0.6999999881
16567  -5.164  -61.612  -5.768 0.6999999881
130716  -4.037  -64.704  -5.995 0.6000000238
15016  -5.159  -63.804  -5.358 0.6999999881
15822  -5.553  -62.445  -5.808 0.6999999881
16575  -5.776  -61.882  -6.547 0.6999999881
16591  -6.192  -61.685  -7.632 0.6000000238
14251  -5.341  -65.203  -6.995 0.6999999881
14225  -4.757  -64.560  -5.533 0.6999999881
14226  -5.621  -64.659  -5.457 0.6999999881
15823  -6.360  -62.683  -6.312 0.6999999881
13524  -5.806  -65.660  -6.425 0.6999999881
13505  -5.410  -65.541  -5.991 0.6999999881
15017  -6.232  -64.042  -5.381 0.6999999881
13536  -8.025  -66.008  -8.605 0.6999999881
13537  -9.041  -66.166  -8.455 0.6000000238
13547  -9.507  -65.692  -9.080 0.6000000238
13538  -9.924  -65.956  -8.313 0.6000000238
14284  -9.901  -65.249  -10.543 0.6000000238
14276  -9.882  -65.141  -9.670 0.6000000238
14260  -10.171  -65.073  -9.050 0.6000000238
115674  -9.807  -64.363  -10.114 0.5000000000
15061  -10.084  -64.106  -9.648 0.6000000238
14269  -10.536  -64.364  -9.165 0.6000000238
15074  -9.573  -63.524  -10.220 0.5000000000
15075  -9.997  -63.177  -9.943 0.5000000000
17378  -4.818  -60.814  -5.674 0.6999999881
16592  -7.114  -61.820  -7.809 0.4000000060
15815  -6.953  -63.455  -5.875 0.6000000238
16576  -6.697  -62.250  -7.112 0.5000000000
16593  -8.081  -61.587  -7.682 0.4000000060
16605  -8.523  -60.877  -8.012 0.5000000000
14252  -6.362  -65.539  -7.283 0.6999999881
13506  -6.252  -65.857  -6.000 0.8000000119
14227  -6.506  -64.879  -5.426 0.6999999881
15027  -7.772  -63.219  -6.261 0.5000000000
117870  -8.128  -62.646  -6.706 0.4000000060
15845  -8.558  -61.984  -7.092 0.4000000060
16594  -9.022  -61.354  -7.518 0.4000000060
16595  -9.965  -61.311  -7.401 0.4000000060
13525  -6.752  -65.992  -6.554 0.8000000119
13507  -7.176  -66.072  -6.021 0.8000000119
13495  -6.760  -65.648  -5.674 0.8000000119
126132  -7.252  -65.135  -5.405 0.8000000119
15018  -7.938  -63.884  -5.663 0.6000000238
15028  -8.562  -63.264  -6.177 0.5000000000
15825  -9.009  -62.526  -6.587 0.4000000060
15846  -9.437  -61.856  -6.942 0.4000000060
13535  -7.343  -65.990  -7.521 0.6999999881
109670  -8.313  -66.287  -7.642 0.8000000119
13527  -8.744  -66.433  -6.772 0.6999999881
110634  -9.152  -66.364  -7.718 0.5000000000
15029  -9.601  -63.252  -6.071 0.5000000000
15826  -9.768  -62.412  -6.537 0.4000000060
15847  -10.296  -61.941  -6.825 0.4000000060
13528  -9.749  -66.443  -7.162 0.5000000000
13539  -10.685  -66.048  -7.689 0.6000000238
14261  -10.856  -65.137  -8.554 0.6000000238
17397  -5.248  -60.841  -6.127 0.6000000238
18209  -5.253  -60.024  -6.274 0.5000000000
16590  -5.478  -61.083  -7.297 0.5000000000
110812  -5.358  -60.712  -8.179 0.4000000060
17411  -5.853  -61.165  -8.260 0.5000000000
16603  -6.644  -61.346  -8.309 0.5000000000
16604  -7.582  -61.183  -8.221 0.5000000000
17418  -8.071  -60.450  -8.524 0.5000000000
17419  -8.871  -60.307  -8.386 0.5000000000
17420  -9.530  -59.956  -8.651 0.5000000000
121864  -7.653  -65.728  -5.620 0.6999999881
14228  -8.110  -64.894  -5.365 0.6000000238
14229  -9.172  -65.075  -5.368 0.5000000000
15019  -8.886  -64.100  -5.586 0.5000000000
17421  -10.336  -60.223  -8.510 0.5000000000
13526  -7.725  -66.244  -6.692 0.8000000119
113710  -8.139  -66.193  -6.027 0.6999999881
13508  -9.031  -66.307  -5.992 0.6000000238
15020  -9.839  -64.297  -5.558 0.5000000000
15030  -10.621  -63.674  -5.831 0.4000000060
15827  -10.514  -62.745  -6.342 0.5000000000
16596  -10.902  -61.503  -7.352 0.4000000060
16607  -10.576  -60.816  -7.915 0.5000000000
13509  -9.909  -66.367  -6.151 0.5000000000
13510  -10.818  -66.193  -6.206 0.5000000000
14230  -10.045  -65.206  -5.479 0.6000000238
15021  -10.672  -64.627  -5.591 0.5000000000
15031  -11.458  -64.234  -5.807 0.5000000000
15828  -11.558  -63.219  -6.210 0.5000000000
113312  -10.506  -66.399  -6.839 0.5000000000
13529  -11.284  -66.205  -7.028 0.5000000000
14232  -11.310  -65.114  -5.740 0.5000000000
13540  -11.719  -65.622  -7.784 0.6000000238
13530  -11.954  -65.901  -7.075 0.6000000238
18220  -5.083  -60.211  -7.516 0.5000000000
18225  -4.968  -60.176  -8.563 0.4000000060
17416  -5.705  -60.499  -8.890 0.4000000060
18219  -4.758  -59.404  -7.863 0.5000000000
17417  -6.302  -60.929  -8.735 0.5000000000
115410  -7.131  -60.752  -8.718 0.6000000238
17431  -7.642  -59.994  -9.050 0.5000000000
17432  -8.647  -59.755  -8.898 0.5000000000
18234  -8.822  -59.218  -9.412 0.4000000060
111977  -9.456  -59.388  -9.230 0.4000000060
19009  -10.126  -59.015  -9.650 0.4000000060
18224  -4.561  -59.453  -9.002 0.4000000060
18232  -5.173  -59.836  -9.385 0.4000000060
18233  -6.060  -59.834  -9.573 0.5000000000
17430  -6.656  -60.298  -9.162 0.5000000000
113384  -7.138  -59.473  -9.638 0.5000000000
18246  -5.516  -59.297  -10.010 0.4000000060
19025  -6.076  -58.632  -10.390 0.4000000060
19026  -7.116  -58.624  -10.171 0.5000000000
19006  -7.814  -58.917  -9.852 0.4000000060
19007  -8.525  -58.801  -9.783 0.4000000060
19008  -9.307  -58.810  -9.727 0.4000000060
19029  -9.928  -58.257  -10.210 0.4000000060
19005  -4.190  -58.775  -9.452 0.4000000060
18231  -4.703  -59.133  -9.789 0.4000000060
19807  -4.105  -57.594  -10.512 0.4000000060
19808  -4.643  -57.756  -10.734 0.4000000060
124645  -6.649  -58.017  -10.550 0.5000000000
19810  -7.490  -57.810  -10.511 0.5000000000
19027  -8.072  -58.338  -10.173 0.4000000060
19028  -8.943  -58.225  -10.131 0.4000000060
118433  -6.764  -57.326  -10.958 0.4000000060
20618  -7.769  -57.049  -10.888 0.4000000060
20619  -8.802  -56.809  -10.856 0.4000000060
19811  -8.414  -57.623  -10.487 0.4000000060
19812  -9.322  -57.586  -10.481 0.4000000060
19806  -3.910  -57.333  -10.196 0.4000000060
19828  -4.264  -56.971  -11.091 0.3000000119
19829  -4.981  -57.182  -11.260 0.3000000119
19809  -5.689  -57.777  -10.840 0.4000000060
21504  -4.714  -55.749  -11.495 0.4000000060
20638  -4.355  -56.304  -11.267 0.3000000119
20639  -4.968  -56.346  -11.560 0.3000000119
19830  -5.841  -56.832  -11.398 0.4000000060
21507  -6.741  -55.513  -12.155 0.5000000000
115879  -8.010  -56.449  -11.302 0.4000000060
20620  -9.906  -57.028  -10.773 0.3000000119
21531  -7.528  -55.126  -12.433 0.5000000000
20641  -8.639  -56.085  -11.507 0.4000000060
20642  -9.520  -56.249  -11.265 0.3000000119
22379  -5.099  -55.008  -11.661 0.4000000060
21505  -5.331  -55.477  -11.840 0.4000000060
21506  -6.004  -55.139  -12.179 0.5000000000
20640  -5.894  -55.963  -11.940 0.5000000000
22380  -5.771  -54.426  -11.920 0.4000000060
21530  -6.736  -54.686  -12.479 0.5000000000
124643  -8.965  -55.180  -12.359 0.4000000060
117858  -9.228  -55.642  -11.821 0.3000000119
112968  -6.797  -53.906  -12.784 0.3000000119
22398  -7.439  -54.339  -12.875 0.3000000119
22410  -8.198  -54.096  -13.197 0.3000000119
22373  -4.592  -55.372  -11.194 0.4000000060
22396  -6.311  -53.963  -12.267 0.4000000060
22399  -9.135  -54.561  -12.831 0.3000000119
23247  -5.945  -53.558  -11.670 0.3000000119
24062  -5.988  -52.270  -11.218 0.3000000119
10216  -7.249  -70.672  -23.381 0.6000000238
114764  -7.287  -69.171  -22.792 0.5000000000
15094  -7.687  -63.402  -12.799 0.6000000238
14299  -8.539  -64.195  -13.472 0.6000000238
127006  -11.045  -82.501  -22.096 0.5000000000
3839  -12.439  -81.271  -21.231 0.6000000238
5469  -10.014  -78.872  -23.197 0.5000000000
3840  -12.903  -81.224  -20.487 0.6999999881
3304  -12.555  -82.903  -18.156 0.6999999881
3305  -13.350  -82.270  -18.006 0.6999999881
4901  -13.384  -79.748  -20.102 0.6999999881
3819  -14.074  -81.907  -17.263 0.6999999881
3829  -13.951  -81.436  -18.439 0.6999999881
7131  -8.803  -74.982  -21.196 0.5000000000
2383  -14.866  -83.625  -16.448 0.6999999881
5946  -12.110  -77.737  -19.374 0.6999999881
5426  -13.160  -78.842  -19.580 0.6999999881
2814  -15.657  -83.063  -16.165 0.6999999881
115494  -14.616  -78.595  -17.637 0.6999999881
111048  -7.407  -70.919  -22.298 0.6000000238
3307  -17.381  -82.260  -18.193 0.6999999881
5915  -13.688  -77.213  -17.939 0.6000000238
5391  -15.003  -77.759  -16.407 0.6000000238
4874  -16.538  -79.592  -16.045 0.5000000000
10938  -4.993  -69.885  -23.487 0.6999999881
3852  -17.393  -81.675  -20.890 0.6000000238
5909  -15.358  -76.770  -15.853 0.5000000000
7086  -17.266  -75.287  -17.556 0.5000000000
11614  -5.598  -68.837  -22.837 0.6000000238
10922  -4.283  -69.548  -22.835 0.6999999881
118205  -8.261  -69.625  -18.515 0.6000000238
7083  -12.608  -75.551  -17.656 0.5000000000
6477  -14.063  -76.540  -17.175 0.5000000000
7053  -15.664  -75.885  -15.618 0.6000000238
6457  -15.030  -75.956  -15.816 0.5000000000
7054  -16.498  -75.617  -15.689 0.5000000000
125618  -15.835  -82.198  -23.457 0.6000000238
5997  -15.176  -78.055  -23.474 0.5000000000
14409  -5.415  -65.409  -20.135 0.6000000238
14345  -10.929  -64.859  -18.198 0.5000000000
12157  -5.746  -68.199  -13.349 0.6000000238
11530  -5.328  -68.320  -16.225 0.6000000238
8868  -12.584  -72.545  -14.916 0.6000000238
12175  -6.115  -67.484  -14.240 0.6000000238
15946  -4.534  -62.758  -16.764 0.8000000119
12873  -6.478  -66.742  -14.937 0.6000000238
11511  -10.481  -68.256  -15.639 0.6000000238
13604  -5.809  -65.557  -16.085 0.6000000238
10804  -11.536  -69.646  -14.089 0.6000000238
124374  -4.581  -61.659  -14.969 0.8000000119
12909  -11.247  -65.849  -15.834 0.6000000238
15123  -5.678  -63.782  -15.422 0.6000000238
111204  -6.599  -65.024  -15.993 0.6999999881
14313  -8.013  -64.850  -14.873 0.6000000238
14292  -9.769  -65.126  -12.530 0.6000000238
15105  -7.581  -63.655  -13.671 0.6999999881
111428  -9.242  -64.474  -12.823 0.6000000238
15886  -8.163  -62.502  -11.248 0.5000000000
14291  -9.429  -64.340  -11.937 0.6000000238
15871  -9.412  -62.732  -10.430 0.5000000000
118175  -4.460  -63.244  -5.437 0.6999999881
14224  -4.072  -64.399  -5.723 0.6000000238
15814  -5.886  -63.243  -5.697 0.6999999881
13494  -5.914  -65.426  -5.689 0.8000000119
114582  -7.183  -64.361  -5.451 0.6000000238
15844  -7.640  -62.200  -7.227 0.5000000000
15824  -7.255  -62.757  -6.648 0.5000000000
15848  -11.235  -62.241  -6.754 0.5000000000
16606  -9.553  -60.656  -8.021 0.5000000000
13496  -8.602  -65.772  -5.576 0.6000000238
13497  -9.518  -65.859  -5.605 0.6000000238
13512  -12.280  -65.506  -6.667 0.5000000000
117933  -8.116  -59.361  -9.448 0.5000000000
18247  -6.391  -59.207  -10.015 0.6000000238
19004  -3.981  -58.095  -9.861 0.4000000060
19023  -4.334  -58.376  -10.149 0.4000000060
19024  -5.083  -58.565  -10.372 0.4000000060
19831  -6.969  -56.441  -11.541 0.4000000060
117888  -7.728  -55.864  -11.863 0.5000000000
21532  -8.270  -54.810  -12.664 0.5000000000
21508  -8.411  -55.482  -12.124 0.4000000060
130701  -5.633  -54.926  -12.031 0.5000000000
22397  -6.243  -54.508  -12.243 0.5000000000
123894  -6.593  -53.085  -12.352 0.3000000119
2019  -18.742  -85.726  -26.215 0.5000000000
2020  -19.300  -85.338  -25.865 0.5000000000
2467  -19.892  -84.691  -26.938 0.5000000000
2906  -19.544  -83.817  -26.255 0.5000000000
116231  -20.120  -83.500  -27.125 0.5000000000
2911  -20.503  -82.772  -27.561 0.6000000238
2011  -19.068  -85.552  -25.042 0.5000000000
2012  -19.341  -85.140  -24.614 0.5000000000
2895  -19.211  -84.153  -25.237 0.5000000000
3382  -20.214  -82.018  -28.102 0.6000000238
2909  -19.342  -82.666  -26.746 0.6000000238
121406  -19.931  -82.419  -27.665 0.6000000238
1650  -17.597  -85.996  -25.038 0.4000000060
1981  -13.506  -85.564  -22.328 0.4000000060
1994  -14.252  -85.751  -22.822 0.4000000060
1631  -14.003  -85.550  -24.040 0.5000000000
1640  -14.973  -85.714  -24.537 0.5000000000
2009  -15.024  -85.738  -25.520 0.5000000000
1641  -16.152  -86.297  -23.719 0.5000000000
1633  -16.371  -86.471  -22.607 0.5000000000
124746  -16.648  -85.836  -25.463 0.5000000000
1642  -17.822  -86.237  -23.769 0.5000000000
3896  -20.414  -81.364  -27.374 0.6000000238
4417  -19.668  -80.844  -26.421 0.6000000238
1651  -18.458  -85.847  -24.408 0.5000000000
2005  -19.179  -85.082  -24.002 0.5000000000
2456  -18.750  -85.054  -23.504 0.5000000000
3895  -18.917  -81.459  -26.985 0.6000000238
2463  -19.189  -84.736  -24.332 0.5000000000
3374  -18.200  -82.551  -26.219 0.6000000238
3379  -18.514  -81.931  -26.800 0.6000000238
4416  -18.787  -80.834  -26.487 0.6000000238
3894  -17.604  -81.508  -26.626 0.6000000238
4415  -17.768  -80.907  -26.550 0.6000000238
4409  -18.031  -80.238  -25.678 0.6999999881
4414  -16.793  -81.118  -26.718 0.6000000238
4408  -17.169  -80.194  -26.366 0.6999999881
110834  -13.750  -85.201  -20.128 0.6000000238
1968  -14.401  -84.949  -20.365 0.6000000238
1959  -15.286  -84.838  -20.055 0.6000000238
120868  -13.830  -85.248  -21.199 0.5000000000
1982  -14.617  -85.583  -21.689 0.5000000000
1983  -15.927  -85.619  -21.244 0.6000000238
1632  -15.219  -86.166  -23.217 0.5000000000
1622  -15.516  -86.185  -22.130 0.5000000000
1995  -16.486  -86.207  -21.863 0.5000000000
115006  -17.171  -86.453  -23.171 0.5000000000
1996  -17.294  -86.160  -22.334 0.5000000000
1635  -18.343  -85.902  -23.436 0.5000000000
4401  -19.581  -80.277  -24.500 0.6999999881
4410  -18.956  -80.381  -25.437 0.6000000238
5482  -18.779  -79.195  -24.877 0.8000000119
2885  -18.202  -84.360  -23.725 0.5000000000
2894  -18.463  -83.919  -24.726 0.5000000000
2904  -17.180  -83.073  -25.517 0.6000000238
4400  -18.809  -79.870  -24.960 0.6999999881
3378  -17.304  -82.195  -26.366 0.6000000238
5492  -17.354  -79.259  -26.220 0.6999999881
3893  -16.523  -81.782  -26.531 0.6000000238
4960  -15.757  -80.014  -26.746 0.6999999881
4961  -16.524  -79.687  -26.733 0.6999999881
4968  -17.077  -78.645  -27.183 0.6000000238
1957  -13.577  -85.810  -18.954 0.5000000000
1958  -14.501  -84.862  -19.462 0.6000000238
118845  -15.902  -85.112  -20.512 0.6000000238
1984  -16.973  -85.649  -21.518 0.6000000238
1997  -18.018  -85.779  -22.768 0.5000000000
2872  -17.352  -84.164  -22.366 0.6000000238
4946  -19.580  -79.702  -24.186 0.6999999881
2455  -17.990  -84.685  -22.851 0.5000000000
2884  -17.194  -83.934  -23.257 0.5000000000
5483  -19.717  -78.826  -24.516 0.5000000000
5495  -20.309  -78.205  -25.337 0.6000000238
125731  -15.931  -82.853  -25.514 0.5000000000
5494  -19.093  -78.446  -25.451 0.6000000238
3377  -16.248  -82.449  -26.127 0.5000000000
4954  -18.003  -79.575  -25.501 0.6999999881
5493  -18.066  -78.828  -25.643 0.6000000238
3892  -15.758  -82.056  -26.394 0.5000000000
5500  -17.700  -78.582  -26.606 0.6000000238
6031  -18.238  -77.407  -27.654 0.6000000238
4412  -15.166  -80.904  -26.520 0.5000000000
112651  -16.772  -78.230  -27.445 0.5000000000
117428  -15.831  -77.883  -27.366 0.5000000000
121869  -17.299  -76.750  -27.410 0.5000000000
1950  -13.487  -85.796  -17.871 0.6000000238
130585  -13.970  -85.080  -19.294 0.6000000238
1572  -12.687  -86.258  -17.608 0.4000000060
2871  -16.648  -83.203  -22.909 0.5000000000
2883  -16.454  -83.334  -23.749 0.5000000000
6013  -19.857  -77.766  -26.594 0.5000000000
3888  -15.419  -82.439  -25.931 0.5000000000
5501  -18.676  -78.107  -26.804 0.5000000000
6032  -19.542  -77.262  -27.540 0.5000000000
6020  -20.546  -77.183  -27.231 0.5000000000
4407  -14.708  -81.375  -26.062 0.5000000000
5509  -18.688  -77.509  -27.585 0.5000000000
120598  -18.804  -76.875  -27.710 0.5000000000
119721  -14.552  -80.457  -26.215 0.6000000238
4958  -14.208  -79.671  -26.557 0.6000000238
6030  -17.495  -77.761  -27.550 0.5000000000
6629  -17.918  -77.070  -27.667 0.6000000238
6027  -14.387  -78.560  -27.064 0.6000000238
6028  -15.082  -78.029  -27.228 0.5000000000
2390  -12.006  -84.957  -17.344 0.4000000060
3353  -15.296  -82.139  -24.090 0.5000000000
6033  -20.275  -76.784  -27.587 0.5000000000
3882  -14.999  -81.973  -24.875 0.5000000000
4406  -14.382  -80.691  -25.750 0.5000000000
6622  -19.110  -76.186  -27.430 0.5000000000
7220  -20.684  -75.896  -27.184 0.5000000000
7214  -21.056  -75.572  -26.818 0.5000000000
7201  -21.367  -75.390  -25.928 0.5000000000
7172  -22.585  -74.582  -23.640 0.5000000000
4944  -14.085  -79.941  -25.598 0.6000000238
4957  -13.481  -79.352  -26.351 0.6000000238
6621  -18.221  -76.477  -27.422 0.5000000000
5505  -13.641  -78.587  -26.812 0.6000000238
120759  -17.826  -75.825  -26.079 0.5000000000
124616  -12.730  -77.284  -26.900 0.5000000000
112662  -13.190  -76.616  -26.956 0.5000000000
5470  -14.405  -78.501  -24.146 0.5000000000
7213  -20.189  -75.624  -26.894 0.5000000000
7200  -20.522  -75.593  -26.019 0.5000000000
7185  -20.742  -75.546  -24.896 0.5000000000
7186  -21.569  -75.231  -24.782 0.5000000000
5481  -14.176  -79.347  -24.883 0.5000000000
5480  -13.503  -78.771  -24.827 0.6000000238
7212  -19.346  -75.745  -26.909 0.5000000000
7199  -19.675  -75.651  -25.981 0.5000000000
7170  -20.882  -75.366  -23.787 0.5000000000
7171  -21.762  -75.008  -23.694 0.5000000000
7751  -22.638  -74.200  -22.601 0.5000000000
5490  -12.301  -78.407  -26.315 0.5000000000
7211  -18.441  -75.923  -26.916 0.5000000000
7183  -18.398  -75.526  -24.234 0.5000000000
5996  -14.290  -77.740  -23.562 0.5000000000
7767  -20.033  -75.074  -23.091 0.5000000000
7169  -20.044  -75.542  -24.114 0.5000000000
7768  -21.085  -74.797  -22.794 0.5000000000
8336  -21.896  -72.766  -21.707 0.4000000060
7749  -20.324  -74.338  -22.481 0.4000000060
7778  -6.457  -74.662  -25.066 0.4000000060
14283  -6.184  -64.948  -10.967 0.5000000000
13560  -5.802  -65.713  -11.343 0.5000000000
15072  -5.733  -63.656  -10.346 0.5000000000
14275  -5.794  -64.076  -10.938 0.5000000000
15812  -4.062  -62.550  -5.537 0.5000000000
16566  -4.424  -61.618  -5.537 0.5000000000
18187  -5.023  -60.142  -5.827 0.5000000000
4931  -15.427  -80.046  -24.305 0.5000000000
4388  -15.168  -81.228  -24.338 0.5000000000
3380  -19.517  -81.955  -27.647 0.6000000238
2905  -18.742  -83.306  -25.728 0.6000000238
111033  -14.936  -85.070  -20.838 0.6000000238
2893  -17.222  -83.641  -24.237 0.5000000000
4413  -15.857  -81.383  -26.653 0.6000000238
4967  -16.255  -79.048  -27.190 0.6000000238
4966  -15.494  -79.236  -27.139 0.6000000238
3367  -16.133  -83.171  -24.649 0.5000000000
3891  -15.163  -81.849  -26.313 0.5000000000
4959  -14.974  -79.897  -26.660 0.6000000238
5506  -15.257  -78.631  -27.260 0.6000000238
5507  -16.063  -78.491  -27.380 0.5000000000
7210  -17.400  -76.144  -26.847 0.5000000000
6630  -19.709  -76.531  -27.603 0.5000000000
4953  -14.017  -79.938  -26.081 0.5000000000
6026  -13.821  -78.110  -26.933 0.5000000000
4945  -14.690  -79.981  -24.974 0.5000000000
5491  -12.683  -78.982  -26.138 0.5000000000
4943  -13.366  -79.432  -25.749 0.5000000000
128693  -20.056  -75.644  -25.096 0.5000000000
7198  -18.661  -75.727  -25.736 0.5000000000
7750  -21.700  -74.215  -22.290 0.5000000000
7168  -19.239  -75.378  -23.673 0.4000000060
120165  -21.004  -74.095  -22.244 0.4000000060
115653  -24.604  -78.327  -27.669 0.5000000000
6036  -24.053  -77.549  -27.842 0.6000000238
6035  -22.981  -77.327  -27.544 0.6000000238
6022  -22.605  -77.940  -27.295 0.6000000238
5486  -22.724  -79.235  -25.985 0.4000000060
6633  -23.295  -76.543  -27.612 0.4000000060
6632  -22.079  -76.431  -27.435 0.4000000060
6021  -21.601  -77.353  -27.063 0.5000000000
6034  -21.122  -76.704  -27.339 0.4000000060
5502  -22.126  -78.198  -26.526 0.5000000000
6014  -21.029  -77.639  -26.298 0.5000000000
5496  -21.539  -78.443  -25.437 0.6000000238
4390  -20.092  -80.328  -23.845 0.6000000238
3883  -20.331  -81.003  -24.172 0.6000000238
3368  -20.916  -81.705  -25.188 0.6000000238
3889  -20.416  -81.069  -25.994 0.6000000238
3890  -21.174  -81.654  -26.829 0.6000000238
3898  -21.195  -81.841  -27.787 0.5000000000
2912  -21.210  -83.257  -27.396 0.4000000060
112897  -20.647  -83.694  -27.373 0.5000000000
8337  -22.322  -73.089  -21.654 0.3000000119
2027  -19.618  -85.541  -26.770 0.4000000060
14324  -12.484  -64.574  -15.687 0.4000000060
13608  -12.393  -65.349  -15.087 0.4000000060
12898  -11.789  -66.029  -15.105 0.5000000000
15062  -10.607  -63.693  -9.547 0.5000000000
15055  -11.138  -64.239  -9.090 0.5000000000
15063  -11.543  -63.693  -9.624 0.5000000000
127939  -11.716  -64.237  -9.182 0.4000000060
13531  -12.478  -65.497  -7.355 0.4000000060
15889  -12.694  -62.488  -11.694 0.4000000060
15032  -12.770  -64.275  -6.462 0.4000000060
14239  -13.410  -64.485  -6.957 0.4000000060
14253  -13.205  -65.127  -7.540 0.4000000060
124494  -12.161  -64.000  -6.079 0.4000000060
15033  -13.267  -63.657  -6.764 0.4000000060
127384  -14.082  -64.207  -9.660 0.4000000060
15829  -12.536  -63.419  -6.435 0.4000000060
113943  -12.993  -62.939  -6.799 0.4000000060
15057  -15.042  -63.569  -8.673 0.4000000060
15849  -12.224  -62.580  -6.754 0.4000000060
16598  -12.994  -62.193  -7.379 0.4000000060
16597  -11.890  -61.769  -7.336 0.4000000060
18226  -10.254  -59.622  -9.084 0.3000000119
127053  -10.895  -59.918  -8.950 0.4000000060
127714  -9.900  -57.642  -10.519 0.3000000119
118599  -10.650  -58.689  -10.022 0.3000000119
17433  -11.118  -59.337  -9.622 0.3000000119
113117  -12.116  -62.697  -11.118 0.4000000060
15065  -13.321  -64.316  -9.552 0.4000000060
14271  -13.037  -64.738  -8.820 0.4000000060
15064  -12.375  -64.272  -9.325 0.4000000060
14272  -13.959  -64.582  -8.966 0.4000000060
14254  -13.834  -64.560  -7.621 0.4000000060
15875  -13.982  -63.319  -10.895 0.4000000060
15048  -14.384  -64.052  -7.778 0.4000000060
15047  -13.904  -63.848  -7.216 0.4000000060
6588  -28.269  -76.390  -22.623 0.3000000119
7756  -28.505  -76.000  -22.541 0.3000000119
112141  -28.001  -76.672  -22.678 0.4000000060
6587  -28.077  -76.357  -23.365 0.3000000119
7160  -28.228  -76.111  -23.226 0.4000000060
6598  -26.672  -76.862  -24.401 0.3000000119
6599  -27.874  -76.672  -24.086 0.3000000119
7173  -28.171  -76.315  -24.119 0.4000000060
6597  -25.220  -76.830  -23.658 0.3000000119
6609  -28.166  -76.552  -24.644 0.3000000119
6607  -26.837  -77.077  -25.511 0.3000000119
6613  -27.374  -76.689  -25.831 0.3000000119
6606  -25.588  -77.271  -24.872 0.3000000119
6612  -26.710  -77.151  -26.415 0.3000000119
6007  -25.056  -77.970  -25.430 0.3000000119
6008  -25.900  -77.614  -26.038 0.3000000119
6016  -25.991  -77.749  -26.929 0.3000000119
129078  -23.947  -78.153  -24.292 0.3000000119
5998  -24.633  -78.499  -25.112 0.3000000119
6015  -25.405  -78.478  -26.537 0.3000000119
6586  -27.616  -76.576  -23.210 0.4000000060
7189  -28.184  -76.261  -24.745 0.4000000060
6585  -26.365  -76.579  -23.214 0.3000000119
6614  -27.889  -76.384  -25.177 0.4000000060
7203  -27.267  -75.857  -26.156 0.4000000060
130804  -26.993  -76.580  -26.529 0.4000000060
5999  -24.397  -77.484  -24.192 0.3000000119
6025  -25.735  -77.529  -27.372 0.4000000060
5472  -23.606  -78.209  -23.691 0.3000000119
5990  -23.555  -77.539  -23.283 0.4000000060
6024  -25.229  -78.372  -27.243 0.4000000060
5497  -24.926  -79.279  -26.660 0.3000000119
7755  -27.989  -75.074  -22.663 0.3000000119
7736  -28.476  -74.966  -21.950 0.3000000119
7773  -27.935  -75.544  -23.608 0.3000000119
7772  -27.319  -74.759  -23.961 0.3000000119
6572  -25.687  -76.460  -22.000 0.4000000060
7789  -27.996  -75.698  -24.485 0.3000000119
7788  -27.363  -74.938  -24.884 0.3000000119
7188  -27.820  -75.708  -25.247 0.4000000060
116712  -27.244  -75.026  -25.797 0.3000000119
7796  -26.864  -75.066  -26.489 0.4000000060
6571  -23.882  -76.589  -22.042 0.3000000119
123981  -26.217  -76.211  -27.354 0.4000000060
7218  -25.631  -75.427  -27.348 0.4000000060
6584  -23.240  -77.027  -22.314 0.3000000119
130645  -25.191  -76.715  -27.770 0.4000000060
7224  -24.859  -75.956  -27.643 0.5000000000
6037  -25.108  -77.546  -27.787 0.4000000060
6634  -24.389  -76.673  -27.779 0.4000000060
5464  -23.542  -78.704  -22.962 0.3000000119
7735  -27.883  -74.211  -21.870 0.3000000119
115540  -24.587  -76.424  -21.593 0.4000000060
130251  -26.560  -74.592  -25.219 0.4000000060
7794  -24.976  -74.571  -26.004 0.4000000060
7801  -25.121  -74.820  -26.992 0.4000000060
7800  -24.163  -74.684  -26.729 0.5000000000
121176  -22.895  -75.150  -27.102 0.4000000060
7216  -23.656  -74.957  -27.155 0.4000000060
5975  -22.511  -77.145  -21.634 0.3000000119
7222  -22.566  -75.768  -27.321 0.4000000060
7215  -22.022  -75.293  -26.871 0.4000000060
5989  -22.852  -77.670  -22.501 0.3000000119
5463  -22.880  -78.173  -22.615 0.3000000119
5453  -22.597  -78.394  -21.953 0.3000000119
7753  -26.476  -73.892  -23.411 0.3000000119
7771  -26.225  -74.180  -24.336 0.3000000119
7787  -25.476  -74.317  -25.075 0.3000000119
114649  -23.788  -76.425  -21.308 0.4000000060
7793  -23.721  -74.432  -25.711 0.5000000000
7784  -22.905  -74.581  -25.510 0.4000000060
6570  -23.112  -76.641  -21.478 0.4000000060
129394  -22.550  -74.962  -26.727 0.4000000060
5441  -21.717  -77.844  -21.009 0.3000000119
6548  -21.892  -77.221  -20.987 0.3000000119
5974  -22.218  -77.730  -21.692 0.3000000119
5452  -22.155  -78.088  -21.641 0.3000000119
4914  -23.169  -79.003  -21.647 0.3000000119
7786  -24.239  -74.125  -24.751 0.4000000060
7785  -23.197  -74.388  -24.643 0.4000000060
5428  -21.494  -78.189  -20.108 0.3000000119
5442  -22.077  -78.464  -21.007 0.3000000119
5429  -22.001  -78.921  -20.070 0.3000000119
5414  -21.875  -78.880  -19.273 0.3000000119
4894  -22.345  -79.691  -19.530 0.3000000119
4355  -22.893  -80.195  -20.141 0.3000000119
4904  -22.653  -79.311  -20.476 0.3000000119
8355  -23.948  -73.419  -22.272 0.3000000119
7769  -23.526  -74.117  -23.618 0.4000000060
4341  -22.364  -80.177  -18.929 0.3000000119
108921  -22.270  -80.895  -19.033 0.3000000119
8963  -24.822  -72.529  -21.214 0.3000000119
8339  -24.397  -72.962  -21.771 0.3000000119
7752  -23.494  -73.843  -22.677 0.3000000119
8962  -23.886  -72.507  -21.133 0.3000000119
14270  -11.951  -64.820  -8.661 0.5000000000
116895  -11.154  -60.431  -8.496 0.5000000000
16608  -11.502  -61.043  -7.938 0.4000000060
14262  -12.687  -65.231  -8.114 0.4000000060
4947  -20.294  -79.300  -23.999 0.6000000238
129441  -21.140  -76.221  -27.312 0.4000000060
7187  -22.380  -74.789  -24.689 0.4000000060
8354  -23.006  -73.479  -21.936 0.3000000119
15864  -10.835  -63.044  -10.095 0.5000000000
15873  -11.855  -63.131  -10.467 0.4000000060
15874  -12.904  -63.162  -10.876 0.4000000060
6573  -26.956  -76.668  -22.451 0.4000000060
6038  -25.762  -76.926  -27.569 0.4000000060
112565  -24.893  -76.553  -22.543 0.3000000119
6596  -24.089  -76.893  -22.986 0.3000000119
7802  -26.086  -74.861  -26.816 0.4000000060
128073  -24.244  -73.858  -23.965 0.4000000060
6549  -22.403  -76.673  -20.844 0.3000000119
4905  -23.503  -79.804  -20.882 0.3000000119
112947  -24.328  -73.686  -23.237 0.3000000119
4345  -22.552  -80.411  -19.494 0.3000000119
3381  -21.774  -82.279  -27.106 0.5000000000
3376  -22.424  -82.941  -26.605 0.5000000000
3375  -21.706  -82.305  -26.069 0.5000000000
3874  -20.998  -81.464  -23.516 0.5000000000
126246  -21.126  -79.550  -23.918 0.4000000060
6005  -13.743  -78.141  -24.142 0.4000000060
5503  -23.137  -78.939  -26.903 0.5000000000
5504  -23.933  -79.403  -27.057 0.3000000119
4950  -24.937  -79.997  -26.205 0.3000000119
4964  -24.515  -79.078  -27.187 0.4000000060
6006  -24.984  -79.031  -26.038 0.3000000119
6550  -23.281  -76.371  -20.591 0.3000000119
6530  -23.300  -76.337  -19.606 0.3000000119
6551  -24.256  -76.378  -20.747 0.3000000119
6552  -25.228  -76.504  -20.956 0.3000000119
6553  -26.467  -76.778  -21.266 0.3000000119
125420  -23.967  -76.385  -20.017 0.3000000119
115381  -25.777  -76.923  -20.093 0.3000000119
123091  -27.553  -76.982  -22.013 0.3000000119
5976  -28.575  -77.068  -21.984 0.3000000119
6532  -25.326  -76.941  -19.252 0.3000000119
6554  -27.575  -77.305  -21.166 0.3000000119
2470  -20.461  -84.506  -27.302 0.3000000119
5485  -22.160  -79.500  -24.834 0.5000000000
4391  -20.910  -80.724  -23.549 0.4000000060
3355  -20.904  -81.818  -23.968 0.5000000000
4963  -24.443  -79.770  -26.596 0.3000000119
15876  -14.913  -63.208  -10.842 0.3000000119
15066  -14.676  -64.087  -9.259 0.3000000119
2913  -22.102  -83.359  -27.203 0.4000000060
2908  -23.225  -83.584  -26.207 0.4000000060
2875  -25.784  -83.809  -22.732 0.4000000060
2444  -23.929  -84.326  -23.007 0.4000000060
2886  -22.952  -83.901  -23.407 0.4000000060
3341  -22.375  -82.919  -23.031 0.4000000060
2897  -23.204  -83.936  -24.905 0.4000000060
3369  -21.464  -82.449  -24.533 0.4000000060
3356  -21.540  -82.214  -23.458 0.4000000060
2877  -27.662  -83.273  -22.828 0.3000000119
3342  -23.987  -82.788  -22.554 0.4000000060
2907  -22.283  -83.133  -25.386 0.4000000060
2445  -25.116  -84.456  -23.177 0.4000000060
2457  -23.795  -84.427  -24.099 0.4000000060
2876  -27.053  -83.635  -22.992 0.3000000119
2874  -24.443  -83.796  -22.298 0.4000000060
2873  -23.268  -83.462  -22.586 0.4000000060
2896  -22.132  -83.203  -23.980 0.4000000060
124830  -23.010  -82.599  -22.780 0.4000000060
3340  -22.332  -82.022  -23.011 0.4000000060
3345  -27.654  -82.534  -23.115 0.3000000119
3343  -25.309  -82.932  -22.529 0.3000000119
3344  -26.629  -82.800  -22.912 0.3000000119
3876  -22.641  -81.405  -23.367 0.3000000119
4935  -22.592  -80.502  -24.103 0.3000000119
4949  -23.336  -80.297  -25.022 0.3000000119
4962  -23.757  -79.782  -26.454 0.3000000119
4392  -21.911  -80.862  -23.457 0.3000000119
4934  -21.343  -80.243  -23.667 0.3000000119
2777  -19.447  -83.564  -13.372 0.3000000119
123446  -19.378  -82.710  -13.318 0.3000000119
5413  -21.574  -78.087  -19.050 0.3000000119
4288  -20.570  -80.585  -14.136 0.3000000119
4862  -21.104  -79.577  -15.195 0.3000000119
4863  -21.380  -79.255  -15.841 0.3000000119
5395  -21.627  -78.541  -16.069 0.3000000119
5400  -21.943  -78.259  -16.933 0.3000000119
111628  -21.831  -77.894  -17.963 0.3000000119
109951  -20.836  -79.776  -14.404 0.3000000119
4843  -21.055  -79.154  -14.600 0.3000000119
4844  -21.258  -78.717  -15.171 0.3000000119
117764  -21.705  -77.633  -16.289 0.3000000119
3863  -23.383  -81.968  -23.090 0.3000000119
3237  -19.777  -82.114  -13.535 0.3000000119
4303  -20.886  -80.512  -15.185 0.3000000119
3781  -20.598  -81.392  -14.788 0.3000000119
3762  -20.245  -81.382  -13.830 0.3000000119
124044  -21.124  -78.624  -14.405 0.3000000119
1634  -17.822  -86.225  -23.002 0.5000000000
1649  -15.909  -85.796  -25.033 0.5000000000
1933  -13.194  -84.953  -16.937 0.6999999881
1951  -14.082  -85.067  -18.454 0.6000000238
2004  -18.944  -85.405  -23.934 0.5000000000
2389  -11.149  -85.261  -17.690 0.5000000000
2391  -13.741  -84.825  -17.059 0.6999999881
2392  -14.474  -84.659  -17.598 0.6999999881
2417  -17.293  -84.014  -19.913 0.6999999881
2425  -16.344  -84.725  -19.941 0.6000000238
2426  -17.113  -84.561  -20.329 0.6999999881
2433  -26.596  -84.403  -23.457 0.3000000119
2443  -18.141  -85.213  -22.766 0.5000000000
2465  -19.527  -84.800  -25.664 0.5000000000
2471  -21.059  -84.276  -27.425 0.5000000000
2811  -13.358  -84.024  -16.720 0.6999999881
2819  -12.889  -83.837  -17.009 0.6999999881
2821  -15.537  -83.598  -16.793 0.6999999881
2822  -16.246  -83.305  -17.054 0.6999999881
2861  -10.633  -82.918  -21.493 0.5000000000
3284  -15.535  -82.465  -15.926 0.6999999881
3294  -16.538  -82.686  -16.590 0.6999999881
3319  -12.366  -81.779  -20.642 0.6000000238
3328  -12.014  -81.920  -21.398 0.5000000000
3336  -11.594  -81.838  -22.580 0.6000000238
3337  -12.056  -81.575  -21.939 0.6000000238
3352  -11.062  -82.093  -23.384 0.5000000000
3373  -15.378  -82.583  -24.955 0.5000000000
3383  -20.905  -82.193  -28.014 0.4000000060
3384  -21.530  -82.561  -27.389 0.4000000060
3808  -16.476  -81.695  -15.861 0.6999999881
3809  -17.064  -81.531  -16.426 0.6999999881
3820  -14.698  -81.558  -16.571 0.6999999881
3821  -17.383  -81.347  -17.132 0.6000000238
3830  -14.185  -80.774  -18.870 0.6999999881
3831  -17.532  -81.487  -17.930 0.6000000238
3849  -12.413  -81.130  -21.682 0.6000000238
3862  -16.246  -81.887  -22.695 0.6000000238
3873  -11.545  -81.568  -22.866 0.5000000000
3875  -21.624  -81.451  -23.313 0.4000000060
3887  -14.954  -82.066  -25.687 0.5000000000
3897  -19.908  -81.693  -27.826 0.6000000238
4320  -15.989  -80.792  -15.714 0.6999999881
4334  -17.568  -80.764  -17.597 0.5000000000
4353  -13.474  -80.651  -20.165 0.6999999881
4364  -12.615  -80.815  -21.539 0.6999999881
4399  -14.776  -81.444  -25.366 0.5000000000
4411  -19.709  -80.663  -25.201 0.6999999881
4873  -16.062  -80.001  -15.793 0.6000000238
4891  -13.828  -79.386  -19.294 0.6999999881
4893  -18.154  -79.729  -19.614 0.4000000060
4902  -13.958  -80.203  -19.596 0.6999999881
4921  -10.638  -79.268  -22.717 0.6999999881
4922  -11.405  -79.766  -22.432 0.6999999881
4928  -9.656  -79.342  -24.079 0.5000000000
4933  -20.492  -79.943  -23.722 0.4000000060
4941  -9.180  -80.061  -24.823 0.5000000000
4948  -21.992  -80.040  -24.149 0.3000000119
4956  -24.439  -80.157  -26.169 0.3000000119
4965  -14.663  -79.225  -27.002 0.6000000238
5392  -15.922  -78.368  -15.933 0.6000000238
5397  -14.903  -78.319  -16.830 0.6000000238
5410  -13.583  -78.491  -18.907 0.6000000238
5425  -12.430  -78.399  -19.766 0.6999999881
5437  -10.269  -77.367  -20.989 0.6999999881
5439  -12.137  -78.733  -20.393 0.6999999881
5448  -11.329  -78.795  -21.343 0.6999999881
5449  -11.954  -79.133  -21.055 0.6999999881
5461  -16.018  -78.468  -23.164 0.5000000000
5467  -8.671  -78.177  -24.479 0.5000000000
5484  -20.836  -78.809  -24.455 0.6000000238
5498  -13.131  -78.804  -26.540 0.6000000238
5499  -13.873  -79.105  -26.808 0.6000000238
5508  -18.009  -77.993  -27.415 0.6000000238
5905  -15.996  -77.200  -15.733 0.6000000238
5906  -16.609  -77.065  -16.065 0.5000000000
5910  -17.213  -77.315  -16.654 0.5000000000
5955  -10.461  -76.957  -20.409 0.6999999881
5970  -9.621  -77.128  -21.526 0.6000000238
5993  -9.117  -77.799  -23.445 0.6000000238
6000  -7.165  -77.355  -24.899 0.5000000000
6004  -12.951  -78.154  -24.617 0.6000000238
6019  -12.972  -78.086  -26.767 0.5000000000
6023  -23.699  -78.488  -27.534 0.5000000000
6460  -14.605  -76.294  -16.290 0.5000000000
6461  -16.741  -76.281  -15.970 0.6000000238
6500  -11.101  -75.981  -18.912 0.6000000238
6502  -12.416  -76.743  -18.471 0.6000000238
6503  -13.026  -77.084  -18.356 0.6000000238
6505  -17.408  -76.684  -18.400 0.5000000000
6524  -11.302  -76.664  -19.250 0.6999999881
6525  -11.907  -77.052  -19.018 0.6999999881
6579  -9.042  -76.968  -22.086 0.6000000238
6590  -7.404  -76.341  -24.330 0.5000000000
6603  -7.594  -77.018  -24.507 0.5000000000
6608  -27.776  -76.820  -24.996 0.3000000119
6617  -13.603  -77.424  -27.001 0.5000000000
6623  -19.907  -75.954  -27.357 0.5000000000
6624  -26.441  -76.980  -27.136 0.4000000060
6625  -26.779  -76.205  -26.887 0.4000000060
6626  -14.469  -77.699  -27.079 0.5000000000
6631  -20.447  -76.330  -27.444 0.5000000000
6635  -25.567  -76.261  -27.600 0.4000000060
7058  -13.783  -75.179  -16.487 0.5000000000
7060  -17.060  -75.075  -15.954 0.5000000000
7085  -14.117  -75.809  -16.703 0.5000000000
7115  -9.887  -74.887  -19.655 0.6000000238
7133  -9.854  -75.703  -20.191 0.6999999881
7184  -19.340  -75.630  -24.738 0.5000000000
7202  -23.128  -74.716  -26.514 0.4000000060
7217  -24.529  -75.159  -27.307 0.5000000000
7219  -26.604  -75.498  -26.949 0.4000000060
7221  -21.564  -75.844  -27.162 0.4000000060
7223  -23.720  -75.678  -27.487 0.4000000060
7632  -12.106  -73.714  -16.174 0.6000000238
7634  -14.910  -74.382  -15.372 0.6000000238
7654  -12.516  -74.348  -16.563 0.5000000000
7679  -10.904  -74.198  -17.827 0.5000000000
7680  -11.380  -74.559  -17.609 0.5000000000
7682  -17.263  -74.402  -17.199 0.5000000000
7689  -10.493  -74.125  -18.350 0.6000000238
7715  -8.817  -74.231  -20.760 0.5000000000
7731  -7.872  -74.725  -22.332 0.6000000238
7743  -7.490  -74.338  -23.196 0.6000000238
7754  -27.262  -74.473  -23.088 0.3000000119
7760  -7.393  -74.911  -23.776 0.6000000238
7779  -7.014  -74.989  -24.544 0.5000000000
7795  -26.267  -74.707  -25.954 0.4000000060
8234  -13.439  -73.333  -15.093 0.6000000238
8262  -10.828  -73.174  -17.030 0.6000000238
8263  -11.411  -73.483  -16.570 0.6000000238
8290  -10.158  -73.327  -18.365 0.5000000000
8302  -8.778  -73.354  -20.328 0.6000000238
8332  -8.165  -72.923  -21.050 0.6000000238
8348  -7.479  -73.472  -22.940 0.6000000238
8353  -21.523  -73.452  -21.957 0.4000000060
8375  -6.383  -73.753  -25.267 0.4000000060
8376  -6.881  -74.034  -24.768 0.5000000000
8887  -10.573  -72.465  -16.693 0.6000000238
8902  -9.476  -71.944  -17.860 0.5000000000
8921  -8.973  -72.616  -19.555 0.6000000238
8957  -7.759  -72.563  -21.706 0.6000000238
8991  -6.189  -72.144  -25.088 0.5000000000
9468  -12.099  -71.242  -14.299 0.6000000238
9469  -13.011  -71.585  -14.234 0.6000000238
9508  -9.439  -71.194  -17.186 0.6000000238
9519  -8.994  -71.681  -18.465 0.5000000000
9533  -8.802  -71.839  -19.125 0.5000000000
9586  -6.747  -70.975  -24.507 0.6000000238
9596  -5.613  -71.395  -24.843 0.6000000238
9597  -6.382  -71.363  -24.820 0.6000000238
10089  -13.468  -70.795  -14.039 0.5000000000
10101  -11.339  -70.996  -14.713 0.6000000238
10102  -14.453  -70.793  -14.982 0.5000000000
10145  -8.421  -70.442  -18.597 0.6000000238
10163  -7.749  -70.201  -19.948 0.6000000238
10183  -7.973  -71.109  -20.100 0.5000000000
10215  -3.650  -70.079  -22.636 0.6000000238
10226  -7.048  -70.590  -24.067 0.6000000238
10798  -12.731  -69.368  -13.638 0.5000000000
10806  -13.880  -69.991  -14.563 0.5000000000
10816  -10.631  -69.892  -15.327 0.6000000238
10817  -11.131  -70.230  -14.674 0.6000000238
10835  -10.135  -69.574  -16.010 0.6000000238
10869  -7.918  -69.258  -19.042 0.6000000238
10879  -3.638  -68.594  -20.156 0.5000000000
10880  -4.211  -69.298  -19.796 0.5000000000
10882  -7.979  -69.934  -19.164 0.6000000238
10904  -7.494  -69.372  -22.037 0.6999999881
10939  -5.729  -69.489  -23.211 0.6000000238
10940  -6.426  -69.784  -23.530 0.5000000000
10941  -7.078  -69.963  -23.518 0.5000000000
11492  -11.539  -68.158  -14.155 0.5000000000
11531  -9.568  -68.100  -16.868 0.6000000238
11546  -8.482  -68.326  -18.081 0.6000000238
11547  -8.979  -68.701  -17.393 0.6000000238
11558  -3.598  -67.982  -19.520 0.6000000238
11560  -7.839  -68.618  -19.362 0.6000000238
11580  -3.455  -68.572  -20.876 0.6999999881
11581  -7.744  -68.538  -20.458 0.6000000238
11590  -3.534  -68.451  -21.519 0.6999999881
11601  -4.391  -68.709  -22.550 0.6999999881
11613  -5.042  -69.157  -22.856 0.6000000238
11615  -6.315  -68.973  -22.990 0.5000000000
11616  -7.045  -68.710  -23.050 0.6000000238
12199  -5.450  -67.774  -15.674 0.6000000238
12201  -10.692  -67.569  -15.551 0.6000000238
12227  -8.997  -66.968  -17.977 0.6000000238
12228  -9.469  -67.209  -17.292 0.6000000238
12236  -3.463  -67.174  -19.531 0.6999999881
12238  -8.126  -68.045  -18.848 0.6000000238
12263  -4.673  -67.639  -21.890 0.6000000238
12270  -5.833  -68.081  -22.872 0.6000000238
12271  -6.731  -67.539  -22.996 0.6000000238
12273  -8.663  -67.321  -23.005 0.6000000238
12282  -7.268  -68.128  -23.124 0.6000000238
12800  -9.338  -66.449  -6.478 0.6000000238
12833  -9.439  -66.340  -11.743 0.6000000238
12846  -8.844  -66.589  -12.221 0.6999999881
12876  -11.627  -66.776  -14.739 0.5000000000
12896  -6.150  -66.364  -15.633 0.6000000238
12907  -10.024  -66.688  -16.958 0.6000000238
12908  -10.667  -66.139  -16.477 0.6000000238
12912  -3.376  -66.095  -18.472 0.6999999881
12921  -8.760  -66.829  -18.755 0.6000000238
12929  -3.769  -66.186  -19.828 0.6000000238
12930  -8.821  -66.829  -19.620 0.5000000000
12940  -4.331  -66.342  -20.317 0.6000000238
12941  -9.104  -66.993  -20.715 0.5000000000
12955  -9.313  -67.194  -21.850 0.6000000238
12971  -5.182  -67.168  -21.762 0.6000000238
12972  -5.619  -66.894  -22.076 0.6000000238
12974  -7.381  -66.887  -23.014 0.5000000000
12975  -9.326  -66.849  -22.776 0.6000000238
13493  -5.207  -65.157  -5.719 0.6999999881
13498  -10.345  -65.851  -5.700 0.5000000000
13499  -10.973  -65.693  -5.821 0.5000000000
13511  -11.618  -65.753  -6.278 0.5000000000
13562  -9.874  -65.864  -12.064 0.6000000238
13576  -9.000  -65.593  -13.667 0.6000000238
13588  -7.624  -65.717  -14.894 0.6999999881
13607  -11.749  -65.173  -15.737 0.4000000060
13619  -3.583  -65.254  -17.113 0.6999999881
13621  -4.805  -64.912  -16.243 0.6000000238
13629  -3.866  -65.845  -17.001 0.6000000238
13630  -10.422  -65.342  -17.727 0.5000000000
13639  -10.286  -65.350  -18.654 0.5000000000
13652  -3.718  -65.731  -19.120 0.6000000238
13665  -4.290  -65.787  -19.793 0.6000000238
13668  -10.785  -65.510  -20.949 0.5000000000
13682  -5.494  -65.831  -20.896 0.6000000238
13685  -10.198  -65.975  -22.162 0.5000000000
13703  -7.312  -66.073  -22.768 0.6000000238
13706  -10.088  -65.490  -22.512 0.5000000000
14231  -10.681  -65.324  -5.616 0.6000000238
14236  -4.598  -65.040  -5.945 0.6000000238
14237  -12.150  -64.890  -6.115 0.5000000000
14238  -12.843  -65.081  -6.745 0.4000000060
14255  -14.111  -64.542  -8.235 0.4000000060
14263  -13.500  -64.890  -8.269 0.4000000060
14315  -13.141  -64.868  -14.955 0.4000000060
14323  -6.649  -64.330  -15.626 0.6000000238
14344  -3.591  -64.979  -17.723 0.6000000238
14381  -5.483  -64.904  -19.478 0.6999999881
14382  -11.543  -64.802  -19.647 0.5000000000
14395  -4.907  -65.414  -19.680 0.6999999881
14397  -11.820  -64.820  -20.578 0.5000000000
14411  -6.621  -64.870  -21.157 0.6999999881
14413  -8.381  -64.447  -21.944 0.6999999881
14427  -8.911  -65.065  -22.753 0.6000000238
14429  -10.507  -64.835  -22.458 0.5000000000
14430  -11.009  -64.224  -22.476 0.5000000000
15015  -4.330  -63.949  -5.422 0.6000000238
15056  -14.572  -64.159  -8.493 0.4000000060
15076  -12.603  -63.736  -10.032 0.4000000060
15077  -13.605  -63.811  -10.237 0.4000000060
15078  -14.619  -63.759  -10.125 0.3000000119
15131  -4.221  -64.014  -16.772 0.6999999881
15132  -4.293  -63.268  -16.394 0.8000000119
15140  -3.989  -64.298  -17.470 0.6000000238
15179  -5.188  -64.507  -18.812 0.6999999881
15191  -6.180  -64.524  -19.555 0.6999999881
15192  -6.935  -64.219  -19.732 0.6999999881
15194  -8.398  -63.465  -20.412 0.8000000119
15208  -10.748  -63.581  -22.228 0.5000000000
15885  -7.568  -62.284  -11.742 0.6000000238
15887  -8.803  -62.221  -10.846 0.5000000000
15904  -6.166  -62.025  -13.224 0.6999999881
15922  -4.919  -62.144  -14.573 0.8000000119
15926  -4.579  -62.492  -15.229 0.8000000119
15935  -4.276  -62.475  -16.018 0.8000000119
15947  -5.235  -62.348  -17.226 0.8000000119
15962  -6.560  -62.962  -18.355 0.8000000119
15963  -7.231  -62.405  -18.537 0.8000000119
15978  -8.504  -62.415  -19.564 0.6000000238
15988  -7.427  -63.492  -19.370 0.6999999881
15990  -10.406  -62.185  -20.664 0.5000000000
15999  -10.884  -62.654  -21.535 0.5000000000
16635  -7.739  -61.823  -11.480 0.5000000000
16686  -4.479  -60.852  -15.740 0.6999999881
16700  -4.597  -61.731  -16.406 0.8000000119
16717  -5.716  -61.582  -17.281 0.6000000238
16735  -9.014  -61.353  -18.402 0.6000000238
16747  -7.748  -61.964  -18.769 0.6999999881
16779  -11.772  -61.718  -21.408 0.5000000000
17479  -5.407  -60.237  -13.505 0.6000000238
17490  -4.788  -60.380  -14.266 0.6000000238
17501  -4.629  -60.140  -15.010 0.6000000238
21483  -4.210  -55.901  -11.081 0.4000000060
108019  -14.325  -73.858  -15.223 0.5000000000
108266  -17.571  -77.074  -18.813 0.5000000000
109185  -8.038  -66.890  -12.642 0.8000000119
109194  -11.384  -83.396  -18.930 0.5000000000
109816  -17.454  -75.911  -16.981 0.5000000000
110032  -22.260  -74.940  -25.923 0.4000000060
110146  -12.855  -78.078  -19.179 0.6999999881
110282  -14.805  -80.712  -24.968 0.5000000000
110744  -21.954  -74.652  -22.907 0.5000000000
110969  -8.171  -63.165  -19.606 0.8000000119
111035  -6.840  -63.491  -14.248 0.6000000238
111637  -10.889  -68.210  -14.941 0.6000000238
111769  -11.625  -72.164  -15.208 0.6000000238
111979  -16.179  -82.535  -23.053 0.6000000238
112206  -22.183  -73.729  -21.955 0.3000000119
112881  -15.611  -77.675  -15.961 0.6000000238
113200  -15.886  -75.178  -15.463 0.6000000238
113238  -7.265  -72.926  -23.723 0.5000000000
113456  -17.535  -82.343  -18.962 0.6999999881
113755  -3.599  -67.169  -20.191 0.6000000238
115528  -17.467  -80.069  -17.114 0.5000000000
116253  -22.072  -77.076  -27.326 0.5000000000
116286  -4.655  -67.974  -17.894 0.6000000238
117540  -17.163  -77.350  -27.576 0.5000000000
118215  -8.336  -75.022  -21.801 0.6000000238
118436  -10.283  -70.995  -15.987 0.6000000238
118980  -24.788  -76.638  -20.005 0.3000000119
119113  -16.974  -86.251  -24.295 0.5000000000
119209  -11.935  -64.591  -21.617 0.5000000000
119518  -17.150  -75.745  -16.206 0.5000000000
119643  -3.912  -65.096  -18.583 0.6999999881
119739  -19.564  -81.197  -27.203 0.6000000238
119900  -16.233  -80.603  -26.761 0.6000000238
120706  -3.829  -71.143  -23.870 0.6999999881
121191  -6.525  -65.834  -22.237 0.6000000238
121196  -11.369  -82.439  -21.407 0.5000000000
121527  -10.975  -69.542  -14.749 0.6000000238
121676  -9.888  -61.777  -20.088 0.5000000000
122960  -17.749  -84.848  -22.244 0.6999999881
123314  -18.477  -85.464  -23.271 0.5000000000
123515  -17.772  -81.249  -19.399 0.6000000238
123930  -10.667  -65.507  -17.031 0.6000000238
123996  -9.571  -65.537  -22.796 0.6000000238
124189  -17.042  -80.343  -22.154 0.6000000238
124294  -17.642  -81.947  -19.527 0.6000000238
124500  -4.057  -68.239  -22.065 0.6999999881
124552  -17.046  -77.767  -27.568 0.5000000000
124765  -17.939  -80.538  -19.766 0.6000000238
124855  -11.453  -62.362  -21.641 0.5000000000
124859  -3.935  -57.015  -10.739 0.4000000060
125196  -11.846  -83.554  -18.124 0.5000000000
126037  -5.149  -63.019  -5.495 0.6999999881
126740  -8.387  -71.359  -19.433 0.5000000000
126970  -12.732  -81.759  -20.024 0.6999999881
127218  -20.569  -81.814  -28.074 0.6000000238
127293  -5.895  -65.057  -19.984 0.6000000238
127342  -5.041  -65.355  -6.297 0.6999999881
127684  -3.198  -69.662  -21.332 0.6000000238
127822  -16.196  -81.277  -15.722 0.6999999881
129340  -23.624  -73.035  -21.648 0.3000000119
129442  -15.149  -77.341  -16.097 0.6000000238
130033  -12.476  -83.504  -17.561 0.6999999881
130144  -15.733  -80.786  -26.711 0.6000000238
130164  -12.353  -65.909  -14.685 0.5000000000
130472  -3.547  -66.646  -19.833 0.6000000238
130680  -16.714  -81.191  -22.175 0.6000000238
