#!ascii label  , from subject sub-v1s13x0050005_ses-1 vox2ras=TkReg
439
10177  -40.320  -71.435  -19.337 0.0000000000
13729  -38.222  -65.458  -23.530 0.0000000000
12224  -33.839  -67.256  -16.599 0.0000000000
10901  -34.667  -69.066  -20.744 0.0000000000
15172  -36.472  -63.290  -18.775 0.0000000000
11503  -40.332  -67.836  -14.856 0.0000000000
114480  -34.504  -63.171  -12.323 0.0000000000
15852  -33.889  -62.818  -7.061 0.0000000000
115291  -32.685  -63.328  -16.073 0.0000000000
13645  -33.464  -65.572  -18.238 0.0000000000
16727  -34.878  -61.737  -17.275 0.0000000000
12864  -37.564  -65.741  -13.770 0.0000000000
15100  -37.104  -63.725  -11.767 0.0000000000
16580  -36.145  -61.443  -5.611 0.0000000000
17398  -33.551  -60.388  -6.912 0.0000000000
111321  -38.047  -73.448  -20.509 0.0000000000
12279  -34.959  -67.618  -22.377 0.0000000000
10223  -35.252  -71.069  -22.673 0.0000000000
10957  -36.406  -70.733  -24.338 0.0000000000
111730  -36.841  -69.801  -17.487 0.0000000000
10174  -36.665  -70.479  -19.429 0.0000000000
12950  -34.455  -66.162  -20.558 0.0000000000
14406  -37.489  -64.485  -20.550 0.0000000000
12211  -36.546  -67.808  -15.235 0.0000000000
13600  -33.476  -65.026  -14.494 0.0000000000
16676  -31.927  -61.425  -13.600 0.0000000000
14277  -35.148  -63.850  -9.937 0.0000000000
118198  -33.375  -62.286  -9.970 0.0000000000
17445  -32.265  -60.321  -10.726 0.0000000000
19840  -33.284  -57.193  -11.461 0.0000000000
8950  -35.996  -73.337  -21.273 0.0000000000
14394  -44.821  -65.073  -18.376 0.0000000000
13701  -42.042  -66.251  -21.698 0.0000000000
12298  -42.189  -67.445  -24.978 0.0000000000
16692  -32.957  -61.169  -15.717 0.0000000000
16710  -33.419  -61.653  -16.356 0.0000000000
8954  -39.746  -72.479  -20.083 0.0000000000
12988  -36.006  -66.522  -23.423 0.0000000000
11619  -35.744  -68.668  -23.725 0.0000000000
13003  -37.282  -67.204  -24.350 0.0000000000
11625  -37.610  -69.494  -24.382 0.0000000000
13004  -38.220  -66.656  -24.410 0.0000000000
11539  -35.669  -68.897  -16.546 0.0000000000
110245  -34.041  -67.843  -17.222 0.0000000000
14373  -34.742  -63.938  -18.962 0.0000000000
13646  -33.898  -65.387  -19.015 0.0000000000
14390  -35.212  -64.290  -19.668 0.0000000000
13676  -35.514  -65.131  -21.212 0.0000000000
14391  -36.096  -64.121  -19.853 0.0000000000
11542  -38.429  -68.969  -16.230 0.0000000000
12213  -38.367  -67.799  -15.137 0.0000000000
14307  -35.966  -64.355  -12.988 0.0000000000
13602  -35.366  -65.763  -13.926 0.0000000000
14306  -34.192  -64.662  -13.615 0.0000000000
114887  -32.188  -62.904  -13.952 0.0000000000
15096  -32.568  -62.831  -13.113 0.0000000000
14273  -34.435  -63.998  -9.262 0.0000000000
15080  -34.719  -63.103  -10.136 0.0000000000
15068  -33.709  -62.789  -8.813 0.0000000000
116313  -33.595  -58.193  -7.559 0.0000000000
18228  -32.820  -59.673  -8.288 0.0000000000
18999  -32.776  -58.174  -8.837 0.0000000000
19049  -32.231  -58.572  -11.144 0.0000000000
10903  -35.763  -70.111  -19.878 0.0000000000
9565  -36.586  -71.766  -20.427 0.0000000000
112691  -35.840  -71.291  -20.747 0.0000000000
111792  -35.120  -74.556  -23.546 0.0000000000
110061  -43.849  -63.997  -18.845 0.0000000000
124908  -43.484  -66.372  -20.329 0.0000000000
13733  -44.369  -65.691  -23.186 0.0000000000
13628  -33.037  -65.576  -16.209 0.0000000000
12918  -33.246  -66.105  -17.479 0.0000000000
15135  -33.115  -63.577  -16.803 0.0000000000
15149  -33.845  -63.284  -17.566 0.0000000000
15953  -35.391  -62.310  -17.833 0.0000000000
126600  -38.507  -66.605  -14.178 0.0000000000
14309  -37.707  -64.509  -12.506 0.0000000000
15098  -35.575  -63.005  -12.055 0.0000000000
16578  -34.285  -61.704  -5.999 0.0000000000
16599  -33.389  -61.230  -7.298 0.0000000000
17399  -34.226  -60.368  -6.212 0.0000000000
119624  -34.499  -58.876  -6.359 0.0000000000
19773  -35.247  -57.411  -6.017 0.0000000000
11611  -34.760  -68.423  -22.008 0.0000000000
109345  -35.160  -70.584  -21.804 0.0000000000
10937  -35.226  -70.185  -22.747 0.0000000000
10951  -35.725  -70.396  -23.725 0.0000000000
9604  -35.550  -72.003  -24.231 0.0000000000
10247  -36.919  -71.251  -24.888 0.0000000000
10249  -38.528  -70.827  -24.980 0.0000000000
10975  -39.298  -69.820  -25.311 0.0000000000
115574  -38.148  -70.281  -17.809 0.0000000000
110052  -38.714  -70.863  -19.018 0.0000000000
109597  -36.019  -69.916  -19.026 0.0000000000
10888  -34.720  -69.158  -19.926 0.0000000000
12245  -33.514  -67.097  -18.470 0.0000000000
115892  -33.894  -68.023  -19.402 0.0000000000
12261  -34.305  -67.660  -20.819 0.0000000000
12983  -34.764  -66.996  -21.768 0.0000000000
13697  -36.220  -64.951  -21.965 0.0000000000
14446  -37.152  -64.729  -22.161 0.0000000000
10862  -38.573  -70.036  -17.312 0.0000000000
11540  -36.608  -69.103  -16.246 0.0000000000
12210  -35.549  -67.757  -15.370 0.0000000000
12191  -37.093  -67.115  -14.763 0.0000000000
12903  -35.066  -67.075  -14.905 0.0000000000
12902  -34.124  -66.714  -15.217 0.0000000000
119966  -32.675  -64.176  -15.249 0.0000000000
15930  -32.150  -62.737  -14.883 0.0000000000
118716  -32.343  -60.026  -14.452 0.0000000000
14279  -36.736  -63.439  -10.981 0.0000000000
15089  -35.963  -62.797  -11.355 0.0000000000
15896  -34.484  -62.625  -11.247 0.0000000000
16613  -33.115  -61.342  -8.393 0.0000000000
16626  -32.889  -61.747  -10.166 0.0000000000
15894  -32.582  -62.141  -11.891 0.0000000000
110122  -32.016  -60.741  -12.171 0.0000000000
108908  -32.175  -59.100  -12.786 0.0000000000
9566  -37.823  -71.859  -20.107 0.0000000000
111253  -36.979  -73.801  -20.751 0.0000000000
9575  -35.613  -72.248  -21.773 0.0000000000
8361  -35.392  -74.662  -22.713 0.0000000000
14375  -37.636  -64.292  -19.056 0.0000000000
115731  -38.582  -64.758  -19.889 0.0000000000
13698  -38.894  -65.185  -21.917 0.0000000000
13700  -40.947  -65.840  -21.194 0.0000000000
13722  -39.511  -65.521  -22.537 0.0000000000
13731  -40.579  -66.402  -23.845 0.0000000000
13007  -41.347  -67.809  -24.705 0.0000000000
18334  -32.859  -59.764  -15.060 0.0000000000
17507  -33.280  -60.266  -15.656 0.0000000000
9547  -39.639  -71.738  -19.643 0.0000000000
13728  -37.371  -65.484  -23.572 0.0000000000
12989  -36.637  -66.514  -23.979 0.0000000000
13741  -37.280  -66.114  -24.133 0.0000000000
119223  -37.950  -65.810  -24.084 0.0000000000
119887  -34.437  -67.860  -16.510 0.0000000000
11538  -34.770  -68.473  -16.906 0.0000000000
14389  -34.472  -64.772  -19.343 0.0000000000
15187  -35.744  -63.682  -19.283 0.0000000000
11504  -41.480  -68.004  -14.647 0.0000000000
11523  -40.910  -68.446  -15.498 0.0000000000
11522  -39.795  -68.382  -15.612 0.0000000000
12214  -39.299  -67.783  -15.032 0.0000000000
14293  -34.881  -63.661  -12.659 0.0000000000
117343  -35.065  -64.258  -13.093 0.0000000000
15112  -33.903  -63.863  -13.150 0.0000000000
15097  -33.438  -63.170  -12.723 0.0000000000
15034  -34.515  -63.469  -6.663 0.0000000000
15050  -34.155  -63.847  -7.655 0.0000000000
15058  -33.979  -63.522  -8.552 0.0000000000
15069  -33.997  -63.082  -9.426 0.0000000000
15049  -33.709  -62.872  -8.011 0.0000000000
19786  -34.116  -57.493  -7.163 0.0000000000
109175  -33.210  -57.921  -8.266 0.0000000000
19790  -32.730  -57.697  -9.447 0.0000000000
20593  -33.602  -56.751  -8.754 0.0000000000
10902  -35.078  -69.671  -20.377 0.0000000000
10197  -35.438  -70.464  -20.769 0.0000000000
13681  -45.330  -65.541  -20.957 0.0000000000
12986  -44.577  -65.917  -22.280 0.0000000000
14449  -45.111  -65.082  -22.392 0.0000000000
15134  -32.677  -64.062  -16.038 0.0000000000
122832  -32.989  -64.768  -16.821 0.0000000000
15940  -33.908  -62.050  -16.991 0.0000000000
15951  -33.660  -62.810  -17.082 0.0000000000
15952  -34.374  -62.499  -17.543 0.0000000000
15150  -34.701  -63.009  -18.141 0.0000000000
14295  -36.678  -63.823  -12.294 0.0000000000
15099  -36.456  -63.145  -11.832 0.0000000000
109688  -34.781  -62.272  -5.707 0.0000000000
16579  -35.178  -61.396  -5.660 0.0000000000
125544  -34.497  -60.970  -5.994 0.0000000000
109038  -35.033  -60.478  -5.755 0.0000000000
18987  -34.575  -57.884  -6.434 0.0000000000
8326  -37.842  -74.632  -20.957 0.0000000000
10936  -35.013  -69.208  -22.414 0.0000000000
11612  -35.180  -68.452  -22.921 0.0000000000
113471  -36.092  -69.759  -24.008 0.0000000000
10246  -35.950  -71.284  -24.344 0.0000000000
9605  -35.948  -71.842  -24.994 0.0000000000
12294  -38.954  -68.682  -24.536 0.0000000000
10959  -38.322  -70.562  -24.695 0.0000000000
10960  -38.888  -70.330  -24.960 0.0000000000
10961  -39.503  -69.467  -24.921 0.0000000000
10861  -37.669  -69.963  -17.276 0.0000000000
10876  -37.392  -70.212  -17.952 0.0000000000
11579  -35.091  -69.419  -19.128 0.0000000000
11578  -34.353  -68.781  -19.316 0.0000000000
13633  -33.220  -65.392  -17.447 0.0000000000
12928  -33.393  -66.416  -18.154 0.0000000000
12255  -33.715  -67.201  -19.296 0.0000000000
12939  -33.995  -66.620  -19.910 0.0000000000
116957  -34.006  -67.469  -20.065 0.0000000000
121208  -34.228  -66.932  -20.654 0.0000000000
130249  -34.452  -67.157  -21.210 0.0000000000
14420  -36.048  -64.630  -21.151 0.0000000000
14421  -36.785  -64.525  -21.351 0.0000000000
11520  -37.929  -68.462  -15.637 0.0000000000
11541  -37.539  -69.099  -16.154 0.0000000000
11519  -37.018  -68.510  -15.640 0.0000000000
11518  -36.075  -68.426  -15.806 0.0000000000
12890  -37.754  -66.449  -14.252 0.0000000000
130486  -36.939  -65.739  -13.914 0.0000000000
13601  -34.351  -65.550  -14.073 0.0000000000
12889  -35.711  -66.439  -14.370 0.0000000000
12888  -34.671  -66.337  -14.486 0.0000000000
12887  -33.770  -65.950  -14.834 0.0000000000
13618  -33.132  -65.436  -15.342 0.0000000000
15120  -32.458  -63.581  -14.592 0.0000000000
15920  -31.900  -62.156  -14.161 0.0000000000
17494  -32.185  -60.951  -14.337 0.0000000000
17489  -32.026  -60.412  -13.643 0.0000000000
14278  -35.962  -63.634  -10.507 0.0000000000
15868  -33.948  -62.703  -10.160 0.0000000000
15081  -35.509  -62.774  -10.851 0.0000000000
15880  -34.670  -62.671  -10.779 0.0000000000
15881  -35.261  -62.659  -11.157 0.0000000000
15879  -33.647  -62.448  -10.697 0.0000000000
17412  -33.087  -60.451  -7.804 0.0000000000
17440  -32.500  -60.232  -9.698 0.0000000000
16619  -32.882  -61.077  -9.413 0.0000000000
16625  -32.645  -60.914  -10.162 0.0000000000
16645  -32.838  -61.968  -11.063 0.0000000000
112286  -32.524  -61.188  -10.846 0.0000000000
16644  -32.314  -61.416  -11.638 0.0000000000
116092  -32.198  -60.734  -11.413 0.0000000000
19839  -32.568  -57.750  -11.111 0.0000000000
18279  -32.034  -59.064  -11.962 0.0000000000
19855  -32.777  -57.768  -12.006 0.0000000000
19082  -32.623  -58.618  -13.253 0.0000000000
10175  -37.787  -70.697  -19.174 0.0000000000
9546  -38.567  -71.314  -19.530 0.0000000000
10199  -37.270  -71.110  -19.791 0.0000000000
8951  -36.373  -72.949  -20.744 0.0000000000
8325  -36.298  -74.169  -21.325 0.0000000000
9584  -35.389  -71.651  -22.240 0.0000000000
8372  -34.617  -75.601  -23.358 0.0000000000
15173  -37.492  -63.816  -18.413 0.0000000000
14376  -38.303  -64.360  -18.349 0.0000000000
14407  -39.244  -65.120  -20.217 0.0000000000
13678  -40.020  -65.502  -20.652 0.0000000000
12969  -43.429  -66.499  -21.275 0.0000000000
13680  -42.226  -66.201  -20.738 0.0000000000
13723  -40.794  -65.914  -22.309 0.0000000000
113255  -40.124  -65.856  -23.238 0.0000000000
13732  -41.283  -66.363  -23.238 0.0000000000
13008  -42.189  -67.143  -24.448 0.0000000000
12990  -41.629  -66.994  -24.061 0.0000000000
16709  -32.628  -62.023  -15.821 0.0000000000
15939  -33.078  -62.610  -16.431 0.0000000000
17527  -33.815  -60.815  -16.180 0.0000000000
16711  -34.348  -61.287  -16.697 0.0000000000
17400  -35.962  -60.693  -5.648 0.0000000000
17383  -36.576  -60.201  -5.606 0.0000000000
8953  -39.004  -72.977  -20.338 0.0000000000
12280  -35.567  -67.574  -23.370 0.0000000000
12291  -36.127  -68.116  -23.997 0.0000000000
12292  -36.877  -68.227  -24.305 0.0000000000
12293  -37.925  -68.496  -24.423 0.0000000000
121308  -38.217  -67.681  -24.470 0.0000000000
121078  -38.918  -67.656  -24.511 0.0000000000
11556  -36.288  -69.395  -17.056 0.0000000000
11555  -35.318  -69.190  -17.519 0.0000000000
11554  -34.305  -68.545  -17.777 0.0000000000
14372  -33.927  -64.689  -18.636 0.0000000000
13659  -34.822  -64.861  -19.990 0.0000000000
13675  -34.877  -65.334  -20.553 0.0000000000
14404  -35.527  -64.612  -20.446 0.0000000000
14405  -36.452  -64.375  -20.543 0.0000000000
11521  -38.822  -68.398  -15.655 0.0000000000
12212  -37.472  -67.812  -15.178 0.0000000000
13582  -36.133  -65.072  -13.478 0.0000000000
13603  -36.333  -65.748  -13.951 0.0000000000
13581  -35.154  -64.976  -13.546 0.0000000000
129961  -33.394  -64.337  -13.895 0.0000000000
15111  -32.841  -63.652  -13.668 0.0000000000
15921  -32.039  -62.237  -13.353 0.0000000000
15867  -33.539  -62.475  -9.423 0.0000000000
18221  -33.316  -59.540  -7.420 0.0000000000
19000  -33.034  -58.767  -8.076 0.0000000000
18227  -32.573  -59.007  -8.881 0.0000000000
18241  -32.364  -59.327  -9.642 0.0000000000
19039  -32.231  -58.912  -10.381 0.0000000000
19013  -32.429  -58.396  -9.674 0.0000000000
122037  -32.605  -57.646  -10.174 0.0000000000
19825  -33.092  -57.062  -10.582 0.0000000000
10198  -36.244  -70.786  -20.195 0.0000000000
9564  -35.842  -72.283  -21.039 0.0000000000
8977  -35.491  -73.094  -22.750 0.0000000000
14408  -45.182  -64.614  -19.965 0.0000000000
115132  -45.251  -64.997  -19.467 0.0000000000
13651  -44.896  -65.524  -18.818 0.0000000000
13664  -45.223  -65.575  -19.886 0.0000000000
12951  -44.574  -66.323  -20.512 0.0000000000
12968  -42.962  -66.515  -22.108 0.0000000000
13724  -42.132  -66.446  -22.608 0.0000000000
12993  -43.907  -66.416  -22.776 0.0000000000
12992  -43.238  -66.590  -23.559 0.0000000000
12910  -33.354  -66.386  -16.630 0.0000000000
129088  -33.095  -65.671  -16.923 0.0000000000
14353  -33.425  -64.739  -17.814 0.0000000000
116333  -33.411  -64.051  -17.459 0.0000000000
14354  -34.026  -63.851  -18.212 0.0000000000
129179  -34.685  -63.473  -18.531 0.0000000000
15171  -35.392  -63.185  -18.686 0.0000000000
12193  -39.847  -67.148  -14.263 0.0000000000
13584  -38.135  -65.097  -12.950 0.0000000000
13583  -37.113  -65.161  -13.385 0.0000000000
14308  -36.885  -64.416  -12.830 0.0000000000
14294  -35.810  -63.678  -12.454 0.0000000000
15831  -34.292  -62.576  -6.223 0.0000000000
121145  -33.430  -62.096  -7.630 0.0000000000
15830  -33.732  -61.953  -6.707 0.0000000000
16577  -33.880  -61.091  -6.494 0.0000000000
18216  -35.699  -59.887  -5.624 0.0000000000
18215  -34.743  -59.743  -5.964 0.0000000000
18214  -33.966  -59.634  -6.602 0.0000000000
127048  -33.803  -58.905  -7.051 0.0000000000
19772  -34.671  -56.946  -6.687 0.0000000000
10919  -34.767  -69.117  -21.556 0.0000000000
10920  -34.947  -69.770  -21.191 0.0000000000
117298  -34.954  -69.777  -21.908 0.0000000000
10234  -35.444  -71.126  -23.476 0.0000000000
125566  -35.234  -72.832  -24.339 0.0000000000
10958  -37.204  -70.462  -24.458 0.0000000000
10248  -38.018  -71.086  -24.886 0.0000000000
10272  -37.480  -71.196  -25.293 0.0000000000
10273  -38.274  -70.966  -25.249 0.0000000000
10974  -38.790  -70.492  -25.279 0.0000000000
10156  -39.287  -70.728  -18.707 0.0000000000
10176  -39.516  -71.177  -19.149 0.0000000000
10155  -38.208  -70.502  -18.510 0.0000000000
10890  -37.091  -70.311  -18.684 0.0000000000
10889  -35.312  -69.652  -19.658 0.0000000000
12234  -33.514  -67.019  -17.502 0.0000000000
12235  -33.695  -67.839  -18.046 0.0000000000
12938  -33.638  -66.266  -19.016 0.0000000000
11589  -34.302  -68.367  -20.209 0.0000000000
11600  -34.524  -68.393  -21.149 0.0000000000
12268  -34.585  -67.700  -21.558 0.0000000000
13695  -34.958  -65.864  -21.197 0.0000000000
12967  -35.030  -66.368  -21.691 0.0000000000
12984  -35.358  -66.622  -22.482 0.0000000000
13719  -36.043  -65.701  -22.728 0.0000000000
125190  -36.797  -65.152  -22.863 0.0000000000
13720  -37.653  -65.057  -22.869 0.0000000000
10877  -38.946  -70.355  -18.099 0.0000000000
10843  -38.981  -69.500  -16.837 0.0000000000
10842  -38.063  -69.530  -16.708 0.0000000000
11557  -37.162  -69.510  -16.813 0.0000000000
12225  -35.124  -68.216  -16.093 0.0000000000
12209  -34.495  -67.470  -15.752 0.0000000000
115663  -38.866  -67.170  -14.529 0.0000000000
12192  -37.982  -67.188  -14.673 0.0000000000
12863  -36.778  -66.334  -14.302 0.0000000000
12190  -36.126  -67.098  -14.820 0.0000000000
12911  -33.758  -66.838  -15.970 0.0000000000
12901  -33.437  -66.192  -15.689 0.0000000000
13617  -32.823  -64.818  -15.805 0.0000000000
15128  -32.472  -63.463  -15.409 0.0000000000
14305  -32.900  -64.286  -14.504 0.0000000000
129312  -32.299  -62.311  -15.368 0.0000000000
16684  -32.179  -61.683  -15.008 0.0000000000
17506  -32.583  -60.611  -15.090 0.0000000000
121212  -35.551  -63.135  -10.475 0.0000000000
15082  -36.251  -62.918  -10.866 0.0000000000
15090  -36.706  -63.146  -11.315 0.0000000000
15088  -35.063  -62.771  -11.645 0.0000000000
15912  -34.063  -62.734  -11.929 0.0000000000
112989  -33.382  -62.226  -8.597 0.0000000000
110336  -33.093  -61.890  -9.317 0.0000000000
17426  -32.828  -60.423  -8.761 0.0000000000
15895  -33.475  -62.453  -11.473 0.0000000000
15911  -33.045  -62.627  -12.277 0.0000000000
16662  -32.036  -61.618  -12.588 0.0000000000
123831  -31.914  -60.817  -12.955 0.0000000000
17458  -31.992  -59.998  -11.690 0.0000000000
17474  -31.948  -59.904  -12.713 0.0000000000
18300  -32.292  -59.441  -13.651 0.0000000000
126284  -38.897  -72.125  -20.042 0.0000000000
8952  -37.248  -72.701  -20.388 0.0000000000
7724  -36.911  -75.160  -21.531 0.0000000000
10214  -35.526  -71.364  -21.343 0.0000000000
8968  -35.704  -73.285  -21.823 0.0000000000
8324  -35.786  -74.524  -22.000 0.0000000000
17509  -35.133  -60.059  -15.819 0.0000000000
16728  -35.926  -61.704  -17.267 0.0000000000
15954  -36.258  -62.218  -17.656 0.0000000000
15972  -36.164  -62.667  -18.239 0.0000000000
14374  -36.755  -63.858  -19.231 0.0000000000
14392  -37.045  -64.241  -19.822 0.0000000000
14393  -37.898  -64.509  -19.763 0.0000000000
121366  -38.487  -64.648  -19.106 0.0000000000
127681  -38.106  -64.616  -20.223 0.0000000000
14422  -37.710  -64.654  -21.408 0.0000000000
14447  -38.048  -64.875  -22.117 0.0000000000
13721  -38.545  -65.243  -22.736 0.0000000000
13663  -44.219  -66.145  -19.417 0.0000000000
114840  -42.591  -66.095  -19.772 0.0000000000
13679  -41.169  -65.783  -20.195 0.0000000000
13699  -39.829  -65.528  -21.602 0.0000000000
120326  -38.913  -65.978  -24.168 0.0000000000
13742  -39.982  -66.559  -24.307 0.0000000000
13006  -40.461  -67.660  -24.537 0.0000000000
13743  -40.896  -67.148  -24.288 0.0000000000
12295  -39.884  -68.408  -24.656 0.0000000000
11627  -40.232  -68.788  -25.144 0.0000000000
10288  -37.665  -70.839  -25.689 0.0000000000
11624  -36.520  -69.077  -24.192 0.0000000000
11626  -38.672  -69.706  -24.592 0.0000000000
12286  -36.325  -67.304  -24.016 0.0000000000
12296  -40.684  -68.362  -24.873 0.0000000000
13005  -39.384  -67.077  -24.504 0.0000000000
13677  -39.114  -65.181  -21.075 0.0000000000
13696  -35.513  -65.739  -21.880 0.0000000000
13727  -36.624  -65.807  -23.528 0.0000000000
13730  -39.134  -65.591  -23.391 0.0000000000
14320  -32.911  -64.779  -15.090 0.0000000000
14423  -38.433  -64.899  -21.444 0.0000000000
15938  -32.490  -62.762  -15.675 0.0000000000
17384  -37.375  -60.283  -5.647 0.0000000000
17425  -32.604  -59.745  -9.041 0.0000000000
17528  -34.753  -60.606  -16.303 0.0000000000
18254  -32.254  -59.654  -10.293 0.0000000000
18266  -32.126  -59.406  -11.045 0.0000000000
18986  -34.099  -58.269  -6.902 0.0000000000
19061  -32.420  -58.440  -12.436 0.0000000000
19791  -33.151  -57.339  -8.895 0.0000000000
113703  -32.353  -58.306  -11.740 0.0000000000
113978  -32.343  -58.214  -10.502 0.0000000000
115526  -38.396  -64.776  -20.690 0.0000000000
123409  -32.351  -62.300  -12.650 0.0000000000
127615  -33.431  -58.860  -7.525 0.0000000000
127640  -31.981  -61.573  -14.282 0.0000000000
129254  -38.244  -72.603  -20.280 0.0000000000
129276  -34.481  -64.127  -13.161 0.0000000000
129796  -35.427  -62.744  -18.277 0.0000000000
130185  -39.704  -65.940  -23.877 0.0000000000
