#!ascii label  , from subject sub-v1s13x0050005_ses-1 vox2ras=TkReg
1816
9574  -31.535  -71.500  -21.847 0.1000000015
10213  -31.048  -71.012  -21.368 0.1000000015
10172  -29.056  -70.898  -19.467 0.1000000015
10212  -30.491  -70.605  -21.331 0.1000000015
10900  -29.075  -69.938  -20.798 0.1000000015
111093  -30.172  -70.716  -23.204 0.1000000015
10917  -28.763  -69.697  -21.604 0.1000000015
10950  -29.074  -70.199  -23.295 0.1000000015
10949  -28.438  -70.076  -23.610 0.1000000015
113571  -27.846  -69.805  -22.919 0.1000000015
125742  -27.872  -69.988  -23.910 0.1000000015
10956  -28.288  -70.262  -24.501 0.1000000015
10948  -27.142  -69.848  -23.464 0.1000000015
10242  -27.514  -70.249  -24.962 0.1000000015
10967  -27.260  -69.655  -26.389 0.1000000015
116740  -26.698  -70.096  -24.355 0.1000000015
10241  -26.512  -70.329  -25.432 0.1000000015
114662  -25.947  -70.153  -24.470 0.1000000015
8999  -32.496  -73.542  -25.820 0.1000000015
9583  -31.396  -71.752  -22.994 0.1000000015
8986  -31.920  -72.722  -23.596 0.1000000015
10222  -30.813  -70.948  -22.359 0.1000000015
9603  -31.283  -72.336  -25.273 0.1000000015
9582  -30.735  -71.371  -23.630 0.1000000015
9592  -30.709  -71.712  -24.760 0.1000000015
123823  -29.632  -70.322  -22.953 0.1000000015
10245  -30.422  -71.164  -25.011 0.1000000015
10244  -29.674  -70.691  -24.799 0.1000000015
10243  -28.402  -70.297  -25.207 0.1000000015
14497  -33.164  -64.372  -27.564 0.1000000015
13756  -31.270  -65.276  -27.323 0.1000000015
13022  -30.703  -65.885  -26.717 0.1000000015
13023  -31.564  -66.024  -26.682 0.1000000015
11653  -28.318  -68.340  -26.215 0.1000000015
11639  -29.121  -68.448  -25.694 0.1000000015
10986  -28.449  -69.195  -25.763 0.1000000015
10968  -27.934  -69.706  -25.779 0.1000000015
10266  -27.625  -70.046  -25.846 0.1000000015
8387  -33.649  -73.889  -25.875 0.1000000015
116478  -34.397  -72.576  -26.245 0.2000000030
9017  -33.789  -73.077  -26.453 0.2000000030
8380  -33.213  -73.862  -25.997 0.1000000015
110334  -34.855  -71.887  -26.249 0.1000000015
9625  -33.800  -72.432  -26.485 0.1000000015
9011  -33.321  -73.440  -26.478 0.1000000015
10285  -34.401  -71.344  -26.381 0.1000000015
9010  -32.726  -72.995  -26.734 0.1000000015
18428  -42.654  -58.763  -27.101 0.1000000015
18427  -41.143  -59.246  -26.889 0.1000000015
10283  -32.812  -71.863  -26.429 0.1000000015
10271  -32.177  -71.883  -26.240 0.1000000015
9617  -31.060  -71.815  -25.457 0.1000000015
18426  -39.850  -59.828  -26.425 0.1000000015
125650  -39.575  -60.523  -26.247 0.1000000015
117532  -39.937  -61.028  -26.433 0.1000000015
111287  -38.969  -62.405  -25.886 0.1000000015
15280  -38.549  -63.059  -25.944 0.1000000015
14492  -37.114  -64.075  -26.564 0.1000000015
10972  -32.453  -71.000  -26.080 0.1000000015
126018  -31.659  -71.091  -25.768 0.1000000015
112298  -29.828  -70.509  -25.004 0.1000000015
112986  -38.760  -61.751  -25.767 0.1000000015
15279  -37.515  -63.493  -25.876 0.1000000015
14500  -35.672  -64.563  -27.265 0.1000000015
13767  -35.139  -65.078  -27.576 0.1000000015
13026  -34.991  -65.938  -27.163 0.1000000015
110748  -33.493  -66.527  -26.489 0.1000000015
10971  -31.058  -70.133  -25.273 0.1000000015
10970  -30.013  -70.136  -25.237 0.1000000015
15278  -36.787  -63.966  -26.196 0.1000000015
14498  -34.016  -64.529  -27.375 0.1000000015
13766  -34.302  -64.966  -27.624 0.1000000015
13025  -33.329  -65.814  -27.013 0.1000000015
12308  -31.168  -67.768  -25.357 0.1000000015
124812  -29.736  -68.645  -25.459 0.1000000015
13757  -32.136  -65.395  -27.349 0.1000000015
13024  -32.586  -66.116  -26.677 0.1000000015
12307  -30.020  -67.714  -25.551 0.1000000015
109698  -29.389  -69.333  -25.426 0.1000000015
10267  -28.367  -70.073  -25.381 0.1000000015
9627  -35.756  -71.556  -26.014 0.1000000015
9626  -35.280  -72.225  -25.894 0.2000000030
9013  -34.445  -73.496  -25.588 0.1000000015
9000  -34.682  -73.678  -24.858 0.2000000030
10287  -36.636  -70.984  -25.931 0.1000000015
10286  -35.465  -71.009  -26.298 0.1000000015
20022  -42.897  -57.229  -26.413 0.1000000015
19222  -41.953  -57.999  -26.829 0.1000000015
111242  -33.863  -70.667  -26.260 0.1000000015
120531  -33.990  -69.662  -25.993 0.1000000015
17612  -40.440  -60.249  -26.751 0.1000000015
16811  -39.470  -61.696  -26.069 0.1000000015
16027  -39.725  -62.354  -26.253 0.1000000015
10973  -33.129  -70.013  -25.757 0.1000000015
15281  -39.150  -63.058  -26.139 0.1000000015
108694  -38.530  -63.681  -26.274 0.1000000015
13768  -36.043  -64.866  -27.535 0.1000000015
13027  -35.949  -66.222  -27.002 0.1000000015
12319  -33.834  -67.654  -25.960 0.1000000015
11641  -31.613  -68.925  -25.140 0.1000000015
117156  -32.085  -70.013  -25.422 0.1000000015
11640  -30.415  -68.970  -25.279 0.1000000015
10969  -28.919  -69.976  -25.291 0.1000000015
10960  -38.888  -70.330  -24.960 0.1000000015
10959  -38.322  -70.562  -24.695 0.1000000015
10249  -38.528  -70.827  -24.980 0.1000000015
10248  -38.018  -71.086  -24.886 0.1000000015
10247  -36.919  -71.251  -24.888 0.2000000030
9605  -35.948  -71.842  -24.994 0.2000000030
9621  -36.251  -71.488  -25.451 0.2000000030
9604  -35.550  -72.003  -24.231 0.2000000030
125566  -35.234  -72.832  -24.339 0.2000000030
10974  -38.790  -70.492  -25.279 0.1000000015
10990  -37.127  -70.137  -26.259 0.1000000015
10989  -35.995  -70.057  -26.427 0.1000000015
19223  -42.955  -57.931  -26.700 0.1000000015
17614  -43.034  -59.662  -27.148 0.1000000015
17615  -43.404  -60.452  -26.904 0.1000000015
16814  -43.140  -61.284  -27.148 0.1000000015
113731  -35.371  -68.958  -26.390 0.1000000015
126020  -42.747  -56.723  -26.036 0.1000000015
20017  -42.635  -56.864  -25.222 0.1000000015
17613  -41.798  -59.880  -27.237 0.1000000015
116729  -42.450  -60.573  -27.292 0.1000000015
16028  -40.564  -62.403  -26.622 0.1000000015
15282  -40.190  -63.210  -26.417 0.1000000015
14494  -38.709  -64.645  -26.712 0.1000000015
13759  -38.564  -65.829  -27.112 0.1000000015
12322  -36.290  -67.234  -26.721 0.1000000015
120940  -35.787  -68.017  -26.561 0.1000000015
11654  -34.422  -68.808  -26.061 0.1000000015
20838  -42.239  -56.393  -25.695 0.1000000015
14502  -37.239  -64.552  -27.084 0.1000000015
13036  -37.273  -65.894  -27.227 0.1000000015
12321  -35.384  -66.955  -26.613 0.1000000015
119902  -34.863  -67.827  -26.295 0.1000000015
11643  -33.549  -68.834  -25.641 0.1000000015
20836  -42.151  -55.900  -24.890 0.1000000015
21701  -41.909  -55.424  -24.679 0.1000000015
21700  -41.275  -55.629  -24.969 0.1000000015
21693  -42.045  -54.850  -24.049 0.1000000015
13007  -41.347  -67.809  -24.705 0.1000000015
10961  -39.503  -69.467  -24.921 0.1000000015
13008  -42.189  -67.143  -24.448 0.1000000015
11628  -40.963  -68.302  -25.283 0.1000000015
12294  -38.954  -68.682  -24.536 0.1000000015
10958  -37.204  -70.462  -24.458 0.1000000015
12297  -41.737  -67.835  -25.135 0.1000000015
11644  -40.343  -68.720  -25.556 0.1000000015
10975  -39.298  -69.820  -25.311 0.1000000015
10246  -35.950  -71.284  -24.344 0.2000000030
12311  -41.835  -67.641  -25.426 0.1000000015
124956  -40.853  -68.339  -25.654 0.1000000015
20816  -41.598  -55.979  -23.068 0.1000000015
20011  -41.678  -57.058  -24.211 0.1000000015
19213  -41.874  -57.913  -24.721 0.1000000015
19214  -42.938  -57.686  -25.577 0.1000000015
18422  -43.099  -58.682  -25.767 0.1000000015
17609  -43.603  -60.012  -26.238 0.1000000015
13018  -42.242  -66.916  -25.269 0.1000000015
12326  -41.451  -67.667  -25.806 0.1000000015
11658  -39.262  -69.027  -26.281 0.1000000015
11657  -38.575  -69.199  -26.357 0.1000000015
16030  -43.563  -61.950  -26.742 0.1000000015
111549  -42.858  -62.605  -26.828 0.1000000015
15283  -41.555  -62.987  -26.613 0.1000000015
112080  -39.544  -67.032  -26.820 0.1000000015
12323  -38.734  -68.184  -26.661 0.1000000015
118421  -36.382  -69.064  -26.541 0.1000000015
16029  -41.624  -62.182  -26.969 0.1000000015
14496  -41.418  -63.982  -26.364 0.1000000015
13760  -39.628  -65.792  -26.837 0.1000000015
121790  -37.184  -67.693  -26.734 0.1000000015
129600  -37.991  -68.212  -26.585 0.1000000015
20827  -42.095  -56.013  -23.906 0.1000000015
20828  -42.188  -55.515  -24.268 0.1000000015
20817  -42.256  -55.259  -23.592 0.1000000015
21694  -42.202  -55.019  -23.829 0.1000000015
22553  -41.898  -54.219  -23.393 0.1000000015
22552  -41.303  -54.534  -23.825 0.1000000015
12295  -39.884  -68.408  -24.656 0.1000000015
12298  -42.189  -67.445  -24.978 0.1000000015
13743  -40.896  -67.148  -24.288 0.1000000015
11625  -37.610  -69.494  -24.382 0.1000000015
13009  -42.642  -66.745  -24.474 0.1000000015
13744  -43.572  -65.881  -24.047 0.1000000015
121078  -38.918  -67.656  -24.511 0.1000000015
14477  -43.653  -64.808  -24.483 0.1000000015
13751  -42.750  -65.680  -24.974 0.1000000015
10957  -36.406  -70.733  -24.338 0.2000000030
20001  -41.029  -56.887  -23.272 0.1000000015
18417  -42.067  -58.761  -24.998 0.1000000015
17606  -42.218  -59.671  -25.177 0.1000000015
14487  -43.220  -64.317  -25.286 0.1000000015
13033  -41.634  -66.840  -25.994 0.1000000015
12292  -36.877  -68.227  -24.305 0.1000000015
113471  -36.092  -69.759  -24.008 0.2000000030
16806  -43.523  -60.517  -25.840 0.1000000015
16031  -43.976  -61.988  -26.162 0.1000000015
15269  -42.948  -63.602  -26.291 0.1000000015
14486  -42.262  -64.810  -25.853 0.1000000015
13761  -40.728  -66.229  -26.542 0.1000000015
21674  -41.791  -54.835  -22.343 0.1000000015
21686  -42.272  -54.616  -23.037 0.1000000015
21675  -42.336  -54.058  -22.297 0.1000000015
22534  -42.378  -53.519  -22.138 0.1000000015
22554  -42.078  -54.480  -23.279 0.1000000015
22546  -42.278  -53.958  -22.514 0.1000000015
23408  -42.074  -53.715  -22.811 0.1000000015
13733  -44.369  -65.691  -23.186 0.1000000015
12993  -43.907  -66.416  -22.776 0.1000000015
14465  -44.560  -64.496  -23.237 0.1000000015
12992  -43.238  -66.590  -23.559 0.1000000015
12991  -42.408  -66.777  -23.488 0.1000000015
13006  -40.461  -67.660  -24.537 0.1000000015
13745  -44.231  -65.005  -23.814 0.1000000015
12990  -41.629  -66.994  -24.061 0.1000000015
121308  -38.217  -67.681  -24.470 0.1000000015
15270  -43.998  -63.364  -25.549 0.1000000015
14478  -44.193  -64.119  -24.158 0.1000000015
13742  -39.982  -66.559  -24.307 0.1000000015
20815  -40.408  -56.715  -22.436 0.1000000015
20010  -40.598  -57.744  -23.407 0.1000000015
19209  -40.796  -58.283  -23.887 0.1000000015
126642  -41.324  -59.635  -24.551 0.1000000015
16802  -43.541  -61.364  -25.572 0.1000000015
16023  -43.987  -62.586  -25.491 0.1000000015
123911  -44.021  -63.908  -24.873 0.1000000015
13004  -38.220  -66.656  -24.410 0.1000000015
12293  -37.925  -68.496  -24.423 0.1000000015
20803  -41.014  -55.746  -22.347 0.1000000015
16808  -43.765  -61.226  -26.476 0.1000000015
12291  -36.127  -68.116  -23.997 0.1000000015
21673  -40.474  -55.362  -21.527 0.1000000015
22524  -40.360  -54.652  -20.945 0.1000000015
22532  -41.529  -54.385  -21.644 0.1000000015
22533  -42.161  -53.601  -21.755 0.1000000015
24202  -41.074  -52.631  -20.611 0.1000000015
23387  -42.348  -52.998  -21.890 0.1000000015
25020  -41.949  -51.961  -21.798 0.1000000015
14448  -45.033  -64.412  -22.288 0.1000000015
14449  -45.111  -65.082  -22.392 0.1000000015
12986  -44.577  -65.917  -22.280 0.1000000015
15240  -44.214  -63.915  -23.265 0.1000000015
114536  -43.156  -66.691  -22.784 0.1000000015
15241  -44.082  -63.591  -23.936 0.1000000015
15226  -42.752  -63.738  -22.893 0.1000000015
13724  -42.132  -66.446  -22.608 0.1000000015
13731  -40.579  -66.402  -23.845 0.1000000015
15253  -43.748  -62.809  -24.425 0.1000000015
15239  -43.080  -63.431  -23.793 0.1000000015
13732  -41.283  -66.363  -23.238 0.1000000015
20802  -39.859  -56.367  -21.701 0.1000000015
16018  -42.709  -62.006  -24.799 0.1000000015
16015  -42.388  -62.863  -24.152 0.1000000015
113255  -40.124  -65.856  -23.238 0.1000000015
13003  -37.282  -67.204  -24.350 0.1000000015
21664  -39.600  -55.326  -20.835 0.1000000015
19988  -39.366  -57.302  -21.807 0.1000000015
20000  -39.838  -57.780  -22.612 0.1000000015
18416  -40.992  -59.020  -24.305 0.1000000015
17602  -40.464  -60.101  -23.903 0.1000000015
16801  -42.576  -60.732  -25.242 0.1000000015
119223  -37.950  -65.810  -24.084 0.1000000015
23366  -39.613  -53.225  -19.985 0.1000000015
130310  -40.143  -54.112  -20.538 0.1000000015
24194  -39.244  -52.745  -19.644 0.1000000015
23374  -40.513  -53.347  -20.458 0.1000000015
24195  -40.180  -52.629  -20.116 0.1000000015
24203  -41.648  -52.212  -21.206 0.1000000015
24196  -40.875  -51.957  -20.499 0.1000000015
119107  -40.858  -62.637  -23.065 0.1000000015
13702  -45.192  -65.527  -21.758 0.1000000015
12970  -44.627  -66.241  -21.494 0.1000000015
17601  -39.727  -60.024  -23.286 0.1000000015
16798  -40.665  -61.165  -23.891 0.1000000015
16014  -41.321  -62.217  -23.892 0.1000000015
15238  -41.771  -63.127  -23.426 0.1000000015
12968  -42.962  -66.515  -22.108 0.1000000015
20793  -39.320  -56.052  -21.030 0.1000000015
20801  -38.935  -56.857  -21.203 0.1000000015
19208  -39.933  -58.573  -23.133 0.1000000015
17605  -41.361  -60.461  -24.528 0.1000000015
16800  -41.591  -61.328  -24.488 0.1000000015
13723  -40.794  -65.914  -22.309 0.1000000015
120326  -38.913  -65.978  -24.168 0.1000000015
13741  -37.280  -66.114  -24.133 0.1000000015
22523  -39.252  -54.760  -20.376 0.1000000015
23365  -38.831  -53.525  -19.668 0.1000000015
24178  -38.713  -52.195  -19.272 0.1000000015
25013  -38.948  -51.322  -19.333 0.1000000015
25799  -38.187  -50.775  -18.971 0.1000000015
111575  -39.786  -50.994  -19.784 0.1000000015
15227  -44.201  -64.098  -22.032 0.1000000015
14424  -45.278  -64.357  -21.440 0.1000000015
13681  -45.330  -65.541  -20.957 0.1000000015
20792  -38.498  -56.551  -20.610 0.1000000015
19205  -39.239  -58.836  -22.451 0.1000000015
18410  -38.917  -59.669  -22.361 0.1000000015
16794  -40.328  -61.836  -23.133 0.1000000015
22511  -38.540  -54.379  -19.768 0.1000000015
21650  -38.240  -55.299  -19.919 0.1000000015
21663  -38.775  -55.704  -20.479 0.1000000015
19194  -38.846  -58.312  -21.783 0.1000000015
18414  -40.161  -59.275  -23.550 0.1000000015
13701  -42.042  -66.251  -21.698 0.1000000015
24193  -38.354  -53.015  -19.298 0.1000000015
24177  -37.838  -52.528  -18.903 0.1000000015
24999  -37.380  -51.143  -18.442 0.1000000015
25000  -38.037  -51.682  -18.880 0.1000000015
25798  -37.389  -50.209  -18.514 0.1000000015
16012  -40.278  -62.440  -22.405 0.1000000015
15218  -42.313  -63.779  -21.943 0.1000000015
15202  -42.820  -63.838  -20.884 0.1000000015
16793  -39.603  -61.620  -22.357 0.1000000015
16797  -39.787  -60.861  -23.164 0.1000000015
23364  -37.879  -53.898  -19.261 0.1000000015
22510  -37.648  -54.907  -19.359 0.1000000015
117748  -37.667  -53.227  -18.970 0.1000000015
24998  -36.637  -51.397  -17.915 0.1000000015
26622  -36.884  -49.460  -18.372 0.1000000015
15225  -41.240  -63.193  -22.400 0.1000000015
114537  -39.229  -60.861  -22.481 0.1000000015
20781  -37.973  -56.230  -20.040 0.1000000015
19987  -38.588  -57.650  -21.238 0.1000000015
17598  -38.815  -60.409  -22.159 0.1000000015
119551  -36.483  -52.859  -18.049 0.1000000015
119253  -37.114  -52.996  -18.564 0.1000000015
123119  -36.831  -50.694  -18.074 0.1000000015
120690  -36.629  -50.040  -17.879 0.1000000015
26611  -36.295  -49.297  -17.745 0.1000000015
16008  -39.271  -61.858  -21.504 0.1000000015
18409  -38.509  -59.833  -21.734 0.1000000015
17594  -38.513  -60.616  -21.459 0.1000000015
16792  -38.939  -61.151  -21.886 0.1000000015
22491  -37.029  -54.549  -18.816 0.1000000015
21649  -37.422  -55.853  -19.446 0.1000000015
111581  -38.351  -57.239  -20.769 0.1000000015
19980  -38.004  -57.887  -20.688 0.1000000015
112530  -38.272  -58.331  -21.131 0.1000000015
23348  -37.125  -53.738  -18.732 0.1000000015
120620  -36.276  -50.732  -17.415 0.1000000015
26610  -36.026  -49.913  -17.216 0.1000000015
114993  -35.165  -48.941  -16.291 0.1000000015
120200  -35.685  -49.146  -17.067 0.1000000015
19183  -37.828  -58.698  -20.626 0.1000000015
20780  -37.296  -56.797  -19.469 0.1000000015
19979  -37.492  -58.219  -20.043 0.1000000015
23333  -36.090  -53.449  -17.760 0.1000000015
24986  -36.090  -51.579  -17.278 0.1000000015
26600  -35.506  -49.825  -16.403 0.1000000015
27432  -34.854  -48.680  -15.316 0.1000000015
22490  -36.537  -54.227  -18.365 0.1000000015
24985  -35.749  -51.792  -16.732 0.1000000015
25786  -35.810  -51.133  -16.754 0.1000000015
113690  -35.795  -50.464  -16.789 0.1000000015
130633  -35.163  -49.476  -15.693 0.1000000015
27418  -35.093  -48.690  -14.310 0.1000000015
26573  -35.315  -49.732  -14.717 0.1000000015
24163  -35.811  -52.313  -17.091 0.1000000015
24977  -35.584  -51.573  -16.142 0.1000000015
26587  -35.357  -50.092  -15.639 0.1000000015
25763  -35.487  -50.673  -15.184 0.1000000015
10195  -30.217  -70.676  -20.404 0.1000000015
10194  -29.451  -70.455  -20.151 0.1000000015
10221  -30.007  -70.268  -22.123 0.1000000015
10935  -29.267  -69.974  -22.343 0.1000000015
10916  -27.868  -69.494  -21.760 0.1000000015
112529  -29.603  -70.590  -23.881 0.1000000015
8998  -31.831  -72.902  -24.913 0.1000000015
9009  -32.255  -73.013  -26.428 0.1000000015
9593  -31.245  -72.136  -24.184 0.1000000015
9618  -31.640  -72.429  -25.997 0.1000000015
10233  -30.190  -71.062  -24.299 0.1000000015
10269  -30.828  -71.096  -25.318 0.1000000015
13764  -32.669  -64.780  -27.651 0.1000000015
12316  -29.944  -66.550  -26.191 0.1000000015
12317  -30.869  -66.695  -25.933 0.1000000015
12315  -29.074  -67.438  -26.038 0.1000000015
9012  -33.927  -73.597  -26.064 0.1000000015
9016  -33.156  -73.069  -26.670 0.1000000015
9018  -34.518  -73.000  -26.032 0.2000000030
9623  -32.596  -72.503  -26.523 0.1000000015
19220  -43.272  -58.412  -26.641 0.1000000015
118301  -41.028  -60.839  -27.169 0.1000000015
14501  -36.491  -64.491  -27.183 0.1000000015
14491  -36.209  -64.307  -26.805 0.1000000015
124131  -34.403  -65.386  -27.434 0.1000000015
13034  -33.729  -65.353  -27.409 0.1000000015
122221  -35.712  -65.427  -27.421 0.1000000015
12320  -34.417  -66.774  -26.535 0.1000000015
12318  -31.879  -66.845  -25.879 0.1000000015
120449  -32.862  -67.114  -25.896 0.1000000015
12309  -32.221  -67.892  -25.398 0.1000000015
10272  -37.480  -71.196  -25.293 0.1000000015
129086  -35.644  -72.031  -25.424 0.2000000030
9620  -35.191  -72.700  -25.258 0.2000000030
10273  -38.274  -70.966  -25.249 0.1000000015
10988  -34.829  -70.072  -26.330 0.1000000015
16812  -40.482  -61.685  -26.718 0.1000000015
14503  -37.906  -64.796  -27.000 0.1000000015
13028  -36.863  -66.566  -27.022 0.1000000015
12310  -33.060  -68.060  -25.524 0.1000000015
11642  -32.643  -68.934  -25.282 0.1000000015
10992  -39.116  -69.804  -25.847 0.1000000015
16813  -41.899  -61.420  -27.199 0.1000000015
20012  -42.319  -56.143  -24.770 0.1000000015
121961  -39.421  -64.050  -26.324 0.1000000015
127837  -39.406  -64.806  -26.656 0.1000000015
13029  -37.865  -67.098  -26.985 0.1000000015
20835  -41.774  -55.917  -25.294 0.1000000015
11627  -40.232  -68.788  -25.144 0.1000000015
12325  -40.915  -67.940  -26.036 0.1000000015
11659  -40.406  -68.526  -26.018 0.1000000015
13750  -42.071  -65.982  -25.743 0.1000000015
13031  -40.389  -67.065  -26.578 0.1000000015
115924  -40.244  -67.872  -26.455 0.1000000015
15284  -43.778  -62.645  -26.210 0.1000000015
13762  -41.276  -65.296  -26.350 0.1000000015
23375  -41.745  -53.014  -21.212 0.1000000015
23401  -42.282  -53.100  -22.207 0.1000000015
15255  -44.213  -63.361  -24.793 0.1000000015
22525  -41.195  -53.866  -21.024 0.1000000015
24204  -42.112  -52.489  -21.705 0.1000000015
25014  -39.816  -51.853  -19.751 0.1000000015
26624  -38.206  -49.854  -19.207 0.1000000015
19204  -38.701  -59.157  -21.940 0.1000000015
14308  -36.885  -64.416  -12.830 0.5000000000
10865  -42.093  -69.865  -17.812 0.5000000000
10846  -42.530  -69.509  -16.885 0.5000000000
14294  -35.810  -63.678  -12.454 0.5000000000
13582  -36.133  -65.072  -13.478 0.5000000000
12864  -37.564  -65.741  -13.770 0.5000000000
10845  -41.158  -69.364  -17.091 0.5000000000
15912  -34.063  -62.734  -11.929 0.5000000000
15098  -35.575  -63.005  -12.055 0.5000000000
14307  -35.966  -64.355  -12.988 0.5000000000
11544  -40.406  -68.868  -16.324 0.5000000000
14293  -34.881  -63.661  -12.659 0.5000000000
114480  -34.504  -63.171  -12.323 0.5000000000
117343  -35.065  -64.258  -13.093 0.5000000000
15112  -33.903  -63.863  -13.150 0.4000000060
13581  -35.154  -64.976  -13.546 0.4000000060
10877  -38.946  -70.355  -18.099 0.5000000000
10156  -39.287  -70.728  -18.707 0.5000000000
115574  -38.148  -70.281  -17.809 0.5000000000
10876  -37.392  -70.212  -17.952 0.5000000000
10874  -35.646  -69.550  -18.351 0.5000000000
10875  -36.509  -69.946  -18.187 0.5000000000
11569  -33.985  -68.402  -18.629 0.4000000060
12255  -33.715  -67.201  -19.296 0.4000000060
10084  -44.228  -70.005  -13.536 0.1000000015
10847  -43.875  -69.752  -16.649 0.5000000000
14295  -36.678  -63.823  -12.294 0.5000000000
13583  -37.113  -65.161  -13.385 0.5000000000
10826  -41.638  -68.978  -16.191 0.5000000000
15896  -34.484  -62.625  -11.247 0.5000000000
15088  -35.063  -62.771  -11.645 0.5000000000
15879  -33.647  -62.448  -10.697 0.5000000000
16619  -32.882  -61.077  -9.413 0.5000000000
16626  -32.889  -61.747  -10.166 0.5000000000
15895  -33.475  -62.453  -11.473 0.5000000000
16645  -32.838  -61.968  -11.063 0.3000000119
15911  -33.045  -62.627  -12.277 0.5000000000
15097  -33.438  -63.170  -12.723 0.4000000060
14306  -34.192  -64.662  -13.615 0.4000000060
15894  -32.582  -62.141  -11.891 0.3000000119
12889  -35.711  -66.439  -14.370 0.6999999881
12190  -36.126  -67.098  -14.820 0.5000000000
16625  -32.645  -60.914  -10.162 0.3000000119
112286  -32.524  -61.188  -10.846 0.3000000119
13601  -34.351  -65.550  -14.073 0.5000000000
12903  -35.066  -67.075  -14.905 0.6000000238
12211  -36.546  -67.808  -15.235 0.6000000238
11521  -38.822  -68.398  -15.655 0.6000000238
10844  -39.966  -69.385  -17.087 0.5000000000
10878  -39.912  -70.352  -18.482 0.3000000119
16644  -32.314  -61.416  -11.638 0.3000000119
15096  -32.568  -62.831  -13.113 0.3000000119
13600  -33.476  -65.026  -14.494 0.4000000060
11540  -36.608  -69.103  -16.246 0.6000000238
10862  -38.573  -70.036  -17.312 0.5000000000
15921  -32.039  -62.237  -13.353 0.4000000060
114887  -32.188  -62.904  -13.952 0.4000000060
12887  -33.770  -65.950  -14.834 0.5000000000
12209  -34.495  -67.470  -15.752 0.5000000000
11539  -35.669  -68.897  -16.546 0.5000000000
11557  -37.162  -69.510  -16.813 0.5000000000
10861  -37.669  -69.963  -17.276 0.5000000000
16676  -31.927  -61.425  -13.600 0.4000000060
15120  -32.458  -63.581  -14.592 0.4000000060
119966  -32.675  -64.176  -15.249 0.5000000000
12911  -33.758  -66.838  -15.970 0.5000000000
119887  -34.437  -67.860  -16.510 0.4000000060
11556  -36.288  -69.395  -17.056 0.5000000000
10860  -36.125  -69.598  -17.732 0.5000000000
15930  -32.150  -62.737  -14.883 0.4000000060
13617  -32.823  -64.818  -15.805 0.5000000000
12224  -33.839  -67.256  -16.599 0.5000000000
110245  -34.041  -67.843  -17.222 0.4000000060
11554  -34.305  -68.545  -17.777 0.4000000060
11555  -35.318  -69.190  -17.519 0.5000000000
122832  -32.989  -64.768  -16.821 0.5000000000
12918  -33.246  -66.105  -17.479 0.4000000060
12235  -33.695  -67.839  -18.046 0.4000000060
129701  -33.697  -67.743  -18.769 0.4000000060
13633  -33.220  -65.392  -17.447 0.3000000119
13645  -33.464  -65.572  -18.238 0.3000000119
13646  -33.898  -65.387  -19.015 0.3000000119
110917  -43.797  -70.038  -12.531 0.1000000015
10083  -43.903  -70.273  -13.037 0.1000000015
10793  -44.007  -69.604  -12.867 0.1000000015
10075  -44.167  -69.939  -13.034 0.1000000015
119716  -43.776  -68.746  -13.526 0.4000000060
11526  -44.158  -69.429  -14.755 0.4000000060
10829  -44.433  -70.033  -15.333 0.4000000060
10828  -44.101  -69.584  -15.705 0.5000000000
11525  -43.523  -68.864  -15.108 0.4000000060
11524  -42.188  -68.615  -15.321 0.5000000000
10827  -43.008  -69.206  -15.988 0.5000000000
15099  -36.456  -63.145  -11.832 0.5000000000
117875  -37.338  -64.062  -12.182 0.5000000000
14309  -37.707  -64.509  -12.506 0.5000000000
13584  -38.135  -65.097  -12.950 0.4000000060
11504  -41.480  -68.004  -14.647 0.5000000000
15881  -35.261  -62.659  -11.157 0.5000000000
15089  -35.963  -62.797  -11.355 0.5000000000
110336  -33.093  -61.890  -9.317 0.5000000000
12214  -39.299  -67.783  -15.032 0.6000000238
17426  -32.828  -60.423  -8.761 0.4000000060
18228  -32.820  -59.673  -8.288 0.2000000030
19000  -33.034  -58.767  -8.076 0.2000000030
17440  -32.500  -60.232  -9.698 0.3000000119
116092  -32.198  -60.734  -11.413 0.3000000119
110122  -32.016  -60.741  -12.171 0.4000000060
18227  -32.573  -59.007  -8.881 0.3000000119
19039  -32.231  -58.912  -10.381 0.3000000119
18999  -32.776  -58.174  -8.837 0.3000000119
19049  -32.231  -58.572  -11.144 0.4000000060
17474  -31.948  -59.904  -12.713 0.4000000060
18279  -32.034  -59.064  -11.962 0.3000000119
129312  -32.299  -62.311  -15.368 0.4000000060
108908  -32.175  -59.100  -12.786 0.3000000119
118716  -32.343  -60.026  -14.452 0.3000000119
16709  -32.628  -62.023  -15.821 0.3000000119
15134  -32.677  -64.062  -16.038 0.4000000060
16710  -33.419  -61.653  -16.356 0.3000000119
15135  -33.115  -63.577  -16.803 0.3000000119
14353  -33.425  -64.739  -17.814 0.4000000060
17527  -33.815  -60.815  -16.180 0.2000000030
15940  -33.908  -62.050  -16.991 0.2000000030
15149  -33.845  -63.284  -17.566 0.3000000119
14372  -33.927  -64.689  -18.636 0.3000000119
17529  -35.531  -60.549  -16.130 0.1000000015
16727  -34.878  -61.737  -17.275 0.2000000030
14354  -34.026  -63.851  -18.212 0.4000000060
17496  -37.988  -60.296  -14.844 0.1000000015
11479  -43.749  -69.126  -12.720 0.1000000015
11487  -44.003  -69.136  -13.204 0.1000000015
11486  -43.415  -68.529  -12.937 0.2000000030
12196  -42.995  -68.194  -13.513 0.5000000000
11506  -43.733  -68.726  -14.209 0.4000000060
11505  -42.718  -68.290  -14.424 0.4000000060
15100  -37.104  -63.725  -11.767 0.5000000000
13571  -38.392  -64.716  -12.155 0.4000000060
13585  -38.928  -65.254  -12.437 0.4000000060
12866  -39.584  -65.848  -12.802 0.4000000060
12194  -40.920  -67.283  -13.997 0.5000000000
15880  -34.670  -62.671  -10.779 0.5000000000
15090  -36.706  -63.146  -11.315 0.4000000060
11503  -40.332  -67.836  -14.856 0.4000000060
16613  -33.115  -61.342  -8.393 0.4000000060
112989  -33.382  -62.226  -8.597 0.4000000060
118198  -33.375  -62.286  -9.970 0.5000000000
16599  -33.389  -61.230  -7.298 0.4000000060
17412  -33.087  -60.451  -7.804 0.4000000060
17398  -33.551  -60.388  -6.912 0.3000000119
18221  -33.316  -59.540  -7.420 0.3000000119
127048  -33.803  -58.905  -7.051 0.2000000030
109175  -33.210  -57.921  -8.266 0.2000000030
18987  -34.575  -57.884  -6.434 0.1000000015
19786  -34.116  -57.493  -7.163 0.3000000119
19772  -34.671  -56.946  -6.687 0.1000000015
19785  -33.670  -57.195  -8.048 0.3000000119
122037  -32.605  -57.646  -10.174 0.3000000119
20587  -34.323  -56.596  -7.525 0.2000000030
20593  -33.602  -56.751  -8.754 0.2000000030
19825  -33.092  -57.062  -10.582 0.2000000030
19082  -32.623  -58.618  -13.253 0.2000000030
18315  -32.692  -59.424  -14.417 0.2000000030
19841  -34.147  -56.968  -11.664 0.2000000030
19083  -33.440  -58.317  -13.530 0.2000000030
18334  -32.859  -59.764  -15.060 0.2000000030
19856  -33.597  -57.453  -12.253 0.2000000030
19084  -34.421  -58.289  -13.666 0.1000000015
17508  -34.185  -60.073  -15.897 0.2000000030
16711  -34.348  -61.287  -16.697 0.2000000030
19065  -35.944  -57.960  -13.110 0.1000000015
115568  -34.977  -59.258  -14.793 0.1000000015
110610  -35.980  -60.231  -15.676 0.1000000015
17530  -36.251  -60.804  -16.078 0.1000000015
18301  -36.336  -58.924  -13.950 0.1000000015
18319  -36.558  -59.531  -14.574 0.1000000015
18302  -37.116  -59.107  -14.041 0.1000000015
17495  -37.137  -60.134  -14.974 0.1000000015
19108  -37.991  -59.061  -14.151 0.1000000015
125204  -39.602  -58.471  -14.439 0.1000000015
12155  -42.573  -68.209  -12.668 0.3000000119
12170  -42.661  -67.995  -12.974 0.3000000119
12145  -40.146  -67.337  -11.839 0.3000000119
12840  -40.410  -66.764  -12.032 0.3000000119
12868  -41.492  -67.193  -12.954 0.3000000119
12169  -42.073  -67.598  -13.140 0.3000000119
12195  -41.950  -67.699  -13.762 0.4000000060
12838  -39.054  -65.691  -11.568 0.3000000119
12848  -39.961  -66.106  -12.009 0.3000000119
12168  -41.315  -67.080  -13.230 0.5000000000
13556  -37.153  -64.277  -11.264 0.4000000060
14287  -38.324  -64.757  -11.859 0.5000000000
13573  -39.489  -65.532  -12.059 0.4000000060
12167  -40.366  -66.556  -13.256 0.5000000000
15049  -33.709  -62.872  -8.011 0.4000000060
15069  -33.997  -63.082  -9.426 0.4000000060
15081  -35.509  -62.774  -10.851 0.5000000000
15082  -36.251  -62.918  -10.866 0.5000000000
16578  -34.285  -61.704  -5.999 0.4000000060
15830  -33.732  -61.953  -6.707 0.4000000060
121145  -33.430  -62.096  -7.630 0.4000000060
15068  -33.709  -62.789  -8.813 0.5000000000
125544  -34.497  -60.970  -5.994 0.4000000060
16577  -33.880  -61.091  -6.494 0.4000000060
16579  -35.178  -61.396  -5.660 0.4000000060
16580  -36.145  -61.443  -5.611 0.3000000119
17399  -34.226  -60.368  -6.212 0.3000000119
18216  -35.699  -59.887  -5.624 0.3000000119
18215  -34.743  -59.743  -5.964 0.3000000119
128212  -36.335  -59.736  -5.573 0.3000000119
123756  -35.223  -59.227  -5.820 0.2000000030
126604  -36.128  -57.976  -5.549 0.1000000015
19773  -35.247  -57.411  -6.017 0.1000000015
20570  -35.328  -56.476  -6.325 0.1000000015
20569  -34.920  -56.067  -7.043 0.1000000015
20606  -33.937  -56.314  -9.219 0.2000000030
21411  -35.608  -55.712  -6.636 0.1000000015
21436  -35.405  -55.381  -7.474 0.1000000015
124216  -34.322  -56.083  -9.710 0.2000000030
21453  -35.339  -55.200  -8.419 0.2000000030
20629  -34.426  -56.274  -10.328 0.2000000030
19842  -35.144  -57.159  -11.681 0.1000000015
20653  -35.664  -56.821  -11.063 0.1000000015
19858  -35.546  -57.570  -12.401 0.1000000015
19843  -36.062  -57.288  -11.736 0.1000000015
126870  -36.809  -58.631  -13.669 0.1000000015
19860  -37.223  -57.404  -12.747 0.1000000015
19875  -37.681  -57.796  -13.385 0.1000000015
127477  -39.152  -57.253  -13.716 0.1000000015
19089  -39.193  -57.968  -14.151 0.1000000015
20679  -40.429  -56.574  -13.834 0.1000000015
19899  -41.285  -57.077  -14.541 0.1000000015
20696  -42.087  -56.842  -14.744 0.1000000015
21589  -43.486  -56.884  -16.816 0.1000000015
11469  -39.482  -68.332  -11.748 0.3000000119
11470  -40.506  -68.458  -11.828 0.2000000030
119450  -38.971  -66.400  -11.485 0.3000000119
12837  -37.572  -65.188  -11.173 0.4000000060
125210  -37.132  -66.231  -11.301 0.3000000119
15058  -33.979  -63.522  -8.552 0.3000000119
14278  -35.962  -63.634  -10.507 0.4000000060
13564  -36.788  -64.910  -10.882 0.3000000119
15831  -34.292  -62.576  -6.223 0.3000000119
15852  -33.889  -62.818  -7.061 0.3000000119
14277  -35.148  -63.850  -9.937 0.4000000060
13555  -36.377  -64.314  -10.707 0.4000000060
13563  -35.867  -65.338  -10.720 0.3000000119
15833  -36.639  -62.896  -5.703 0.3000000119
109688  -34.781  -62.272  -5.707 0.3000000119
15816  -35.677  -62.380  -5.571 0.3000000119
15834  -37.611  -62.415  -5.956 0.3000000119
116641  -36.816  -61.922  -5.656 0.3000000119
16581  -37.749  -61.578  -5.883 0.3000000119
17400  -35.962  -60.693  -5.648 0.3000000119
17383  -36.576  -60.201  -5.606 0.3000000119
18195  -36.945  -59.646  -5.581 0.2000000030
18966  -36.892  -58.767  -5.468 0.1000000015
18968  -38.245  -58.531  -5.420 0.1000000015
122982  -39.483  -57.829  -5.424 0.1000000015
19747  -36.784  -57.166  -5.551 0.1000000015
108315  -38.234  -56.650  -5.502 0.1000000015
20550  -36.536  -56.244  -5.775 0.1000000015
21395  -37.117  -55.607  -5.876 0.1000000015
22333  -36.598  -54.739  -7.359 0.1000000015
21473  -35.448  -55.291  -9.269 0.2000000030
21454  -36.073  -54.890  -8.722 0.2000000030
21474  -36.231  -55.237  -9.450 0.2000000030
20631  -36.135  -56.329  -10.527 0.1000000015
21475  -37.650  -55.393  -9.353 0.1000000015
20632  -37.014  -56.434  -10.570 0.1000000015
19844  -36.884  -57.158  -11.928 0.1000000015
20633  -37.922  -56.354  -10.615 0.1000000015
20656  -38.162  -56.415  -11.629 0.1000000015
20668  -38.416  -56.479  -12.522 0.1000000015
21519  -38.891  -55.909  -12.027 0.1000000015
20669  -39.191  -56.166  -12.851 0.1000000015
21546  -39.879  -56.029  -13.193 0.1000000015
20680  -41.391  -56.091  -13.813 0.1000000015
21548  -41.965  -55.364  -13.370 0.1000000015
21563  -42.216  -55.982  -14.166 0.1000000015
21549  -42.877  -55.432  -14.023 0.1000000015
21564  -42.753  -56.560  -15.075 0.1000000015
112666  -43.391  -56.205  -15.347 0.1000000015
21590  -44.193  -56.694  -17.003 0.1000000015
21606  -44.130  -57.616  -18.472 0.1000000015
10784  -39.881  -69.240  -11.456 0.2000000030
10782  -37.805  -69.078  -11.477 0.2000000030
12143  -38.262  -67.222  -11.584 0.3000000119
10781  -36.810  -68.963  -11.459 0.2000000030
11467  -37.467  -68.167  -11.636 0.3000000119
12142  -37.229  -67.144  -11.566 0.3000000119
14273  -34.435  -63.998  -9.262 0.3000000119
12836  -36.487  -65.806  -11.093 0.3000000119
15034  -34.515  -63.469  -6.663 0.3000000119
15050  -34.155  -63.847  -7.655 0.3000000119
13554  -35.372  -64.802  -10.195 0.3000000119
15022  -35.784  -63.466  -5.796 0.3000000119
117824  -34.671  -64.867  -9.633 0.3000000119
114494  -34.465  -65.712  -10.121 0.3000000119
12826  -34.864  -65.935  -10.650 0.2000000030
12835  -35.363  -66.330  -11.129 0.2000000030
15036  -37.555  -63.484  -5.954 0.2000000030
109198  -38.432  -62.829  -6.220 0.3000000119
127790  -38.317  -62.071  -6.149 0.3000000119
16582  -38.684  -61.458  -6.019 0.3000000119
17402  -37.947  -60.851  -5.753 0.3000000119
17403  -38.645  -60.739  -5.803 0.2000000030
18196  -37.717  -59.298  -5.527 0.1000000015
17386  -39.086  -60.217  -5.705 0.2000000030
18198  -39.648  -59.435  -5.577 0.1000000015
130259  -39.795  -58.549  -5.460 0.1000000015
125185  -41.481  -57.329  -5.453 0.1000000015
18972  -42.753  -58.135  -5.415 0.1000000015
19755  -44.917  -57.284  -5.356 0.1000000015
19751  -40.802  -57.275  -5.442 0.1000000015
19752  -42.031  -56.863  -5.483 0.1000000015
20555  -42.685  -56.298  -5.567 0.1000000015
21403  -45.143  -55.874  -5.950 0.1000000015
113476  -46.966  -56.568  -6.089 0.1000000015
18995  -48.728  -57.963  -7.489 0.1000000015
111675  -38.800  -56.032  -5.478 0.1000000015
108343  -40.224  -55.604  -5.584 0.1000000015
21416  -43.019  -54.998  -6.285 0.1000000015
118576  -44.727  -55.241  -6.430 0.1000000015
21440  -47.242  -56.007  -7.393 0.1000000015
20600  -48.300  -57.170  -8.113 0.1000000015
21413  -37.767  -55.068  -6.055 0.1000000015
22308  -39.146  -54.904  -5.960 0.1000000015
108887  -37.682  -54.656  -6.695 0.1000000015
22356  -38.401  -54.665  -8.207 0.2000000030
124899  -38.196  -55.124  -8.900 0.1000000015
21476  -38.430  -55.641  -9.427 0.1000000015
126353  -39.167  -56.065  -10.664 0.1000000015
21547  -40.567  -55.662  -13.154 0.1000000015
21539  -41.648  -54.950  -12.559 0.1000000015
117273  -41.262  -55.332  -13.070 0.1000000015
22429  -43.787  -55.332  -14.419 0.1000000015
21565  -44.055  -55.904  -15.658 0.1000000015
11458  -33.248  -68.513  -10.116 0.2000000030
11465  -35.361  -67.964  -11.506 0.2000000030
12134  -33.356  -67.884  -10.282 0.2000000030
11459  -33.877  -68.424  -10.786 0.2000000030
11466  -36.419  -68.041  -11.610 0.3000000119
12141  -36.067  -66.976  -11.502 0.3000000119
14240  -34.852  -64.664  -7.303 0.3000000119
123157  -34.531  -65.028  -8.010 0.3000000119
13541  -34.336  -65.200  -9.185 0.3000000119
123503  -36.134  -64.548  -6.106 0.3000000119
13532  -34.568  -65.925  -8.608 0.3000000119
14244  -38.666  -64.782  -6.298 0.2000000030
112569  -37.047  -64.557  -5.918 0.3000000119
12834  -34.560  -66.681  -11.017 0.2000000030
15037  -38.558  -63.766  -6.289 0.2000000030
124459  -39.290  -64.080  -6.478 0.2000000030
15835  -39.065  -62.286  -6.268 0.3000000119
109475  -39.387  -63.218  -6.463 0.3000000119
17404  -39.380  -60.990  -5.928 0.2000000030
15836  -39.898  -62.537  -6.443 0.3000000119
16584  -40.408  -62.100  -6.269 0.2000000030
17405  -40.198  -61.318  -6.000 0.2000000030
120302  -40.746  -60.943  -5.805 0.2000000030
18200  -41.994  -59.611  -5.554 0.1000000015
22320  -41.849  -54.459  -6.856 0.1000000015
22321  -43.507  -54.599  -6.877 0.1000000015
22342  -45.182  -55.034  -7.713 0.1000000015
21462  -45.991  -55.462  -8.071 0.1000000015
22318  -40.247  -54.544  -6.657 0.1000000015
22338  -41.287  -54.567  -7.594 0.1000000015
22339  -42.191  -54.632  -7.773 0.1000000015
20597  -45.395  -56.150  -8.780 0.1000000015
22336  -39.777  -54.509  -7.422 0.1000000015
22337  -40.531  -54.521  -7.465 0.1000000015
22359  -41.270  -55.243  -8.447 0.1000000015
22360  -41.993  -55.631  -8.562 0.1000000015
20595  -43.141  -56.789  -9.008 0.1000000015
22357  -39.366  -54.777  -8.247 0.1000000015
21457  -39.936  -55.250  -8.629 0.1000000015
20607  -41.042  -57.315  -9.671 0.1000000015
117742  -40.446  -56.713  -9.753 0.1000000015
121740  -39.408  -55.415  -8.930 0.1000000015
21477  -39.083  -55.778  -9.506 0.1000000015
21498  -39.874  -56.402  -10.004 0.1000000015
21521  -40.318  -55.971  -10.621 0.1000000015
21520  -39.663  -55.962  -10.663 0.1000000015
119514  -39.402  -55.749  -11.405 0.1000000015
110975  -40.190  -55.464  -11.469 0.1000000015
21538  -40.851  -55.096  -12.320 0.1000000015
11454  -32.352  -68.196  -8.461 0.3000000119
12130  -32.998  -67.457  -8.952 0.3000000119
12132  -33.096  -67.641  -9.628 0.3000000119
12824  -33.670  -67.237  -10.166 0.2000000030
12135  -34.037  -67.396  -10.905 0.2000000030
12140  -34.898  -67.217  -11.328 0.2000000030
12818  -33.496  -67.235  -9.545 0.3000000119
14241  -35.689  -65.598  -6.996 0.3000000119
13515  -35.376  -66.440  -7.415 0.3000000119
123564  -34.307  -66.656  -8.564 0.3000000119
12819  -33.967  -66.503  -9.866 0.3000000119
12825  -34.201  -66.583  -10.538 0.2000000030
13518  -38.219  -65.707  -6.018 0.2000000030
14242  -36.592  -65.589  -6.309 0.3000000119
13516  -36.023  -66.214  -6.712 0.3000000119
13519  -39.198  -65.512  -6.122 0.2000000030
13520  -40.186  -65.439  -6.240 0.2000000030
14246  -40.599  -64.660  -6.533 0.2000000030
15038  -40.054  -63.956  -6.619 0.2000000030
15039  -40.953  -63.907  -6.673 0.3000000119
15838  -41.175  -62.605  -6.370 0.2000000030
16585  -41.051  -61.665  -5.976 0.2000000030
20635  -41.438  -57.606  -9.956 0.1000000015
21522  -41.190  -55.881  -10.829 0.1000000015
126414  -41.150  -55.101  -11.514 0.1000000015
11450  -32.130  -68.011  -6.907 0.1000000015
12114  -31.987  -67.064  -6.076 0.2000000030
12124  -32.287  -67.438  -6.997 0.3000000119
12812  -32.652  -67.073  -7.392 0.3000000119
12802  -33.193  -66.612  -7.221 0.3000000119
12127  -33.135  -67.190  -8.132 0.3000000119
13533  -34.813  -66.597  -8.030 0.3000000119
12814  -35.068  -66.610  -7.551 0.3000000119
13517  -37.133  -66.047  -6.176 0.3000000119
12805  -36.387  -66.268  -6.289 0.3000000119
12804  -35.644  -66.452  -6.943 0.3000000119
12791  -38.315  -66.834  -5.368 0.2000000030
12808  -39.709  -66.198  -5.763 0.2000000030
12809  -40.700  -66.157  -5.837 0.1000000015
128800  -41.343  -64.628  -6.557 0.2000000030
12794  -41.204  -66.898  -5.499 0.1000000015
13521  -41.235  -65.396  -6.314 0.2000000030
119797  -41.772  -64.252  -6.559 0.2000000030
14247  -41.987  -65.046  -6.530 0.2000000030
14248  -42.530  -64.646  -6.434 0.3000000119
13513  -32.852  -66.124  -6.148 0.3000000119
12803  -34.443  -66.601  -7.257 0.3000000119
12788  -35.308  -66.527  -6.815 0.3000000119
12782  -37.758  -66.913  -5.143 0.3000000119
12117  -39.743  -67.883  -4.995 0.1000000015
12119  -41.705  -67.787  -5.196 0.1000000015
12795  -42.191  -66.723  -5.684 0.1000000015
124499  -42.712  -66.175  -6.101 0.1000000015
13488  -34.333  -65.441  -5.049 0.3000000119
13501  -34.484  -66.124  -6.245 0.3000000119
13489  -35.489  -66.115  -5.513 0.3000000119
12781  -37.309  -67.011  -4.630 0.3000000119
12789  -36.029  -66.444  -6.235 0.3000000119
12104  -38.606  -68.414  -4.281 0.2000000030
12103  -37.936  -67.876  -4.283 0.2000000030
11434  -39.431  -70.625  -3.028 0.1000000015
12105  -39.334  -69.049  -4.257 0.1000000015
111652  -39.909  -70.744  -2.685 0.1000000015
122054  -39.910  -70.042  -3.862 0.1000000015
12107  -41.104  -68.910  -4.736 0.1000000015
10707  -40.810  -70.926  -3.572 0.1000000015
11436  -41.371  -70.118  -4.266 0.1000000015
11445  -42.159  -68.879  -4.769 0.1000000015
127459  -42.990  -68.442  -4.888 0.1000000015
13475  -34.947  -65.649  -4.008 0.2000000030
117212  -35.927  -66.394  -3.913 0.2000000030
12102  -37.280  -67.832  -3.775 0.2000000030
12770  -36.680  -67.187  -3.789 0.2000000030
11419  -37.997  -70.283  -2.814 0.1000000015
128558  -38.197  -69.088  -3.656 0.2000000030
11420  -38.591  -70.781  -2.349 0.1000000015
10685  -40.232  -71.002  -3.153 0.1000000015
10686  -40.865  -71.267  -2.958 0.1000000015
10708  -41.539  -70.831  -3.530 0.1000000015
10688  -42.624  -70.617  -3.052 0.1000000015
125464  -43.639  -69.596  -3.658 0.1000000015
119460  -40.359  -69.551  -2.484 0.1000000015
11421  -40.716  -70.671  -2.621 0.1000000015
11422  -41.717  -70.108  -2.551 0.1000000015
11403  -42.757  -69.870  -2.682 0.1000000015
12773  -40.760  -67.849  -2.885 0.1000000015
12774  -41.611  -67.541  -2.978 0.1000000015
12191  -37.093  -67.115  -14.763 0.4000000060
13603  -36.333  -65.748  -13.951 0.5000000000
130486  -36.939  -65.739  -13.914 0.4000000060
13602  -35.366  -65.763  -13.926 0.5000000000
12863  -36.778  -66.334  -14.302 0.6000000238
115663  -38.866  -67.170  -14.529 0.5000000000
12865  -38.608  -65.827  -13.481 0.4000000060
126600  -38.507  -66.605  -14.178 0.4000000060
12192  -37.982  -67.188  -14.673 0.6000000238
10864  -40.707  -69.866  -18.070 0.3000000119
10157  -40.178  -70.947  -18.910 0.5000000000
11522  -39.795  -68.382  -15.612 0.5000000000
10139  -42.880  -70.540  -18.210 0.5000000000
11543  -39.348  -68.887  -16.321 0.5000000000
129961  -33.394  -64.337  -13.895 0.4000000060
10863  -39.509  -69.928  -17.679 0.4000000060
11570  -34.714  -69.088  -18.442 0.4000000060
11579  -35.091  -69.419  -19.128 0.4000000060
12938  -33.638  -66.266  -19.016 0.3000000119
12245  -33.514  -67.097  -18.470 0.4000000060
11507  -44.134  -69.278  -13.896 0.2000000030
12890  -37.754  -66.449  -14.252 0.4000000060
12888  -34.671  -66.337  -14.486 0.4000000060
17445  -32.265  -60.321  -10.726 0.3000000119
16662  -32.036  -61.618  -12.588 0.4000000060
15111  -32.841  -63.652  -13.668 0.4000000060
12210  -35.549  -67.757  -15.370 0.6000000238
11519  -37.018  -68.510  -15.640 0.6000000238
11520  -37.929  -68.462  -15.637 0.6000000238
12212  -37.472  -67.812  -15.178 0.6000000238
12213  -38.367  -67.799  -15.137 0.6000000238
11542  -38.429  -68.969  -16.230 0.5000000000
10843  -38.981  -69.500  -16.837 0.5000000000
14305  -32.900  -64.286  -14.504 0.4000000060
12902  -34.124  -66.714  -15.217 0.5000000000
11518  -36.075  -68.426  -15.806 0.6000000238
10842  -38.063  -69.530  -16.708 0.5000000000
11541  -37.539  -69.099  -16.154 0.5000000000
123831  -31.914  -60.817  -12.955 0.4000000060
13618  -33.132  -65.436  -15.342 0.5000000000
12225  -35.124  -68.216  -16.093 0.5000000000
111730  -36.841  -69.801  -17.487 0.5000000000
15920  -31.900  -62.156  -14.161 0.4000000060
17489  -32.026  -60.412  -13.643 0.3000000119
15128  -32.472  -63.463  -15.409 0.5000000000
12901  -33.437  -66.192  -15.689 0.5000000000
13628  -33.037  -65.576  -16.209 0.5000000000
11538  -34.770  -68.473  -16.906 0.4000000060
12910  -33.354  -66.386  -16.630 0.4000000060
12234  -33.514  -67.019  -17.502 0.4000000060
129088  -33.095  -65.671  -16.923 0.4000000060
12928  -33.393  -66.416  -18.154 0.4000000060
14296  -37.783  -64.278  -11.978 0.5000000000
11523  -40.910  -68.446  -15.498 0.5000000000
15867  -33.539  -62.475  -9.423 0.5000000000
12193  -39.847  -67.148  -14.263 0.5000000000
116313  -33.595  -58.193  -7.559 0.2000000030
18241  -32.364  -59.327  -9.642 0.3000000119
17458  -31.992  -59.998  -11.690 0.4000000060
19013  -32.429  -58.396  -9.674 0.3000000119
19790  -32.730  -57.697  -9.447 0.3000000119
19839  -32.568  -57.750  -11.111 0.3000000119
19855  -32.777  -57.768  -12.006 0.3000000119
18300  -32.292  -59.441  -13.651 0.3000000119
16684  -32.179  -61.683  -15.008 0.3000000119
17494  -32.185  -60.951  -14.337 0.3000000119
115291  -32.685  -63.328  -16.073 0.3000000119
17506  -32.583  -60.611  -15.090 0.3000000119
16692  -32.957  -61.169  -15.717 0.3000000119
15939  -33.078  -62.610  -16.431 0.3000000119
17507  -33.280  -60.266  -15.656 0.2000000030
15951  -33.660  -62.810  -17.082 0.3000000119
116333  -33.411  -64.051  -17.459 0.4000000060
15952  -34.374  -62.499  -17.543 0.3000000119
15150  -34.701  -63.009  -18.141 0.2000000030
17509  -35.133  -60.059  -15.819 0.2000000030
16712  -35.470  -61.114  -16.650 0.2000000030
17511  -37.544  -60.728  -15.331 0.1000000015
14286  -37.513  -64.242  -11.725 0.4000000060
14285  -37.001  -63.715  -11.447 0.4000000060
13572  -38.879  -65.056  -11.979 0.5000000000
109712  -40.130  -66.221  -12.397 0.4000000060
12891  -39.327  -66.473  -13.764 0.5000000000
15868  -33.948  -62.703  -10.160 0.5000000000
18214  -33.966  -59.634  -6.602 0.3000000119
119624  -34.499  -58.876  -6.359 0.2000000030
18988  -35.243  -58.427  -5.883 0.1000000015
20605  -33.430  -56.758  -9.319 0.2000000030
21435  -34.706  -55.768  -7.963 0.2000000030
19840  -33.284  -57.193  -11.461 0.2000000030
20651  -33.843  -56.660  -10.898 0.2000000030
19062  -33.075  -57.974  -12.800 0.2000000030
19106  -33.789  -58.696  -14.226 0.2000000030
20652  -34.718  -56.658  -11.017 0.2000000030
19063  -33.995  -57.798  -13.003 0.1000000015
18335  -33.684  -59.616  -15.329 0.2000000030
19857  -34.575  -57.450  -12.354 0.1000000015
19064  -35.011  -57.894  -13.058 0.1000000015
19107  -34.758  -58.809  -14.282 0.1000000015
18317  -34.177  -59.167  -14.807 0.2000000030
18336  -34.627  -59.590  -15.349 0.2000000030
19085  -35.509  -58.496  -13.706 0.1000000015
19859  -36.428  -57.572  -12.542 0.1000000015
18318  -35.647  -59.140  -14.370 0.1000000015
18337  -35.642  -59.657  -15.133 0.1000000015
19874  -36.827  -58.044  -13.245 0.1000000015
17510  -36.437  -59.979  -15.197 0.1000000015
117973  -36.749  -60.512  -15.505 0.1000000015
19087  -37.440  -58.525  -13.707 0.1000000015
19088  -38.289  -58.316  -13.879 0.1000000015
19877  -39.831  -57.314  -14.091 0.1000000015
121551  -41.816  -68.268  -12.279 0.3000000119
12147  -41.661  -67.805  -12.511 0.3000000119
12144  -39.215  -67.280  -11.650 0.3000000119
12839  -39.684  -66.305  -11.734 0.3000000119
12146  -40.872  -67.841  -12.122 0.3000000119
12841  -40.924  -67.167  -12.299 0.3000000119
12867  -40.857  -66.756  -12.689 0.3000000119
13567  -39.464  -65.681  -11.835 0.3000000119
13566  -38.991  -65.267  -11.820 0.3000000119
120159  -38.212  -66.044  -11.333 0.3000000119
113734  -38.440  -65.187  -11.530 0.3000000119
14279  -36.736  -63.439  -10.981 0.4000000060
13565  -37.864  -64.700  -11.538 0.4000000060
15080  -34.719  -63.103  -10.136 0.4000000060
121212  -35.551  -63.135  -10.475 0.4000000060
109038  -35.033  -60.478  -5.755 0.3000000119
17401  -36.973  -60.968  -5.668 0.3000000119
18194  -36.057  -59.130  -5.607 0.2000000030
19748  -37.787  -57.525  -5.411 0.1000000015
20549  -35.943  -56.862  -5.792 0.1000000015
21412  -36.321  -55.546  -6.250 0.1000000015
21492  -34.927  -55.762  -9.832 0.2000000030
121658  -36.931  -54.918  -6.567 0.1000000015
22332  -36.018  -54.865  -7.873 0.2000000030
21493  -35.727  -55.677  -9.962 0.1000000015
20630  -35.238  -56.207  -10.462 0.1000000015
20654  -36.546  -56.879  -11.146 0.1000000015
20655  -37.364  -56.731  -11.318 0.1000000015
20667  -37.642  -56.829  -12.217 0.1000000015
19861  -37.982  -57.067  -13.018 0.1000000015
19876  -38.489  -57.518  -13.573 0.1000000015
20678  -39.526  -56.655  -13.505 0.1000000015
11468  -38.474  -68.261  -11.675 0.2000000030
10785  -41.019  -69.315  -11.448 0.2000000030
15832  -34.933  -63.064  -5.862 0.3000000119
127364  -37.550  -59.880  -5.611 0.1000000015
129127  -38.443  -57.221  -5.468 0.1000000015
18969  -39.087  -58.601  -5.485 0.1000000015
109474  -40.288  -57.976  -5.406 0.1000000015
19750  -39.973  -57.121  -5.427 0.1000000015
108654  -37.963  -55.803  -5.618 0.1000000015
20552  -39.657  -56.251  -5.447 0.1000000015
21396  -38.582  -55.289  -5.763 0.1000000015
22355  -36.829  -54.663  -8.129 0.1000000015
21494  -36.571  -55.804  -10.038 0.1000000015
21495  -37.370  -55.945  -9.989 0.1000000015
122151  -38.038  -55.980  -9.886 0.1000000015
10783  -38.815  -69.174  -11.490 0.2000000030
10773  -37.238  -69.739  -11.060 0.2000000030
123300  -35.310  -64.075  -6.439 0.3000000119
14264  -34.268  -64.596  -8.494 0.3000000119
15035  -36.581  -63.788  -5.768 0.3000000119
123559  -37.923  -64.359  -6.108 0.3000000119
18197  -38.653  -59.414  -5.566 0.1000000015
17387  -40.081  -60.423  -5.754 0.2000000030
18970  -40.443  -58.840  -5.489 0.1000000015
109473  -41.191  -58.143  -5.429 0.1000000015
109472  -42.039  -57.724  -5.444 0.1000000015
19753  -42.773  -57.216  -5.460 0.1000000015
19754  -43.528  -57.650  -5.414 0.1000000015
20558  -45.482  -56.629  -5.629 0.1000000015
20557  -44.605  -56.545  -5.596 0.1000000015
111786  -41.082  -55.785  -5.564 0.1000000015
20554  -41.881  -56.032  -5.561 0.1000000015
20556  -43.621  -56.613  -5.548 0.1000000015
21401  -43.326  -55.674  -5.829 0.1000000015
20572  -46.127  -56.032  -6.119 0.1000000015
21419  -46.226  -55.572  -6.788 0.1000000015
20573  -47.601  -56.681  -6.774 0.1000000015
19774  -48.327  -57.800  -6.565 0.1000000015
20589  -48.168  -57.171  -7.281 0.1000000015
22309  -39.875  -54.904  -5.973 0.1000000015
21399  -41.672  -55.301  -5.833 0.1000000015
21398  -40.816  -54.928  -5.977 0.1000000015
21417  -43.865  -55.134  -6.351 0.1000000015
21415  -42.215  -54.863  -6.269 0.1000000015
21438  -45.797  -55.254  -7.299 0.1000000015
21463  -46.928  -55.804  -7.988 0.1000000015
19794  -48.912  -58.119  -8.277 0.1000000015
22316  -38.501  -54.662  -6.460 0.1000000015
22335  -38.076  -54.481  -7.336 0.1000000015
21456  -38.837  -55.225  -8.865 0.1000000015
21496  -38.670  -56.113  -10.133 0.1000000015
21537  -39.810  -55.561  -12.399 0.1000000015
11456  -32.851  -68.169  -9.640 0.2000000030
11460  -34.818  -68.682  -11.180 0.2000000030
12129  -32.622  -67.864  -9.011 0.3000000119
11464  -34.506  -67.941  -11.270 0.2000000030
13548  -34.290  -65.659  -9.678 0.3000000119
14256  -35.101  -66.009  -7.883 0.3000000119
12817  -34.201  -66.185  -9.284 0.3000000119
14243  -37.635  -65.258  -6.108 0.3000000119
14245  -39.675  -64.733  -6.459 0.2000000030
15837  -40.549  -62.733  -6.502 0.3000000119
16583  -39.605  -61.767  -6.187 0.2000000030
115122  -41.125  -60.244  -5.652 0.1000000015
17389  -42.091  -60.677  -5.668 0.2000000030
114355  -41.212  -59.196  -5.531 0.1000000015
120815  -43.066  -54.520  -7.480 0.1000000015
22362  -44.436  -54.946  -8.058 0.1000000015
20613  -46.743  -57.007  -9.154 0.1000000015
126376  -43.671  -55.098  -8.248 0.1000000015
21460  -42.835  -55.920  -8.703 0.1000000015
22358  -40.630  -54.898  -8.233 0.1000000015
21458  -40.449  -55.792  -8.944 0.1000000015
21478  -39.772  -55.937  -9.457 0.1000000015
21499  -40.593  -57.093  -10.053 0.1000000015
12126  -32.540  -67.615  -8.106 0.3000000119
124062  -32.551  -68.366  -9.093 0.3000000119
12816  -33.785  -67.002  -8.936 0.3000000119
12813  -34.242  -66.867  -8.089 0.3000000119
130663  -37.919  -66.260  -5.784 0.3000000119
12807  -38.754  -66.242  -5.709 0.2000000030
15040  -41.501  -63.468  -6.528 0.2000000030
15839  -41.972  -62.956  -6.285 0.2000000030
16586  -41.803  -62.146  -6.025 0.2000000030
12801  -32.467  -66.724  -6.588 0.3000000119
12806  -37.373  -66.420  -5.750 0.3000000119
12792  -39.252  -66.951  -5.343 0.2000000030
12793  -40.215  -66.949  -5.386 0.2000000030
12810  -41.530  -66.175  -5.918 0.1000000015
115697  -42.110  -65.822  -6.211 0.2000000030
13500  -33.485  -65.675  -5.644 0.3000000119
13514  -33.632  -66.209  -6.558 0.3000000119
12790  -36.898  -66.489  -5.639 0.3000000119
12115  -38.347  -67.484  -4.881 0.2000000030
12116  -38.919  -67.721  -4.916 0.2000000030
12118  -40.697  -67.846  -5.077 0.1000000015
12106  -40.186  -68.954  -4.632 0.1000000015
12120  -42.638  -67.684  -5.246 0.1000000015
12780  -36.507  -66.488  -5.050 0.3000000119
11433  -38.693  -69.822  -3.434 0.1000000015
11437  -42.275  -70.069  -4.232 0.1000000015
12769  -35.834  -67.617  -2.907 0.2000000030
11402  -42.011  -70.637  -2.744 0.1000000015
12092  -41.232  -69.086  -2.615 0.1000000015
10178  -40.941  -71.160  -19.199 0.3000000119
8313  -40.845  -73.225  -19.540 0.3000000119
9549  -40.985  -71.681  -19.479 0.3000000119
6494  -37.754  -77.195  -18.012 0.2000000030
6470  -36.046  -77.628  -17.392 0.2000000030
7710  -40.439  -74.037  -19.060 0.4000000060
7111  -39.394  -75.340  -18.275 0.3000000119
10177  -40.320  -71.435  -19.337 0.4000000060
7709  -39.734  -74.483  -19.434 0.3000000119
7097  -38.428  -76.062  -17.965 0.3000000119
8328  -39.614  -73.281  -20.164 0.4000000060
7110  -38.764  -75.845  -18.395 0.3000000119
6518  -37.919  -76.770  -18.384 0.2000000030
9547  -39.639  -71.738  -19.643 0.4000000060
8954  -39.746  -72.479  -20.083 0.4000000060
7144  -39.148  -75.006  -19.797 0.4000000060
10176  -39.516  -71.177  -19.149 0.4000000060
10155  -38.208  -70.502  -18.510 0.4000000060
7727  -39.390  -74.141  -20.067 0.4000000060
7123  -38.739  -75.751  -19.342 0.3000000119
6517  -37.364  -77.257  -18.489 0.3000000119
9546  -38.567  -71.314  -19.530 0.4000000060
7726  -38.916  -74.816  -20.364 0.3000000119
6539  -37.734  -76.630  -19.304 0.4000000060
10175  -37.787  -70.697  -19.174 0.4000000060
8953  -39.004  -72.977  -20.338 0.4000000060
7142  -38.019  -76.213  -20.967 0.3000000119
10890  -37.091  -70.311  -18.684 0.4000000060
126284  -38.897  -72.125  -20.042 0.4000000060
111321  -38.047  -73.448  -20.509 0.4000000060
8326  -37.842  -74.632  -20.957 0.3000000119
10199  -37.270  -71.110  -19.791 0.4000000060
9566  -37.823  -71.859  -20.107 0.4000000060
10174  -36.665  -70.479  -19.429 0.4000000060
8952  -37.248  -72.701  -20.388 0.4000000060
7724  -36.911  -75.160  -21.531 0.3000000119
9565  -36.586  -71.766  -20.427 0.4000000060
8951  -36.373  -72.949  -20.744 0.4000000060
111253  -36.979  -73.801  -20.751 0.3000000119
7740  -36.681  -76.497  -22.180 0.2000000030
109597  -36.019  -69.916  -19.026 0.3000000119
10903  -35.763  -70.111  -19.878 0.4000000060
10889  -35.312  -69.652  -19.658 0.4000000060
112691  -35.840  -71.291  -20.747 0.4000000060
8325  -36.298  -74.169  -21.325 0.2000000030
108110  -35.972  -76.852  -22.509 0.3000000119
11578  -34.353  -68.781  -19.316 0.3000000119
9564  -35.842  -72.283  -21.039 0.3000000119
8324  -35.786  -74.524  -22.000 0.2000000030
8950  -35.996  -73.337  -21.273 0.2000000030
7738  -34.840  -76.119  -22.540 0.2000000030
115892  -33.894  -68.023  -19.402 0.3000000119
10888  -34.720  -69.158  -19.926 0.3000000119
10197  -35.438  -70.464  -20.769 0.4000000060
8968  -35.704  -73.285  -21.823 0.1000000015
11589  -34.302  -68.367  -20.209 0.3000000119
10901  -34.667  -69.066  -20.744 0.2000000030
10214  -35.526  -71.364  -21.343 0.2000000030
8361  -35.392  -74.662  -22.713 0.1000000015
7758  -34.628  -75.794  -23.063 0.2000000030
11600  -34.524  -68.393  -21.149 0.2000000030
10919  -34.767  -69.117  -21.556 0.2000000030
109345  -35.160  -70.584  -21.804 0.1000000015
9575  -35.613  -72.248  -21.773 0.1000000015
116957  -34.006  -67.469  -20.065 0.3000000119
12261  -34.305  -67.660  -20.819 0.3000000119
13658  -34.280  -65.627  -19.773 0.1000000015
12939  -33.995  -66.620  -19.910 0.3000000119
130249  -34.452  -67.157  -21.210 0.2000000030
117298  -34.954  -69.777  -21.908 0.1000000015
9584  -35.389  -71.651  -22.240 0.1000000015
111792  -35.120  -74.556  -23.546 0.1000000015
8372  -34.617  -75.601  -23.358 0.1000000015
14389  -34.472  -64.772  -19.343 0.2000000030
12950  -34.455  -66.162  -20.558 0.2000000030
12966  -34.606  -66.582  -21.189 0.2000000030
12268  -34.585  -67.700  -21.558 0.1000000015
11611  -34.760  -68.423  -22.008 0.1000000015
10937  -35.226  -70.185  -22.747 0.1000000015
8977  -35.491  -73.094  -22.750 0.1000000015
7774  -34.202  -75.614  -23.390 0.1000000015
13675  -34.877  -65.334  -20.553 0.1000000015
12983  -34.764  -66.996  -21.768 0.2000000030
11612  -35.180  -68.452  -22.921 0.1000000015
108075  -35.431  -69.393  -23.319 0.1000000015
9594  -35.373  -72.102  -23.324 0.1000000015
8988  -35.143  -73.549  -23.939 0.1000000015
8371  -34.260  -75.456  -23.610 0.1000000015
8359  -33.246  -74.132  -23.032 0.1000000015
12279  -34.959  -67.618  -22.377 0.1000000015
11619  -35.744  -68.668  -23.725 0.1000000015
10951  -35.725  -70.396  -23.725 0.1000000015
8388  -34.124  -74.235  -25.267 0.1000000015
8381  -33.698  -74.354  -25.123 0.1000000015
15042  -42.982  -64.140  -6.178 0.2000000030
14373  -34.742  -63.938  -18.962 0.2000000030
13659  -34.822  -64.861  -19.990 0.1000000015
12967  -35.030  -66.368  -21.691 0.1000000015
13676  -35.514  -65.131  -21.212 0.1000000015
12984  -35.358  -66.622  -22.482 0.1000000015
12280  -35.567  -67.574  -23.370 0.1000000015
8382  -34.098  -74.886  -24.389 0.1000000015
8383  -34.532  -74.818  -24.224 0.1000000015
10234  -35.444  -71.126  -23.476 0.1000000015
8312  -40.095  -73.626  -19.823 0.3000000119
8329  -40.345  -72.815  -19.972 0.4000000060
6519  -38.258  -76.364  -18.216 0.3000000119
7124  -39.258  -75.217  -18.942 0.3000000119
6540  -38.232  -76.273  -18.846 0.3000000119
6560  -38.307  -76.356  -19.983 0.3000000119
110052  -38.714  -70.863  -19.018 0.4000000060
8327  -38.770  -74.034  -20.447 0.4000000060
109193  -38.345  -75.244  -20.826 0.3000000119
10198  -36.244  -70.786  -20.195 0.4000000060
8346  -36.149  -75.887  -22.303 0.2000000030
10902  -35.078  -69.671  -20.377 0.3000000119
7739  -35.222  -76.174  -22.787 0.2000000030
10920  -34.947  -69.770  -21.191 0.2000000030
121208  -34.228  -66.932  -20.654 0.3000000119
10936  -35.013  -69.208  -22.414 0.1000000015
10223  -35.252  -71.069  -22.673 0.1000000015
7775  -34.379  -75.742  -23.206 0.1000000015
14390  -35.212  -64.290  -19.668 0.1000000015
13695  -34.958  -65.864  -21.197 0.1000000015
8370  -33.808  -75.094  -24.108 0.1000000015
111496  -33.241  -74.520  -24.044 0.1000000015
12988  -36.006  -66.522  -23.423 0.1000000015
9504  -43.749  -72.108  -16.470 0.3000000119
8895  -43.087  -72.686  -16.838 0.2000000030
8894  -42.071  -73.043  -16.651 0.3000000119
8272  -42.314  -73.207  -17.232 0.2000000030
10848  -44.443  -70.188  -16.258 0.4000000060
10123  -44.493  -70.824  -16.698 0.4000000060
122837  -43.681  -72.253  -16.894 0.3000000119
118209  -41.101  -73.388  -16.926 0.2000000030
10866  -43.452  -70.078  -17.472 0.4000000060
8283  -42.889  -72.838  -17.377 0.2000000030
8271  -41.463  -73.553  -17.294 0.2000000030
8269  -39.458  -73.804  -17.219 0.1000000015
8270  -40.496  -73.929  -17.375 0.2000000030
8917  -42.880  -72.500  -17.894 0.3000000119
8268  -38.428  -73.642  -17.029 0.1000000015
8281  -40.883  -74.013  -17.665 0.2000000030
125493  -37.995  -74.330  -17.206 0.1000000015
7672  -38.855  -74.617  -17.460 0.1000000015
7671  -38.005  -75.239  -17.484 0.1000000015
7670  -36.483  -74.941  -16.821 0.1000000015
115737  -37.291  -74.601  -17.060 0.1000000015
7076  -37.261  -75.833  -17.334 0.1000000015
7074  -35.379  -76.335  -16.685 0.1000000015
10160  -43.085  -71.121  -18.349 0.3000000119
8282  -41.587  -73.623  -17.797 0.2000000030
128478  -39.657  -75.019  -17.770 0.2000000030
7673  -39.746  -74.450  -17.542 0.2000000030
116362  -39.396  -74.958  -17.688 0.2000000030
7075  -36.450  -76.475  -17.090 0.1000000015
7073  -34.401  -76.112  -16.392 0.1000000015
10159  -41.680  -70.929  -19.131 0.2000000030
9525  -42.314  -71.429  -18.980 0.3000000119
7696  -40.647  -74.362  -18.153 0.2000000030
7683  -38.653  -75.500  -17.730 0.2000000030
8314  -41.553  -72.802  -19.165 0.3000000119
7125  -39.914  -74.813  -18.590 0.3000000119
10138  -41.803  -70.407  -18.613 0.2000000030
7095  -37.331  -77.119  -17.712 0.1000000015
6469  -35.065  -77.482  -17.037 0.1000000015
6471  -36.854  -77.754  -17.703 0.1000000015
5912  -33.585  -78.054  -17.351 0.1000000015
10179  -41.518  -71.394  -19.298 0.2000000030
6492  -36.564  -78.333  -17.981 0.1000000015
6493  -37.249  -77.899  -18.014 0.1000000015
5913  -34.666  -78.404  -17.605 0.1000000015
6491  -35.695  -78.595  -17.884 0.1000000015
10158  -40.856  -70.612  -18.797 0.2000000030
6516  -36.762  -78.083  -18.253 0.1000000015
5925  -35.668  -78.578  -18.299 0.1000000015
110392  -36.694  -77.034  -18.849 0.1000000015
5921  -32.216  -78.745  -18.027 0.1000000015
5924  -34.951  -79.137  -18.437 0.1000000015
6559  -37.587  -76.722  -20.667 0.3000000119
5941  -34.803  -79.195  -18.852 0.1000000015
126073  -42.439  -70.858  -18.832 0.3000000119
10140  -43.875  -70.819  -17.574 0.3000000119
9514  -43.594  -71.496  -17.764 0.2000000030
8295  -41.224  -73.604  -18.708 0.3000000119
7098  -39.180  -75.472  -17.921 0.2000000030
8296  -42.421  -73.096  -17.841 0.2000000030
122146  -41.915  -73.200  -18.468 0.3000000119
7096  -37.921  -76.300  -17.781 0.1000000015
5922  -33.249  -78.913  -18.109 0.1000000015
5404  -33.795  -79.712  -18.799 0.1000000015
5405  -34.287  -79.559  -18.887 0.1000000015
6538  -37.123  -76.817  -19.816 0.2000000030
7108  -35.422  -76.737  -18.974 0.1000000015
122245  -34.428  -76.753  -18.707 0.1000000015
7695  -34.516  -75.638  -18.833 0.2000000030
7107  -33.314  -76.079  -18.594 0.1000000015
6537  -36.279  -76.617  -20.078 0.2000000030
116703  -33.833  -75.453  -18.653 0.2000000030
7121  -35.418  -76.089  -19.447 0.1000000015
7693  -33.134  -74.795  -18.617 0.1000000015
124983  -34.586  -75.079  -19.632 0.1000000015
7694  -33.852  -74.691  -18.896 0.1000000015
6558  -36.748  -77.097  -21.345 0.2000000030
7140  -35.629  -76.861  -21.320 0.1000000015
6557  -36.003  -77.180  -21.785 0.1000000015
7151  -35.173  -76.341  -21.248 0.1000000015
7725  -37.568  -75.861  -21.494 0.2000000030
7141  -37.142  -76.741  -21.693 0.2000000030
7153  -36.251  -77.100  -22.166 0.2000000030
7152  -35.625  -76.993  -22.264 0.1000000015
7723  -34.549  -75.271  -21.043 0.1000000015
7122  -36.133  -76.802  -19.070 0.1000000015
9496  -44.278  -71.396  -16.198 0.2000000030
9503  -42.985  -72.345  -16.202 0.1000000015
11471  -41.501  -68.680  -11.928 0.2000000030
10787  -42.955  -69.596  -11.861 0.1000000015
10769  -33.583  -69.171  -10.185 0.1000000015
10774  -38.221  -69.848  -11.060 0.1000000015
10775  -39.285  -69.943  -11.007 0.1000000015
10780  -35.806  -68.821  -11.359 0.1000000015
10766  -32.886  -68.955  -9.514 0.2000000030
10767  -34.145  -69.766  -10.076 0.1000000015
10050  -37.184  -70.938  -9.915 0.1000000015
10770  -34.381  -69.290  -10.648 0.1000000015
10060  -35.802  -70.171  -10.427 0.1000000015
10062  -37.677  -70.420  -10.514 0.1000000015
11472  -42.410  -68.837  -12.053 0.1000000015
10772  -36.274  -69.607  -10.995 0.1000000015
10771  -35.310  -69.462  -10.872 0.1000000015
10063  -38.676  -70.533  -10.463 0.1000000015
10059  -34.896  -69.989  -10.287 0.1000000015
10108  -44.222  -70.957  -15.366 0.1000000015
9495  -43.750  -71.673  -15.812 0.1000000015
110780  -34.046  -65.210  -4.036 0.1000000015
13486  -32.716  -65.396  -4.218 0.1000000015
12778  -31.938  -66.254  -4.864 0.1000000015
12113  -31.720  -67.628  -5.356 0.1000000015
13487  -33.378  -65.295  -4.628 0.1000000015
12779  -32.609  -65.720  -5.076 0.1000000015
121106  -33.136  -65.324  -2.885 0.1000000015
13472  -32.456  -65.446  -3.403 0.1000000015
13471  -31.832  -65.822  -3.523 0.1000000015
12086  -31.361  -67.276  -3.801 0.1000000015
13474  -34.049  -65.676  -2.862 0.1000000015
13473  -33.283  -65.202  -3.669 0.1000000015
12767  -31.635  -66.337  -4.050 0.1000000015
112073  -31.576  -66.970  -4.681 0.1000000015
11432  -31.630  -68.637  -4.765 0.1000000015
12768  -35.069  -66.641  -2.892 0.1000000015
128775  -31.334  -66.664  -2.564 0.1000000015
13442  -33.764  -66.263  -1.590 0.1000000015
13457  -32.537  -65.484  -2.456 0.1000000015
13456  -31.896  -65.713  -2.779 0.1000000015
12754  -31.459  -66.392  -3.124 0.1000000015
112723  -31.197  -68.166  -3.292 0.1000000015
12087  -35.877  -68.741  -2.082 0.1000000015
13433  -32.814  -66.012  -0.627 0.1000000015
13439  -32.015  -65.747  -1.929 0.1000000015
119419  -31.535  -66.169  -2.294 0.1000000015
121536  -33.659  -66.479  -0.878 0.1000000015
12067  -34.475  -67.005  -1.737 0.1000000015
12755  -35.242  -67.982  -1.884 0.1000000015
12088  -36.605  -68.713  -2.874 0.1000000015
15840  -42.664  -63.256  -6.019 0.1000000015
15817  -42.381  -62.518  -5.940 0.1000000015
16570  -43.372  -61.642  -5.365 0.1000000015
12068  -35.718  -69.123  -1.160 0.1000000015
12089  -37.547  -69.055  -3.314 0.1000000015
123143  -43.299  -65.109  -6.186 0.1000000015
17388  -41.349  -61.003  -5.766 0.1000000015
15024  -43.871  -64.314  -5.437 0.1000000015
17367  -44.716  -60.180  -4.686 0.1000000015
17390  -43.071  -60.787  -5.442 0.1000000015
17391  -43.923  -60.779  -5.059 0.1000000015
13441  -33.233  -66.011  -1.221 0.1000000015
13432  -32.144  -65.884  -1.031 0.1000000015
12736  -31.638  -66.198  -1.470 0.1000000015
118580  -42.805  -59.916  -5.406 0.1000000015
11449  -31.975  -67.798  -6.277 0.1000000015
12787  -32.243  -66.407  -5.684 0.1000000015
16569  -42.498  -61.680  -5.711 0.1000000015
13485  -32.134  -65.730  -4.209 0.1000000015
12786  -31.808  -66.815  -5.357 0.1000000015
11443  -31.981  -68.549  -5.720 0.1000000015
12101  -31.501  -67.739  -4.528 0.1000000015
12053  -35.096  -68.173  -0.737 0.1000000015
15819  -43.700  -62.479  -5.215 0.1000000015
117637  -43.587  -60.024  -5.186 0.1000000015
129179  -34.685  -63.473  -18.531 0.1000000015
15171  -35.392  -63.185  -18.686 0.1000000015
15953  -35.391  -62.310  -17.833 0.1000000015
9479  -40.897  -71.035  -14.662 0.1000000015
9493  -40.393  -71.534  -15.555 0.1000000015
10082  -40.426  -71.047  -13.811 0.1000000015
9478  -39.773  -71.216  -14.614 0.1000000015
9492  -38.983  -71.523  -15.312 0.1000000015
117149  -41.492  -71.261  -15.317 0.1000000015
9463  -40.167  -71.278  -13.132 0.1000000015
10091  -41.654  -70.834  -13.779 0.1000000015
9480  -42.180  -70.894  -14.674 0.1000000015
9448  -38.811  -71.704  -13.180 0.1000000015
9449  -39.573  -71.727  -12.841 0.1000000015
9464  -41.184  -71.020  -13.031 0.1000000015
8839  -38.903  -72.233  -12.563 0.1000000015
126354  -38.062  -78.867  -9.108 0.1000000015
112568  -38.624  -78.312  -9.752 0.1000000015
5340  -38.236  -78.205  -12.510 0.1000000015
5867  -37.735  -77.653  -12.591 0.1000000015
6408  -36.403  -76.195  -12.095 0.1000000015
9494  -42.671  -71.511  -15.526 0.1000000015
6426  -36.133  -76.783  -12.710 0.1000000015
6409  -37.329  -76.284  -11.906 0.1000000015
121793  -38.289  -72.629  -12.339 0.1000000015
8882  -40.809  -72.494  -16.391 0.1000000015
7009  -35.850  -75.595  -11.882 0.1000000015
7591  -35.692  -74.926  -11.736 0.1000000015
8200  -36.522  -73.788  -11.860 0.1000000015
8838  -37.517  -72.594  -12.482 0.1000000015
8222  -37.995  -73.233  -11.976 0.1000000015
8223  -39.081  -73.110  -11.921 0.1000000015
8840  -39.858  -72.396  -12.262 0.1000000015
8893  -40.079  -73.123  -16.842 0.1000000015
7027  -34.638  -75.881  -12.359 0.1000000015
8199  -35.549  -74.023  -11.880 0.1000000015
5311  -38.881  -78.429  -10.730 0.1000000015
121960  -38.913  -77.796  -11.903 0.1000000015
10092  -43.093  -70.601  -13.831 0.1000000015
6428  -37.829  -77.024  -12.136 0.1000000015
5868  -38.489  -77.389  -12.054 0.1000000015
9502  -41.743  -72.046  -15.925 0.1000000015
7593  -37.087  -74.614  -11.624 0.1000000015
8201  -37.532  -73.885  -11.699 0.1000000015
126013  -38.067  -74.711  -11.578 0.1000000015
8202  -38.579  -73.980  -11.563 0.1000000015
8824  -40.333  -73.209  -11.745 0.1000000015
123572  -38.080  -78.132  -9.277 0.1000000015
5816  -36.963  -77.412  -8.604 0.1000000015
5815  -36.159  -77.555  -8.080 0.1000000015
5298  -39.252  -77.813  -10.206 0.1000000015
10093  -44.076  -70.333  -14.275 0.1000000015
5841  -39.252  -77.916  -11.257 0.1000000015
10107  -43.566  -71.022  -14.920 0.1000000015
6411  -39.112  -76.823  -11.642 0.1000000015
6410  -38.395  -76.419  -11.799 0.1000000015
7010  -37.667  -75.484  -11.667 0.1000000015
129494  -38.561  -75.506  -11.659 0.1000000015
108732  -39.797  -74.194  -11.510 0.1000000015
7594  -39.084  -74.924  -11.584 0.1000000015
126853  -36.324  -76.872  -8.317 0.1000000015
10073  -42.692  -70.736  -12.776 0.1000000015
5817  -37.851  -77.528  -9.104 0.1000000015
6362  -35.685  -76.773  -7.993 0.1000000015
9451  -42.069  -71.349  -12.309 0.1000000015
5831  -39.189  -76.999  -9.535 0.1000000015
5818  -38.415  -77.011  -9.247 0.1000000015
9450  -40.716  -71.712  -12.551 0.1000000015
5851  -39.475  -77.259  -11.439 0.1000000015
5842  -39.623  -77.468  -10.782 0.1000000015
113027  -40.889  -74.004  -11.320 0.1000000015
8841  -40.839  -72.499  -12.042 0.1000000015
129069  -38.974  -77.346  -11.739 0.1000000015
110089  -39.897  -75.195  -11.553 0.1000000015
7011  -39.425  -75.912  -11.683 0.1000000015
6374  -36.927  -76.389  -8.441 0.1000000015
6375  -37.806  -76.595  -8.797 0.1000000015
8842  -41.791  -72.162  -11.933 0.1000000015
109056  -41.535  -73.085  -11.475 0.1000000015
6412  -40.025  -76.429  -11.428 0.1000000015
8825  -42.460  -72.419  -11.228 0.1000000015
114609  -42.974  -71.716  -10.988 0.1000000015
7595  -40.559  -74.901  -11.368 0.1000000015
8203  -41.618  -73.824  -11.084 0.1000000015
7012  -40.304  -75.676  -11.472 0.1000000015
7013  -40.966  -75.335  -11.145 0.1000000015
5832  -39.711  -77.255  -10.166 0.1000000015
6401  -40.670  -76.394  -10.912 0.1000000015
6413  -40.690  -75.965  -11.266 0.1000000015
6400  -40.174  -76.976  -10.698 0.1000000015
9438  -42.921  -71.649  -10.316 0.1000000015
7597  -41.849  -74.034  -10.654 0.1000000015
8204  -42.278  -73.192  -10.860 0.1000000015
6376  -38.745  -76.330  -8.901 0.1000000015
7001  -41.546  -75.014  -9.689 0.1000000015
7582  -41.494  -74.849  -10.544 0.1000000015
9437  -42.710  -71.426  -9.986 0.1000000015
8186  -42.496  -72.749  -10.330 0.1000000015
7583  -41.912  -74.216  -9.917 0.1000000015
8185  -42.177  -73.390  -10.206 0.1000000015
6988  -37.584  -75.830  -8.369 0.1000000015
6392  -40.683  -76.353  -9.992 0.1000000015
6391  -40.011  -76.712  -9.666 0.1000000015
9423  -42.264  -71.899  -9.567 0.1000000015
6953  -33.373  -75.746  -5.918 0.1000000015
130721  -34.123  -75.993  -6.755 0.1000000015
6972  -34.539  -75.708  -7.160 0.1000000015
6349  -34.429  -76.591  -6.774 0.1000000015
5325  -38.671  -78.444  -11.853 0.1000000015
109689  -36.596  -75.383  -11.700 0.1000000015
7592  -36.274  -74.540  -11.708 0.1000000015
8221  -37.086  -73.179  -12.101 0.1000000015
8851  -37.105  -72.091  -13.148 0.1000000015
5830  -38.628  -77.672  -9.475 0.1000000015
9445  -42.619  -71.742  -11.572 0.1000000015
8826  -42.768  -72.337  -10.585 0.1000000015
7596  -41.266  -74.547  -11.061 0.1000000015
7005  -41.144  -75.738  -10.493 0.1000000015
6348  -33.920  -76.288  -6.275 0.1000000015
6597  -25.220  -76.830  -23.658 0.1000000015
130645  -25.191  -76.715  -27.770 0.1000000015
6038  -25.762  -76.926  -27.569 0.1000000015
123981  -26.217  -76.211  -27.354 0.1000000015
130804  -26.993  -76.580  -26.529 0.1000000015
6007  -25.056  -77.970  -25.430 0.1000000015
7224  -24.859  -75.956  -27.643 0.1000000015
121176  -22.895  -75.150  -27.102 0.1000000015
129394  -22.550  -74.962  -26.727 0.1000000015
112565  -24.893  -76.553  -22.543 0.1000000015
6598  -26.672  -76.862  -24.401 0.1000000015
6612  -26.710  -77.151  -26.415 0.1000000015
6607  -26.837  -77.077  -25.511 0.1000000015
6606  -25.588  -77.271  -24.872 0.1000000015
6596  -24.089  -76.893  -22.986 0.1000000015
7218  -25.631  -75.427  -27.348 0.1000000015
6008  -25.900  -77.614  -26.038 0.1000000015
6016  -25.991  -77.749  -26.929 0.1000000015
7801  -25.121  -74.820  -26.992 0.1000000015
7793  -23.721  -74.432  -25.711 0.1000000015
7784  -22.905  -74.581  -25.510 0.1000000015
7187  -22.380  -74.789  -24.689 0.1000000015
6485  -26.842  -76.864  -17.943 0.1000000015
6533  -26.144  -77.295  -19.292 0.1000000015
5936  -27.406  -77.644  -18.709 0.1000000015
6585  -26.365  -76.579  -23.214 0.1000000015
6572  -25.687  -76.460  -22.000 0.1000000015
115540  -24.587  -76.424  -21.593 0.1000000015
6552  -25.228  -76.504  -20.956 0.1000000015
115381  -25.777  -76.923  -20.093 0.1000000015
6571  -23.882  -76.589  -22.042 0.1000000015
6613  -27.374  -76.689  -25.831 0.1000000015
7800  -24.163  -74.684  -26.729 0.1000000015
6511  -28.239  -77.833  -18.486 0.1000000015
6510  -26.448  -77.280  -18.696 0.1000000015
6486  -27.898  -77.015  -17.836 0.1000000015
6553  -26.467  -76.778  -21.266 0.1000000015
6573  -26.956  -76.668  -22.451 0.1000000015
7203  -27.267  -75.857  -26.156 0.1000000015
7796  -26.864  -75.066  -26.489 0.1000000015
7802  -26.086  -74.861  -26.816 0.1000000015
7794  -24.976  -74.571  -26.004 0.1000000015
6599  -27.874  -76.672  -24.086 0.1000000015
5948  -26.864  -77.557  -19.248 0.1000000015
6609  -28.166  -76.552  -24.644 0.1000000015
122071  -25.773  -77.085  -18.779 0.1000000015
6586  -27.616  -76.576  -23.210 0.1000000015
6484  -25.836  -76.688  -18.083 0.1000000015
7160  -28.228  -76.111  -23.226 0.1000000015
7756  -28.505  -76.000  -22.541 0.1000000015
5960  -26.845  -77.350  -20.119 0.1000000015
123091  -27.553  -76.982  -22.013 0.1000000015
112141  -28.001  -76.672  -22.678 0.1000000015
5976  -28.575  -77.068  -21.984 0.1000000015
6587  -28.077  -76.357  -23.365 0.1000000015
6588  -28.269  -76.390  -22.623 0.1000000015
6554  -27.575  -77.305  -21.166 0.1000000015
5977  -29.290  -77.528  -21.435 0.1000000015
5923  -34.255  -79.228  -18.330 0.1000000015
6361  -35.012  -76.658  -7.432 0.1000000015
6495  -38.058  -76.608  -18.016 0.3000000119
6608  -27.776  -76.820  -24.996 0.1000000015
6625  -26.779  -76.205  -26.887 0.1000000015
6635  -25.567  -76.261  -27.600 0.1000000015
7143  -38.632  -75.625  -20.273 0.3000000119
7202  -23.128  -74.716  -26.514 0.1000000015
7217  -24.529  -75.159  -27.307 0.1000000015
7219  -26.604  -75.498  -26.949 0.1000000015
7684  -40.140  -74.571  -17.733 0.2000000030
8360  -33.793  -75.260  -23.488 0.1000000015
8813  -42.353  -72.778  -9.893 0.1000000015
8896  -44.072  -71.652  -17.023 0.3000000119
8906  -43.437  -72.246  -17.425 0.2000000030
8916  -42.342  -72.411  -18.659 0.3000000119
8932  -40.996  -72.396  -19.618 0.3000000119
8975  -31.992  -72.270  -22.465 0.1000000015
9526  -43.013  -71.814  -18.236 0.3000000119
9548  -40.379  -72.050  -19.733 0.4000000060
9550  -41.647  -71.960  -19.307 0.3000000119
9619  -32.183  -72.526  -26.356 0.1000000015
9624  -33.063  -72.579  -26.651 0.1000000015
10109  -44.472  -70.648  -15.840 0.2000000030
10196  -30.797  -70.925  -20.685 0.1000000015
10211  -29.800  -70.263  -21.053 0.1000000015
10232  -28.953  -70.403  -24.462 0.1000000015
10268  -29.034  -70.343  -25.133 0.1000000015
10270  -31.571  -71.887  -25.925 0.1000000015
10284  -33.499  -71.737  -26.448 0.1000000015
10288  -37.665  -70.839  -25.689 0.1000000015
10670  -41.371  -70.886  -2.750 0.1000000015
10671  -42.478  -70.589  -2.853 0.1000000015
10672  -43.128  -70.151  -2.974 0.1000000015
10687  -41.890  -71.007  -2.940 0.1000000015
10709  -42.452  -70.572  -3.502 0.1000000015
10710  -43.150  -70.145  -3.336 0.1000000015
10800  -44.197  -69.671  -13.451 0.1000000015
10918  -29.407  -69.965  -21.576 0.1000000015
10933  -27.261  -69.545  -22.402 0.1000000015
10934  -28.552  -69.822  -22.570 0.1000000015
10947  -26.226  -69.780  -23.418 0.1000000015
10987  -33.138  -71.066  -26.290 0.1000000015
10991  -38.284  -70.281  -25.947 0.1000000015
10993  -39.760  -69.147  -25.813 0.1000000015
11435  -40.535  -70.101  -4.099 0.1000000015
11438  -43.066  -69.832  -3.990 0.1000000015
11446  -42.874  -69.251  -4.566 0.1000000015
11478  -43.149  -68.847  -12.380 0.1000000015
11624  -36.520  -69.077  -24.192 0.1000000015
11626  -38.672  -69.706  -24.592 0.1000000015
11629  -41.362  -68.036  -25.538 0.1000000015
11655  -36.611  -68.189  -26.633 0.1000000015
11656  -37.475  -69.017  -26.499 0.1000000015
12148  -42.380  -68.381  -12.423 0.3000000119
12154  -41.917  -67.658  -12.787 0.3000000119
12286  -36.325  -67.304  -24.016 0.1000000015
12296  -40.684  -68.362  -24.873 0.1000000015
12324  -39.627  -68.254  -26.520 0.1000000015
12849  -40.524  -66.695  -12.278 0.3000000119
12850  -41.180  -67.190  -12.551 0.3000000119
12969  -43.429  -66.499  -21.275 0.1000000015
12985  -43.819  -66.516  -22.112 0.1000000015
13005  -39.384  -67.077  -24.504 0.1000000015
13030  -38.744  -67.124  -26.969 0.1000000015
13032  -41.090  -67.226  -26.256 0.1000000015
13035  -36.452  -65.562  -27.333 0.1000000015
13037  -38.005  -66.226  -27.175 0.1000000015
13440  -32.637  -65.684  -1.587 0.1000000015
13458  -33.255  -65.617  -2.121 0.1000000015
13522  -42.707  -65.468  -6.361 0.2000000030
13696  -35.513  -65.739  -21.880 0.1000000015
13730  -39.134  -65.591  -23.391 0.1000000015
13758  -32.975  -65.384  -27.372 0.1000000015
13765  -33.494  -64.847  -27.631 0.1000000015
13769  -36.832  -64.983  -27.429 0.1000000015
13770  -37.589  -65.320  -27.212 0.1000000015
14320  -32.911  -64.779  -15.090 0.5000000000
14425  -45.388  -64.813  -21.543 0.1000000015
14493  -37.838  -64.146  -26.631 0.1000000015
14495  -40.409  -64.237  -26.441 0.1000000015
14499  -34.851  -64.571  -27.331 0.1000000015
15023  -43.491  -64.460  -5.873 0.2000000030
15041  -42.245  -63.794  -6.378 0.2000000030
15254  -44.143  -62.903  -24.579 0.1000000015
15818  -43.012  -62.522  -5.668 0.1000000015
15938  -32.490  -62.762  -15.675 0.3000000119
16019  -43.786  -62.280  -25.190 0.1000000015
16022  -43.896  -61.739  -25.876 0.1000000015
16026  -38.244  -62.695  -25.745 0.1000000015
16568  -41.760  -61.439  -5.827 0.1000000015
16807  -43.721  -60.856  -26.100 0.1000000015
17384  -37.375  -60.283  -5.647 0.3000000119
17385  -38.137  -60.126  -5.660 0.1000000015
17425  -32.604  -59.745  -9.041 0.3000000119
17528  -34.753  -60.606  -16.303 0.2000000030
17599  -39.267  -60.234  -22.744 0.1000000015
17608  -43.272  -59.724  -25.823 0.1000000015
17610  -43.654  -60.437  -26.438 0.1000000015
18199  -40.488  -59.667  -5.593 0.1000000015
18254  -32.254  -59.654  -10.293 0.3000000119
18266  -32.126  -59.406  -11.045 0.3000000119
18316  -33.310  -59.213  -14.691 0.2000000030
18320  -37.536  -59.674  -14.480 0.1000000015
18413  -39.482  -59.456  -22.915 0.1000000015
18423  -43.556  -58.960  -26.341 0.1000000015
18424  -43.458  -59.715  -26.593 0.1000000015
18429  -43.326  -59.009  -26.803 0.1000000015
18967  -37.521  -58.442  -5.398 0.1000000015
18986  -34.099  -58.269  -6.902 0.2000000030
19061  -32.420  -58.440  -12.436 0.3000000119
19086  -36.300  -58.423  -13.517 0.1000000015
19105  -32.928  -58.830  -14.048 0.2000000030
19193  -38.253  -59.125  -21.277 0.1000000015
19219  -43.308  -57.853  -26.228 0.1000000015
19749  -38.688  -57.774  -5.416 0.1000000015
19791  -33.151  -57.339  -8.895 0.3000000119
19796  -33.023  -57.091  -9.735 0.2000000030
20018  -42.557  -56.521  -25.504 0.1000000015
20551  -37.389  -56.470  -5.583 0.1000000015
20553  -40.516  -56.434  -5.454 0.1000000015
20559  -46.298  -56.852  -5.654 0.1000000015
20571  -35.893  -56.109  -6.062 0.1000000015
20586  -34.107  -56.336  -8.414 0.2000000030
20588  -47.759  -56.512  -7.603 0.1000000015
20598  -46.436  -56.191  -8.631 0.1000000015
20610  -43.321  -57.690  -9.286 0.1000000015
20628  -33.663  -56.500  -10.006 0.2000000030
20634  -38.726  -56.166  -11.080 0.1000000015
20677  -38.757  -56.798  -13.245 0.1000000015
20791  -37.783  -57.230  -20.173 0.1000000015
21397  -39.375  -55.476  -5.635 0.1000000015
21400  -42.467  -55.515  -5.808 0.1000000015
21402  -44.230  -55.803  -5.886 0.1000000015
21414  -41.532  -54.769  -6.297 0.1000000015
21418  -45.549  -55.407  -6.573 0.1000000015
21420  -46.869  -55.958  -6.703 0.1000000015
21437  -36.103  -55.091  -6.994 0.1000000015
21439  -46.563  -55.593  -7.387 0.1000000015
21455  -37.592  -54.825  -8.597 0.2000000030
21461  -43.950  -55.654  -8.548 0.1000000015
21464  -47.394  -56.092  -7.849 0.1000000015
21472  -34.618  -55.682  -9.014 0.2000000030
21497  -39.316  -56.210  -10.003 0.1000000015
21630  -36.846  -55.486  -18.818 0.1000000015
21702  -42.074  -55.329  -24.335 0.1000000015
22317  -39.413  -54.564  -6.595 0.1000000015
22319  -41.053  -54.499  -6.743 0.1000000015
22322  -44.333  -54.695  -6.931 0.1000000015
22323  -45.094  -54.873  -7.040 0.1000000015
22334  -37.268  -54.574  -7.314 0.1000000015
22340  -43.851  -54.649  -7.655 0.1000000015
22341  -44.614  -54.775  -7.460 0.1000000015
22361  -42.982  -54.924  -8.170 0.1000000015
22369  -36.859  -54.962  -8.998 0.2000000030
23347  -36.518  -53.575  -18.237 0.1000000015
24164  -36.313  -52.183  -17.712 0.1000000015
24176  -37.110  -52.103  -18.365 0.1000000015
25775  -35.531  -50.724  -16.078 0.1000000015
108418  -39.044  -56.970  -5.469 0.1000000015
108774  -43.106  -56.985  -25.926 0.1000000015
109785  -40.316  -63.249  -6.606 0.3000000119
109928  -37.629  -54.549  -7.929 0.1000000015
110032  -22.260  -74.940  -25.923 0.1000000015
110701  -44.203  -57.235  -5.427 0.1000000015
111090  -36.999  -57.990  -5.379 0.1000000015
111678  -39.443  -53.885  -20.130 0.1000000015
111716  -44.953  -55.457  -8.370 0.1000000015
113487  -40.914  -63.204  -6.602 0.3000000119
113703  -32.353  -58.306  -11.740 0.3000000119
113978  -32.343  -58.214  -10.502 0.4000000060
114291  -34.020  -65.952  -27.070 0.1000000015
116022  -42.670  -54.478  -6.864 0.1000000015
116822  -36.934  -55.432  -9.578 0.1000000015
117047  -26.891  -70.191  -25.989 0.1000000015
118254  -40.125  -65.010  -26.621 0.1000000015
118542  -31.836  -72.881  -25.830 0.1000000015
120108  -38.936  -54.467  -7.388 0.1000000015
121262  -35.966  -52.920  -17.457 0.1000000015
121408  -37.947  -63.546  -26.113 0.1000000015
122113  -40.081  -54.698  -8.035 0.1000000015
123409  -32.351  -62.300  -12.650 0.3000000119
124028  -44.041  -63.298  -23.994 0.1000000015
124117  -39.900  -75.061  -18.027 0.2000000030
124535  -44.291  -70.262  -17.025 0.4000000060
124536  -41.307  -56.612  -5.479 0.1000000015
124760  -39.808  -69.216  -25.344 0.1000000015
125417  -42.750  -61.930  -27.178 0.1000000015
126766  -44.354  -70.354  -15.049 0.2000000030
126952  -42.019  -55.236  -22.920 0.1000000015
127350  -32.836  -73.398  -26.614 0.1000000015
127609  -27.610  -77.588  -20.442 0.1000000015
127615  -33.431  -58.860  -7.525 0.2000000030
127640  -31.981  -61.573  -14.282 0.4000000060
128506  -40.352  -71.087  -2.816 0.1000000015
129254  -38.244  -72.603  -20.280 0.4000000060
129276  -34.481  -64.127  -13.161 0.5000000000
129796  -35.427  -62.744  -18.277 0.1000000015
130185  -39.704  -65.940  -23.877 0.1000000015
130258  -32.401  -64.241  -27.673 0.1000000015
130303  -32.987  -73.243  -26.758 0.1000000015
130542  -39.791  -62.287  -21.824 0.1000000015
