#!ascii label  , from subject sub-v1s13x0050005_ses-1 vox2ras=TkReg
312
124836  -27.719  -14.684  -24.663 0.0000000000
62442  -25.553  -10.381  -29.281 0.0000000000
73724  -22.814  2.802  -31.532 0.0000000000
71085  -25.657  -0.628  -30.082 0.0000000000
67663  -27.195  -4.731  -27.545 0.0000000000
126247  -28.372  -9.246  -24.644 0.0000000000
75717  -22.130  4.226  -31.410 0.0000000000
69468  -26.648  -2.694  -28.812 0.0000000000
123676  -25.701  -6.036  -29.852 0.0000000000
60645  -26.388  -12.173  -26.845 0.0000000000
63300  -26.913  -9.517  -26.652 0.0000000000
60636  -28.354  -11.891  -25.122 0.0000000000
55452  -23.952  -18.616  -23.922 0.0000000000
58140  -25.038  -14.833  -26.279 0.0000000000
113063  -22.489  8.813  -29.662 0.0000000000
78281  -22.620  7.353  -30.361 0.0000000000
126770  -23.687  6.463  -30.525 0.0000000000
76601  -25.574  5.875  -29.101 0.0000000000
74720  -25.610  3.708  -29.577 0.0000000000
71937  -24.598  0.626  -31.146 0.0000000000
73682  -27.037  2.037  -28.828 0.0000000000
71911  -27.639  0.252  -27.889 0.0000000000
69440  -27.857  -2.021  -27.059 0.0000000000
67638  -28.540  -4.123  -25.502 0.0000000000
65079  -26.250  -7.608  -28.551 0.0000000000
65889  -27.737  -6.433  -25.816 0.0000000000
67710  -25.068  -4.790  -30.516 0.0000000000
65960  -24.666  -6.308  -31.059 0.0000000000
59805  -26.797  -13.338  -25.901 0.0000000000
60635  -27.750  -12.262  -25.568 0.0000000000
59797  -28.395  -13.402  -24.844 0.0000000000
52396  -23.858  -21.844  -20.725 0.0000000000
52397  -24.448  -21.438  -20.854 0.0000000000
53424  -24.655  -20.482  -21.640 0.0000000000
58952  -24.809  -14.585  -27.243 0.0000000000
57325  -23.978  -15.727  -27.468 0.0000000000
77476  -23.239  6.877  -30.600 0.0000000000
129170  -22.107  3.484  -31.547 0.0000000000
108736  -23.453  4.914  -30.694 0.0000000000
111014  -23.678  4.047  -30.669 0.0000000000
75686  -25.312  4.782  -29.460 0.0000000000
74738  -24.407  3.111  -30.588 0.0000000000
71094  -25.154  -0.105  -30.820 0.0000000000
72804  -25.864  1.324  -30.170 0.0000000000
71929  -26.294  0.324  -29.606 0.0000000000
71910  -27.369  0.764  -28.486 0.0000000000
71072  -26.620  -0.395  -29.046 0.0000000000
130652  -26.832  -3.695  -28.481 0.0000000000
69452  -27.433  -2.263  -27.763 0.0000000000
110948  -27.688  -2.918  -27.271 0.0000000000
69441  -28.172  -2.718  -26.507 0.0000000000
67650  -27.639  -4.417  -26.870 0.0000000000
115998  -25.268  -10.156  -29.834 0.0000000000
64208  -25.761  -8.736  -29.652 0.0000000000
63312  -25.834  -9.682  -29.006 0.0000000000
108252  -27.501  -9.433  -25.891 0.0000000000
64176  -27.031  -8.767  -26.511 0.0000000000
64164  -28.002  -7.849  -25.115 0.0000000000
65878  -28.594  -6.416  -24.583 0.0000000000
65018  -28.955  -7.637  -24.072 0.0000000000
55437  -25.126  -18.737  -23.053 0.0000000000
55474  -24.291  -17.889  -24.241 0.0000000000
56396  -25.147  -17.568  -23.919 0.0000000000
56415  -25.561  -16.830  -24.245 0.0000000000
113555  -25.087  -2.912  -30.488 0.0000000000
69484  -26.287  -2.021  -29.275 0.0000000000
68648  -25.623  -3.375  -29.891 0.0000000000
66779  -26.107  -4.560  -29.322 0.0000000000
66768  -26.197  -5.452  -29.198 0.0000000000
61570  -25.981  -11.482  -27.625 0.0000000000
62433  -25.956  -10.198  -28.323 0.0000000000
61559  -26.621  -11.292  -26.865 0.0000000000
62417  -27.746  -10.506  -25.610 0.0000000000
63289  -28.227  -10.452  -24.956 0.0000000000
54480  -24.529  -19.409  -22.750 0.0000000000
60667  -25.166  -12.246  -28.814 0.0000000000
111429  -25.169  -13.096  -28.161 0.0000000000
59819  -25.940  -13.576  -26.377 0.0000000000
58935  -26.483  -14.592  -25.295 0.0000000000
80395  -22.898  10.679  -30.530 0.0000000000
78257  -21.110  7.708  -28.786 0.0000000000
116990  -22.871  9.050  -30.184 0.0000000000
79026  -24.955  8.828  -30.013 0.0000000000
78268  -25.217  8.061  -29.742 0.0000000000
112908  -25.536  7.432  -29.367 0.0000000000
76618  -22.904  5.324  -30.996 0.0000000000
77463  -25.132  6.599  -29.522 0.0000000000
77464  -25.966  6.830  -28.912 0.0000000000
77451  -26.510  6.158  -28.644 0.0000000000
76590  -27.096  5.490  -28.498 0.0000000000
111192  -27.068  3.887  -28.535 0.0000000000
73725  -23.770  1.930  -31.417 0.0000000000
123263  -25.641  2.283  -30.191 0.0000000000
73705  -26.429  2.442  -29.210 0.0000000000
74700  -27.890  3.256  -28.449 0.0000000000
73683  -27.714  2.368  -28.441 0.0000000000
71892  -28.236  0.525  -27.297 0.0000000000
70267  -27.121  -1.737  -28.282 0.0000000000
70250  -27.560  -1.273  -27.666 0.0000000000
117825  -25.360  -7.643  -30.233 0.0000000000
65937  -26.122  -7.147  -29.156 0.0000000000
65923  -26.612  -6.214  -27.955 0.0000000000
64187  -26.250  -8.756  -27.958 0.0000000000
65070  -26.702  -7.401  -27.086 0.0000000000
66730  -27.402  -5.872  -26.533 0.0000000000
66710  -27.866  -5.646  -25.845 0.0000000000
67629  -28.864  -4.442  -24.837 0.0000000000
57300  -24.941  -16.000  -25.197 0.0000000000
58126  -26.323  -15.286  -24.898 0.0000000000
121532  -27.521  -15.409  -24.365 0.0000000000
58936  -27.060  -13.884  -25.368 0.0000000000
59806  -27.636  -13.155  -25.404 0.0000000000
58926  -27.751  -13.940  -24.956 0.0000000000
58927  -28.418  -14.227  -24.559 0.0000000000
51409  -24.617  -22.143  -20.255 0.0000000000
75718  -22.768  3.753  -31.233 0.0000000000
74737  -23.475  3.255  -30.994 0.0000000000
125418  -23.804  2.642  -31.055 0.0000000000
70288  -25.152  -1.057  -30.601 0.0000000000
127024  -24.681  -0.706  -31.173 0.0000000000
71928  -25.794  0.170  -30.171 0.0000000000
123750  -26.111  -0.301  -29.664 0.0000000000
71086  -26.149  -1.029  -29.432 0.0000000000
67687  -26.943  -4.260  -28.243 0.0000000000
126355  -27.134  -3.604  -28.145 0.0000000000
68613  -27.455  -3.802  -27.576 0.0000000000
68601  -27.894  -3.592  -26.717 0.0000000000
121057  -25.602  -9.758  -29.540 0.0000000000
63275  -27.963  -8.831  -25.140 0.0000000000
64151  -28.529  -8.354  -24.454 0.0000000000
65028  -28.517  -7.328  -24.563 0.0000000000
120525  -29.211  -8.316  -23.786 0.0000000000
128042  -28.933  -9.302  -24.068 0.0000000000
55454  -25.587  -18.057  -23.355 0.0000000000
68663  -25.063  -3.852  -30.526 0.0000000000
66778  -25.694  -5.135  -29.907 0.0000000000
128426  -26.477  -4.711  -28.758 0.0000000000
61553  -27.783  -11.441  -25.634 0.0000000000
62418  -28.295  -11.122  -25.079 0.0000000000
62404  -28.732  -10.763  -24.610 0.0000000000
61544  -28.951  -11.549  -24.634 0.0000000000
51407  -22.771  -22.700  -20.669 0.0000000000
50381  -23.265  -23.153  -20.054 0.0000000000
53442  -25.040  -19.850  -22.017 0.0000000000
54457  -25.915  -19.674  -21.775 0.0000000000
58968  -25.209  -13.716  -27.289 0.0000000000
58953  -25.323  -14.178  -26.563 0.0000000000
58934  -25.745  -14.343  -25.883 0.0000000000
79709  -22.142  8.833  -28.961 0.0000000000
79716  -22.432  9.726  -29.513 0.0000000000
79724  -22.645  9.794  -30.141 0.0000000000
78280  -21.808  6.884  -30.182 0.0000000000
79022  -22.158  7.785  -29.813 0.0000000000
79023  -22.780  8.254  -30.151 0.0000000000
79024  -23.449  8.620  -30.274 0.0000000000
79025  -24.119  8.970  -30.238 0.0000000000
77477  -23.961  7.144  -30.278 0.0000000000
78283  -24.276  8.082  -30.113 0.0000000000
78267  -24.741  7.289  -29.859 0.0000000000
124545  -22.279  4.917  -31.283 0.0000000000
75706  -24.278  4.849  -30.218 0.0000000000
75685  -24.702  5.723  -29.834 0.0000000000
78258  -26.905  7.112  -28.598 0.0000000000
111372  -26.204  5.202  -28.771 0.0000000000
75687  -26.170  4.251  -28.887 0.0000000000
75670  -26.790  4.717  -28.570 0.0000000000
74721  -26.291  3.301  -29.014 0.0000000000
71093  -24.437  -0.117  -31.522 0.0000000000
71944  -23.951  0.536  -31.701 0.0000000000
72813  -24.614  1.434  -30.948 0.0000000000
110034  -24.559  2.237  -30.818 0.0000000000
72814  -25.383  1.822  -30.485 0.0000000000
125399  -26.560  1.767  -29.281 0.0000000000
73704  -26.041  1.948  -29.872 0.0000000000
74699  -27.033  2.864  -28.672 0.0000000000
118407  -27.925  1.068  -27.937 0.0000000000
72764  -28.560  1.440  -27.388 0.0000000000
70266  -26.678  -1.360  -28.830 0.0000000000
110603  -26.768  -2.072  -28.694 0.0000000000
70251  -28.124  -1.116  -26.884 0.0000000000
71056  -27.885  -0.371  -27.351 0.0000000000
68587  -28.402  -3.442  -25.932 0.0000000000
68580  -28.926  -3.440  -25.032 0.0000000000
118432  -24.998  -8.197  -30.522 0.0000000000
65078  -25.983  -8.216  -29.215 0.0000000000
65091  -25.781  -7.926  -29.708 0.0000000000
128647  -26.377  -6.821  -28.460 0.0000000000
62424  -26.472  -9.985  -27.296 0.0000000000
63313  -26.124  -9.486  -28.111 0.0000000000
63314  -26.492  -9.134  -27.246 0.0000000000
65059  -27.134  -7.848  -26.445 0.0000000000
65908  -27.248  -6.893  -26.452 0.0000000000
65924  -26.859  -6.482  -27.162 0.0000000000
66702  -28.790  -5.423  -24.550 0.0000000000
57286  -26.527  -16.506  -24.009 0.0000000000
58111  -25.803  -15.966  -24.643 0.0000000000
58112  -26.747  -15.698  -24.462 0.0000000000
57287  -27.243  -16.010  -24.059 0.0000000000
66788  -25.125  -5.719  -30.463 0.0000000000
65961  -25.215  -6.669  -30.371 0.0000000000
59820  -26.474  -12.934  -26.496 0.0000000000
60634  -27.102  -12.616  -26.081 0.0000000000
59807  -28.362  -12.643  -25.069 0.0000000000
128604  -28.872  -12.249  -24.769 0.0000000000
60627  -29.022  -12.873  -24.663 0.0000000000
59798  -29.083  -13.669  -24.434 0.0000000000
51408  -23.627  -22.464  -20.398 0.0000000000
53440  -23.524  -20.441  -22.514 0.0000000000
52412  -24.323  -20.988  -21.345 0.0000000000
52413  -25.027  -20.933  -21.084 0.0000000000
58967  -24.604  -14.286  -28.551 0.0000000000
58153  -24.313  -15.208  -27.954 0.0000000000
58139  -24.439  -15.317  -26.909 0.0000000000
79012  -21.801  8.099  -29.202 0.0000000000
78282  -23.397  7.720  -30.314 0.0000000000
77475  -22.444  6.424  -30.676 0.0000000000
111417  -23.096  6.086  -30.906 0.0000000000
75705  -22.786  4.570  -31.076 0.0000000000
75707  -24.791  3.953  -30.137 0.0000000000
129543  -25.235  3.222  -30.171 0.0000000000
112783  -25.364  0.866  -30.566 0.0000000000
125529  -25.981  0.777  -30.073 0.0000000000
72805  -26.378  1.137  -29.593 0.0000000000
72782  -26.959  1.285  -28.952 0.0000000000
71909  -26.804  0.512  -29.027 0.0000000000
110475  -27.160  -0.035  -28.454 0.0000000000
68634  -26.541  -3.391  -28.850 0.0000000000
69469  -27.040  -2.508  -28.313 0.0000000000
114655  -27.294  -3.056  -27.923 0.0000000000
67637  -28.101  -4.266  -26.141 0.0000000000
64218  -25.463  -8.644  -30.086 0.0000000000
63331  -25.539  -9.398  -29.805 0.0000000000
64197  -25.852  -9.123  -29.320 0.0000000000
64198  -26.124  -8.496  -28.661 0.0000000000
114534  -27.559  -8.352  -25.811 0.0000000000
65042  -27.639  -7.378  -25.792 0.0000000000
65043  -28.090  -6.888  -25.155 0.0000000000
65869  -29.028  -6.861  -24.061 0.0000000000
65870  -29.479  -6.369  -23.513 0.0000000000
65019  -29.512  -7.360  -23.501 0.0000000000
54499  -24.409  -18.891  -23.364 0.0000000000
55453  -24.742  -18.291  -23.624 0.0000000000
56414  -24.666  -17.108  -24.579 0.0000000000
57285  -25.115  -16.486  -24.708 0.0000000000
56397  -26.028  -17.324  -23.656 0.0000000000
56398  -26.904  -17.199  -23.445 0.0000000000
69496  -25.114  -1.973  -30.492 0.0000000000
70277  -25.646  -1.520  -29.918 0.0000000000
69483  -25.652  -2.461  -29.870 0.0000000000
113264  -26.168  -2.958  -29.330 0.0000000000
67700  -25.638  -4.256  -29.921 0.0000000000
68649  -26.086  -3.769  -29.326 0.0000000000
67686  -26.493  -4.059  -28.812 0.0000000000
66769  -26.663  -5.286  -28.246 0.0000000000
61569  -25.754  -10.946  -28.462 0.0000000000
62434  -26.214  -10.742  -27.546 0.0000000000
125231  -26.720  -10.635  -26.851 0.0000000000
60646  -27.211  -11.800  -26.223 0.0000000000
61560  -27.297  -10.995  -26.318 0.0000000000
117431  -27.147  -10.199  -26.445 0.0000000000
63288  -27.992  -9.761  -25.078 0.0000000000
63276  -28.542  -9.991  -24.566 0.0000000000
63277  -29.124  -10.304  -24.176 0.0000000000
60628  -29.553  -12.212  -24.350 0.0000000000
50380  -22.434  -23.410  -20.328 0.0000000000
54498  -23.688  -19.367  -23.471 0.0000000000
53441  -24.235  -20.122  -22.254 0.0000000000
54479  -23.805  -19.848  -22.802 0.0000000000
54481  -25.507  -19.213  -22.440 0.0000000000
61577  -25.268  -11.313  -29.246 0.0000000000
116090  -25.549  -11.633  -28.429 0.0000000000
60659  -25.643  -12.248  -27.807 0.0000000000
60644  -25.819  -12.944  -27.154 0.0000000000
127088  -26.398  -13.927  -25.735 0.0000000000
128874  -27.209  -14.409  -24.985 0.0000000000
80394  -22.511  10.564  -29.994 0.0000000000
79725  -23.372  9.636  -30.401 0.0000000000
79013  -25.811  8.689  -29.713 0.0000000000
130536  -25.910  8.099  -29.390 0.0000000000
79014  -26.627  8.569  -29.292 0.0000000000
76617  -22.194  5.490  -31.058 0.0000000000
76619  -23.770  5.730  -30.545 0.0000000000
77462  -24.315  6.490  -30.103 0.0000000000
78269  -26.353  7.710  -28.945 0.0000000000
77452  -27.463  6.390  -28.557 0.0000000000
72821  -23.445  1.234  -31.813 0.0000000000
73716  -25.231  2.570  -30.395 0.0000000000
116894  -25.806  2.778  -29.833 0.0000000000
72783  -27.553  1.557  -28.456 0.0000000000
115245  -28.218  1.893  -28.038 0.0000000000
73657  -28.889  2.292  -27.562 0.0000000000
71073  -27.125  -0.886  -28.383 0.0000000000
71055  -27.469  -0.466  -27.950 0.0000000000
70238  -28.376  -1.799  -26.337 0.0000000000
65952  -25.754  -6.957  -29.794 0.0000000000
127906  -26.065  -6.338  -29.368 0.0000000000
65938  -26.337  -6.185  -28.740 0.0000000000
66748  -27.012  -5.597  -27.379 0.0000000000
63323  -26.033  -9.141  -28.717 0.0000000000
64188  -26.587  -8.298  -27.135 0.0000000000
65069  -26.378  -7.930  -27.858 0.0000000000
113588  -26.497  -7.054  -27.823 0.0000000000
118641  -27.424  -5.123  -26.930 0.0000000000
112439  -27.776  -5.039  -26.289 0.0000000000
66711  -28.300  -4.980  -25.477 0.0000000000
110565  -28.229  -5.961  -25.229 0.0000000000
57312  -23.992  -15.994  -26.657 0.0000000000
58124  -24.592  -15.549  -25.952 0.0000000000
58125  -25.543  -15.206  -25.415 0.0000000000
58925  -27.017  -15.016  -24.783 0.0000000000
68635  -26.931  -3.165  -28.415 0.0000000000
129536  -25.311  -9.241  -30.110 0.0000000000
