#!ascii label  , from subject sub-v1s13x0050005_ses-1 vox2ras=TkReg
886
50380  -22.434  -23.410  -20.328 0.4285714328
51421  -23.146  -22.031  -21.004 0.2857142985
51407  -22.771  -22.700  -20.669 0.4285714328
52396  -23.858  -21.844  -20.725 0.4285714328
52397  -24.448  -21.438  -20.854 0.4285714328
52411  -23.648  -21.378  -21.349 0.2857142985
52413  -25.027  -20.933  -21.084 0.4285714328
53441  -24.235  -20.122  -22.254 0.4285714328
53442  -25.040  -19.850  -22.017 0.4285714328
54480  -24.529  -19.409  -22.750 0.4285714328
55437  -25.126  -18.737  -23.053 0.4285714328
55474  -24.291  -17.889  -24.241 0.5714285970
55453  -24.742  -18.291  -23.624 0.5714285970
55454  -25.587  -18.057  -23.355 0.4285714328
55455  -26.445  -17.877  -23.122 0.2857142985
56414  -24.666  -17.108  -24.579 0.7142857313
56397  -26.028  -17.324  -23.656 0.7142857313
58112  -26.747  -15.698  -24.462 0.7142857313
57287  -27.243  -16.010  -24.059 0.4285714328
56415  -25.561  -16.830  -24.245 0.7142857313
57286  -26.527  -16.506  -24.009 0.5714285970
124836  -27.719  -14.684  -24.663 0.5714285970
58126  -26.323  -15.286  -24.898 0.5714285970
58925  -27.017  -15.016  -24.783 0.5714285970
128874  -27.209  -14.409  -24.985 0.5714285970
58927  -28.418  -14.227  -24.559 0.4285714328
59806  -27.636  -13.155  -25.404 0.5714285970
59807  -28.362  -12.643  -25.069 0.5714285970
59819  -25.940  -13.576  -26.377 0.7142857313
60635  -27.750  -12.262  -25.568 0.7142857313
60636  -28.354  -11.891  -25.122 0.5714285970
59805  -26.797  -13.338  -25.901 0.5714285970
58968  -25.209  -13.716  -27.289 0.5714285970
60634  -27.102  -12.616  -26.081 0.8571428657
61553  -27.783  -11.441  -25.634 0.7142857313
62418  -28.295  -11.122  -25.079 0.5714285970
60645  -26.388  -12.173  -26.845 0.7142857313
60644  -25.819  -12.944  -27.154 0.5714285970
62417  -27.746  -10.506  -25.610 0.7142857313
63289  -28.227  -10.452  -24.956 0.5714285970
60646  -27.211  -11.800  -26.223 0.7142857313
108252  -27.501  -9.433  -25.891 0.5714285970
61560  -27.297  -10.995  -26.318 0.7142857313
126247  -28.372  -9.246  -24.644 0.5714285970
61559  -26.621  -11.292  -26.865 0.5714285970
125231  -26.720  -10.635  -26.851 0.7142857313
114534  -27.559  -8.352  -25.811 0.7142857313
63275  -27.963  -8.831  -25.140 0.7142857313
63314  -26.492  -9.134  -27.246 0.7142857313
64176  -27.031  -8.767  -26.511 0.7142857313
65889  -27.737  -6.433  -25.816 0.7142857313
65042  -27.639  -7.378  -25.792 0.5714285970
64188  -26.587  -8.298  -27.135 0.7142857313
62433  -25.956  -10.198  -28.323 0.5714285970
66710  -27.866  -5.646  -25.845 0.5714285970
64187  -26.250  -8.756  -27.958 0.8571428657
66730  -27.402  -5.872  -26.533 0.7142857313
65070  -26.702  -7.401  -27.086 0.8571428657
65924  -26.859  -6.482  -27.162 0.7142857313
68613  -27.455  -3.802  -27.576 0.8571428657
67650  -27.639  -4.417  -26.870 0.5714285970
66748  -27.012  -5.597  -27.379 0.8571428657
113588  -26.497  -7.054  -27.823 0.8571428657
114655  -27.294  -3.056  -27.923 0.8571428657
69452  -27.433  -2.263  -27.763 0.8571428657
70267  -27.121  -1.737  -28.282 0.8571428657
67663  -27.195  -4.731  -27.545 0.8571428657
69469  -27.040  -2.508  -28.313 0.8571428657
69484  -26.287  -2.021  -29.275 1.0000000000
110603  -26.768  -2.072  -28.694 1.0000000000
130652  -26.832  -3.695  -28.481 0.8571428657
70266  -26.678  -1.360  -28.830 1.0000000000
69468  -26.648  -2.694  -28.812 1.0000000000
71086  -26.149  -1.029  -29.432 1.0000000000
71094  -25.154  -0.105  -30.820 0.7142857313
70277  -25.646  -1.520  -29.918 1.0000000000
123750  -26.111  -0.301  -29.664 1.0000000000
73716  -25.231  2.570  -30.395 1.0000000000
110034  -24.559  2.237  -30.818 0.8571428657
111014  -23.678  4.047  -30.669 0.8571428657
74738  -24.407  3.111  -30.588 1.0000000000
77462  -24.315  6.490  -30.103 0.8571428657
108736  -23.453  4.914  -30.694 0.8571428657
75706  -24.278  4.849  -30.218 1.0000000000
78283  -24.276  8.082  -30.113 0.8571428657
78267  -24.741  7.289  -29.859 0.8571428657
77475  -22.444  6.424  -30.676 0.5714285970
79024  -23.449  8.620  -30.274 0.7142857313
79025  -24.119  8.970  -30.238 0.5714285970
79022  -22.158  7.785  -29.813 0.5714285970
78280  -21.808  6.884  -30.182 0.5714285970
79012  -21.801  8.099  -29.202 0.4285714328
79724  -22.645  9.794  -30.141 0.4285714328
80395  -22.898  10.679  -30.530 0.4285714328
79699  -21.937  8.820  -28.218 0.2857142985
79700  -22.341  9.425  -27.919 0.2857142985
79709  -22.142  8.833  -28.961 0.2857142985
52410  -22.777  -21.674  -21.721 0.2857142985
58936  -27.060  -13.884  -25.368 0.5714285970
112439  -27.776  -5.039  -26.289 0.5714285970
65908  -27.248  -6.893  -26.452 0.7142857313
110948  -27.688  -2.918  -27.271 0.8571428657
112783  -25.364  0.866  -30.566 0.8571428657
80372  -23.439  10.215  -27.246 0.1428571492
52429  -23.204  -21.084  -22.145 0.2857142985
53423  -23.903  -20.720  -21.837 0.2857142985
53424  -24.655  -20.482  -21.640 0.4285714328
54457  -25.915  -19.674  -21.775 0.4285714328
53461  -23.197  -20.115  -23.227 0.2857142985
54499  -24.409  -18.891  -23.364 0.4285714328
53440  -23.524  -20.441  -22.514 0.4285714328
54481  -25.507  -19.213  -22.440 0.4285714328
55452  -23.952  -18.616  -23.922 0.5714285970
56396  -25.147  -17.568  -23.919 0.5714285970
56398  -26.904  -17.199  -23.445 0.4285714328
56430  -24.144  -16.944  -25.171 0.2857142985
57285  -25.115  -16.486  -24.708 0.7142857313
58111  -25.803  -15.966  -24.643 0.7142857313
58125  -25.543  -15.206  -25.415 0.5714285970
59798  -29.083  -13.669  -24.434 0.4285714328
58934  -25.745  -14.343  -25.883 0.7142857313
58926  -27.751  -13.940  -24.956 0.7142857313
59797  -28.395  -13.402  -24.844 0.5714285970
60627  -29.022  -12.873  -24.663 0.4285714328
59820  -26.474  -12.934  -26.496 0.5714285970
64151  -28.529  -8.354  -24.454 0.5714285970
63276  -28.542  -9.991  -24.566 0.5714285970
63300  -26.913  -9.517  -26.652 0.7142857313
117431  -27.147  -10.199  -26.445 0.7142857313
64164  -28.002  -7.849  -25.115 0.5714285970
62434  -26.214  -10.742  -27.546 0.8571428657
65059  -27.134  -7.848  -26.445 0.7142857313
68601  -27.894  -3.592  -26.717 0.5714285970
66769  -26.663  -5.286  -28.246 1.0000000000
113264  -26.168  -2.958  -29.330 1.0000000000
71085  -25.657  -0.628  -30.082 0.8571428657
71937  -24.598  0.626  -31.146 0.7142857313
72804  -25.864  1.324  -30.170 1.0000000000
72814  -25.383  1.822  -30.485 1.0000000000
72813  -24.614  1.434  -30.948 0.7142857313
76619  -23.770  5.730  -30.545 0.8571428657
75707  -24.791  3.953  -30.137 1.0000000000
77476  -23.239  6.877  -30.600 0.7142857313
113063  -22.489  8.813  -29.662 0.7142857313
78281  -22.620  7.353  -30.361 0.5714285970
79023  -22.780  8.254  -30.151 0.7142857313
116990  -22.871  9.050  -30.184 0.7142857313
78257  -21.110  7.708  -28.786 0.4285714328
79710  -22.325  9.556  -28.745 0.2857142985
79716  -22.432  9.726  -29.513 0.4285714328
79725  -23.372  9.636  -30.401 0.4285714328
80382  -22.554  10.164  -28.387 0.2857142985
80394  -22.511  10.564  -29.994 0.4285714328
57300  -24.941  -16.000  -25.197 0.4285714328
58124  -24.592  -15.549  -25.952 0.4285714328
50381  -23.265  -23.153  -20.054 0.4285714328
51408  -23.627  -22.464  -20.398 0.4285714328
51420  -22.396  -22.358  -21.403 0.2857142985
51419  -21.659  -22.707  -21.870 0.2857142985
51409  -24.617  -22.143  -20.255 0.4285714328
52428  -22.475  -21.435  -22.547 0.2857142985
52412  -24.323  -20.988  -21.345 0.4285714328
54479  -23.805  -19.848  -22.802 0.2857142985
54498  -23.688  -19.367  -23.471 0.4285714328
56413  -23.838  -17.529  -24.924 0.2857142985
58935  -26.483  -14.592  -25.295 0.5714285970
127088  -26.398  -13.927  -25.735 0.5714285970
128604  -28.872  -12.249  -24.769 0.5714285970
58953  -25.323  -14.178  -26.563 0.7142857313
63288  -27.992  -9.761  -25.078 0.5714285970
61570  -25.981  -11.482  -27.625 0.7142857313
62424  -26.472  -9.985  -27.296 0.8571428657
63313  -26.124  -9.486  -28.111 0.8571428657
118641  -27.424  -5.123  -26.930 0.8571428657
67687  -26.943  -4.260  -28.243 0.8571428657
126355  -27.134  -3.604  -28.145 0.8571428657
65923  -26.612  -6.214  -27.955 0.8571428657
68634  -26.541  -3.391  -28.850 1.0000000000
126770  -23.687  6.463  -30.525 0.8571428657
77477  -23.961  7.144  -30.278 0.8571428657
78282  -23.397  7.720  -30.314 0.7142857313
79688  -21.885  8.906  -27.506 0.2857142985
80371  -22.805  9.899  -27.519 0.2857142985
53439  -22.816  -20.769  -22.886 0.2857142985
57284  -24.586  -16.566  -25.033 0.2857142985
82428  -24.342  13.352  -31.555 0.2857142985
115414  -24.368  13.743  -31.529 0.1428571492
81106  -23.678  12.069  -30.697 0.2857142985
81782  -24.522  12.919  -31.662 0.2857142985
82427  -24.004  13.013  -30.975 0.1428571492
81089  -22.529  11.203  -29.682 0.1428571492
81097  -23.123  11.515  -30.566 0.2857142985
81770  -22.894  11.715  -30.120 0.1428571492
81789  -25.038  12.747  -32.558 0.2857142985
81107  -24.271  12.277  -31.087 0.2857142985
80410  -26.887  10.593  -32.643 0.2857142985
81109  -26.022  11.536  -31.841 0.2857142985
82424  -23.959  12.785  -30.304 0.1428571492
127673  -23.292  11.119  -30.671 0.2857142985
126938  -25.959  10.160  -30.330 0.2857142985
81108  -25.238  12.194  -31.637 0.2857142985
79718  -27.109  9.206  -29.796 0.1428571492
80406  -26.323  10.956  -31.312 0.2857142985
81100  -25.714  11.497  -31.232 0.2857142985
81771  -23.338  12.254  -29.831 0.1428571492
121132  -24.719  11.036  -30.677 0.2857142985
81098  -23.841  11.522  -30.749 0.2857142985
79029  -29.270  8.342  -30.600 0.1428571492
79028  -28.657  8.759  -30.344 0.1428571492
80399  -26.629  10.226  -30.769 0.4285714328
80397  -25.121  10.336  -30.414 0.2857142985
78258  -26.905  7.112  -28.598 0.2857142985
130536  -25.910  8.099  -29.390 0.4285714328
79727  -25.643  9.494  -30.078 0.2857142985
80396  -23.884  10.595  -30.609 0.2857142985
77453  -28.222  6.513  -28.721 0.1428571492
78270  -27.242  8.002  -28.807 0.2857142985
79013  -25.811  8.689  -29.713 0.4285714328
78269  -26.353  7.710  -28.945 0.5714285970
78268  -25.217  8.061  -29.742 0.7142857313
75671  -27.566  4.793  -28.495 0.1428571492
77452  -27.463  6.390  -28.557 0.1428571492
79026  -24.955  8.828  -30.013 0.4285714328
120185  -28.097  4.160  -28.483 0.2857142985
111192  -27.068  3.887  -28.535 0.7142857313
77463  -25.132  6.599  -29.522 0.7142857313
111372  -26.204  5.202  -28.771 0.8571428657
76601  -25.574  5.875  -29.101 0.5714285970
112007  -28.483  2.751  -28.134 0.2857142985
74700  -27.890  3.256  -28.449 0.2857142985
76618  -22.904  5.324  -30.996 0.5714285970
74721  -26.291  3.301  -29.014 0.7142857313
73657  -28.889  2.292  -27.562 0.1428571492
67710  -25.068  -4.790  -30.516 0.5714285970
69483  -25.652  -2.461  -29.870 0.8571428657
113555  -25.087  -2.912  -30.488 0.4285714328
70288  -25.152  -1.057  -30.601 0.5714285970
123263  -25.641  2.283  -30.191 0.8571428657
72805  -26.378  1.137  -29.593 0.8571428657
116894  -25.806  2.778  -29.833 0.8571428657
118407  -27.925  1.068  -27.937 0.2857142985
73705  -26.429  2.442  -29.210 0.8571428657
75686  -25.312  4.782  -29.460 0.8571428657
72764  -28.560  1.440  -27.388 0.4285714328
73682  -27.037  2.037  -28.828 0.7142857313
74699  -27.033  2.864  -28.672 0.7142857313
66787  -24.559  -5.364  -31.209 0.2857142985
68648  -25.623  -3.375  -29.891 0.5714285970
68663  -25.063  -3.852  -30.526 0.5714285970
71929  -26.294  0.324  -29.606 0.8571428657
125529  -25.981  0.777  -30.073 0.8571428657
125399  -26.560  1.767  -29.281 0.8571428657
73704  -26.041  1.948  -29.872 0.8571428657
71910  -27.369  0.764  -28.486 0.8571428657
71892  -28.236  0.525  -27.297 0.4285714328
121057  -25.602  -9.758  -29.540 0.7142857313
64218  -25.463  -8.644  -30.086 0.4285714328
63312  -25.834  -9.682  -29.006 0.7142857313
65079  -26.250  -7.608  -28.551 0.8571428657
65952  -25.754  -6.957  -29.794 0.5714285970
65961  -25.215  -6.669  -30.371 0.5714285970
65960  -24.666  -6.308  -31.059 0.4285714328
65938  -26.337  -6.185  -28.740 0.8571428657
123676  -25.701  -6.036  -29.852 0.5714285970
128426  -26.477  -4.711  -28.758 0.8571428657
66779  -26.107  -4.560  -29.322 0.7142857313
66778  -25.694  -5.135  -29.907 0.5714285970
70250  -27.560  -1.273  -27.666 0.7142857313
110475  -27.160  -0.035  -28.454 0.7142857313
71909  -26.804  0.512  -29.027 0.8571428657
109969  -28.568  -1.014  -26.260 0.2857142985
71056  -27.885  -0.371  -27.351 0.4285714328
62442  -25.553  -10.381  -29.281 0.4285714328
115998  -25.268  -10.156  -29.834 0.4285714328
65069  -26.378  -7.930  -27.858 0.7142857313
128647  -26.377  -6.821  -28.460 0.7142857313
66768  -26.197  -5.452  -29.198 0.8571428657
70238  -28.376  -1.799  -26.337 0.2857142985
69440  -27.857  -2.021  -27.059 0.5714285970
60659  -25.643  -12.248  -27.807 0.4285714328
60667  -25.166  -12.246  -28.814 0.5714285970
67637  -28.101  -4.266  -26.141 0.4285714328
69441  -28.172  -2.718  -26.507 0.4285714328
58952  -24.809  -14.585  -27.243 0.5714285970
63277  -29.124  -10.304  -24.176 0.4285714328
66702  -28.790  -5.423  -24.550 0.4285714328
67629  -28.864  -4.442  -24.837 0.4285714328
66711  -28.300  -4.980  -25.477 0.4285714328
55439  -26.849  -18.392  -22.578 0.1428571492
65028  -28.517  -7.328  -24.563 0.4285714328
65878  -28.594  -6.416  -24.583 0.4285714328
56380  -27.283  -17.745  -22.927 0.1428571492
56399  -27.716  -17.141  -23.268 0.1428571492
58914  -29.130  -14.586  -24.030 0.2857142985
61529  -30.636  -11.754  -23.457 0.2857142985
63247  -30.072  -9.264  -23.193 0.2857142985
63263  -29.581  -9.816  -23.679 0.2857142985
60628  -29.553  -12.212  -24.350 0.4285714328
65003  -29.910  -8.267  -23.165 0.2857142985
62405  -29.246  -10.993  -24.328 0.2857142985
120525  -29.211  -8.316  -23.786 0.4285714328
55440  -27.701  -18.289  -22.461 0.1428571492
56381  -28.100  -17.637  -22.799 0.1428571492
119869  -28.700  -16.315  -23.450 0.2857142985
58917  -31.039  -14.147  -23.235 0.2857142985
60614  -30.617  -12.651  -23.586 0.2857142985
60613  -30.020  -12.681  -24.006 0.2857142985
59788  -29.629  -13.090  -24.260 0.2857142985
120177  -30.137  -12.178  -23.869 0.2857142985
56382  -28.907  -17.476  -22.682 0.1428571492
58085  -30.798  -15.699  -23.024 0.2857142985
56383  -29.736  -17.291  -22.586 0.2857142985
58102  -30.334  -15.068  -23.453 0.2857142985
57269  -29.488  -16.028  -23.396 0.2857142985
113451  -28.069  -16.598  -23.481 0.2857142985
52398  -25.328  -21.501  -20.539 0.2857142985
54458  -26.801  -19.548  -21.602 0.1428571492
54483  -27.269  -18.905  -22.035 0.1428571492
50364  -23.668  -23.612  -19.646 0.2857142985
119604  -23.706  -24.316  -19.291 0.2857142985
49412  -22.115  -24.097  -19.921 0.2857142985
53426  -26.358  -20.225  -21.211 0.2857142985
126849  -24.248  -23.770  -19.482 0.1428571492
49394  -22.680  -24.623  -19.328 0.2857142985
126436  -22.208  -25.159  -19.236 0.1428571492
57268  -28.471  -17.010  -23.151 0.1428571492
57254  -30.166  -16.468  -22.955 0.2857142985
58899  -30.927  -14.834  -23.191 0.2857142985
59789  -30.206  -13.313  -23.822 0.2857142985
62389  -30.417  -10.963  -23.473 0.2857142985
62404  -28.732  -10.763  -24.610 0.4285714328
128042  -28.933  -9.302  -24.068 0.4285714328
64143  -29.517  -9.001  -23.551 0.2857142985
65019  -29.512  -7.360  -23.501 0.2857142985
64208  -25.761  -8.736  -29.652 0.7142857313
65869  -29.028  -6.861  -24.061 0.4285714328
110565  -28.229  -5.961  -25.229 0.4285714328
69427  -28.720  -2.466  -25.609 0.2857142985
70224  -28.878  -1.432  -25.690 0.2857142985
70251  -28.124  -1.116  -26.884 0.5714285970
71911  -27.639  0.252  -27.889 0.7142857313
129543  -25.235  3.222  -30.171 0.8571428657
111417  -23.096  6.086  -30.906 0.5714285970
71043  -28.554  -0.180  -26.597 0.2857142985
74720  -25.610  3.708  -29.577 0.8571428657
75685  -24.702  5.723  -29.834 0.8571428657
81772  -24.112  12.686  -29.450 0.1428571492
79729  -27.273  9.546  -30.472 0.2857142985
79027  -27.912  9.170  -29.976 0.1428571492
51392  -24.229  -23.042  -19.802 0.1428571492
50390  -21.987  -23.040  -21.076 0.2857142985
51411  -26.292  -22.203  -19.852 0.1428571492
53425  -25.487  -20.344  -21.416 0.2857142985
55421  -28.116  -18.783  -21.921 0.1428571492
55442  -29.337  -17.999  -22.228 0.1428571492
56367  -30.114  -17.803  -22.053 0.1428571492
58113  -28.296  -15.069  -24.233 0.2857142985
58101  -29.648  -15.250  -23.610 0.2857142985
58916  -30.424  -14.186  -23.557 0.2857142985
60615  -31.256  -12.190  -23.045 0.2857142985
61508  -30.998  -11.123  -23.066 0.2857142985
116090  -25.549  -11.633  -28.429 0.5714285970
62450  -24.853  -10.772  -29.940 0.2857142985
126902  -30.061  -7.420  -22.934 0.2857142985
65852  -29.962  -6.703  -22.973 0.2857142985
64197  -25.852  -9.123  -29.320 0.7142857313
64198  -26.124  -8.496  -28.661 0.5714285970
118432  -24.998  -8.197  -30.522 0.4285714328
65091  -25.781  -7.926  -29.708 0.5714285970
65870  -29.479  -6.369  -23.513 0.4285714328
67709  -24.419  -4.364  -31.219 0.2857142985
66788  -25.125  -5.719  -30.463 0.5714285970
66694  -29.040  -6.086  -24.047 0.2857142985
65043  -28.090  -6.888  -25.155 0.4285714328
127906  -26.065  -6.338  -29.368 0.7142857313
66703  -29.235  -4.721  -24.169 0.1428571492
68580  -28.926  -3.440  -25.032 0.4285714328
67638  -28.540  -4.123  -25.502 0.4285714328
69417  -29.241  -2.606  -24.863 0.1428571492
69428  -29.327  -1.844  -25.039 0.1428571492
72783  -27.553  1.557  -28.456 0.7142857313
73658  -29.679  2.640  -27.159 0.2857142985
80388  -22.383  10.451  -29.236 0.2857142985
73683  -27.714  2.368  -28.441 0.4285714328
74701  -28.866  3.694  -28.319 0.1428571492
76590  -27.096  5.490  -28.498 0.5714285970
120402  -28.329  4.891  -28.569 0.1428571492
76591  -28.078  5.655  -28.585 0.1428571492
77451  -26.510  6.158  -28.644 0.5714285970
76592  -28.911  5.323  -28.816 0.1428571492
79728  -26.510  9.629  -30.162 0.2857142985
109024  -27.960  8.163  -28.994 0.2857142985
78271  -28.551  7.802  -29.300 0.1428571492
78284  -29.045  8.217  -29.913 0.1428571492
80407  -27.036  10.331  -31.711 0.2857142985
79739  -27.490  9.793  -32.619 0.2857142985
79735  -27.546  9.604  -31.728 0.1428571492
79040  -27.973  9.029  -32.192 0.1428571492
51394  -26.565  -22.743  -19.638 0.1428571492
54460  -28.545  -19.308  -21.411 0.1428571492
62370  -30.848  -10.391  -22.964 0.2857142985
71044  -29.100  -0.577  -25.892 0.2857142985
118553  -28.493  8.614  -31.874 0.1428571492
80415  -27.099  10.177  -33.293 0.2857142985
50379  -21.604  -23.753  -20.683 0.2857142985
115885  -25.218  -22.766  -19.718 0.1428571492
51393  -25.934  -22.619  -19.724 0.1428571492
52399  -26.329  -21.572  -20.286 0.1428571492
53410  -25.896  -20.889  -20.844 0.1428571492
55438  -25.987  -18.545  -22.782 0.1428571492
57267  -27.412  -16.560  -23.675 0.2857142985
121532  -27.521  -15.409  -24.365 0.4285714328
58099  -28.014  -15.920  -23.845 0.2857142985
61544  -28.951  -11.549  -24.634 0.4285714328
63323  -26.033  -9.141  -28.717 0.7142857313
71073  -27.125  -0.886  -28.383 0.7142857313
67686  -26.493  -4.059  -28.812 0.8571428657
68649  -26.086  -3.769  -29.326 0.8571428657
71072  -26.620  -0.395  -29.046 0.8571428657
71928  -25.794  0.170  -30.171 0.8571428657
79726  -24.537  9.654  -30.311 0.2857142985
54482  -26.399  -19.058  -22.218 0.1428571492
58140  -25.038  -14.833  -26.279 0.5714285970
58915  -29.725  -13.888  -23.971 0.2857142985
81096  -22.702  11.181  -30.277 0.2857142985
81781  -24.005  12.695  -31.010 0.2857142985
81778  -23.547  12.222  -30.502 0.2857142985
80409  -26.521  10.955  -32.031 0.2857142985
81112  -25.680  11.995  -32.374 0.2857142985
80398  -25.693  10.900  -30.712 0.2857142985
81099  -24.937  11.640  -30.968 0.2857142985
79717  -26.351  9.127  -29.772 0.2857142985
124779  -28.020  9.163  -31.075 0.1428571492
78295  -28.944  8.563  -31.180 0.1428571492
79016  -28.333  8.563  -29.588 0.1428571492
118235  -27.280  9.750  -31.145 0.1428571492
78259  -27.888  7.317  -28.744 0.1428571492
112908  -25.536  7.432  -29.367 0.5714285970
79014  -26.627  8.569  -29.292 0.4285714328
77465  -28.717  6.984  -29.080 0.1428571492
79015  -27.566  8.702  -29.312 0.2857142985
77464  -25.966  6.830  -28.912 0.5714285970
75670  -26.790  4.717  -28.570 0.4285714328
75687  -26.170  4.251  -28.887 0.7142857313
115245  -28.218  1.893  -28.038 0.4285714328
67700  -25.638  -4.256  -29.921 0.5714285970
69496  -25.114  -1.973  -30.492 0.4285714328
72782  -26.959  1.285  -28.952 0.8571428657
63331  -25.539  -9.398  -29.805 0.4285714328
65078  -25.983  -8.216  -29.215 0.7142857313
65937  -26.122  -7.147  -29.156 0.7142857313
117825  -25.360  -7.643  -30.233 0.4285714328
65100  -24.729  -7.343  -30.847 0.2857142985
71055  -27.469  -0.466  -27.950 0.7142857313
61569  -25.754  -10.946  -28.462 0.5714285970
61577  -25.268  -11.313  -29.246 0.5714285970
68587  -28.402  -3.442  -25.932 0.4285714328
65018  -28.955  -7.637  -24.072 0.4285714328
58100  -28.869  -15.510  -23.727 0.2857142985
119833  -29.858  -14.588  -23.719 0.2857142985
62388  -29.745  -10.772  -23.899 0.2857142985
61528  -29.997  -11.567  -23.904 0.2857142985
61545  -29.522  -11.444  -24.249 0.2857142985
55441  -28.527  -18.167  -22.355 0.1428571492
57253  -29.262  -16.772  -23.054 0.2857142985
59790  -30.835  -13.487  -23.440 0.2857142985
57270  -30.129  -15.730  -23.344 0.2857142985
49396  -24.692  -24.313  -19.239 0.1428571492
49397  -25.584  -24.204  -19.290 0.1428571492
50366  -25.943  -23.348  -19.512 0.1428571492
51412  -26.969  -22.095  -19.823 0.1428571492
81090  -22.881  11.790  -29.318 0.1428571492
75705  -22.786  4.570  -31.076 0.5714285970
73724  -22.814  2.802  -31.532 0.4285714328
129170  -22.107  3.484  -31.547 0.4285714328
75718  -22.768  3.753  -31.233 0.5714285970
71944  -23.951  0.536  -31.701 0.4285714328
73725  -23.770  1.930  -31.417 0.4285714328
72821  -23.445  1.234  -31.813 0.4285714328
125418  -23.804  2.642  -31.055 0.5714285970
74737  -23.475  3.255  -30.994 0.5714285970
127024  -24.681  -0.706  -31.173 0.5714285970
116096  -31.178  -9.021  -22.336 0.1428571492
64130  -30.558  -8.697  -22.692 0.1428571492
65004  -30.525  -7.813  -22.599 0.1428571492
55473  -23.509  -18.282  -24.650 0.2857142985
63264  -30.237  -10.149  -23.356 0.1428571492
63225  -33.165  -9.571  -21.061 0.1428571492
63223  -31.828  -9.223  -21.967 0.1428571492
64109  -33.229  -8.571  -21.110 0.1428571492
126468  -31.605  -8.528  -21.940 0.1428571492
110260  -33.009  -7.847  -21.385 0.1428571492
54518  -23.205  -19.053  -24.357 0.2857142985
120751  -31.868  -12.059  -22.499 0.1428571492
62346  -32.500  -10.754  -21.822 0.1428571492
61509  -31.546  -11.421  -22.670 0.1428571492
121079  -32.674  -10.071  -21.533 0.1428571492
63203  -34.568  -9.179  -20.474 0.1428571492
64986  -36.086  -7.742  -21.687 0.1428571492
64090  -35.218  -8.535  -20.604 0.1428571492
64985  -35.286  -7.420  -21.483 0.1428571492
54517  -22.456  -19.494  -24.906 0.2857142985
58900  -32.207  -14.626  -22.219 0.1428571492
59745  -32.651  -13.950  -21.734 0.1428571492
60593  -31.808  -12.888  -22.607 0.1428571492
61482  -33.466  -11.382  -20.915 0.1428571492
60576  -33.282  -12.211  -21.218 0.1428571492
62323  -33.907  -10.703  -20.458 0.1428571492
61481  -32.863  -11.448  -21.571 0.1428571492
62324  -34.691  -10.082  -20.094 0.1428571492
63205  -36.386  -9.285  -20.230 0.1428571492
64112  -37.195  -8.691  -21.437 0.1428571492
64091  -36.048  -8.685  -20.578 0.1428571492
54497  -22.837  -19.784  -24.032 0.2857142985
53481  -22.135  -20.247  -24.604 0.2857142985
53459  -21.781  -20.844  -24.082 0.2857142985
58086  -31.481  -15.880  -22.526 0.1428571492
130807  -32.326  -15.271  -22.022 0.1428571492
58875  -32.719  -14.866  -21.633 0.1428571492
60558  -33.803  -12.342  -20.480 0.1428571492
119628  -32.956  -13.069  -21.556 0.1428571492
61436  -35.490  -11.315  -19.274 0.1428571492
63190  -36.298  -9.941  -19.673 0.1428571492
62311  -35.856  -10.616  -19.360 0.1428571492
64132  -37.511  -8.532  -22.305 0.1428571492
64987  -36.793  -8.130  -21.976 0.1428571492
57255  -30.987  -16.484  -22.543 0.1428571492
58067  -32.094  -15.868  -22.069 0.1428571492
57241  -32.416  -16.428  -21.557 0.1428571492
58863  -33.769  -14.741  -20.478 0.1428571492
57230  -33.142  -16.183  -21.054 0.1428571492
59709  -35.318  -13.572  -18.816 0.1428571492
58876  -33.255  -14.397  -21.154 0.1428571492
113831  -34.771  -12.880  -19.261 0.1428571492
120142  -33.666  -13.859  -20.602 0.1428571492
111288  -35.114  -12.065  -19.250 0.1428571492
129129  -37.582  -9.824  -20.419 0.1428571492
62312  -36.473  -10.665  -19.290 0.1428571492
109776  -37.576  -9.390  -20.907 0.1428571492
125168  -32.107  -17.053  -21.506 0.1428571492
56384  -30.518  -17.130  -22.386 0.1428571492
57217  -34.161  -16.470  -19.778 0.1428571492
57231  -33.567  -16.741  -20.399 0.1428571492
58843  -34.327  -15.008  -19.670 0.1428571492
125022  -33.832  -15.761  -20.303 0.1428571492
58068  -32.664  -15.658  -21.580 0.1428571492
59699  -36.539  -13.144  -18.484 0.1428571492
58844  -35.732  -14.516  -18.675 0.1428571492
60530  -36.186  -12.518  -18.555 0.1428571492
61438  -37.114  -11.923  -18.735 0.1428571492
60541  -35.498  -12.675  -18.796 0.1428571492
63206  -37.057  -9.666  -20.130 0.1428571492
60542  -35.830  -11.916  -18.844 0.1428571492
127667  -34.939  -17.446  -19.128 0.1428571492
118855  -32.787  -17.133  -20.992 0.1428571492
58044  -36.241  -15.521  -18.706 0.1428571492
57219  -36.020  -16.485  -18.800 0.1428571492
58845  -36.811  -14.549  -18.615 0.1428571492
61447  -37.608  -11.744  -19.117 0.1428571492
59710  -37.873  -13.295  -19.189 0.1428571492
58042  -34.556  -15.850  -19.412 0.1428571492
58069  -33.274  -15.273  -21.075 0.1428571492
58842  -34.200  -14.126  -19.886 0.1428571492
59729  -34.127  -13.159  -20.042 0.1428571492
117971  -31.223  -12.973  -23.193 0.1428571492
65008  -37.080  -8.040  -22.827 0.1428571492
64092  -36.806  -8.955  -20.698 0.1428571492
114654  -33.838  -9.836  -20.574 0.1428571492
63204  -35.544  -9.364  -20.160 0.1428571492
119070  -30.696  -9.573  -22.817 0.1428571492
53460  -22.488  -20.499  -23.699 0.2857142985
62313  -37.609  -10.980  -19.530 0.1428571492
62326  -38.118  -10.122  -20.738 0.1428571492
64133  -38.287  -8.908  -22.632 0.1428571492
65021  -37.339  -7.979  -23.651 0.1428571492
71093  -24.437  -0.117  -31.522 0.4285714328
64111  -36.447  -8.337  -21.194 0.1428571492
64984  -34.601  -7.584  -21.208 0.1428571492
65005  -31.145  -7.307  -22.195 0.1428571492
124545  -22.279  4.917  -31.283 0.4285714328
76617  -22.194  5.490  -31.058 0.4285714328
79745  -27.375  9.504  -33.632 0.1428571492
80414  -26.603  10.742  -33.522 0.1428571492
125677  -31.529  -14.524  -22.761 0.1428571492
57240  -31.683  -16.590  -22.014 0.1428571492
56385  -31.132  -17.041  -22.123 0.1428571492
111748  -31.323  -15.260  -22.809 0.1428571492
130761  -31.099  -11.616  -23.083 0.1428571492
66695  -29.450  -5.389  -23.641 0.1428571492
62371  -31.460  -10.622  -22.602 0.1428571492
63248  -31.356  -9.828  -22.480 0.1428571492
64131  -31.101  -8.193  -22.236 0.1428571492
63224  -32.507  -9.342  -21.508 0.1428571492
64108  -32.311  -8.403  -21.564 0.1428571492
63202  -33.802  -9.066  -20.750 0.1428571492
62345  -32.057  -10.106  -22.065 0.1428571492
127171  -33.183  -7.250  -21.526 0.1428571492
64089  -34.319  -8.307  -20.850 0.1428571492
60594  -32.510  -12.335  -21.992 0.1428571492
61510  -32.233  -11.476  -22.174 0.1428571492
62372  -31.977  -10.872  -22.294 0.1428571492
62347  -33.182  -10.541  -21.140 0.1428571492
64965  -35.700  -8.055  -21.018 0.1428571492
58087  -31.849  -15.258  -22.441 0.1428571492
59767  -32.004  -13.811  -22.413 0.1428571492
59744  -32.416  -13.211  -22.098 0.1428571492
60539  -34.049  -11.546  -20.300 0.1428571492
59728  -33.512  -13.054  -20.865 0.1428571492
62310  -35.140  -10.718  -19.667 0.1428571492
61446  -34.748  -11.440  -19.678 0.1428571492
62325  -35.513  -10.101  -19.726 0.1428571492
125434  -33.242  -13.670  -21.214 0.1428571492
60540  -34.401  -12.231  -19.808 0.1428571492
62298  -36.198  -11.233  -19.014 0.1428571492
63191  -37.019  -10.399  -19.524 0.1428571492
56369  -31.533  -17.340  -21.675 0.1428571492
59708  -34.592  -13.618  -19.370 0.1428571492
109633  -34.819  -14.351  -19.144 0.1428571492
57218  -34.906  -16.678  -19.119 0.1428571492
59700  -37.224  -13.193  -18.632 0.1428571492
61437  -36.539  -11.856  -18.717 0.1428571492
60544  -38.053  -12.402  -19.393 0.1428571492
58043  -35.123  -15.210  -18.992 0.1428571492
118186  -35.334  -15.954  -18.917 0.1428571492
48473  -20.949  -25.515  -19.692 0.1428571492
49411  -21.376  -24.481  -20.256 0.1428571492
49410  -19.998  -24.757  -21.149 0.1428571492
49420  -20.745  -24.228  -21.096 0.1428571492
50389  -21.173  -23.440  -21.620 0.1428571492
51431  -20.457  -22.731  -22.690 0.1428571492
51451  -21.194  -21.959  -23.284 0.1428571492
51433  -22.088  -22.084  -22.213 0.1428571492
52447  -22.164  -21.180  -23.341 0.1428571492
52445  -20.682  -21.630  -23.621 0.1428571492
52446  -21.442  -21.439  -23.626 0.1428571492
53479  -20.621  -20.518  -24.771 0.1428571492
54534  -21.647  -19.787  -25.373 0.1428571492
54535  -22.154  -19.163  -25.671 0.2857142985
55472  -22.767  -18.716  -25.175 0.1428571492
55491  -22.375  -18.389  -26.104 0.2857142985
57299  -24.145  -16.391  -25.718 0.2857142985
58967  -24.604  -14.286  -28.551 0.4285714328
111429  -25.169  -13.096  -28.161 0.4285714328
70287  -24.562  -1.487  -31.088 0.2857142985
110656  -21.395  2.802  -32.044 0.2857142985
75717  -22.130  4.226  -31.410 0.4285714328
55490  -21.606  -18.955  -26.024 0.1428571492
56429  -23.562  -17.194  -25.772 0.1428571492
50396  -20.606  -23.263  -22.173 0.1428571492
51449  -20.092  -22.109  -23.142 0.1428571492
53458  -20.267  -20.900  -24.062 0.1428571492
53495  -20.971  -20.145  -25.315 0.1428571492
54533  -20.957  -19.559  -25.652 0.1428571492
55504  -21.786  -18.044  -26.483 0.2857142985
55505  -22.945  -17.597  -26.292 0.2857142985
56443  -22.957  -16.975  -26.912 0.2857142985
124767  -23.258  -17.161  -26.414 0.2857142985
58139  -24.439  -15.317  -26.909 0.4285714328
58153  -24.313  -15.208  -27.954 0.4285714328
58981  -24.174  -14.630  -29.229 0.2857142985
69495  -24.494  -2.408  -31.034 0.2857142985
69512  -23.937  -1.929  -31.610 0.2857142985
71101  -23.332  -0.889  -32.248 0.2857142985
71102  -23.748  -0.163  -32.056 0.2857142985
72822  -24.072  1.145  -31.388 0.2857142985
72820  -22.251  1.828  -32.243 0.2857142985
72819  -21.528  1.997  -32.387 0.2857142985
74744  -21.957  2.921  -31.793 0.2857142985
57311  -23.543  -16.703  -26.521 0.2857142985
113105  -24.065  -0.945  -31.722 0.2857142985
124106  -23.902  -2.783  -31.584 0.2857142985
71951  -22.904  -0.180  -32.428 0.2857142985
71950  -22.300  0.650  -32.540 0.2857142985
108802  -23.220  0.566  -32.159 0.2857142985
72827  -22.065  1.417  -32.443 0.2857142985
110718  -22.890  1.944  -31.975 0.2857142985
112372  -22.576  -0.989  -32.615 0.2857142985
71111  -22.026  -0.244  -32.745 0.2857142985
52427  -21.782  -21.773  -22.970 0.1428571492
57312  -23.992  -15.994  -26.657 0.4285714328
73723  -22.068  2.404  -32.034 0.2857142985
71943  -22.728  1.295  -32.232 0.2857142985
55492  -23.151  -17.964  -25.477 0.1428571492
53480  -21.380  -20.484  -24.806 0.1428571492
52460  -21.047  -21.024  -24.221 0.1428571492
48488  -20.615  -25.011  -20.381 0.1428571492
50388  -20.371  -23.739  -21.807 0.1428571492
50397  -21.068  -22.968  -22.267 0.1428571492
51450  -20.736  -22.205  -23.145 0.1428571492
52444  -19.828  -21.349  -23.453 0.1428571492
57325  -23.978  -15.727  -27.468 0.4285714328
60675  -24.435  -12.553  -29.758 0.2857142985
59844  -24.693  -13.151  -29.254 0.2857142985
115813  -25.138  -10.740  -29.661 0.2857142985
81814  -23.916  12.954  -36.369 0.1428571492
81142  -24.242  12.100  -36.730 0.1428571492
113245  -25.467  12.151  -33.973 0.1428571492
81122  -25.984  11.460  -33.934 0.1428571492
82466  -23.130  13.700  -37.259 0.1428571492
82433  -23.109  14.751  -33.820 0.1428571492
60676  -24.816  -12.070  -29.538 0.2857142985
61587  -24.845  -11.314  -29.737 0.2857142985
80425  -26.279  10.647  -34.532 0.1428571492
81143  -25.075  11.402  -35.888 0.1428571492
81132  -25.405  11.856  -34.785 0.1428571492
80424  -25.757  11.193  -34.920 0.1428571492
81113  -26.277  11.393  -32.757 0.1428571492
81800  -24.368  13.256  -34.232 0.1428571492
82445  -23.585  13.940  -33.968 0.1428571492
81788  -24.344  13.353  -33.254 0.1428571492
111468  -24.319  13.473  -32.351 0.1428571492
119671  -24.064  13.961  -32.251 0.1428571492
81815  -24.710  12.319  -35.549 0.1428571492
82460  -23.380  13.804  -36.090 0.1428571492
81801  -25.035  12.715  -33.589 0.1428571492
81808  -24.945  12.565  -34.531 0.1428571492
82465  -22.719  14.718  -37.054 0.1428571492
114284  -22.476  -2.609  -32.624 0.1428571492
69511  -23.194  -2.430  -32.249 0.1428571492
70317  -22.996  -1.549  -32.391 0.1428571492
123291  -21.516  0.412  -32.803 0.1428571492
71941  -19.787  0.405  -32.489 0.1428571492
71942  -20.453  1.141  -32.507 0.1428571492
71948  -20.791  0.712  -32.818 0.1428571492
72812  -20.347  2.509  -31.671 0.1428571492
73715  -20.808  2.858  -32.007 0.1428571492
73714  -20.571  3.372  -31.254 0.2857142985
64217  -24.906  -9.007  -30.538 0.1428571492
67718  -23.837  -4.974  -31.933 0.1428571492
117257  -23.574  -3.762  -31.936 0.1428571492
71877  -28.966  0.935  -26.641 0.1428571492
70316  -22.396  -1.870  -32.661 0.1428571492
73722  -21.157  2.355  -32.386 0.1428571492
74742  -21.416  3.430  -31.631 0.1428571492
73720  -21.041  3.552  -31.493 0.1428571492
123021  -20.708  3.951  -31.032 0.2857142985
75702  -20.972  4.539  -30.904 0.2857142985
77449  -19.748  6.853  -28.682 0.2857142985
77448  -19.123  6.655  -28.259 0.2857142985
78256  -20.472  7.592  -28.273 0.2857142985
78984  -22.136  9.088  -26.769 0.1428571492
75716  -21.547  4.178  -31.306 0.2857142985
113492  -20.772  4.359  -30.967 0.2857142985
76615  -20.905  5.066  -30.670 0.2857142985
76600  -20.391  5.497  -30.362 0.2857142985
76589  -19.626  6.112  -29.490 0.2857142985
77459  -20.095  6.182  -29.786 0.2857142985
78266  -21.372  7.342  -29.538 0.2857142985
79006  -21.536  8.237  -28.494 0.1428571492
78242  -18.972  7.622  -26.535 0.2857142985
81067  -22.944  10.505  -27.940 0.1428571492
76569  -17.992  6.219  -27.709 0.1428571492
76586  -16.645  5.151  -27.751 0.1428571492
123188  -20.308  3.892  -30.869 0.2857142985
77435  -19.347  7.371  -27.482 0.2857142985
79005  -21.025  7.870  -28.131 0.1428571492
78243  -19.717  7.600  -26.863 0.2857142985
78993  -21.286  8.240  -27.773 0.1428571492
78982  -20.703  7.836  -27.350 0.1428571492
72810  -19.580  2.243  -30.805 0.2857142985
78233  -18.787  7.648  -26.427 0.1428571492
118434  -21.632  8.472  -26.210 0.1428571492
78235  -19.939  7.553  -26.951 0.1428571492
108257  -18.755  -0.219  -29.777 0.1428571492
72751  -29.264  1.864  -26.891 0.1428571492
70225  -29.535  -0.977  -25.240 0.1428571492
66797  -24.121  -5.938  -31.697 0.1428571492
67717  -22.905  -4.191  -32.455 0.1428571492
129633  -29.586  1.514  -26.364 0.1428571492
68679  -22.744  -3.316  -32.527 0.1428571492
69522  -21.479  -2.326  -32.616 0.1428571492
113188  -21.333  -1.559  -32.740 0.1428571492
70315  -21.728  -1.097  -32.832 0.1428571492
71099  -19.765  -0.264  -32.675 0.1428571492
128560  -20.819  1.436  -32.606 0.1428571492
72811  -19.780  1.880  -31.320 0.1428571492
73721  -21.232  2.856  -32.091 0.1428571492
73713  -19.972  3.127  -30.828 0.2857142985
75701  -20.622  4.716  -30.822 0.1428571492
75684  -20.120  4.925  -30.629 0.1428571492
76614  -20.506  5.035  -30.658 0.2857142985
75669  -18.750  5.243  -29.502 0.1428571492
76599  -20.132  5.523  -30.332 0.1428571492
78227  -19.648  7.753  -25.522 0.1428571492
78234  -19.423  7.646  -26.448 0.1428571492
71878  -29.324  0.280  -26.066 0.1428571492
71879  -29.577  0.984  -26.109 0.1428571492
77474  -21.534  5.940  -30.547 0.2857142985
77461  -20.995  6.498  -29.991 0.2857142985
78265  -20.651  7.096  -29.266 0.2857142985
78983  -21.445  8.446  -27.344 0.1428571492
75704  -21.786  4.832  -31.261 0.2857142985
65968  -24.200  -6.786  -31.426 0.1428571492
68662  -24.420  -3.355  -31.119 0.1428571492
74743  -21.702  3.455  -31.604 0.1428571492
74736  -21.338  4.042  -31.278 0.1428571492
71110  -21.143  -0.195  -32.987 0.1428571492
69523  -22.065  -2.350  -32.767 0.1428571492
68678  -22.067  -2.968  -32.703 0.1428571492
71109  -20.392  -0.077  -33.085 0.1428571492
71108  -20.042  0.214  -32.986 0.1428571492
71936  -20.023  1.437  -31.989 0.1428571492
72818  -20.891  2.131  -32.460 0.1428571492
127060  -20.082  2.765  -31.129 0.1428571492
129831  -23.367  -4.494  -32.218 0.1428571492
74735  -21.073  3.946  -31.229 0.2857142985
75703  -21.267  4.576  -31.009 0.2857142985
77433  -17.574  6.509  -26.852 0.1428571492
78255  -19.933  7.502  -27.909 0.2857142985
76616  -21.320  5.134  -30.816 0.2857142985
77473  -20.802  5.687  -30.379 0.2857142985
76588  -18.762  5.937  -28.816 0.1428571492
77460  -20.401  6.242  -29.863 0.2857142985
78992  -20.711  7.799  -27.689 0.1428571492
81081  -23.158  11.716  -28.559 0.1428571492
78244  -20.262  7.619  -27.362 0.2857142985
75700  -20.180  4.404  -30.753 0.1428571492
76598  -19.585  5.423  -29.993 0.2857142985
56428  -20.390  -17.681  -25.931 0.1428571492
56442  -22.375  -17.525  -26.639 0.1428571492
56455  -22.271  -16.815  -27.172 0.1428571492
57309  -20.651  -16.478  -26.852 0.1428571492
58149  -21.012  -15.562  -27.601 0.1428571492
57322  -21.418  -16.317  -27.604 0.1428571492
123139  -21.542  -15.039  -28.018 0.1428571492
57323  -22.055  -16.275  -27.824 0.1428571492
57324  -23.371  -16.225  -27.420 0.1428571492
58165  -22.367  -14.809  -28.600 0.1428571492
58166  -22.963  -15.292  -28.747 0.1428571492
58152  -23.683  -15.642  -28.206 0.1428571492
58980  -23.658  -14.896  -29.161 0.1428571492
58168  -24.082  -15.203  -28.855 0.1428571492
58978  -21.837  -14.093  -28.373 0.1428571492
59842  -22.595  -13.946  -28.994 0.1428571492
58990  -23.952  -14.181  -29.501 0.1428571492
62456  -24.528  -10.860  -30.244 0.1428571492
62457  -24.783  -10.326  -30.278 0.1428571492
73712  -19.267  3.361  -30.728 0.1428571492
120025  -22.725  -16.474  -27.567 0.1428571492
56439  -20.408  -16.875  -26.251 0.1428571492
57321  -20.968  -16.135  -27.462 0.1428571492
77423  -18.165  7.228  -26.637 0.1428571492
63339  -25.104  -9.698  -30.178 0.1428571492
59843  -24.308  -14.002  -29.343 0.1428571492
56441  -21.771  -17.150  -26.860 0.1428571492
56440  -21.093  -17.313  -26.531 0.1428571492
59855  -24.199  -13.421  -29.705 0.1428571492
56454  -21.701  -16.627  -27.357 0.1428571492
57310  -21.227  -16.636  -27.145 0.1428571492
58138  -20.438  -15.638  -27.026 0.1428571492
117912  -21.487  -15.886  -27.866 0.1428571492
58150  -22.210  -15.611  -28.301 0.1428571492
58151  -22.930  -15.929  -28.239 0.1428571492
58979  -22.996  -14.665  -29.025 0.1428571492
58167  -23.493  -15.455  -28.732 0.1428571492
58989  -23.352  -14.154  -29.347 0.1428571492
120839  -21.132  -14.101  -27.710 0.1428571492
56412  -19.553  -17.516  -25.371 0.1428571492
49393  -21.859  -24.756  -19.611 0.1428571492
50363  -22.939  -23.814  -19.672 0.2857142985
50365  -24.984  -23.561  -19.467 0.1428571492
51410  -25.626  -22.109  -20.019 0.1428571492
51432  -21.300  -22.397  -22.683 0.1428571492
58825  -36.188  -13.786  -18.519 0.1428571492
58826  -36.868  -13.738  -18.525 0.1428571492
58846  -37.435  -13.970  -18.798 0.1428571492
59698  -35.920  -13.138  -18.532 0.1428571492
59766  -31.402  -13.642  -22.955 0.1428571492
60531  -36.865  -12.499  -18.552 0.1428571492
61460  -34.499  -10.887  -20.031 0.1428571492
61586  -24.583  -11.344  -30.013 0.2857142985
62299  -36.952  -11.219  -19.044 0.1428571492
64110  -35.032  -7.905  -20.918 0.1428571492
64113  -37.943  -9.115  -21.794 0.1428571492
68635  -26.931  -3.165  -28.415 0.8571428657
70301  -23.500  -1.537  -32.056 0.2857142985
71949  -21.491  1.169  -32.619 0.2857142985
72826  -21.059  1.705  -32.595 0.1428571492
77434  -18.530  6.988  -27.226 0.1428571492
77450  -20.187  6.966  -28.999 0.2857142985
81121  -25.642  12.100  -33.165 0.1428571492
110716  -21.831  -1.864  -32.800 0.1428571492
129107  -33.628  -11.868  -20.722 0.1428571492
129245  -18.582  6.480  -27.968 0.1428571492
129536  -25.311  -9.241  -30.110 0.4285714328
130096  -20.539  2.075  -32.218 0.1428571492
