#!ascii label  , from subject sub-v1s13x0050005_ses-1 vox2ras=TkReg
1071
39643  21.298  -32.494  41.576 0.0000000000
44979  31.857  -27.783  47.147 0.0000000000
60956  37.583  -11.559  28.911 0.0000000000
50003  31.235  -23.470  33.033 0.0000000000
45094  36.287  -27.978  39.073 0.0000000000
63669  50.982  -8.019  23.123 0.0000000000
58217  37.229  -14.641  32.661 0.0000000000
54687  33.634  -18.200  29.727 0.0000000000
40604  15.982  -33.401  42.089 0.0000000000
117225  25.823  -29.669  45.146 0.0000000000
45062  29.184  -27.480  41.912 0.0000000000
108648  22.395  -31.083  38.230 0.0000000000
61885  43.991  -9.388  25.340 0.0000000000
38574  24.824  -33.319  46.604 0.0000000000
128530  19.595  -33.318  47.115 0.0000000000
109955  42.385  -10.327  29.819 0.0000000000
37493  14.731  -34.361  47.133 0.0000000000
37496  9.992  -35.701  46.293 0.0000000000
112731  33.944  -18.896  34.978 0.0000000000
48148  34.609  -25.621  35.419 0.0000000000
109637  33.219  -29.245  33.492 0.0000000000
127135  32.089  -28.240  38.039 0.0000000000
56461  38.332  -16.494  34.066 0.0000000000
56490  35.841  -16.284  31.453 0.0000000000
123451  36.402  -17.357  32.660 0.0000000000
58186  39.674  -14.364  35.236 0.0000000000
40642  19.742  -32.649  39.002 0.0000000000
40644  17.344  -33.554  39.351 0.0000000000
41431  18.255  -32.091  41.862 0.0000000000
40600  24.069  -32.209  42.605 0.0000000000
43143  23.898  -30.670  41.851 0.0000000000
40639  22.006  -32.060  39.850 0.0000000000
40681  21.097  -32.969  36.978 0.0000000000
60999  38.547  -11.909  25.493 0.0000000000
60922  39.277  -10.825  31.800 0.0000000000
60954  39.904  -11.049  28.613 0.0000000000
60983  40.752  -11.047  26.445 0.0000000000
36482  18.480  -35.404  49.127 0.0000000000
38583  16.614  -33.921  47.299 0.0000000000
37444  16.821  -35.396  49.329 0.0000000000
38491  11.781  -34.771  51.642 0.0000000000
38529  12.438  -34.149  49.013 0.0000000000
38516  9.402  -34.839  49.302 0.0000000000
37431  7.451  -36.553  49.510 0.0000000000
124556  7.505  -36.039  52.233 0.0000000000
49057  36.054  -25.237  38.993 0.0000000000
47137  36.048  -27.038  37.757 0.0000000000
46160  34.801  -27.576  34.000 0.0000000000
44110  34.706  -28.425  35.943 0.0000000000
117127  26.342  -26.788  39.138 0.0000000000
45072  30.352  -27.642  40.449 0.0000000000
46120  28.773  -26.797  37.864 0.0000000000
45138  29.523  -27.511  35.582 0.0000000000
51798  31.617  -21.046  34.686 0.0000000000
52758  31.312  -19.798  31.371 0.0000000000
50953  30.070  -22.663  30.232 0.0000000000
63665  54.298  -7.835  23.014 0.0000000000
62814  52.327  -8.997  21.502 0.0000000000
115231  37.036  -12.110  31.066 0.0000000000
58252  35.122  -14.186  29.836 0.0000000000
60012  38.891  -12.586  34.155 0.0000000000
45005  28.602  -28.411  46.595 0.0000000000
45028  30.710  -27.746  44.369 0.0000000000
45042  27.029  -28.113  43.527 0.0000000000
45076  24.972  -28.054  40.608 0.0000000000
44090  22.834  -29.406  37.680 0.0000000000
62757  45.234  -9.275  28.040 0.0000000000
130171  46.397  -8.260  26.146 0.0000000000
63672  47.730  -7.805  23.686 0.0000000000
114141  49.375  -8.883  21.645 0.0000000000
38641  23.138  -33.123  43.673 0.0000000000
39602  20.575  -32.618  44.520 0.0000000000
38578  22.409  -33.565  46.057 0.0000000000
117329  24.840  -31.731  45.656 0.0000000000
118103  43.154  -10.022  27.478 0.0000000000
40558  17.666  -32.290  45.163 0.0000000000
39584  15.436  -33.485  44.955 0.0000000000
112207  13.218  -35.258  44.304 0.0000000000
111716  14.705  -34.629  48.853 0.0000000000
38564  12.382  -35.100  46.458 0.0000000000
37371  5.658  -36.630  54.925 0.0000000000
52714  36.608  -18.373  34.618 0.0000000000
50893  32.618  -22.072  36.210 0.0000000000
113584  34.201  -23.752  37.788 0.0000000000
49096  33.296  -24.701  34.701 0.0000000000
47179  33.944  -26.410  33.032 0.0000000000
45181  33.173  -28.915  31.538 0.0000000000
44179  30.571  -29.876  31.250 0.0000000000
44018  32.284  -28.194  42.779 0.0000000000
43155  33.323  -28.546  39.875 0.0000000000
43182  34.292  -28.737  38.480 0.0000000000
44101  32.477  -28.454  36.395 0.0000000000
45162  30.225  -28.684  32.844 0.0000000000
53716  34.180  -18.427  31.705 0.0000000000
52801  31.745  -19.879  28.208 0.0000000000
55585  38.926  -16.738  34.863 0.0000000000
55598  37.440  -16.998  33.316 0.0000000000
55587  37.771  -17.177  33.826 0.0000000000
57298  39.580  -15.745  35.216 0.0000000000
40621  20.677  -32.511  40.763 0.0000000000
41444  19.119  -32.343  40.182 0.0000000000
40602  20.623  -32.676  41.700 0.0000000000
39641  22.365  -32.521  42.272 0.0000000000
40618  23.281  -32.160  41.669 0.0000000000
39659  21.628  -32.242  41.020 0.0000000000
112601  21.211  -32.701  39.151 0.0000000000
60969  37.773  -11.639  27.224 0.0000000000
60944  38.345  -11.268  29.495 0.0000000000
61843  39.975  -10.861  30.127 0.0000000000
60955  38.997  -11.164  28.564 0.0000000000
108987  39.267  -11.370  26.891 0.0000000000
38492  10.778  -34.287  51.480 0.0000000000
117774  10.852  -34.216  50.157 0.0000000000
38502  9.214  -34.592  50.656 0.0000000000
38517  8.683  -35.476  49.036 0.0000000000
38503  8.556  -35.162  50.556 0.0000000000
37414  8.007  -35.666  50.875 0.0000000000
47129  36.444  -26.630  38.446 0.0000000000
46119  36.098  -27.488  38.038 0.0000000000
45122  35.390  -28.076  36.813 0.0000000000
44098  35.218  -28.372  37.223 0.0000000000
45001  32.503  -28.076  46.625 0.0000000000
46123  25.366  -26.847  37.437 0.0000000000
46110  28.045  -26.569  38.582 0.0000000000
46137  26.413  -26.487  36.734 0.0000000000
111802  27.482  -26.557  35.829 0.0000000000
50926  31.102  -22.430  33.490 0.0000000000
50935  30.710  -21.729  32.720 0.0000000000
63655  50.595  -7.514  23.732 0.0000000000
63654  51.540  -7.739  23.641 0.0000000000
117409  52.407  -7.970  23.635 0.0000000000
63667  52.660  -8.294  23.008 0.0000000000
62799  51.844  -8.728  21.989 0.0000000000
59163  36.920  -13.747  32.283 0.0000000000
59192  35.871  -12.970  30.328 0.0000000000
58233  36.110  -14.565  31.437 0.0000000000
55636  34.722  -17.000  30.522 0.0000000000
56513  34.236  -16.596  29.751 0.0000000000
55652  33.746  -17.180  29.250 0.0000000000
130340  38.673  -14.352  34.118 0.0000000000
121233  37.725  -13.178  33.106 0.0000000000
60033  37.870  -12.134  32.544 0.0000000000
40624  16.507  -33.673  40.491 0.0000000000
39625  14.715  -34.420  42.183 0.0000000000
43973  27.695  -28.613  46.414 0.0000000000
45030  27.965  -28.172  44.935 0.0000000000
45032  26.300  -28.839  44.659 0.0000000000
42318  22.931  -30.570  39.759 0.0000000000
118848  24.615  -29.524  41.990 0.0000000000
44066  23.594  -29.216  39.820 0.0000000000
45088  24.095  -28.296  39.473 0.0000000000
43197  22.572  -30.001  38.220 0.0000000000
41494  22.309  -31.656  37.679 0.0000000000
47194  33.094  -26.956  30.912 0.0000000000
122498  44.520  -9.411  26.912 0.0000000000
62756  45.844  -8.856  27.464 0.0000000000
62768  45.058  -8.926  26.149 0.0000000000
62786  45.873  -8.452  23.031 0.0000000000
124562  46.814  -8.490  22.424 0.0000000000
63683  48.706  -7.917  23.071 0.0000000000
38621  23.850  -33.391  44.567 0.0000000000
110164  22.873  -33.465  44.953 0.0000000000
38577  23.504  -33.653  45.848 0.0000000000
40544  24.874  -32.348  46.072 0.0000000000
123922  24.410  -32.773  44.605 0.0000000000
61857  43.846  -9.679  28.774 0.0000000000
117722  42.862  -10.048  28.319 0.0000000000
60996  41.356  -10.986  25.659 0.0000000000
125165  20.717  -32.722  45.392 0.0000000000
40573  19.683  -32.381  44.344 0.0000000000
39560  19.175  -32.856  46.576 0.0000000000
38562  16.061  -34.201  47.707 0.0000000000
38604  15.872  -33.437  46.143 0.0000000000
38605  15.142  -33.830  45.549 0.0000000000
38606  14.576  -34.511  44.783 0.0000000000
38607  14.081  -35.052  45.077 0.0000000000
37428  13.965  -35.276  50.025 0.0000000000
110659  10.727  -35.036  47.669 0.0000000000
38542  12.273  -34.804  47.371 0.0000000000
108598  11.609  -35.162  46.635 0.0000000000
38609  11.628  -35.507  44.912 0.0000000000
130942  33.333  -20.750  36.673 0.0000000000
49077  35.007  -25.235  37.014 0.0000000000
49059  34.879  -24.353  38.167 0.0000000000
49078  34.397  -24.750  36.596 0.0000000000
49079  33.750  -24.303  36.195 0.0000000000
49095  33.977  -25.170  35.042 0.0000000000
48165  33.512  -25.710  33.430 0.0000000000
48156  34.441  -25.889  34.594 0.0000000000
44143  34.111  -28.891  33.891 0.0000000000
45179  34.309  -28.443  32.845 0.0000000000
44144  33.180  -29.132  32.296 0.0000000000
130608  31.683  -29.334  31.946 0.0000000000
44161  31.462  -29.257  32.478 0.0000000000
45049  29.728  -27.706  43.082 0.0000000000
45038  31.509  -27.875  43.567 0.0000000000
126894  30.504  -27.688  42.458 0.0000000000
44064  31.298  -27.951  39.034 0.0000000000
44049  32.045  -28.071  40.053 0.0000000000
43172  32.810  -28.484  38.617 0.0000000000
43170  33.925  -28.792  38.957 0.0000000000
43184  33.350  -28.614  38.270 0.0000000000
43195  33.377  -28.600  37.215 0.0000000000
44087  32.421  -28.309  37.411 0.0000000000
46173  28.293  -27.257  33.498 0.0000000000
120068  29.951  -28.039  34.894 0.0000000000
52715  35.843  -18.624  34.803 0.0000000000
53694  35.597  -18.360  33.440 0.0000000000
52743  33.886  -18.713  32.813 0.0000000000
51881  30.408  -20.999  28.955 0.0000000000
52784  31.376  -19.697  29.713 0.0000000000
63689  54.278  -7.804  22.099 0.0000000000
58207  37.809  -14.983  33.266 0.0000000000
121424  36.454  -15.598  31.894 0.0000000000
57331  36.956  -16.073  32.470 0.0000000000
123876  35.924  -16.924  31.777 0.0000000000
54672  34.770  -17.848  31.117 0.0000000000
58175  40.225  -14.554  36.119 0.0000000000
121434  39.117  -15.407  34.530 0.0000000000
40643  18.006  -33.050  38.943 0.0000000000
41462  17.705  -32.731  39.753 0.0000000000
41432  17.338  -32.310  41.561 0.0000000000
125780  24.445  -31.669  43.514 0.0000000000
43119  24.724  -30.353  43.411 0.0000000000
41442  24.037  -31.642  42.163 0.0000000000
41458  23.067  -31.101  40.478 0.0000000000
41459  22.460  -31.501  39.826 0.0000000000
41479  22.337  -32.035  38.383 0.0000000000
40659  22.073  -32.420  38.600 0.0000000000
40661  20.324  -32.791  38.354 0.0000000000
121661  43.188  -9.736  23.651 0.0000000000
114154  24.711  -33.970  47.283 0.0000000000
61828  40.064  -10.651  31.111 0.0000000000
61842  40.919  -10.671  30.504 0.0000000000
122477  41.042  -10.744  29.157 0.0000000000
60966  41.833  -10.554  27.559 0.0000000000
108988  40.432  -10.983  27.994 0.0000000000
60984  39.933  -11.324  26.258 0.0000000000
37488  19.281  -34.651  48.475 0.0000000000
38581  18.661  -33.535  47.353 0.0000000000
37489  18.262  -34.672  48.395 0.0000000000
38561  16.900  -34.503  48.192 0.0000000000
37492  15.516  -34.396  48.037 0.0000000000
37413  13.223  -35.051  50.356 0.0000000000
126940  11.823  -34.489  50.421 0.0000000000
38531  10.567  -34.752  48.328 0.0000000000
108626  9.919  -35.241  47.693 0.0000000000
128505  8.836  -35.600  48.378 0.0000000000
48126  36.060  -26.211  37.913 0.0000000000
48138  35.304  -25.906  36.653 0.0000000000
47158  34.970  -26.348  35.047 0.0000000000
47156  35.370  -27.244  35.865 0.0000000000
45136  34.799  -28.157  35.198 0.0000000000
44125  34.198  -28.745  34.762 0.0000000000
45074  27.631  -27.278  40.885 0.0000000000
111607  29.442  -27.476  40.944 0.0000000000
45073  28.766  -27.288  40.468 0.0000000000
45084  29.869  -27.615  39.301 0.0000000000
45110  30.047  -27.446  37.708 0.0000000000
45109  30.852  -27.697  37.283 0.0000000000
45139  29.059  -27.133  36.251 0.0000000000
46150  27.878  -26.701  34.992 0.0000000000
120453  32.233  -19.768  34.102 0.0000000000
126421  32.428  -19.248  32.490 0.0000000000
52734  31.294  -20.293  33.014 0.0000000000
51838  30.252  -21.452  31.270 0.0000000000
63666  53.569  -8.110  23.227 0.0000000000
63679  53.042  -8.636  21.968 0.0000000000
60062  36.880  -11.920  29.348 0.0000000000
60069  36.240  -12.196  27.932 0.0000000000
59193  35.689  -12.942  29.532 0.0000000000
57340  35.420  -15.647  30.796 0.0000000000
57362  34.153  -15.727  29.340 0.0000000000
121608  40.400  -13.222  36.015 0.0000000000
60875  39.684  -11.730  34.967 0.0000000000
60898  39.676  -10.953  34.135 0.0000000000
126681  38.674  -11.389  32.577 0.0000000000
60924  37.732  -11.684  31.339 0.0000000000
45003  30.305  -28.081  47.017 0.0000000000
125390  30.833  -27.950  46.392 0.0000000000
109830  30.137  -28.000  46.134 0.0000000000
115522  28.547  -28.056  44.151 0.0000000000
45041  28.098  -27.966  43.317 0.0000000000
44021  25.639  -28.824  43.028 0.0000000000
45053  26.423  -28.151  42.769 0.0000000000
45064  27.205  -27.661  41.899 0.0000000000
46093  25.758  -27.370  40.384 0.0000000000
45087  24.710  -27.372  39.079 0.0000000000
45112  23.910  -28.009  36.755 0.0000000000
113948  46.980  -7.847  26.245 0.0000000000
62774  45.864  -8.288  24.220 0.0000000000
63649  46.900  -7.915  25.428 0.0000000000
63648  47.635  -7.400  25.471 0.0000000000
63671  48.618  -7.585  23.884 0.0000000000
114250  49.358  -7.751  23.369 0.0000000000
63681  50.439  -8.284  22.615 0.0000000000
62816  50.767  -9.140  21.442 0.0000000000
117393  22.215  -32.692  42.895 0.0000000000
126703  20.996  -32.756  43.107 0.0000000000
124515  22.217  -33.020  44.004 0.0000000000
39578  21.852  -33.177  45.211 0.0000000000
109387  21.232  -33.443  46.750 0.0000000000
37460  23.683  -34.128  47.549 0.0000000000
37487  20.157  -34.496  48.408 0.0000000000
36480  20.027  -35.429  49.170 0.0000000000
44960  30.435  -28.006  48.684 0.0000000000
44981  29.770  -28.317  47.797 0.0000000000
43961  27.945  -28.770  47.193 0.0000000000
43975  26.059  -29.949  46.506 0.0000000000
43097  25.910  -30.636  46.933 0.0000000000
42249  24.942  -31.159  45.238 0.0000000000
129838  24.566  -31.877  44.472 0.0000000000
39621  23.428  -32.867  43.216 0.0000000000
124258  44.971  -9.495  29.315 0.0000000000
61867  44.015  -9.663  28.203 0.0000000000
61876  43.946  -9.646  26.388 0.0000000000
60981  42.195  -10.510  26.943 0.0000000000
61887  42.809  -10.312  25.868 0.0000000000
61896  42.815  -10.152  24.918 0.0000000000
40589  19.699  -32.652  42.712 0.0000000000
124812  17.778  -32.123  43.353 0.0000000000
40591  16.985  -32.438  43.087 0.0000000000
39562  16.884  -33.247  46.431 0.0000000000
39603  16.535  -32.640  44.743 0.0000000000
127216  15.562  -33.635  42.995 0.0000000000
39605  14.885  -34.161  43.355 0.0000000000
38643  13.699  -35.031  43.011 0.0000000000
109614  15.524  -35.052  49.104 0.0000000000
126525  14.615  -34.412  48.145 0.0000000000
37470  14.058  -34.258  48.053 0.0000000000
37494  14.139  -34.479  47.283 0.0000000000
38586  13.256  -35.174  45.259 0.0000000000
37383  6.642  -36.494  53.637 0.0000000000
54624  37.830  -17.640  34.563 0.0000000000
52697  34.197  -19.197  35.891 0.0000000000
52699  32.582  -20.361  35.441 0.0000000000
51783  31.988  -21.145  35.307 0.0000000000
49988  32.240  -22.918  35.039 0.0000000000
49972  33.588  -23.097  37.339 0.0000000000
49995  32.831  -23.875  35.095 0.0000000000
49104  32.303  -24.301  33.796 0.0000000000
48166  32.780  -25.288  33.017 0.0000000000
48173  33.331  -26.073  32.582 0.0000000000
47193  33.556  -27.193  31.503 0.0000000000
47178  34.504  -27.142  33.226 0.0000000000
46187  33.904  -27.829  31.708 0.0000000000
45201  32.855  -28.597  30.768 0.0000000000
45202  32.002  -29.155  30.313 0.0000000000
43304  31.088  -30.038  30.607 0.0000000000
43166  36.211  -29.128  40.105 0.0000000000
127038  31.830  -28.045  45.355 0.0000000000
44003  33.119  -28.317  44.059 0.0000000000
44017  33.310  -28.341  42.917 0.0000000000
44031  31.289  -27.826  41.743 0.0000000000
44038  32.986  -28.426  40.874 0.0000000000
43129  34.474  -28.563  41.405 0.0000000000
125358  34.751  -28.853  40.710 0.0000000000
42307  34.900  -29.052  39.609 0.0000000000
43180  35.433  -28.918  39.250 0.0000000000
122373  34.490  -28.674  37.483 0.0000000000
43220  33.611  -28.808  36.005 0.0000000000
44127  32.759  -29.152  34.664 0.0000000000
45137  30.760  -28.186  35.475 0.0000000000
44115  31.261  -28.664  34.970 0.0000000000
44146  31.158  -29.066  33.235 0.0000000000
130470  30.704  -29.176  32.315 0.0000000000
54641  36.668  -17.773  33.499 0.0000000000
54655  35.518  -17.988  32.343 0.0000000000
53725  34.234  -18.227  31.031 0.0000000000
127883  32.231  -19.293  31.624 0.0000000000
53726  32.938  -18.853  30.140 0.0000000000
119999  33.085  -18.691  29.447 0.0000000000
62815  51.507  -9.128  21.429 0.0000000000
55575  38.710  -17.114  34.915 0.0000000000
55586  38.424  -16.918  34.356 0.0000000000
54639  38.156  -17.279  34.388 0.0000000000
56446  39.561  -16.174  35.491 0.0000000000
118531  21.826  -32.396  41.776 0.0000000000
39658  22.095  -32.243  41.388 0.0000000000
40620  21.160  -32.363  40.634 0.0000000000
117496  37.647  -11.560  28.023 0.0000000000
60986  37.415  -11.858  26.547 0.0000000000
60970  36.942  -11.785  27.391 0.0000000000
126171  38.224  -11.372  28.528 0.0000000000
60968  38.541  -11.417  27.648 0.0000000000
38493  9.651  -34.278  51.410 0.0000000000
38501  10.246  -34.215  50.737 0.0000000000
38494  8.605  -34.945  51.479 0.0000000000
46108  36.734  -27.663  39.569 0.0000000000
46109  36.477  -27.414  38.801 0.0000000000
45107  36.008  -27.892  38.383 0.0000000000
45108  35.669  -27.961  37.622 0.0000000000
129117  36.055  -28.146  38.816 0.0000000000
129409  31.937  -27.596  47.655 0.0000000000
117346  24.973  -26.997  36.710 0.0000000000
46138  25.637  -26.666  36.658 0.0000000000
47150  26.089  -26.412  35.850 0.0000000000
112027  30.734  -22.733  32.555 0.0000000000
112597  51.208  -7.151  24.186 0.0000000000
63668  51.822  -8.191  23.072 0.0000000000
62784  52.037  -8.469  22.553 0.0000000000
62785  51.302  -8.461  22.457 0.0000000000
59164  36.374  -13.650  31.608 0.0000000000
58218  36.678  -14.598  32.078 0.0000000000
55637  34.102  -17.604  29.980 0.0000000000
128338  34.222  -17.151  29.905 0.0000000000
55638  33.531  -17.955  29.096 0.0000000000
115754  33.184  -18.328  28.378 0.0000000000
54688  33.169  -18.506  28.893 0.0000000000
59138  38.171  -14.026  33.628 0.0000000000
59152  37.494  -13.925  32.937 0.0000000000
39644  16.157  -33.529  41.281 0.0000000000
39660  15.894  -34.464  40.708 0.0000000000
38656  15.142  -34.949  41.172 0.0000000000
39645  15.480  -34.010  41.700 0.0000000000
45020  26.492  -28.934  45.460 0.0000000000
43173  23.332  -30.077  40.255 0.0000000000
42319  22.583  -30.531  38.725 0.0000000000
43186  22.995  -29.824  39.164 0.0000000000
125665  22.379  -30.625  37.963 0.0000000000
46206  32.915  -27.654  30.312 0.0000000000
62769  44.446  -9.315  26.096 0.0000000000
122388  44.597  -9.074  25.499 0.0000000000
62803  47.690  -8.689  21.834 0.0000000000
38600  24.298  -33.247  45.540 0.0000000000
38601  23.949  -33.531  45.252 0.0000000000
38576  24.001  -33.593  46.056 0.0000000000
39557  24.869  -32.924  46.344 0.0000000000
39577  24.432  -33.009  45.050 0.0000000000
125761  43.234  -9.882  29.629 0.0000000000
61858  43.260  -9.830  28.855 0.0000000000
61849  42.634  -10.126  28.989 0.0000000000
39559  20.246  -32.901  46.307 0.0000000000
37510  15.292  -34.145  47.194 0.0000000000
38584  15.565  -33.830  46.742 0.0000000000
38585  14.782  -34.302  46.119 0.0000000000
37412  13.817  -35.562  50.616 0.0000000000
38544  10.344  -35.336  47.029 0.0000000000
38543  11.219  -35.090  47.199 0.0000000000
38565  10.807  -35.351  46.403 0.0000000000
38589  10.475  -35.748  45.640 0.0000000000
48139  34.768  -25.430  36.231 0.0000000000
49087  34.188  -24.948  35.816 0.0000000000
45161  34.017  -29.017  32.948 0.0000000000
117020  32.307  -29.281  32.496 0.0000000000
44145  32.105  -29.259  33.493 0.0000000000
45050  28.982  -27.729  42.760 0.0000000000
123955  29.735  -27.575  42.365 0.0000000000
44076  31.414  -27.923  38.397 0.0000000000
44063  32.088  -28.170  39.178 0.0000000000
44075  32.112  -28.227  38.508 0.0000000000
43185  32.756  -28.498  38.031 0.0000000000
128845  33.008  -28.529  37.535 0.0000000000
52730  34.982  -18.685  34.233 0.0000000000
52731  33.716  -18.802  33.846 0.0000000000
57325  38.150  -15.867  33.692 0.0000000000
121343  37.504  -15.865  33.007 0.0000000000
56478  37.779  -16.531  33.474 0.0000000000
55607  36.783  -17.063  32.744 0.0000000000
55608  36.177  -17.161  32.230 0.0000000000
55609  35.640  -17.299  31.744 0.0000000000
54662  35.882  -17.522  32.249 0.0000000000
58174  40.581  -14.181  36.483 0.0000000000
57311  39.274  -15.935  34.782 0.0000000000
120592  39.495  -15.196  34.923 0.0000000000
57312  38.730  -15.832  34.276 0.0000000000
58197  38.591  -15.063  34.001 0.0000000000
118148  18.905  -32.272  41.154 0.0000000000
41445  18.256  -32.291  40.337 0.0000000000
122039  18.023  -32.120  41.079 0.0000000000
41446  17.484  -32.494  40.602 0.0000000000
41430  24.301  -31.747  42.876 0.0000000000
119013  24.186  -31.997  42.538 0.0000000000
40619  22.703  -32.086  41.099 0.0000000000
120569  23.325  -31.774  41.353 0.0000000000
40637  22.853  -31.797  40.822 0.0000000000
40658  22.233  -31.908  39.290 0.0000000000
40641  20.731  -32.546  39.693 0.0000000000
60943  39.435  -11.006  29.348 0.0000000000
60942  40.301  -10.911  29.280 0.0000000000
113327  41.449  -10.648  29.784 0.0000000000
60953  40.598  -10.882  28.679 0.0000000000
109454  39.168  -11.577  25.970 0.0000000000
37465  18.809  -35.154  48.860 0.0000000000
37466  18.080  -35.199  48.877 0.0000000000
112573  17.515  -35.142  48.913 0.0000000000
37491  16.999  -34.883  48.746 0.0000000000
114133  16.380  -34.571  48.384 0.0000000000
37468  16.234  -34.941  48.874 0.0000000000
38499  12.208  -34.836  51.003 0.0000000000
131299  12.567  -34.821  50.566 0.0000000000
113872  9.765  -34.450  49.963 0.0000000000
38515  10.368  -34.426  49.236 0.0000000000
38532  9.503  -35.106  48.509 0.0000000000
37472  9.012  -35.756  47.726 0.0000000000
112151  8.014  -36.148  49.075 0.0000000000
37404  7.935  -35.667  51.607 0.0000000000
119767  7.447  -36.246  51.308 0.0000000000
48127  35.576  -25.709  37.438 0.0000000000
48137  35.675  -26.459  37.157 0.0000000000
47148  35.432  -26.596  36.297 0.0000000000
47147  35.594  -27.190  36.808 0.0000000000
44109  35.030  -28.366  36.544 0.0000000000
45135  35.068  -28.100  36.030 0.0000000000
44124  34.510  -28.404  34.988 0.0000000000
44111  34.322  -28.676  35.649 0.0000000000
46092  26.915  -27.148  40.254 0.0000000000
45086  28.058  -26.962  40.012 0.0000000000
46121  27.701  -26.519  37.692 0.0000000000
45097  29.051  -26.988  38.672 0.0000000000
45096  29.814  -27.474  38.620 0.0000000000
45111  29.506  -27.174  38.047 0.0000000000
45125  29.468  -27.141  37.170 0.0000000000
46135  28.465  -26.821  36.952 0.0000000000
52717  32.078  -20.326  34.734 0.0000000000
52718  31.528  -20.449  33.971 0.0000000000
50943  30.114  -22.392  31.109 0.0000000000
51853  30.091  -21.790  30.419 0.0000000000
62798  52.507  -8.594  22.264 0.0000000000
63680  53.093  -8.417  22.604 0.0000000000
109598  53.016  -8.929  21.236 0.0000000000
60055  36.911  -12.022  30.192 0.0000000000
113009  36.293  -12.345  28.945 0.0000000000
116756  36.329  -12.446  29.861 0.0000000000
59177  35.514  -13.575  30.218 0.0000000000
130399  35.339  -13.507  29.685 0.0000000000
58268  34.656  -14.249  29.136 0.0000000000
57339  35.871  -15.373  31.290 0.0000000000
128246  33.780  -16.370  29.083 0.0000000000
57363  33.633  -15.713  28.489 0.0000000000
59114  40.110  -14.080  35.816 0.0000000000
59125  39.835  -13.427  35.460 0.0000000000
59992  39.494  -12.622  34.929 0.0000000000
60876  39.295  -11.747  34.285 0.0000000000
125934  39.379  -11.106  33.594 0.0000000000
126828  38.937  -11.591  33.506 0.0000000000
124719  37.243  -12.266  31.865 0.0000000000
60934  37.621  -11.623  30.387 0.0000000000
45004  29.501  -28.265  46.822 0.0000000000
45017  29.245  -28.120  45.908 0.0000000000
45029  28.943  -28.014  44.994 0.0000000000
114964  27.583  -28.172  44.165 0.0000000000
43131  24.606  -30.025  42.702 0.0000000000
123318  25.137  -29.592  43.050 0.0000000000
44052  24.588  -28.886  41.181 0.0000000000
45066  25.250  -28.592  41.838 0.0000000000
45065  26.058  -27.960  41.878 0.0000000000
108299  25.496  -27.997  41.159 0.0000000000
45075  26.487  -27.513  41.091 0.0000000000
44089  23.452  -28.732  38.115 0.0000000000
45099  24.046  -28.056  38.588 0.0000000000
112971  24.002  -27.996  37.684 0.0000000000
45113  23.403  -28.713  37.203 0.0000000000
40680  21.715  -32.567  37.602 0.0000000000
41495  22.109  -32.217  37.654 0.0000000000
114633  46.036  -8.997  28.896 0.0000000000
62760  45.801  -8.674  26.591 0.0000000000
63638  46.486  -8.442  27.697 0.0000000000
63643  46.429  -8.371  26.889 0.0000000000
63642  47.053  -7.873  27.074 0.0000000000
62788  44.315  -9.071  23.318 0.0000000000
62775  45.021  -8.693  24.931 0.0000000000
63673  46.785  -8.109  23.434 0.0000000000
63659  46.784  -7.953  24.496 0.0000000000
63658  47.683  -7.587  24.607 0.0000000000
63657  48.520  -7.281  24.709 0.0000000000
62802  48.833  -8.456  22.199 0.0000000000
63682  49.595  -8.116  22.756 0.0000000000
62801  49.856  -8.585  22.139 0.0000000000
39599  22.488  -32.929  43.501 0.0000000000
39623  21.707  -32.755  43.316 0.0000000000
109562  22.429  -33.449  45.451 0.0000000000
38579  21.854  -33.428  46.022 0.0000000000
39558  21.176  -33.084  45.952 0.0000000000
37483  24.034  -34.022  47.055 0.0000000000
37461  22.026  -34.405  48.216 0.0000000000
37486  20.902  -34.171  48.103 0.0000000000
37462  21.098  -34.614  48.507 0.0000000000
37463  20.382  -34.917  48.751 0.0000000000
123573  30.130  -28.169  48.255 0.0000000000
126227  27.237  -29.070  46.913 0.0000000000
41388  25.259  -31.931  46.445 0.0000000000
42227  25.458  -31.464  46.513 0.0000000000
43098  25.602  -30.679  46.192 0.0000000000
41404  24.785  -31.663  45.203 0.0000000000
40570  24.669  -31.850  45.009 0.0000000000
38640  23.688  -33.145  43.892 0.0000000000
39620  23.897  -32.785  43.461 0.0000000000
39622  22.813  -32.802  43.002 0.0000000000
60081  35.616  -12.683  27.417 0.0000000000
61868  43.412  -9.853  28.156 0.0000000000
111215  43.835  -9.749  27.441 0.0000000000
61877  43.333  -10.002  26.646 0.0000000000
111512  41.002  -10.835  27.355 0.0000000000
60982  41.564  -10.742  26.670 0.0000000000
61008  42.142  -10.668  25.089 0.0000000000
60995  42.166  -10.608  26.141 0.0000000000
40588  20.532  -32.795  42.551 0.0000000000
40572  20.377  -32.716  43.464 0.0000000000
40557  18.883  -32.144  45.064 0.0000000000
40574  18.512  -32.111  44.088 0.0000000000
40575  17.198  -32.229  44.052 0.0000000000
38582  17.621  -33.805  47.370 0.0000000000
39561  18.039  -33.133  46.650 0.0000000000
39583  16.112  -33.036  45.430 0.0000000000
39604  15.759  -33.232  44.249 0.0000000000
129368  15.322  -33.787  43.956 0.0000000000
109070  13.920  -35.010  44.040 0.0000000000
38625  14.433  -34.563  43.727 0.0000000000
38626  13.240  -35.311  43.531 0.0000000000
37445  14.991  -35.198  49.445 0.0000000000
37469  15.225  -34.640  48.530 0.0000000000
38513  12.347  -34.443  49.923 0.0000000000
37471  13.274  -34.241  48.038 0.0000000000
37495  13.254  -34.669  47.216 0.0000000000
38563  13.291  -35.051  46.296 0.0000000000
38587  12.367  -35.245  45.491 0.0000000000
37382  7.282  -35.959  53.221 0.0000000000
37369  7.117  -35.868  54.147 0.0000000000
37370  6.438  -36.294  54.544 0.0000000000
109287  36.466  -18.580  35.297 0.0000000000
52674  34.456  -19.714  36.678 0.0000000000
52698  33.399  -19.740  35.567 0.0000000000
52675  33.728  -20.114  36.324 0.0000000000
51763  32.959  -21.388  36.510 0.0000000000
51764  32.478  -21.262  35.944 0.0000000000
50907  32.189  -22.113  35.622 0.0000000000
50914  31.709  -21.945  34.937 0.0000000000
49088  33.523  -24.499  35.446 0.0000000000
117288  33.204  -23.882  35.818 0.0000000000
49996  32.250  -23.624  34.445 0.0000000000
49097  32.725  -24.304  34.414 0.0000000000
130088  32.573  -24.810  33.443 0.0000000000
49103  32.998  -24.935  33.878 0.0000000000
47186  33.959  -26.978  32.242 0.0000000000
47168  35.128  -27.218  34.913 0.0000000000
47169  34.798  -26.719  34.193 0.0000000000
45180  33.911  -28.640  32.082 0.0000000000
46186  34.321  -27.848  32.505 0.0000000000
45200  33.478  -28.363  31.419 0.0000000000
44160  32.150  -29.245  31.386 0.0000000000
125008  31.033  -29.470  31.622 0.0000000000
44178  31.335  -29.648  30.760 0.0000000000
45016  30.962  -27.927  45.467 0.0000000000
44004  32.361  -28.105  43.783 0.0000000000
45061  30.253  -27.586  41.536 0.0000000000
44040  31.225  -27.708  40.794 0.0000000000
44048  32.665  -28.318  40.209 0.0000000000
44039  32.082  -28.004  40.959 0.0000000000
43130  33.826  -28.518  41.147 0.0000000000
43141  33.700  -28.576  40.389 0.0000000000
43139  34.587  -28.704  41.061 0.0000000000
43140  34.218  -28.607  40.625 0.0000000000
129925  33.914  -28.766  38.857 0.0000000000
125604  34.631  -28.885  39.103 0.0000000000
42308  34.835  -28.859  38.913 0.0000000000
43168  35.334  -28.951  39.450 0.0000000000
43181  35.122  -28.927  38.631 0.0000000000
43192  34.818  -28.604  37.909 0.0000000000
109323  34.623  -28.655  38.203 0.0000000000
43208  33.235  -28.638  36.508 0.0000000000
43207  33.748  -28.729  36.786 0.0000000000
44113  32.980  -28.823  35.713 0.0000000000
124745  33.430  -28.992  35.313 0.0000000000
124226  30.157  -27.798  35.935 0.0000000000
45123  30.881  -27.871  36.362 0.0000000000
45147  30.100  -28.296  33.864 0.0000000000
119739  30.607  -28.374  34.644 0.0000000000
44129  30.863  -28.678  33.982 0.0000000000
44128  31.693  -29.039  34.338 0.0000000000
53671  37.465  -18.108  34.930 0.0000000000
53692  37.071  -17.939  34.197 0.0000000000
53693  36.302  -18.202  33.791 0.0000000000
53707  34.506  -18.492  32.483 0.0000000000
53706  35.237  -18.319  32.795 0.0000000000
53715  34.892  -18.284  32.198 0.0000000000
54663  34.868  -18.110  31.671 0.0000000000
124164  33.538  -18.560  30.913 0.0000000000
128194  31.566  -19.752  31.897 0.0000000000
123449  31.773  -19.549  29.065 0.0000000000
53727  32.184  -19.243  29.843 0.0000000000
122624  32.398  -19.166  28.988 0.0000000000
64537  54.772  -7.197  22.049 0.0000000000
113207  54.934  -6.772  22.034 0.0000000000
127427  51.238  -8.806  21.849 0.0000000000
61922  50.950  -9.589  20.808 0.0000000000
56460  38.853  -16.451  34.604 0.0000000000
55597  37.982  -16.895  33.808 0.0000000000
54653  36.967  -17.359  33.254 0.0000000000
56447  39.289  -16.353  35.051 0.0000000000
41460  19.226  -32.509  39.448 0.0000000000
40622  19.948  -32.524  39.968 0.0000000000
116966  19.894  -32.506  40.907 0.0000000000
39657  23.343  -32.448  42.227 0.0000000000
40601  23.747  -32.323  42.383 0.0000000000
127153  22.756  -32.351  41.731 0.0000000000
39675  22.096  -32.137  40.951 0.0000000000
39676  21.820  -32.133  40.456 0.0000000000
120808  21.712  -32.464  39.387 0.0000000000
40640  21.410  -32.277  40.072 0.0000000000
60985  38.345  -11.677  26.505 0.0000000000
60933  38.397  -11.232  30.605 0.0000000000
60932  39.185  -10.838  30.865 0.0000000000
109278  39.054  -10.946  30.066 0.0000000000
109196  39.553  -11.206  27.810 0.0000000000
36470  18.552  -35.646  49.446 0.0000000000
36471  17.897  -35.642  49.421 0.0000000000
112369  8.899  -34.979  49.888 0.0000000000
37430  8.135  -35.752  49.906 0.0000000000
126769  8.105  -35.406  52.135 0.0000000000
118265  36.732  -26.894  38.941 0.0000000000
47136  36.426  -27.134  38.380 0.0000000000
46134  35.691  -27.622  37.275 0.0000000000
44099  34.834  -28.597  36.809 0.0000000000
46111  25.659  -26.817  38.500 0.0000000000
46100  27.267  -26.782  39.372 0.0000000000
110613  26.887  -26.569  38.488 0.0000000000
46122  26.457  -26.550  37.562 0.0000000000
46136  27.419  -26.544  36.741 0.0000000000
47149  26.882  -26.421  36.096 0.0000000000
50915  31.332  -21.605  34.188 0.0000000000
51809  31.001  -21.174  33.405 0.0000000000
50010  30.392  -23.016  31.724 0.0000000000
116871  50.189  -6.991  24.358 0.0000000000
63653  53.124  -8.046  23.624 0.0000000000
60045  36.763  -12.842  31.741 0.0000000000
60046  36.354  -12.718  30.865 0.0000000000
59176  35.873  -13.627  30.933 0.0000000000
58234  35.565  -14.576  30.701 0.0000000000
56501  35.433  -16.949  31.272 0.0000000000
117019  35.255  -16.425  30.872 0.0000000000
55653  33.217  -17.632  28.163 0.0000000000
58196  39.146  -14.549  34.552 0.0000000000
59126  39.321  -13.543  34.799 0.0000000000
59137  38.736  -13.670  34.191 0.0000000000
60013  38.253  -12.939  33.556 0.0000000000
60899  38.455  -12.080  33.319 0.0000000000
60034  37.250  -12.985  32.481 0.0000000000
40645  16.863  -33.816  39.906 0.0000000000
45018  28.308  -28.239  45.760 0.0000000000
45019  27.359  -28.473  45.654 0.0000000000
45031  27.045  -28.363  44.872 0.0000000000
124079  26.791  -28.352  44.213 0.0000000000
43157  23.598  -30.373  41.222 0.0000000000
44041  23.945  -29.884  41.630 0.0000000000
44053  23.788  -29.513  40.761 0.0000000000
45077  24.267  -28.594  40.303 0.0000000000
44078  22.981  -29.383  38.453 0.0000000000
43209  22.357  -30.219  37.208 0.0000000000
42333  22.261  -31.043  37.370 0.0000000000
48182  32.469  -26.106  30.942 0.0000000000
62752  45.914  -8.922  28.221 0.0000000000
62761  45.187  -9.164  27.199 0.0000000000
62804  46.013  -8.880  21.986 0.0000000000
63684  47.769  -8.183  22.763 0.0000000000
62818  48.499  -9.093  21.232 0.0000000000
38622  23.320  -33.398  44.404 0.0000000000
38623  22.754  -33.258  44.214 0.0000000000
38602  23.412  -33.566  45.102 0.0000000000
124978  22.933  -33.578  45.583 0.0000000000
110476  22.926  -33.663  46.082 0.0000000000
40556  24.676  -32.107  45.354 0.0000000000
39598  24.555  -32.315  44.782 0.0000000000
115068  24.595  -32.598  45.466 0.0000000000
38620  24.230  -33.190  44.810 0.0000000000
114179  43.693  -9.701  29.318 0.0000000000
129895  43.024  -10.030  27.914 0.0000000000
39580  19.775  -32.484  45.477 0.0000000000
39581  18.519  -32.493  45.911 0.0000000000
38624  14.979  -34.078  44.356 0.0000000000
111017  14.567  -35.362  49.795 0.0000000000
37446  14.190  -34.849  49.435 0.0000000000
38530  11.579  -34.592  48.055 0.0000000000
117191  12.575  -34.278  48.213 0.0000000000
38588  11.417  -35.351  45.745 0.0000000000
52655  33.798  -20.486  37.107 0.0000000000
51742  33.372  -21.353  37.130 0.0000000000
50892  33.107  -22.389  36.769 0.0000000000
49067  35.310  -25.001  37.761 0.0000000000
49058  35.509  -24.824  38.563 0.0000000000
49068  34.635  -24.553  37.375 0.0000000000
49980  33.954  -24.043  36.972 0.0000000000
48157  33.757  -25.419  34.235 0.0000000000
48164  34.222  -26.197  33.759 0.0000000000
45159  34.576  -28.178  34.013 0.0000000000
46171  34.555  -28.003  33.298 0.0000000000
45160  34.361  -28.524  33.496 0.0000000000
117300  29.628  -27.812  44.073 0.0000000000
45039  30.585  -27.720  43.350 0.0000000000
44019  31.406  -27.912  42.628 0.0000000000
44051  30.458  -27.753  39.570 0.0000000000
44050  31.239  -27.835  39.837 0.0000000000
43156  32.878  -28.466  39.352 0.0000000000
43154  33.976  -28.731  39.727 0.0000000000
43171  33.434  -28.640  38.720 0.0000000000
112159  33.835  -28.710  38.514 0.0000000000
43183  33.796  -28.668  38.069 0.0000000000
43194  33.776  -28.683  37.475 0.0000000000
111232  33.349  -28.601  37.791 0.0000000000
43196  32.954  -28.497  37.012 0.0000000000
46161  29.242  -27.532  34.611 0.0000000000
46172  28.954  -27.584  33.673 0.0000000000
124461  29.532  -27.906  33.979 0.0000000000
45163  29.411  -28.169  33.086 0.0000000000
45182  29.515  -28.765  32.394 0.0000000000
45183  28.929  -28.556  32.377 0.0000000000
52729  35.819  -18.479  34.059 0.0000000000
128894  35.345  -18.516  33.722 0.0000000000
52742  34.803  -18.569  33.302 0.0000000000
52756  33.828  -18.625  32.132 0.0000000000
52770  30.919  -19.984  30.536 0.0000000000
52769  31.788  -19.451  30.608 0.0000000000
63690  53.626  -8.405  21.643 0.0000000000
121342  37.050  -15.368  32.493 0.0000000000
56489  36.475  -16.596  32.204 0.0000000000
56479  37.173  -16.592  32.865 0.0000000000
55620  35.097  -17.409  31.191 0.0000000000
55621  34.594  -17.575  30.678 0.0000000000
59113  40.539  -13.763  36.240 0.0000000000
58185  39.867  -15.038  35.598 0.0000000000
41461  18.489  -32.552  39.530 0.0000000000
40623  17.064  -33.118  40.140 0.0000000000
41447  16.772  -32.896  40.942 0.0000000000
41433  16.530  -32.870  41.795 0.0000000000
43110  25.145  -30.479  44.906 0.0000000000
43118  24.871  -30.438  44.198 0.0000000000
42260  24.541  -31.198  43.849 0.0000000000
42271  24.337  -31.039  42.974 0.0000000000
42281  24.110  -31.198  42.295 0.0000000000
40617  23.863  -31.866  42.008 0.0000000000
41443  23.564  -31.478  41.489 0.0000000000
42282  23.798  -31.084  41.686 0.0000000000
42309  23.374  -30.830  40.838 0.0000000000
41477  22.568  -31.038  39.253 0.0000000000
41478  22.371  -31.529  38.767 0.0000000000
40660  21.268  -32.751  38.165 0.0000000000
61894  43.824  -9.250  24.132 0.0000000000
62776  44.394  -9.054  24.852 0.0000000000
38554  24.714  -33.634  46.830 0.0000000000
38553  24.955  -33.831  47.296 0.0000000000
61811  40.674  -10.189  32.525 0.0000000000
61827  40.960  -10.434  31.453 0.0000000000
61841  41.780  -10.520  30.459 0.0000000000
61850  41.851  -10.516  29.055 0.0000000000
61859  42.220  -10.350  28.320 0.0000000000
60952  41.303  -10.682  28.316 0.0000000000
60967  40.151  -11.117  27.132 0.0000000000
60997  40.488  -11.286  25.649 0.0000000000
118128  19.299  -33.964  47.876 0.0000000000
129815  18.761  -34.481  48.275 0.0000000000
38559  18.317  -34.239  47.948 0.0000000000
38560  17.519  -34.416  48.037 0.0000000000
37490  17.554  -34.863  48.612 0.0000000000
38514  11.397  -34.244  49.759 0.0000000000
118477  11.425  -34.261  49.014 0.0000000000
48117  36.319  -25.890  38.671 0.0000000000
48118  35.831  -25.490  38.210 0.0000000000
48147  35.110  -26.081  35.845 0.0000000000
46147  35.392  -27.740  36.366 0.0000000000
46148  35.124  -27.784  35.463 0.0000000000
46159  34.871  -27.941  34.652 0.0000000000
45146  34.406  -28.463  34.228 0.0000000000
44126  33.666  -29.093  34.617 0.0000000000
45063  28.410  -27.412  41.420 0.0000000000
109835  29.643  -27.559  40.015 0.0000000000
45098  28.367  -26.811  39.269 0.0000000000
45085  29.155  -27.264  39.506 0.0000000000
44065  30.553  -27.782  38.859 0.0000000000
45095  30.687  -27.702  38.140 0.0000000000
114414  31.585  -27.935  37.736 0.0000000000
45124  30.181  -27.527  36.808 0.0000000000
127964  29.730  -27.410  36.376 0.0000000000
108338  28.200  -26.847  36.019 0.0000000000
46149  28.767  -27.119  35.292 0.0000000000
46162  28.524  -27.104  34.300 0.0000000000
52732  32.717  -19.198  33.808 0.0000000000
52745  31.741  -19.721  32.407 0.0000000000
52746  31.016  -20.240  32.160 0.0000000000
51824  30.823  -20.871  32.714 0.0000000000
52759  30.642  -20.508  31.346 0.0000000000
52771  30.389  -20.865  30.500 0.0000000000
64526  54.260  -7.837  23.670 0.0000000000
109624  53.666  -8.245  22.456 0.0000000000
60957  36.884  -11.806  28.446 0.0000000000
110106  35.112  -15.077  30.247 0.0000000000
57349  34.761  -15.938  30.216 0.0000000000
58253  34.639  -14.984  29.591 0.0000000000
58269  34.140  -14.824  28.665 0.0000000000
59991  39.959  -12.589  35.549 0.0000000000
61798  39.864  -10.546  33.103 0.0000000000
60913  39.318  -10.907  32.759 0.0000000000
60923  38.486  -11.268  31.605 0.0000000000
60945  37.453  -11.658  29.673 0.0000000000
109389  31.053  -27.792  47.082 0.0000000000
110325  29.938  -27.861  45.159 0.0000000000
45040  28.996  -27.904  43.475 0.0000000000
45051  28.202  -27.669  42.363 0.0000000000
44005  25.575  -29.574  44.400 0.0000000000
124418  26.128  -28.659  43.775 0.0000000000
44032  25.184  -29.134  42.475 0.0000000000
45054  25.712  -28.445  42.397 0.0000000000
45052  27.370  -27.902  42.787 0.0000000000
46101  26.371  -27.010  39.741 0.0000000000
112508  24.821  -27.660  39.959 0.0000000000
46102  25.575  -27.055  39.505 0.0000000000
46112  24.631  -27.271  38.118 0.0000000000
46124  24.510  -27.351  37.191 0.0000000000
115179  22.004  -31.998  36.843 0.0000000000
49110  31.498  -24.267  32.584 0.0000000000
64503  47.573  -7.216  26.313 0.0000000000
62767  45.954  -8.380  25.469 0.0000000000
64502  48.187  -6.540  26.270 0.0000000000
63647  48.329  -6.892  25.474 0.0000000000
64517  49.247  -6.921  24.773 0.0000000000
63656  49.534  -7.404  24.004 0.0000000000
63670  50.112  -7.824  23.244 0.0000000000
62800  50.636  -8.703  22.001 0.0000000000
39642  21.737  -32.564  42.417 0.0000000000
39624  21.149  -32.670  42.473 0.0000000000
39601  21.125  -32.782  43.863 0.0000000000
38603  22.341  -33.251  44.719 0.0000000000
39600  21.773  -32.944  44.309 0.0000000000
39579  21.274  -32.821  44.838 0.0000000000
38580  20.401  -33.472  47.162 0.0000000000
37509  23.880  -33.757  46.411 0.0000000000
37484  23.275  -33.839  46.752 0.0000000000
38555  22.423  -33.688  46.709 0.0000000000
124523  22.978  -34.415  48.285 0.0000000000
37485  22.473  -33.918  47.356 0.0000000000
38556  21.625  -33.615  46.975 0.0000000000
38557  20.741  -33.831  47.650 0.0000000000
38558  20.006  -34.089  48.021 0.0000000000
37464  19.643  -35.102  48.853 0.0000000000
36481  19.184  -35.446  49.201 0.0000000000
114420  19.707  -35.597  49.402 0.0000000000
109604  31.227  -27.600  47.916 0.0000000000
44980  30.475  -27.992  47.814 0.0000000000
44982  28.846  -28.563  47.487 0.0000000000
43990  26.725  -29.132  46.304 0.0000000000
43991  25.970  -29.804  45.890 0.0000000000
43103  25.392  -30.562  45.543 0.0000000000
42259  24.723  -31.246  44.644 0.0000000000
41411  24.586  -31.802  44.337 0.0000000000
40587  24.300  -32.176  43.183 0.0000000000
119599  24.396  -32.530  44.271 0.0000000000
39619  24.235  -32.532  43.687 0.0000000000
39638  24.026  -32.469  43.005 0.0000000000
39640  22.970  -32.696  42.628 0.0000000000
60080  36.230  -12.233  26.959 0.0000000000
62753  45.554  -9.304  29.254 0.0000000000
124379  45.371  -9.309  28.726 0.0000000000
111235  44.284  -9.603  29.442 0.0000000000
61856  44.581  -9.533  28.638 0.0000000000
62762  44.538  -9.493  27.798 0.0000000000
61869  42.588  -10.263  27.627 0.0000000000
61878  42.719  -10.313  26.790 0.0000000000
61886  43.399  -9.871  25.639 0.0000000000
61895  43.282  -9.658  24.621 0.0000000000
40603  19.819  -32.644  41.829 0.0000000000
41419  19.067  -32.380  42.077 0.0000000000
40590  19.445  -32.441  43.474 0.0000000000
41420  18.636  -32.229  42.871 0.0000000000
41421  17.625  -32.148  42.509 0.0000000000
41422  16.919  -32.480  42.310 0.0000000000
40592  16.373  -32.966  42.660 0.0000000000
119010  17.534  -32.724  46.031 0.0000000000
39582  16.858  -32.732  45.628 0.0000000000
40576  16.320  -32.852  43.637 0.0000000000
38642  13.993  -35.076  42.169 0.0000000000
128616  14.322  -34.600  42.869 0.0000000000
123285  16.200  -35.328  49.294 0.0000000000
128690  14.819  -34.406  47.863 0.0000000000
37429  13.333  -34.633  49.735 0.0000000000
126543  14.007  -34.306  48.755 0.0000000000
112447  14.121  -34.924  46.164 0.0000000000
38608  12.303  -35.446  44.453 0.0000000000
38486  7.903  -35.409  52.865 0.0000000000
37396  6.792  -36.618  52.702 0.0000000000
36406  6.098  -37.107  53.121 0.0000000000
54623  38.459  -17.373  34.924 0.0000000000
52696  34.958  -18.773  35.309 0.0000000000
52716  32.875  -19.437  34.681 0.0000000000
52676  33.014  -20.561  36.132 0.0000000000
50925  31.654  -22.708  34.361 0.0000000000
50002  31.683  -23.477  33.800 0.0000000000
50872  33.524  -22.111  37.508 0.0000000000
49981  33.355  -23.501  36.504 0.0000000000
50906  32.735  -23.016  35.884 0.0000000000
49105  31.766  -24.077  33.289 0.0000000000
49109  32.179  -24.698  32.999 0.0000000000
129149  32.354  -25.141  32.576 0.0000000000
48174  32.534  -25.632  32.066 0.0000000000
47187  33.169  -26.487  31.707 0.0000000000
46205  33.354  -27.756  31.077 0.0000000000
44195  31.646  -29.670  30.068 0.0000000000
44073  36.052  -28.536  39.386 0.0000000000
45002  31.665  -28.006  46.252 0.0000000000
45015  32.558  -28.198  45.664 0.0000000000
45027  31.629  -27.921  44.566 0.0000000000
45026  32.405  -28.153  44.738 0.0000000000
43989  33.033  -28.339  44.898 0.0000000000
123602  34.255  -28.408  42.587 0.0000000000
44030  32.182  -28.179  41.849 0.0000000000
44029  33.107  -28.417  41.918 0.0000000000
44028  34.042  -28.430  41.963 0.0000000000
44016  34.705  -28.578  42.084 0.0000000000
43128  34.909  -28.829  41.864 0.0000000000
43169  34.377  -28.841  39.338 0.0000000000
42296  34.879  -28.934  39.978 0.0000000000
42295  35.526  -29.157  40.319 0.0000000000
43167  35.678  -29.056  39.909 0.0000000000
43179  36.007  -28.854  39.741 0.0000000000
44074  35.623  -28.687  38.976 0.0000000000
43191  35.193  -28.652  38.449 0.0000000000
44086  35.289  -28.536  37.578 0.0000000000
44100  34.508  -28.690  36.474 0.0000000000
43206  33.895  -28.825  36.982 0.0000000000
43219  34.126  -28.817  36.347 0.0000000000
44112  33.920  -28.944  35.454 0.0000000000
44088  31.704  -28.012  36.842 0.0000000000
44102  31.585  -28.322  35.888 0.0000000000
44114  32.125  -28.812  35.352 0.0000000000
44162  30.016  -29.313  31.896 0.0000000000
54640  37.439  -17.506  33.928 0.0000000000
54654  36.238  -17.667  32.835 0.0000000000
53705  35.956  -18.084  33.085 0.0000000000
116696  35.321  -17.701  31.711 0.0000000000
54673  34.217  -17.998  30.467 0.0000000000
115050  32.966  -18.965  33.057 0.0000000000
52744  33.106  -18.857  32.237 0.0000000000
52757  33.228  -18.763  31.441 0.0000000000
52768  32.581  -19.050  30.722 0.0000000000
128210  33.076  -18.803  30.795 0.0000000000
53737  33.611  -18.409  30.307 0.0000000000
62832  51.754  -9.518  20.804 0.0000000000
36483  17.968  -35.460  49.194 0.0000000000
37508  24.368  -33.717  46.625 0.0000000000
38575  24.473  -33.373  46.279 0.0000000000
38599  24.555  -32.997  45.906 0.0000000000
39639  23.632  -32.597  42.803 0.0000000000
40571  24.451  -32.177  44.036 0.0000000000
40638  22.313  -31.838  40.321 0.0000000000
41396  25.051  -31.614  45.962 0.0000000000
41418  24.462  -31.934  43.730 0.0000000000
42239  25.130  -31.319  45.775 0.0000000000
43142  24.175  -30.459  42.258 0.0000000000
43152  35.791  -29.206  40.433 0.0000000000
43193  33.899  -28.736  37.873 0.0000000000
43205  34.669  -28.690  37.164 0.0000000000
44020  25.315  -29.540  43.662 0.0000000000
44062  36.213  -28.735  40.078 0.0000000000
44077  23.462  -28.913  38.954 0.0000000000
44085  35.488  -28.347  38.147 0.0000000000
47157  35.266  -26.693  35.561 0.0000000000
47160  26.160  -26.398  35.049 0.0000000000
50936  30.360  -22.074  31.954 0.0000000000
51825  30.503  -21.120  32.080 0.0000000000
52733  32.061  -19.577  33.269 0.0000000000
52785  30.635  -20.428  29.666 0.0000000000
108841  31.980  -27.453  48.180 0.0000000000
111490  33.554  -28.679  39.213 0.0000000000
112237  34.489  -28.750  40.219 0.0000000000
123488  25.009  -32.015  46.125 0.0000000000
124682  24.029  -33.081  44.129 0.0000000000
125959  40.751  -10.808  29.766 0.0000000000
127361  34.599  -28.227  34.559 0.0000000000
129002  22.917  -34.088  47.609 0.0000000000
129198  37.411  -15.237  32.860 0.0000000000
130168  35.591  -29.072  40.007 0.0000000000
130613  25.963  -26.615  37.149 0.0000000000
131182  34.410  -28.759  36.907 0.0000000000
