#!ascii label  , from subject sub-v1s13x0050005_ses-1 vox2ras=TkReg
1048
42418  31.091  -31.505  31.762 0.0000000000
60135  43.759  -13.331  21.940 0.0000000000
51943  35.309  -21.452  25.090 0.0000000000
36530  12.281  -37.472  42.604 0.0000000000
46139  24.370  -27.377  36.307 0.0000000000
57393  33.955  -15.432  25.737 0.0000000000
38705  18.905  -35.518  37.527 0.0000000000
35678  17.246  -38.704  40.409 0.0000000000
38727  23.111  -35.067  35.177 0.0000000000
57430  49.169  -15.285  22.766 0.0000000000
45215  32.423  -28.421  29.863 0.0000000000
47239  35.016  -26.483  28.371 0.0000000000
42415  36.827  -31.222  32.761 0.0000000000
124973  46.721  -10.099  20.760 0.0000000000
60170  50.919  -12.605  19.280 0.0000000000
61023  40.714  -12.300  23.674 0.0000000000
56579  42.571  -17.073  24.050 0.0000000000
57404  37.883  -15.216  23.883 0.0000000000
53782  38.977  -19.142  26.265 0.0000000000
110518  29.905  -32.945  35.844 0.0000000000
33717  10.865  -40.099  45.602 0.0000000000
35588  6.697  -38.563  48.033 0.0000000000
36420  6.229  -37.269  52.238 0.0000000000
45184  27.823  -28.064  32.564 0.0000000000
41531  26.776  -32.534  34.946 0.0000000000
50977  30.561  -22.177  27.877 0.0000000000
50023  37.797  -23.890  30.446 0.0000000000
62848  53.295  -9.190  19.835 0.0000000000
58336  46.187  -14.619  22.227 0.0000000000
57416  46.019  -15.970  23.104 0.0000000000
43303  31.499  -30.148  30.042 0.0000000000
43321  33.575  -30.222  29.178 0.0000000000
41595  33.775  -31.903  31.877 0.0000000000
61914  43.585  -10.754  22.258 0.0000000000
62805  45.014  -8.967  22.486 0.0000000000
60148  45.604  -12.245  21.284 0.0000000000
60146  47.003  -12.746  21.064 0.0000000000
32642  4.350  -41.069  52.934 0.0000000000
59256  38.695  -13.535  23.604 0.0000000000
60114  36.825  -12.892  24.699 0.0000000000
120749  34.469  -18.140  25.360 0.0000000000
119571  36.165  -18.044  25.200 0.0000000000
124579  37.930  -20.774  25.363 0.0000000000
50986  38.650  -22.697  26.633 0.0000000000
35656  14.548  -38.543  40.940 0.0000000000
34693  16.069  -39.957  42.431 0.0000000000
108459  13.630  -39.859  42.906 0.0000000000
33714  13.107  -40.495  45.528 0.0000000000
34657  11.380  -39.191  43.822 0.0000000000
37473  8.318  -36.439  47.349 0.0000000000
36447  6.281  -37.667  50.506 0.0000000000
47181  26.040  -26.886  33.798 0.0000000000
43233  26.480  -30.928  33.705 0.0000000000
109235  24.603  -30.151  33.513 0.0000000000
36594  22.418  -37.211  37.780 0.0000000000
115247  24.749  -36.808  37.405 0.0000000000
46204  37.912  -27.518  31.167 0.0000000000
114813  36.205  -25.048  29.253 0.0000000000
59216  35.016  -13.188  26.822 0.0000000000
56524  33.375  -16.614  28.345 0.0000000000
125519  33.287  -19.205  26.450 0.0000000000
36586  20.078  -37.417  38.603 0.0000000000
35676  19.620  -38.561  40.787 0.0000000000
37581  17.830  -36.750  39.000 0.0000000000
37567  16.067  -36.099  39.982 0.0000000000
38642  13.993  -35.076  42.169 0.0000000000
42366  22.819  -31.464  34.602 0.0000000000
41514  22.041  -32.415  35.745 0.0000000000
38716  20.758  -35.341  36.369 0.0000000000
48174  32.534  -25.632  32.066 0.0000000000
48205  31.878  -25.517  29.334 0.0000000000
46267  32.986  -27.426  28.445 0.0000000000
44210  35.954  -29.097  29.855 0.0000000000
61933  50.295  -10.169  20.067 0.0000000000
61054  48.618  -11.460  20.100 0.0000000000
59281  49.420  -13.704  20.547 0.0000000000
60137  42.085  -12.535  22.888 0.0000000000
57436  43.328  -15.313  22.626 0.0000000000
58318  40.940  -14.706  22.914 0.0000000000
114322  40.176  -16.612  24.209 0.0000000000
56551  40.419  -17.511  25.653 0.0000000000
57406  35.910  -15.182  24.670 0.0000000000
56563  38.446  -17.011  25.481 0.0000000000
120542  30.268  -32.435  34.236 0.0000000000
40725  33.505  -33.364  34.460 0.0000000000
112559  42.366  -10.467  24.296 0.0000000000
37520  11.366  -36.041  44.148 0.0000000000
36502  9.206  -37.739  45.304 0.0000000000
34636  8.541  -39.516  46.105 0.0000000000
33658  8.209  -41.176  47.916 0.0000000000
33644  6.039  -40.725  49.230 0.0000000000
35568  5.198  -39.051  50.849 0.0000000000
35562  4.411  -38.803  52.589 0.0000000000
128764  3.437  -37.502  54.915 0.0000000000
43263  28.843  -29.972  32.061 0.0000000000
42383  27.893  -31.666  34.016 0.0000000000
42346  28.133  -33.165  35.218 0.0000000000
127638  24.479  -34.111  34.878 0.0000000000
51945  33.072  -21.699  25.693 0.0000000000
49148  32.773  -24.322  28.085 0.0000000000
50058  34.371  -23.727  27.578 0.0000000000
50070  36.486  -23.561  27.255 0.0000000000
41544  36.438  -32.820  34.371 0.0000000000
62853  54.496  -8.965  18.620 0.0000000000
61068  51.929  -11.142  18.808 0.0000000000
61090  54.064  -11.954  18.106 0.0000000000
58337  45.363  -14.399  22.143 0.0000000000
57433  46.520  -15.305  22.661 0.0000000000
57435  44.726  -15.057  22.437 0.0000000000
43282  31.147  -30.594  30.656 0.0000000000
42454  32.374  -31.053  30.193 0.0000000000
42417  32.002  -31.706  31.590 0.0000000000
110134  43.414  -12.437  22.077 0.0000000000
61034  44.048  -11.652  21.770 0.0000000000
59285  44.365  -12.871  21.672 0.0000000000
116868  45.826  -13.131  21.539 0.0000000000
33614  4.040  -40.219  53.008 0.0000000000
61000  37.755  -12.060  25.728 0.0000000000
60987  36.764  -12.038  26.564 0.0000000000
120191  34.756  -20.042  25.299 0.0000000000
53798  35.440  -19.381  25.220 0.0000000000
116235  36.089  -20.964  24.949 0.0000000000
125560  38.215  -21.899  25.553 0.0000000000
51021  37.476  -22.452  25.561 0.0000000000
36542  13.413  -37.575  41.511 0.0000000000
35631  13.989  -38.990  41.599 0.0000000000
35633  12.583  -38.216  42.346 0.0000000000
34678  12.061  -39.138  43.345 0.0000000000
35615  12.105  -38.297  42.889 0.0000000000
46164  24.854  -26.994  34.709 0.0000000000
45166  24.441  -28.571  33.656 0.0000000000
45148  23.975  -28.348  34.093 0.0000000000
36568  22.109  -37.976  39.240 0.0000000000
50010  30.392  -23.016  31.724 0.0000000000
47192  38.687  -26.707  31.837 0.0000000000
54716  33.065  -18.414  27.542 0.0000000000
54702  32.984  -18.773  28.019 0.0000000000
37618  19.669  -36.252  37.408 0.0000000000
37600  18.594  -36.871  38.614 0.0000000000
120743  18.532  -36.066  38.126 0.0000000000
120935  16.683  -35.007  39.670 0.0000000000
39660  15.894  -34.464  40.708 0.0000000000
38672  14.964  -35.938  40.794 0.0000000000
127565  22.264  -30.854  36.479 0.0000000000
40683  19.728  -33.821  36.949 0.0000000000
40698  20.529  -33.748  36.512 0.0000000000
38704  19.595  -35.365  37.014 0.0000000000
37617  20.551  -36.430  37.178 0.0000000000
47205  32.650  -26.764  30.064 0.0000000000
46226  32.583  -27.598  29.555 0.0000000000
43299  34.822  -30.872  30.376 0.0000000000
43320  34.745  -30.225  29.579 0.0000000000
43280  36.223  -30.510  31.306 0.0000000000
44176  37.167  -29.532  31.473 0.0000000000
43262  37.238  -30.541  32.426 0.0000000000
62821  45.489  -9.572  21.583 0.0000000000
62834  48.719  -9.656  20.649 0.0000000000
61924  47.449  -10.337  20.533 0.0000000000
58356  48.128  -14.134  21.546 0.0000000000
59282  48.477  -13.456  20.786 0.0000000000
58355  49.052  -14.227  21.301 0.0000000000
60121  41.453  -12.368  23.316 0.0000000000
59253  41.274  -13.740  22.913 0.0000000000
122174  40.931  -13.031  23.223 0.0000000000
58321  38.183  -14.308  23.625 0.0000000000
57422  39.335  -15.401  23.420 0.0000000000
56582  39.248  -16.282  24.139 0.0000000000
108586  39.914  -17.026  25.089 0.0000000000
109904  38.892  -16.660  24.999 0.0000000000
58289  34.307  -14.390  25.936 0.0000000000
59229  34.846  -14.118  25.484 0.0000000000
124863  35.170  -15.436  25.061 0.0000000000
54741  37.744  -18.664  25.677 0.0000000000
123657  37.574  -17.339  25.438 0.0000000000
54740  38.646  -18.385  26.082 0.0000000000
54728  39.678  -18.160  26.417 0.0000000000
41528  30.310  -32.805  35.154 0.0000000000
41527  31.536  -33.107  35.084 0.0000000000
110673  40.829  -11.329  25.049 0.0000000000
61022  41.339  -11.655  23.871 0.0000000000
60120  41.999  -11.672  23.346 0.0000000000
114549  18.065  -38.375  40.304 0.0000000000
35653  17.460  -39.124  41.463 0.0000000000
33716  11.678  -40.291  45.701 0.0000000000
33693  12.855  -40.490  46.442 0.0000000000
33694  11.205  -40.430  46.320 0.0000000000
122083  10.606  -40.580  46.788 0.0000000000
38589  10.475  -35.748  45.640 0.0000000000
36513  10.300  -37.431  44.345 0.0000000000
37513  9.438  -36.794  45.455 0.0000000000
36485  7.414  -37.640  47.368 0.0000000000
35592  7.681  -38.262  46.703 0.0000000000
34630  7.404  -39.260  46.946 0.0000000000
33673  8.614  -40.663  47.204 0.0000000000
125671  6.764  -40.085  47.993 0.0000000000
130972  6.596  -41.075  48.856 0.0000000000
34625  6.353  -39.315  48.437 0.0000000000
36435  6.281  -37.453  51.381 0.0000000000
35575  5.777  -38.487  50.172 0.0000000000
122471  5.222  -38.465  51.477 0.0000000000
34605  4.725  -38.991  51.721 0.0000000000
36421  5.510  -37.668  52.610 0.0000000000
45163  29.411  -28.169  33.086 0.0000000000
45182  29.515  -28.765  32.394 0.0000000000
44164  28.429  -29.255  32.224 0.0000000000
43248  28.563  -30.734  32.670 0.0000000000
43231  27.860  -30.934  33.288 0.0000000000
115678  26.192  -31.262  33.849 0.0000000000
42385  26.897  -31.816  34.181 0.0000000000
42347  27.586  -33.020  35.180 0.0000000000
40729  22.816  -32.965  34.627 0.0000000000
40728  23.410  -32.797  34.383 0.0000000000
39724  23.474  -34.350  34.737 0.0000000000
37612  25.507  -36.381  37.127 0.0000000000
56594  43.491  -16.713  23.548 0.0000000000
56593  44.540  -16.616  23.518 0.0000000000
55695  44.315  -17.353  24.844 0.0000000000
52827  31.204  -20.707  27.837 0.0000000000
52826  31.795  -20.571  27.115 0.0000000000
125433  31.514  -22.160  26.751 0.0000000000
48223  32.882  -25.758  28.300 0.0000000000
49149  31.559  -24.739  28.918 0.0000000000
121491  33.218  -24.879  28.131 0.0000000000
49132  36.588  -24.258  29.448 0.0000000000
49146  35.600  -24.018  28.602 0.0000000000
50045  35.926  -23.701  28.159 0.0000000000
115115  34.876  -23.593  26.816 0.0000000000
50056  36.664  -23.561  28.063 0.0000000000
50975  37.953  -23.383  28.086 0.0000000000
40724  35.228  -33.320  34.529 0.0000000000
62854  53.664  -9.435  18.878 0.0000000000
61070  50.549  -11.013  19.480 0.0000000000
61932  51.122  -10.050  20.030 0.0000000000
61069  51.230  -11.686  19.066 0.0000000000
60183  53.602  -12.484  18.572 0.0000000000
121464  54.355  -12.534  18.535 0.0000000000
40684  19.040  -33.735  37.448 0.0000000000
39692  17.926  -34.444  38.275 0.0000000000
58334  47.783  -14.719  22.185 0.0000000000
57413  48.684  -15.782  23.415 0.0000000000
57432  47.374  -15.324  22.708 0.0000000000
44194  32.059  -29.074  29.549 0.0000000000
44214  32.334  -29.050  28.891 0.0000000000
43301  32.950  -30.720  29.671 0.0000000000
42452  34.189  -31.329  30.723 0.0000000000
42416  35.161  -31.724  32.064 0.0000000000
117861  44.499  -8.928  24.235 0.0000000000
61903  43.635  -9.762  22.840 0.0000000000
61912  44.760  -9.723  21.841 0.0000000000
61045  45.801  -11.260  21.089 0.0000000000
61056  46.732  -11.042  20.678 0.0000000000
60147  46.444  -12.022  20.967 0.0000000000
59284  46.659  -13.457  21.550 0.0000000000
32641  4.823  -41.493  52.107 0.0000000000
61011  39.676  -11.899  24.688 0.0000000000
60123  39.298  -12.879  23.728 0.0000000000
60112  38.432  -12.698  24.088 0.0000000000
59240  37.781  -13.461  23.876 0.0000000000
58309  37.240  -14.291  23.925 0.0000000000
56568  33.562  -17.027  25.671 0.0000000000
117540  34.994  -16.498  25.154 0.0000000000
117707  35.307  -18.350  25.224 0.0000000000
129778  37.007  -18.979  25.374 0.0000000000
119442  38.531  -20.217  25.754 0.0000000000
51916  39.741  -21.431  26.203 0.0000000000
50984  39.851  -22.135  26.637 0.0000000000
41489  29.880  -33.686  37.112 0.0000000000
35680  15.303  -38.262  40.380 0.0000000000
35654  16.463  -39.153  41.065 0.0000000000
34707  14.824  -39.348  41.511 0.0000000000
34676  14.621  -40.151  42.908 0.0000000000
33745  14.163  -40.400  43.642 0.0000000000
117076  12.094  -39.846  44.157 0.0000000000
34658  10.776  -39.244  44.335 0.0000000000
111087  8.892  -36.174  46.953 0.0000000000
37448  8.264  -36.137  48.271 0.0000000000
36462  6.874  -37.313  49.078 0.0000000000
36476  6.446  -38.207  48.725 0.0000000000
36446  6.872  -37.128  50.004 0.0000000000
36434  6.940  -37.007  50.922 0.0000000000
37396  6.792  -36.618  52.702 0.0000000000
46189  27.263  -27.557  32.987 0.0000000000
44147  26.762  -29.690  33.057 0.0000000000
45164  25.856  -28.294  33.119 0.0000000000
43234  25.680  -30.523  33.527 0.0000000000
42386  25.303  -31.140  33.653 0.0000000000
37631  22.596  -36.281  36.447 0.0000000000
117685  23.630  -36.171  36.358 0.0000000000
37614  23.126  -36.843  37.175 0.0000000000
55697  42.393  -17.516  25.121 0.0000000000
111143  30.048  -22.094  29.675 0.0000000000
47218  36.384  -26.733  29.396 0.0000000000
120547  35.509  -25.804  28.648 0.0000000000
113249  36.748  -26.046  29.724 0.0000000000
48191  37.541  -24.958  30.608 0.0000000000
109598  53.016  -8.929  21.236 0.0000000000
125948  2.455  -39.355  53.967 0.0000000000
59201  35.145  -13.535  29.020 0.0000000000
113029  34.115  -14.381  27.775 0.0000000000
127154  33.143  -16.202  26.634 0.0000000000
55683  33.287  -17.702  25.909 0.0000000000
112492  33.669  -19.113  25.866 0.0000000000
52859  33.962  -20.376  25.495 0.0000000000
35691  21.257  -38.139  39.715 0.0000000000
117312  20.410  -38.794  41.024 0.0000000000
110676  19.932  -37.792  39.340 0.0000000000
36553  18.416  -37.973  39.819 0.0000000000
36572  17.192  -37.235  39.384 0.0000000000
38695  17.635  -35.277  38.658 0.0000000000
37583  16.581  -36.624  39.581 0.0000000000
36555  15.951  -37.801  40.017 0.0000000000
36556  15.218  -37.345  40.255 0.0000000000
37555  14.336  -36.542  41.001 0.0000000000
37541  13.186  -36.578  41.930 0.0000000000
44116  23.012  -29.493  35.263 0.0000000000
120244  22.515  -30.261  35.924 0.0000000000
42367  22.365  -31.875  35.198 0.0000000000
40714  22.328  -33.362  35.008 0.0000000000
41496  21.656  -32.563  36.630 0.0000000000
40697  21.269  -33.512  36.065 0.0000000000
38728  22.140  -35.047  35.576 0.0000000000
37632  21.744  -36.204  36.490 0.0000000000
109827  20.951  -37.373  38.305 0.0000000000
48175  31.912  -24.942  32.203 0.0000000000
49117  31.174  -24.504  31.606 0.0000000000
48194  31.782  -25.487  30.374 0.0000000000
47242  32.792  -26.628  28.684 0.0000000000
46266  33.616  -27.322  28.169 0.0000000000
44233  32.833  -28.706  28.503 0.0000000000
44231  34.531  -28.639  28.687 0.0000000000
45227  35.305  -28.204  28.935 0.0000000000
45213  37.090  -28.290  30.597 0.0000000000
45177  38.212  -28.863  32.201 0.0000000000
62817  50.053  -9.057  21.556 0.0000000000
117172  49.621  -10.243  20.142 0.0000000000
60154  49.352  -12.248  19.821 0.0000000000
118839  47.963  -11.973  20.387 0.0000000000
122277  49.083  -13.052  20.222 0.0000000000
130817  43.258  -13.284  22.224 0.0000000000
121885  43.842  -14.831  22.362 0.0000000000
58339  43.095  -14.632  22.456 0.0000000000
57437  42.645  -15.261  22.679 0.0000000000
57420  42.209  -15.902  23.011 0.0000000000
58319  39.913  -14.587  23.133 0.0000000000
57421  40.280  -15.483  23.204 0.0000000000
56580  41.669  -17.213  24.456 0.0000000000
55698  41.537  -17.514  25.289 0.0000000000
56549  41.777  -17.461  26.474 0.0000000000
60102  35.890  -12.903  25.560 0.0000000000
125036  36.160  -14.241  24.347 0.0000000000
57405  36.859  -15.207  24.302 0.0000000000
56566  35.673  -15.997  25.021 0.0000000000
56564  37.404  -16.715  25.167 0.0000000000
125448  37.970  -16.375  24.888 0.0000000000
55687  39.563  -17.268  25.520 0.0000000000
41582  30.765  -31.742  32.407 0.0000000000
109422  32.244  -32.491  33.019 0.0000000000
41547  32.058  -32.916  34.144 0.0000000000
40710  33.143  -33.676  35.340 0.0000000000
61021  42.409  -10.867  23.458 0.0000000000
61036  42.670  -11.728  22.705 0.0000000000
38644  12.912  -35.803  42.775 0.0000000000
38608  12.303  -35.446  44.453 0.0000000000
37531  11.609  -36.593  43.511 0.0000000000
36512  11.038  -37.174  43.733 0.0000000000
35606  10.380  -38.427  44.265 0.0000000000
114922  9.662  -39.385  45.301 0.0000000000
36491  8.828  -37.139  45.885 0.0000000000
35601  8.877  -38.411  45.518 0.0000000000
34635  9.307  -39.814  45.863 0.0000000000
33697  8.968  -40.272  46.470 0.0000000000
33657  9.345  -41.302  47.867 0.0000000000
33630  5.768  -41.173  49.868 0.0000000000
35583  6.027  -38.844  49.325 0.0000000000
33645  5.536  -40.331  49.786 0.0000000000
115869  4.984  -40.910  51.155 0.0000000000
34609  4.726  -39.830  51.375 0.0000000000
34606  4.340  -39.597  52.287 0.0000000000
34603  3.800  -39.344  53.313 0.0000000000
36407  5.297  -37.462  53.477 0.0000000000
36408  4.447  -37.806  53.868 0.0000000000
128090  3.326  -38.817  53.910 0.0000000000
43283  30.533  -30.293  31.131 0.0000000000
43284  29.740  -29.985  31.622 0.0000000000
42419  30.295  -31.195  31.856 0.0000000000
42401  30.006  -31.605  32.682 0.0000000000
41568  29.704  -32.009  33.728 0.0000000000
42362  28.698  -32.614  35.095 0.0000000000
127936  27.395  -31.300  33.753 0.0000000000
116475  28.112  -32.344  34.609 0.0000000000
41530  28.947  -33.035  35.779 0.0000000000
113428  23.413  -30.081  33.989 0.0000000000
41533  24.686  -32.691  34.388 0.0000000000
40712  25.190  -33.261  34.900 0.0000000000
38712  24.540  -35.565  35.902 0.0000000000
38711  25.491  -34.937  36.044 0.0000000000
39714  26.337  -34.299  36.350 0.0000000000
57417  45.077  -15.901  23.002 0.0000000000
53772  32.786  -19.228  27.466 0.0000000000
52849  33.153  -20.654  25.757 0.0000000000
51944  34.625  -21.687  25.282 0.0000000000
49126  30.681  -24.202  30.590 0.0000000000
50037  30.587  -23.517  29.149 0.0000000000
125966  30.808  -22.841  27.836 0.0000000000
129373  33.776  -24.287  28.172 0.0000000000
121520  32.843  -23.920  27.850 0.0000000000
50988  31.820  -22.836  26.819 0.0000000000
50072  33.926  -23.514  26.615 0.0000000000
50095  34.664  -23.212  25.955 0.0000000000
51022  36.341  -22.607  25.412 0.0000000000
108456  37.813  -22.957  26.406 0.0000000000
41579  33.552  -32.344  32.559 0.0000000000
117310  35.113  -32.529  33.271 0.0000000000
41576  36.404  -31.864  33.171 0.0000000000
128662  37.463  -32.788  35.030 0.0000000000
42381  37.711  -31.940  34.158 0.0000000000
63707  54.859  -8.167  18.651 0.0000000000
61931  51.899  -9.852  20.015 0.0000000000
62849  52.593  -9.572  19.922 0.0000000000
60185  52.001  -12.100  18.769 0.0000000000
61954  52.617  -10.787  18.582 0.0000000000
61953  53.326  -10.431  18.304 0.0000000000
61952  54.076  -10.019  18.007 0.0000000000
61959  55.354  -10.657  17.181 0.0000000000
58338  44.392  -14.029  21.999 0.0000000000
122598  31.283  -31.233  31.122 0.0000000000
59270  45.189  -13.536  21.766 0.0000000000
33603  3.415  -40.217  53.785 0.0000000000
127372  35.259  -20.707  25.093 0.0000000000
52858  35.587  -20.190  25.134 0.0000000000
51942  36.802  -21.763  25.065 0.0000000000
117203  35.970  -21.903  25.057 0.0000000000
36529  12.831  -37.537  42.056 0.0000000000
35632  13.223  -38.477  41.881 0.0000000000
46152  24.255  -27.430  35.369 0.0000000000
125535  24.204  -27.671  34.547 0.0000000000
45140  23.744  -28.132  34.910 0.0000000000
35690  21.972  -38.394  40.160 0.0000000000
122568  22.651  -38.214  39.810 0.0000000000
50016  30.886  -23.666  32.194 0.0000000000
37619  19.023  -36.362  37.947 0.0000000000
39705  19.245  -34.566  37.091 0.0000000000
45228  32.318  -28.320  29.115 0.0000000000
42432  35.749  -31.132  31.624 0.0000000000
43281  35.540  -30.769  30.860 0.0000000000
42431  36.495  -30.854  32.039 0.0000000000
43279  36.893  -30.158  31.746 0.0000000000
62820  46.362  -9.491  21.253 0.0000000000
62804  46.013  -8.880  21.986 0.0000000000
127899  46.816  -8.930  21.644 0.0000000000
62819  47.341  -9.379  20.991 0.0000000000
62835  48.057  -9.727  20.634 0.0000000000
58333  48.688  -14.737  22.094 0.0000000000
108436  49.735  -14.740  22.029 0.0000000000
31752  5.990  -42.354  50.957 0.0000000000
57423  38.594  -15.025  23.533 0.0000000000
57403  38.647  -15.642  23.780 0.0000000000
56583  38.339  -16.034  24.328 0.0000000000
58290  33.982  -14.874  26.017 0.0000000000
117958  34.498  -15.900  25.345 0.0000000000
41529  29.311  -32.830  35.561 0.0000000000
41507  30.795  -33.202  36.006 0.0000000000
61010  40.585  -11.718  24.391 0.0000000000
113049  18.196  -38.720  41.041 0.0000000000
33695  10.508  -40.306  46.123 0.0000000000
124133  9.823  -36.154  45.697 0.0000000000
35587  7.116  -38.432  47.430 0.0000000000
34624  6.872  -39.340  47.637 0.0000000000
35567  5.728  -38.170  51.025 0.0000000000
36436  5.675  -37.888  51.810 0.0000000000
46188  27.982  -27.477  32.990 0.0000000000
46172  28.954  -27.584  33.673 0.0000000000
115657  28.584  -27.860  32.886 0.0000000000
45183  28.929  -28.556  32.377 0.0000000000
121839  28.270  -28.526  32.349 0.0000000000
43264  28.022  -30.060  32.560 0.0000000000
44165  27.517  -29.177  32.513 0.0000000000
42364  27.040  -32.386  34.646 0.0000000000
41493  27.810  -33.430  36.011 0.0000000000
41512  27.012  -33.048  35.526 0.0000000000
39725  22.627  -34.310  34.983 0.0000000000
39735  23.023  -33.603  34.582 0.0000000000
56578  44.156  -17.119  24.111 0.0000000000
55696  43.407  -17.358  24.613 0.0000000000
121213  30.625  -21.285  28.166 0.0000000000
52802  30.994  -20.222  28.723 0.0000000000
51895  31.098  -21.609  27.275 0.0000000000
47240  34.140  -26.458  28.086 0.0000000000
48222  33.739  -25.594  28.100 0.0000000000
50024  37.109  -23.887  29.771 0.0000000000
50034  36.503  -23.921  29.105 0.0000000000
50044  36.749  -23.650  28.591 0.0000000000
50952  37.132  -23.717  29.349 0.0000000000
50963  37.798  -23.560  29.505 0.0000000000
62830  53.615  -8.647  20.723 0.0000000000
62847  53.986  -8.667  19.711 0.0000000000
127900  50.540  -11.922  19.306 0.0000000000
40662  19.256  -33.029  38.089 0.0000000000
40663  18.397  -33.549  38.160 0.0000000000
41480  18.816  -32.800  38.784 0.0000000000
128731  19.666  -33.268  37.518 0.0000000000
58335  46.964  -14.693  22.258 0.0000000000
57415  46.925  -15.944  23.212 0.0000000000
44195  31.646  -29.670  30.068 0.0000000000
43323  31.913  -29.705  29.487 0.0000000000
43302  32.073  -30.412  29.700 0.0000000000
42434  33.559  -31.631  31.188 0.0000000000
42453  33.292  -31.259  30.396 0.0000000000
42433  34.355  -31.667  31.543 0.0000000000
121661  43.188  -9.736  23.651 0.0000000000
61046  44.904  -11.383  21.397 0.0000000000
61913  44.255  -10.434  21.875 0.0000000000
61926  45.160  -10.444  21.391 0.0000000000
58359  45.983  -13.871  21.898 0.0000000000
58358  46.620  -14.136  21.963 0.0000000000
58357  47.285  -14.093  21.797 0.0000000000
114898  39.192  -11.789  25.248 0.0000000000
61012  38.833  -12.134  24.716 0.0000000000
60999  38.547  -11.909  25.493 0.0000000000
60101  37.247  -12.445  25.104 0.0000000000
60113  37.492  -12.818  24.396 0.0000000000
109514  36.881  -13.453  24.229 0.0000000000
55691  33.977  -17.564  25.455 0.0000000000
55690  34.884  -17.406  25.213 0.0000000000
53797  36.498  -19.827  25.203 0.0000000000
128366  37.192  -20.044  25.297 0.0000000000
53796  37.394  -19.493  25.460 0.0000000000
52857  37.722  -20.108  25.468 0.0000000000
51939  39.166  -20.858  25.838 0.0000000000
51940  38.441  -21.206  25.526 0.0000000000
50998  38.407  -22.353  25.952 0.0000000000
50997  39.179  -22.189  26.269 0.0000000000
50985  39.301  -22.517  26.825 0.0000000000
122485  39.760  -22.515  27.316 0.0000000000
60998  39.780  -11.548  25.462 0.0000000000
35681  14.709  -37.836  40.531 0.0000000000
35655  15.480  -39.012  40.882 0.0000000000
123947  13.544  -39.264  42.186 0.0000000000
34695  14.269  -39.630  42.180 0.0000000000
34677  13.437  -40.232  43.690 0.0000000000
130297  11.380  -39.568  44.259 0.0000000000
112151  8.014  -36.148  49.075 0.0000000000
37449  7.493  -36.728  48.616 0.0000000000
37431  7.451  -36.553  49.510 0.0000000000
37405  6.905  -36.799  51.799 0.0000000000
47159  26.902  -26.359  35.236 0.0000000000
47170  27.243  -26.518  34.409 0.0000000000
46163  27.825  -26.764  33.962 0.0000000000
46175  26.373  -27.456  33.262 0.0000000000
45186  26.625  -28.243  32.885 0.0000000000
44150  24.786  -29.196  33.469 0.0000000000
37615  22.130  -36.732  37.079 0.0000000000
36593  23.132  -37.324  37.934 0.0000000000
50953  30.070  -22.663  30.232 0.0000000000
47204  37.015  -26.936  30.072 0.0000000000
47203  37.685  -26.740  30.713 0.0000000000
48180  38.606  -25.805  31.721 0.0000000000
125216  37.930  -25.808  31.000 0.0000000000
48181  38.181  -24.881  31.301 0.0000000000
59202  34.533  -13.969  28.346 0.0000000000
56537  33.050  -16.833  27.315 0.0000000000
56552  33.088  -16.931  26.259 0.0000000000
117900  33.077  -18.981  27.137 0.0000000000
54729  33.247  -18.547  26.445 0.0000000000
53799  34.048  -19.681  25.589 0.0000000000
53783  33.347  -19.757  25.997 0.0000000000
36569  20.645  -37.806  39.169 0.0000000000
130791  18.731  -37.548  39.285 0.0000000000
36571  18.037  -37.429  39.244 0.0000000000
40664  17.776  -33.757  38.670 0.0000000000
39693  17.419  -34.423  38.902 0.0000000000
38670  16.233  -35.226  40.074 0.0000000000
38684  16.639  -35.737  39.571 0.0000000000
117380  15.939  -36.961  39.957 0.0000000000
37568  15.420  -36.436  40.290 0.0000000000
38657  14.438  -35.433  41.424 0.0000000000
38658  13.810  -35.987  41.638 0.0000000000
37556  13.721  -36.853  41.351 0.0000000000
44103  22.822  -29.426  36.585 0.0000000000
42349  22.146  -31.535  36.428 0.0000000000
41534  22.446  -32.602  34.914 0.0000000000
39715  21.097  -34.608  35.968 0.0000000000
40715  21.834  -34.070  35.434 0.0000000000
38715  21.455  -35.528  36.123 0.0000000000
37633  20.986  -36.003  36.610 0.0000000000
37598  20.251  -36.941  37.826 0.0000000000
36596  20.926  -36.895  37.594 0.0000000000
109808  21.357  -37.797  38.957 0.0000000000
129149  32.354  -25.141  32.576 0.0000000000
48183  31.823  -25.303  31.340 0.0000000000
48182  32.469  -26.106  30.942 0.0000000000
116861  32.641  -26.955  29.271 0.0000000000
47220  32.381  -26.303  29.315 0.0000000000
43322  32.527  -29.963  29.118 0.0000000000
44213  33.040  -29.406  28.665 0.0000000000
43319  35.641  -29.795  29.953 0.0000000000
44211  35.241  -29.186  29.271 0.0000000000
45226  35.937  -28.401  29.492 0.0000000000
45214  36.550  -28.557  30.163 0.0000000000
44159  37.638  -29.696  32.145 0.0000000000
45178  37.622  -28.950  31.558 0.0000000000
62787  45.051  -8.669  23.739 0.0000000000
114141  49.375  -8.883  21.645 0.0000000000
61935  48.385  -10.425  20.332 0.0000000000
61934  49.203  -9.960  20.443 0.0000000000
110436  49.048  -10.634  20.090 0.0000000000
61053  49.577  -11.055  19.745 0.0000000000
60157  47.257  -11.965  20.658 0.0000000000
60156  47.790  -12.704  20.735 0.0000000000
59303  49.772  -13.173  19.902 0.0000000000
60136  42.724  -12.877  22.482 0.0000000000
59272  42.842  -13.806  22.423 0.0000000000
59273  42.080  -13.547  22.701 0.0000000000
58341  41.700  -14.331  22.751 0.0000000000
57438  41.837  -15.119  22.759 0.0000000000
59255  39.572  -13.683  23.363 0.0000000000
56597  39.873  -16.042  23.610 0.0000000000
124728  40.491  -16.173  23.531 0.0000000000
56596  41.018  -16.672  23.922 0.0000000000
56581  40.796  -17.329  24.885 0.0000000000
56562  40.649  -17.474  25.517 0.0000000000
56550  41.113  -17.557  26.003 0.0000000000
60080  36.230  -12.233  26.959 0.0000000000
60092  35.672  -12.723  26.413 0.0000000000
58300  35.315  -14.624  24.903 0.0000000000
59242  35.486  -13.801  24.960 0.0000000000
55689  35.717  -17.600  25.186 0.0000000000
110948  35.719  -16.862  25.153 0.0000000000
120644  36.625  -17.289  25.224 0.0000000000
41567  30.769  -32.197  33.302 0.0000000000
41566  31.720  -32.556  33.445 0.0000000000
41548  31.145  -32.670  34.219 0.0000000000
40711  32.194  -33.518  35.585 0.0000000000
40726  32.560  -33.322  34.730 0.0000000000
61904  42.741  -10.103  23.926 0.0000000000
35651  19.843  -39.053  41.551 0.0000000000
34706  15.768  -39.545  41.642 0.0000000000
38609  11.628  -35.507  44.912 0.0000000000
37519  11.946  -35.950  43.688 0.0000000000
36501  9.741  -37.296  44.925 0.0000000000
35607  9.794  -38.097  44.732 0.0000000000
35599  10.012  -38.958  44.726 0.0000000000
35600  9.381  -38.648  45.146 0.0000000000
37498  8.497  -36.747  46.560 0.0000000000
34637  7.911  -39.142  46.390 0.0000000000
34644  8.340  -38.592  45.974 0.0000000000
34643  8.943  -39.120  45.561 0.0000000000
32673  7.153  -41.555  49.035 0.0000000000
32674  6.445  -41.469  49.456 0.0000000000
36463  6.310  -37.899  49.608 0.0000000000
34619  5.520  -39.419  49.924 0.0000000000
34612  5.151  -40.050  50.530 0.0000000000
33631  5.345  -40.813  50.351 0.0000000000
35557  4.030  -38.503  53.468 0.0000000000
36399  5.064  -37.219  54.394 0.0000000000
36400  4.144  -37.387  54.679 0.0000000000
35551  3.508  -38.126  54.346 0.0000000000
117378  2.892  -37.910  54.692 0.0000000000
44163  29.193  -29.314  32.067 0.0000000000
42438  30.099  -30.594  31.494 0.0000000000
42420  29.449  -30.758  32.064 0.0000000000
42403  28.368  -31.366  33.477 0.0000000000
42402  29.093  -31.426  33.109 0.0000000000
42382  28.696  -31.942  34.207 0.0000000000
120165  26.704  -30.488  33.461 0.0000000000
43232  27.014  -31.176  33.818 0.0000000000
42363  27.578  -32.688  34.702 0.0000000000
128719  27.787  -32.619  34.683 0.0000000000
42345  28.476  -32.875  35.065 0.0000000000
41510  28.770  -33.217  35.634 0.0000000000
110727  28.909  -33.068  36.261 0.0000000000
43221  22.822  -30.569  34.785 0.0000000000
43235  23.279  -31.065  34.183 0.0000000000
40727  24.023  -32.952  34.322 0.0000000000
41551  24.064  -32.240  34.078 0.0000000000
40713  24.394  -33.347  34.560 0.0000000000
123463  24.027  -36.682  37.060 0.0000000000
119490  23.633  -35.550  35.607 0.0000000000
37630  24.665  -36.287  36.676 0.0000000000
37611  26.153  -36.433  37.515 0.0000000000
112591  25.451  -35.740  36.520 0.0000000000
39704  26.057  -35.094  36.615 0.0000000000
57418  44.012  -15.797  22.865 0.0000000000
53754  32.785  -18.960  28.458 0.0000000000
52800  32.357  -19.548  27.790 0.0000000000
52850  32.307  -21.058  26.128 0.0000000000
113159  33.888  -21.258  25.421 0.0000000000
51023  34.039  -22.335  25.573 0.0000000000
49125  31.250  -24.930  30.755 0.0000000000
49134  31.174  -24.812  29.811 0.0000000000
124074  31.921  -24.460  28.362 0.0000000000
50036  31.069  -24.179  29.094 0.0000000000
126825  31.488  -24.183  28.566 0.0000000000
50048  31.028  -23.576  28.346 0.0000000000
111979  31.943  -23.901  28.039 0.0000000000
48204  35.653  -25.105  28.842 0.0000000000
49147  34.274  -24.661  28.286 0.0000000000
119785  35.238  -24.443  28.626 0.0000000000
50046  34.918  -23.828  28.161 0.0000000000
50047  33.842  -23.964  28.072 0.0000000000
50059  33.335  -23.716  27.356 0.0000000000
50060  32.315  -23.497  27.322 0.0000000000
50073  32.833  -23.203  26.430 0.0000000000
50071  35.765  -23.560  26.831 0.0000000000
129221  35.247  -23.426  26.320 0.0000000000
51000  35.682  -23.206  25.898 0.0000000000
50999  36.726  -23.277  26.254 0.0000000000
50974  38.754  -23.201  28.629 0.0000000000
41565  32.906  -32.638  33.167 0.0000000000
40739  33.763  -32.872  33.557 0.0000000000
115254  35.748  -32.986  34.257 0.0000000000
41545  35.179  -32.907  33.928 0.0000000000
41563  35.918  -32.528  33.649 0.0000000000
129962  38.164  -31.520  34.116 0.0000000000
63704  54.452  -8.168  19.595 0.0000000000
62860  54.876  -9.815  17.642 0.0000000000
62816  50.767  -9.140  21.442 0.0000000000
61947  51.424  -10.608  19.324 0.0000000000
61946  52.180  -10.250  19.213 0.0000000000
61081  53.215  -11.575  18.269 0.0000000000
61961  53.914  -11.082  17.870 0.0000000000
57434  45.650  -15.231  22.565 0.0000000000
42455  31.700  -30.696  30.188 0.0000000000
42436  31.806  -31.201  30.706 0.0000000000
42435  32.668  -31.517  30.936 0.0000000000
41596  33.023  -31.911  31.756 0.0000000000
61035  43.303  -11.421  22.284 0.0000000000
115901  44.810  -12.210  21.485 0.0000000000
124383  45.164  -12.812  21.530 0.0000000000
60090  36.988  -12.190  25.874 0.0000000000
59227  36.541  -12.638  25.317 0.0000000000
54743  34.466  -19.019  25.415 0.0000000000
119459  37.140  -20.730  25.106 0.0000000000
51941  37.686  -21.518  25.282 0.0000000000
35657  13.802  -38.284  41.310 0.0000000000
34696  12.796  -39.074  42.643 0.0000000000
110553  12.816  -39.768  43.444 0.0000000000
35616  11.363  -38.294  43.441 0.0000000000
37415  7.451  -36.372  50.420 0.0000000000
47172  25.716  -26.658  34.492 0.0000000000
46176  25.497  -27.562  33.498 0.0000000000
46165  24.646  -27.722  33.869 0.0000000000
44130  24.009  -29.210  33.726 0.0000000000
36585  21.849  -37.534  38.401 0.0000000000
36584  22.669  -37.631  38.495 0.0000000000
36567  23.023  -37.933  39.184 0.0000000000
46203  38.458  -27.404  31.706 0.0000000000
115742  38.256  -26.662  31.331 0.0000000000
46185  38.909  -27.243  32.218 0.0000000000
55653  33.217  -17.632  28.163 0.0000000000
37599  19.472  -36.921  38.191 0.0000000000
37601  18.010  -36.093  38.581 0.0000000000
39677  16.961  -34.399  39.500 0.0000000000
39678  16.523  -34.435  40.066 0.0000000000
38671  15.593  -35.518  40.465 0.0000000000
115179  22.004  -31.998  36.843 0.0000000000
40682  20.373  -33.151  37.304 0.0000000000
40681  21.097  -32.969  36.978 0.0000000000
38717  20.111  -34.730  36.576 0.0000000000
37634  20.257  -35.709  36.813 0.0000000000
46248  32.617  -27.560  28.855 0.0000000000
127412  35.372  -30.401  30.241 0.0000000000
43298  35.979  -30.152  30.608 0.0000000000
44193  36.318  -29.431  30.404 0.0000000000
44177  36.611  -29.812  31.062 0.0000000000
43261  37.894  -30.230  32.879 0.0000000000
124562  46.814  -8.490  22.424 0.0000000000
62833  49.369  -9.324  21.034 0.0000000000
59283  47.556  -13.445  21.245 0.0000000000
58369  49.981  -14.257  21.086 0.0000000000
129475  41.567  -13.047  22.989 0.0000000000
59254  40.447  -13.780  23.112 0.0000000000
58320  39.036  -14.419  23.387 0.0000000000
59217  34.571  -13.826  26.312 0.0000000000
59228  35.237  -13.357  25.767 0.0000000000
55688  37.090  -18.115  25.377 0.0000000000
113156  38.153  -17.777  25.775 0.0000000000
55682  39.178  -17.628  25.934 0.0000000000
128247  31.558  -33.366  35.769 0.0000000000
60997  40.488  -11.286  25.649 0.0000000000
60996  41.356  -10.986  25.659 0.0000000000
61009  41.376  -11.205  24.663 0.0000000000
108482  41.895  -10.991  24.071 0.0000000000
35677  18.777  -38.388  40.566 0.0000000000
35652  19.060  -38.827  41.394 0.0000000000
35630  18.438  -39.128  41.900 0.0000000000
33715  12.228  -40.245  45.120 0.0000000000
122150  12.394  -40.421  45.866 0.0000000000
123462  12.040  -40.478  46.482 0.0000000000
33670  11.539  -40.657  47.234 0.0000000000
33671  10.753  -40.850  47.483 0.0000000000
37511  10.898  -35.852  44.922 0.0000000000
37521  10.682  -36.536  44.360 0.0000000000
37512  10.142  -36.491  44.999 0.0000000000
36484  7.905  -37.220  46.966 0.0000000000
34629  8.086  -39.897  46.696 0.0000000000
33674  7.473  -40.267  47.406 0.0000000000
33659  7.160  -40.933  48.279 0.0000000000
33660  6.395  -40.365  48.585 0.0000000000
35561  5.023  -38.306  52.161 0.0000000000
35556  4.768  -38.077  52.983 0.0000000000
41511  28.357  -33.417  35.684 0.0000000000
41552  22.857  -32.278  34.546 0.0000000000
42387  23.427  -31.859  34.211 0.0000000000
39734  23.761  -33.570  34.493 0.0000000000
37597  24.752  -37.199  38.021 0.0000000000
37596  25.551  -36.957  37.851 0.0000000000
57419  43.053  -15.936  22.955 0.0000000000
52801  31.745  -19.879  28.208 0.0000000000
51918  31.707  -21.541  26.594 0.0000000000
51003  32.234  -22.223  26.170 0.0000000000
126194  32.260  -25.085  28.445 0.0000000000
49133  35.962  -24.225  28.950 0.0000000000
50035  36.104  -23.962  28.776 0.0000000000
50057  35.312  -23.665  27.703 0.0000000000
121134  35.993  -23.610  27.760 0.0000000000
50987  37.295  -23.437  27.324 0.0000000000
128508  37.255  -23.489  28.117 0.0000000000
113433  34.205  -33.700  35.137 0.0000000000
40738  34.468  -33.251  34.264 0.0000000000
130581  34.781  -33.518  34.777 0.0000000000
40723  35.975  -33.367  34.821 0.0000000000
124123  54.525  -11.551  17.765 0.0000000000
60182  54.926  -12.213  18.056 0.0000000000
39706  18.550  -34.490  37.671 0.0000000000
40660  21.268  -32.751  38.165 0.0000000000
57431  48.256  -15.327  22.726 0.0000000000
57414  47.813  -15.891  23.311 0.0000000000
43300  33.965  -30.879  29.908 0.0000000000
42451  34.995  -31.304  31.161 0.0000000000
111283  36.045  -31.494  32.407 0.0000000000
62788  44.315  -9.071  23.318 0.0000000000
62806  44.315  -9.514  22.422 0.0000000000
61925  45.995  -10.303  21.033 0.0000000000
113002  46.311  -12.748  21.268 0.0000000000
32649  5.362  -41.951  51.416 0.0000000000
60110  39.913  -12.302  23.984 0.0000000000
60111  39.213  -12.367  24.199 0.0000000000
60100  38.025  -12.290  24.858 0.0000000000
113731  33.586  -16.200  25.796 0.0000000000
56567  34.199  -16.764  25.352 0.0000000000
54742  36.218  -18.788  25.231 0.0000000000
53795  38.151  -19.325  25.827 0.0000000000
52848  39.269  -19.957  26.131 0.0000000000
51917  38.893  -21.708  25.812 0.0000000000
126008  40.321  -22.153  27.072 0.0000000000
41509  29.338  -33.296  36.421 0.0000000000
41508  30.018  -33.384  36.678 0.0000000000
40677  30.311  -33.629  37.380 0.0000000000
128421  40.268  -11.522  25.014 0.0000000000
35679  16.174  -38.626  40.281 0.0000000000
34694  15.164  -39.868  42.247 0.0000000000
33735  12.805  -40.317  44.677 0.0000000000
34656  12.946  -40.220  44.061 0.0000000000
34641  11.336  -39.866  44.862 0.0000000000
34642  10.429  -39.621  45.041 0.0000000000
36474  7.660  -36.895  47.752 0.0000000000
36475  7.023  -37.625  48.117 0.0000000000
46174  27.699  -27.093  33.369 0.0000000000
45185  27.220  -28.360  32.682 0.0000000000
44166  26.859  -28.925  32.769 0.0000000000
44148  26.266  -29.074  33.010 0.0000000000
43249  26.108  -29.964  33.365 0.0000000000
45165  25.062  -28.398  33.384 0.0000000000
44149  25.527  -29.137  33.233 0.0000000000
42365  26.235  -31.866  34.286 0.0000000000
41532  25.710  -32.472  34.640 0.0000000000
38713  22.858  -35.678  35.822 0.0000000000
37613  23.944  -37.132  37.820 0.0000000000
36583  23.493  -37.613  38.510 0.0000000000
123912  43.132  -17.427  25.451 0.0000000000
51869  30.198  -21.335  29.660 0.0000000000
51882  30.164  -21.923  28.798 0.0000000000
47219  35.741  -26.581  28.843 0.0000000000
48203  36.145  -25.693  29.169 0.0000000000
116640  37.312  -25.901  30.301 0.0000000000
48192  36.753  -25.049  29.849 0.0000000000
49124  37.239  -24.276  30.194 0.0000000000
124889  52.985  -9.184  20.574 0.0000000000
59301  51.516  -13.273  19.498 0.0000000000
33604  2.981  -39.545  54.126 0.0000000000
60070  35.662  -12.787  28.477 0.0000000000
59207  35.054  -13.298  27.899 0.0000000000
59208  34.481  -13.803  27.317 0.0000000000
58279  34.000  -14.466  26.780 0.0000000000
57384  33.475  -15.364  26.542 0.0000000000
58280  33.626  -15.037  27.675 0.0000000000
54744  33.784  -18.359  25.652 0.0000000000
55670  33.007  -17.711  26.896 0.0000000000
114648  34.625  -20.910  25.224 0.0000000000
35675  21.155  -38.582  40.590 0.0000000000
36551  20.326  -38.257  40.085 0.0000000000
36552  19.299  -38.001  39.847 0.0000000000
36570  19.335  -37.441  38.964 0.0000000000
36554  17.606  -38.011  39.741 0.0000000000
35692  16.748  -38.039  39.812 0.0000000000
38694  18.231  -35.321  38.105 0.0000000000
37582  17.287  -36.153  39.118 0.0000000000
38683  17.086  -35.179  39.204 0.0000000000
36573  16.473  -37.362  39.732 0.0000000000
37569  14.880  -36.707  40.527 0.0000000000
36557  14.616  -37.224  40.593 0.0000000000
36541  14.110  -37.582  40.968 0.0000000000
37542  12.616  -36.757  42.422 0.0000000000
45126  23.772  -27.990  35.831 0.0000000000
45127  23.327  -28.671  36.178 0.0000000000
42348  22.407  -31.086  35.495 0.0000000000
40696  21.797  -33.198  35.694 0.0000000000
38714  22.136  -35.784  36.028 0.0000000000
37616  21.315  -36.574  37.080 0.0000000000
36595  21.598  -37.062  37.696 0.0000000000
49110  31.498  -24.267  32.584 0.0000000000
48193  32.267  -26.014  30.024 0.0000000000
48224  32.418  -25.836  28.766 0.0000000000
47241  33.306  -26.545  28.191 0.0000000000
46265  34.464  -27.294  28.283 0.0000000000
45242  32.662  -28.227  28.647 0.0000000000
45241  33.156  -28.086  28.303 0.0000000000
44212  34.153  -29.488  28.861 0.0000000000
44232  33.574  -28.753  28.471 0.0000000000
45240  33.994  -28.033  28.305 0.0000000000
45239  34.736  -27.934  28.532 0.0000000000
46264  35.243  -27.347  28.633 0.0000000000
46247  35.891  -27.497  29.140 0.0000000000
46246  36.479  -27.665  29.716 0.0000000000
45199  37.535  -28.296  31.065 0.0000000000
44192  36.997  -28.997  30.899 0.0000000000
45198  38.080  -28.205  31.638 0.0000000000
61923  50.067  -9.615  20.797 0.0000000000
61071  50.000  -11.764  19.512 0.0000000000
60171  50.173  -12.539  19.532 0.0000000000
61055  47.707  -11.225  20.397 0.0000000000
60155  48.525  -12.500  20.303 0.0000000000
59302  50.604  -13.276  19.672 0.0000000000
59271  43.523  -14.000  22.188 0.0000000000
58340  42.367  -14.467  22.594 0.0000000000
122512  42.640  -16.453  23.364 0.0000000000
60122  40.133  -12.981  23.485 0.0000000000
117210  41.218  -15.855  23.131 0.0000000000
56595  41.884  -16.569  23.575 0.0000000000
56561  42.037  -17.421  25.958 0.0000000000
111398  41.235  -17.517  25.696 0.0000000000
60091  36.316  -12.385  26.089 0.0000000000
128344  35.666  -13.332  25.222 0.0000000000
59241  36.142  -13.281  24.798 0.0000000000
130018  37.611  -15.794  24.395 0.0000000000
128402  35.077  -15.964  25.135 0.0000000000
56565  36.495  -16.410  25.049 0.0000000000
56585  36.385  -15.748  24.748 0.0000000000
56584  37.120  -16.026  24.774 0.0000000000
55681  40.145  -17.616  26.013 0.0000000000
55680  40.845  -17.658  26.199 0.0000000000
41581  31.605  -32.103  32.545 0.0000000000
120146  32.378  -32.735  33.539 0.0000000000
41546  32.876  -32.996  33.924 0.0000000000
61020  42.964  -10.550  22.898 0.0000000000
124195  13.466  -35.635  42.253 0.0000000000
38627  12.590  -35.623  43.607 0.0000000000
37530  12.173  -36.473  43.044 0.0000000000
36521  11.719  -37.402  43.146 0.0000000000
35617  10.735  -38.010  43.857 0.0000000000
125615  10.889  -38.663  43.880 0.0000000000
37497  9.228  -36.284  46.218 0.0000000000
36492  8.256  -37.620  46.264 0.0000000000
36503  8.659  -37.894  45.752 0.0000000000
34634  10.080  -39.958  45.676 0.0000000000
33696  9.850  -40.337  46.315 0.0000000000
33672  9.800  -40.763  47.165 0.0000000000
33656  10.382  -41.201  47.992 0.0000000000
32659  6.252  -41.904  50.213 0.0000000000
34618  5.916  -39.827  49.171 0.0000000000
32660  5.540  -41.568  50.606 0.0000000000
33613  4.475  -40.519  52.080 0.0000000000
36406  6.098  -37.107  53.121 0.0000000000
35552  2.768  -38.666  54.170 0.0000000000
42437  30.676  -30.883  31.261 0.0000000000
41549  29.438  -32.439  34.718 0.0000000000
43265  27.238  -30.435  33.211 0.0000000000
42384  27.444  -32.034  34.263 0.0000000000
131349  29.270  -32.878  35.836 0.0000000000
44131  23.501  -28.974  34.461 0.0000000000
117836  24.084  -31.228  33.745 0.0000000000
41550  24.986  -31.912  34.005 0.0000000000
41513  26.241  -33.034  35.303 0.0000000000
38726  24.018  -35.019  35.115 0.0000000000
38725  24.847  -34.771  35.443 0.0000000000
39723  25.647  -33.983  35.549 0.0000000000
40695  26.769  -33.456  35.989 0.0000000000
40679  27.312  -33.874  36.662 0.0000000000
56592  45.495  -16.627  23.652 0.0000000000
55686  43.764  -17.393  25.342 0.0000000000
54688  33.169  -18.506  28.893 0.0000000000
114998  33.006  -19.408  26.734 0.0000000000
52825  32.665  -19.975  26.650 0.0000000000
131280  30.598  -23.794  31.414 0.0000000000
50017  30.230  -23.312  30.853 0.0000000000
49135  30.730  -24.074  29.722 0.0000000000
50025  30.318  -23.482  29.971 0.0000000000
50964  30.185  -22.771  29.360 0.0000000000
50049  30.441  -22.817  28.491 0.0000000000
48221  34.821  -25.439  28.358 0.0000000000
127227  34.686  -24.129  28.400 0.0000000000
50061  31.431  -23.198  27.558 0.0000000000
50989  31.118  -22.479  27.288 0.0000000000
51002  33.126  -22.600  25.868 0.0000000000
51001  33.674  -23.079  25.969 0.0000000000
125801  35.256  -22.427  25.385 0.0000000000
124318  38.151  -23.131  27.169 0.0000000000
110703  38.903  -22.912  27.550 0.0000000000
41580  32.562  -32.230  32.430 0.0000000000
41564  34.588  -32.820  33.602 0.0000000000
41578  34.402  -32.512  32.976 0.0000000000
41594  34.374  -32.069  32.278 0.0000000000
122380  34.942  -32.219  32.666 0.0000000000
41577  35.596  -32.069  32.863 0.0000000000
40707  37.213  -33.608  35.906 0.0000000000
113217  37.239  -32.584  34.563 0.0000000000
42400  37.219  -31.607  33.449 0.0000000000
42414  37.550  -30.936  33.112 0.0000000000
127452  38.208  -30.661  33.454 0.0000000000
62814  52.327  -8.997  21.502 0.0000000000
62831  52.452  -9.373  20.744 0.0000000000
60169  51.570  -12.574  19.080 0.0000000000
60184  52.774  -12.372  18.667 0.0000000000
61082  52.482  -11.620  18.546 0.0000000000
61945  52.905  -9.879  19.065 0.0000000000
61960  54.598  -10.787  17.541 0.0000000000
36581  25.176  -37.517  38.491 0.0000000000
41525  38.022  -32.410  34.961 0.0000000000
41526  36.901  -33.165  35.102 0.0000000000
41562  36.831  -32.247  33.879 0.0000000000
42380  38.537  -31.038  34.096 0.0000000000
42399  37.909  -31.304  33.714 0.0000000000
43250  25.321  -29.776  33.417 0.0000000000
45141  23.418  -28.638  35.334 0.0000000000
46151  25.045  -26.809  35.853 0.0000000000
46224  37.391  -27.638  30.620 0.0000000000
46225  36.912  -27.838  30.243 0.0000000000
47161  25.554  -26.568  35.191 0.0000000000
47171  26.508  -26.514  34.402 0.0000000000
47180  27.001  -26.798  33.636 0.0000000000
50976  37.281  -23.528  28.757 0.0000000000
51853  30.091  -21.790  30.419 0.0000000000
51915  40.467  -21.640  26.675 0.0000000000
57376  33.250  -15.916  27.525 0.0000000000
58301  34.550  -14.953  25.435 0.0000000000
121224  25.300  -27.073  34.009 0.0000000000
123446  38.019  -23.414  28.950 0.0000000000
