#!ascii label  , from subject sub-v1s13x0050005_ses-1 vox2ras=TkReg
1723
54682  58.349  -18.018  30.931 0.0000000000
35695  43.975  -38.835  39.198 0.0000000000
126169  27.800  -43.657  40.099 0.0000000000
30213  21.059  -43.152  43.650 0.0000000000
31790  36.900  -42.217  45.724 0.0000000000
112589  34.418  -37.788  35.720 0.0000000000
52794  50.427  -20.593  28.486 0.0000000000
128221  55.487  -13.458  27.974 0.0000000000
49967  48.946  -22.417  37.183 0.0000000000
44140  42.719  -30.208  33.356 0.0000000000
39807  35.792  -34.825  27.482 0.0000000000
27467  29.887  -46.787  45.476 0.0000000000
30231  24.979  -43.775  41.281 0.0000000000
27447  25.486  -46.724  47.452 0.0000000000
30205  33.057  -44.610  43.294 0.0000000000
51737  53.691  -21.864  38.237 0.0000000000
37501  42.267  -35.671  45.783 0.0000000000
39608  46.749  -34.746  42.312 0.0000000000
43188  46.494  -30.429  38.583 0.0000000000
39720  43.038  -33.768  36.104 0.0000000000
41620  39.453  -32.949  29.908 0.0000000000
37670  38.821  -36.562  32.644 0.0000000000
118764  28.690  -37.498  34.574 0.0000000000
38779  30.368  -35.510  30.316 0.0000000000
57346  53.857  -15.672  29.987 0.0000000000
115565  54.305  -17.641  25.782 0.0000000000
33813  26.223  -40.344  36.078 0.0000000000
111382  23.234  -42.586  35.994 0.0000000000
121971  38.232  -39.032  41.232 0.0000000000
33799  38.703  -40.300  36.471 0.0000000000
31857  37.216  -42.673  40.173 0.0000000000
33770  30.977  -40.471  39.554 0.0000000000
53734  53.984  -19.783  29.198 0.0000000000
27411  21.620  -47.405  49.764 0.0000000000
29314  18.669  -43.818  45.821 0.0000000000
128190  55.881  -13.967  34.848 0.0000000000
54633  57.361  -18.419  34.226 0.0000000000
51813  53.498  -21.283  33.477 0.0000000000
51817  49.748  -20.838  33.285 0.0000000000
50006  45.515  -23.155  32.743 0.0000000000
128117  49.207  -25.276  41.841 0.0000000000
47153  45.598  -26.618  35.460 0.0000000000
47191  41.927  -26.103  31.076 0.0000000000
44248  40.269  -29.130  27.828 0.0000000000
36700  34.832  -36.656  31.169 0.0000000000
28350  28.741  -46.096  47.691 0.0000000000
27460  27.714  -46.694  46.625 0.0000000000
28352  27.555  -46.842  48.391 0.0000000000
29297  31.227  -46.109  46.123 0.0000000000
37537  43.095  -36.241  42.024 0.0000000000
122113  45.371  -37.148  40.792 0.0000000000
39682  44.718  -34.633  38.814 0.0000000000
37609  42.901  -36.584  37.957 0.0000000000
38733  41.063  -34.936  34.968 0.0000000000
36606  41.300  -37.407  36.869 0.0000000000
108499  26.686  -37.332  33.792 0.0000000000
37676  27.524  -36.113  32.731 0.0000000000
55615  57.113  -16.907  30.746 0.0000000000
130104  56.828  -17.325  28.671 0.0000000000
54680  59.397  -17.670  30.248 0.0000000000
31904  27.068  -42.207  37.941 0.0000000000
32837  24.891  -42.062  36.340 0.0000000000
31060  25.465  -43.325  38.429 0.0000000000
30211  23.350  -42.833  42.912 0.0000000000
31842  22.235  -42.212  40.089 0.0000000000
31843  20.351  -41.965  40.621 0.0000000000
31032  19.038  -42.226  41.456 0.0000000000
126311  36.998  -37.402  44.741 0.0000000000
33736  36.526  -40.439  43.620 0.0000000000
31820  39.575  -43.058  41.064 0.0000000000
30981  37.676  -43.886  43.352 0.0000000000
31008  29.960  -43.871  41.608 0.0000000000
31825  32.383  -42.534  41.717 0.0000000000
31860  29.230  -42.351  39.997 0.0000000000
33791  28.514  -40.282  37.684 0.0000000000
110135  52.659  -20.465  28.973 0.0000000000
52816  53.205  -20.095  27.007 0.0000000000
52843  51.820  -20.748  26.227 0.0000000000
130675  16.244  -43.815  47.435 0.0000000000
52725  55.906  -20.880  34.288 0.0000000000
51756  55.493  -21.122  36.464 0.0000000000
50886  52.574  -21.781  37.741 0.0000000000
123866  51.802  -21.443  35.450 0.0000000000
50909  49.202  -21.656  35.079 0.0000000000
50929  47.393  -21.958  32.856 0.0000000000
49984  47.811  -22.877  35.043 0.0000000000
43202  44.853  -30.811  36.589 0.0000000000
45117  46.082  -28.446  37.202 0.0000000000
45144  43.990  -28.360  34.694 0.0000000000
47175  44.198  -26.422  33.733 0.0000000000
117734  41.943  -28.591  31.639 0.0000000000
46245  41.517  -27.800  29.251 0.0000000000
44191  41.571  -29.793  30.320 0.0000000000
108806  37.811  -31.370  27.820 0.0000000000
34742  36.626  -39.307  36.601 0.0000000000
35743  37.051  -38.591  34.236 0.0000000000
35761  35.209  -37.819  33.694 0.0000000000
37755  31.246  -36.088  28.041 0.0000000000
59236  56.869  -14.039  24.772 0.0000000000
58294  55.110  -14.634  25.639 0.0000000000
29366  28.427  -44.699  42.270 0.0000000000
30243  26.364  -44.054  40.367 0.0000000000
28425  27.535  -44.944  43.589 0.0000000000
116153  25.404  -44.636  45.278 0.0000000000
29309  23.224  -45.034  46.029 0.0000000000
30955  35.397  -43.190  46.395 0.0000000000
29319  36.113  -45.032  44.372 0.0000000000
29294  33.889  -45.230  45.354 0.0000000000
28414  31.578  -46.285  44.427 0.0000000000
52665  53.951  -21.160  37.092 0.0000000000
50832  51.602  -21.714  39.556 0.0000000000
41440  46.971  -32.858  40.589 0.0000000000
41486  44.738  -32.573  37.404 0.0000000000
41542  42.968  -32.489  34.776 0.0000000000
42430  41.564  -31.915  31.653 0.0000000000
40746  41.302  -33.075  32.748 0.0000000000
39747  39.390  -34.410  31.850 0.0000000000
38793  38.051  -35.865  29.897 0.0000000000
35729  31.600  -37.604  35.772 0.0000000000
36648  33.222  -36.819  33.621 0.0000000000
37674  29.729  -36.055  32.794 0.0000000000
59198  53.755  -14.452  29.323 0.0000000000
131273  53.578  -15.872  26.423 0.0000000000
55666  54.453  -17.158  27.813 0.0000000000
31062  24.188  -43.128  38.480 0.0000000000
36516  39.670  -36.820  43.595 0.0000000000
35662  42.258  -39.214  40.634 0.0000000000
33785  42.173  -40.348  37.580 0.0000000000
31853  41.410  -42.600  39.672 0.0000000000
32796  38.602  -42.361  38.807 0.0000000000
33788  35.868  -39.740  38.475 0.0000000000
126383  35.949  -43.837  42.113 0.0000000000
32783  33.666  -40.762  40.390 0.0000000000
34732  32.465  -38.926  37.915 0.0000000000
34745  30.212  -38.831  37.010 0.0000000000
115852  27.569  -39.135  35.963 0.0000000000
53732  55.517  -18.819  30.353 0.0000000000
53747  57.736  -18.810  29.163 0.0000000000
52814  54.957  -19.664  27.128 0.0000000000
26580  23.813  -47.637  48.411 0.0000000000
116698  21.341  -45.448  46.489 0.0000000000
28361  20.112  -45.516  47.411 0.0000000000
124527  19.554  -43.678  44.399 0.0000000000
59161  54.103  -13.415  31.666 0.0000000000
57328  54.686  -15.356  31.818 0.0000000000
56469  57.273  -16.358  32.723 0.0000000000
54646  57.973  -17.499  32.776 0.0000000000
53709  55.692  -19.866  32.077 0.0000000000
52749  54.205  -20.695  31.820 0.0000000000
51841  52.350  -20.559  31.269 0.0000000000
51778  54.168  -21.475  36.217 0.0000000000
51803  51.671  -20.797  33.853 0.0000000000
51843  50.325  -20.659  30.865 0.0000000000
51845  48.296  -21.013  30.866 0.0000000000
51848  45.766  -21.515  30.136 0.0000000000
49944  48.880  -23.545  39.471 0.0000000000
45080  47.871  -28.591  40.071 0.0000000000
48113  47.423  -26.544  38.527 0.0000000000
49075  47.497  -24.400  36.587 0.0000000000
49092  45.953  -24.907  34.225 0.0000000000
49108  43.680  -24.451  32.414 0.0000000000
125128  39.741  -30.779  28.749 0.0000000000
35740  39.291  -38.244  34.200 0.0000000000
36680  37.642  -36.925  31.336 0.0000000000
37738  35.230  -35.586  28.621 0.0000000000
37689  32.721  -36.690  31.097 0.0000000000
37740  33.618  -35.877  28.587 0.0000000000
28351  28.133  -46.570  48.128 0.0000000000
29249  27.987  -45.880  48.278 0.0000000000
35636  44.047  -38.533  40.976 0.0000000000
128926  44.739  -37.177  41.409 0.0000000000
36560  44.756  -38.110  39.902 0.0000000000
37592  44.325  -36.770  39.037 0.0000000000
36590  43.218  -37.458  38.342 0.0000000000
36605  41.937  -37.189  37.437 0.0000000000
36592  41.910  -38.128  37.489 0.0000000000
55614  58.475  -17.116  31.393 0.0000000000
55628  58.253  -17.272  30.792 0.0000000000
54681  58.917  -17.726  30.726 0.0000000000
31046  27.708  -43.028  39.422 0.0000000000
31066  26.027  -42.991  37.924 0.0000000000
31048  26.448  -43.504  39.294 0.0000000000
30212  22.185  -42.851  43.485 0.0000000000
31011  21.591  -42.183  41.900 0.0000000000
31012  20.673  -42.316  42.283 0.0000000000
114418  19.923  -42.185  41.688 0.0000000000
30994  19.756  -42.858  43.178 0.0000000000
118435  36.248  -41.123  47.527 0.0000000000
115609  36.925  -40.349  46.615 0.0000000000
34645  36.534  -39.630  45.075 0.0000000000
32727  36.902  -41.633  44.632 0.0000000000
110371  37.478  -42.642  43.194 0.0000000000
31798  37.060  -42.892  44.391 0.0000000000
30240  29.094  -43.831  41.141 0.0000000000
31026  29.990  -43.272  41.130 0.0000000000
116392  28.478  -43.112  39.996 0.0000000000
31883  28.109  -42.233  38.952 0.0000000000
52793  51.312  -20.607  28.420 0.0000000000
124654  51.550  -20.600  27.394 0.0000000000
52818  50.715  -20.627  27.618 0.0000000000
53659  55.468  -19.252  35.292 0.0000000000
53636  56.101  -20.319  36.006 0.0000000000
53637  55.403  -20.177  35.952 0.0000000000
50869  50.164  -21.828  37.626 0.0000000000
50900  50.754  -21.640  36.330 0.0000000000
50888  49.865  -21.780  36.754 0.0000000000
50902  48.518  -22.291  35.453 0.0000000000
114454  48.013  -23.084  35.806 0.0000000000
43228  43.612  -30.408  34.962 0.0000000000
44120  44.080  -29.804  35.390 0.0000000000
44139  42.937  -29.415  33.857 0.0000000000
45156  42.857  -28.700  33.497 0.0000000000
116811  42.573  -29.299  33.074 0.0000000000
45211  41.984  -29.196  31.513 0.0000000000
43277  41.948  -30.508  31.349 0.0000000000
35727  35.371  -38.201  35.685 0.0000000000
35726  35.776  -38.395  34.968 0.0000000000
108563  35.062  -37.975  34.858 0.0000000000
59212  56.123  -13.553  26.849 0.0000000000
58282  55.271  -14.222  26.511 0.0000000000
28423  28.984  -45.758  43.849 0.0000000000
114509  27.808  -44.853  42.977 0.0000000000
118378  28.492  -46.005  44.566 0.0000000000
27462  26.420  -46.703  47.264 0.0000000000
124380  26.713  -45.862  45.938 0.0000000000
118503  25.464  -45.979  46.424 0.0000000000
29323  24.169  -44.539  45.543 0.0000000000
28387  24.488  -45.872  46.476 0.0000000000
30953  33.840  -43.172  47.118 0.0000000000
30956  34.623  -43.631  46.307 0.0000000000
30151  33.462  -44.862  45.857 0.0000000000
27457  30.317  -46.741  45.807 0.0000000000
27455  31.783  -46.411  45.029 0.0000000000
28401  30.317  -46.656  44.848 0.0000000000
29341  30.303  -45.874  43.727 0.0000000000
38615  45.907  -34.576  43.367 0.0000000000
114323  46.337  -33.788  44.105 0.0000000000
40561  47.558  -33.345  43.101 0.0000000000
41426  48.321  -32.160  42.020 0.0000000000
40595  47.461  -33.514  41.613 0.0000000000
39708  43.869  -33.915  37.264 0.0000000000
40667  44.812  -33.181  37.995 0.0000000000
40686  43.719  -33.369  36.570 0.0000000000
41503  44.127  -32.224  36.219 0.0000000000
40720  42.893  -32.945  35.041 0.0000000000
40735  42.100  -33.018  33.838 0.0000000000
40722  41.877  -33.462  34.155 0.0000000000
38734  40.244  -35.483  34.530 0.0000000000
39741  40.463  -34.279  33.373 0.0000000000
38750  39.102  -35.295  32.447 0.0000000000
38778  38.394  -35.485  30.348 0.0000000000
37685  38.600  -36.240  31.869 0.0000000000
36620  30.041  -37.759  35.409 0.0000000000
37649  31.025  -36.680  34.256 0.0000000000
37651  29.094  -36.996  34.079 0.0000000000
115535  53.603  -15.056  29.612 0.0000000000
57370  53.583  -15.776  28.247 0.0000000000
56521  54.286  -16.748  28.655 0.0000000000
55664  56.636  -17.576  27.783 0.0000000000
116414  25.530  -40.051  35.545 0.0000000000
33814  24.728  -40.639  35.397 0.0000000000
30244  25.713  -44.049  40.744 0.0000000000
30253  24.998  -43.658  39.662 0.0000000000
31029  24.384  -43.398  39.929 0.0000000000
31888  21.120  -41.841  38.633 0.0000000000
127296  21.938  -42.098  38.730 0.0000000000
36526  37.827  -37.995  42.578 0.0000000000
36517  38.625  -37.056  43.649 0.0000000000
36538  39.095  -37.582  41.898 0.0000000000
36537  40.897  -37.218  41.273 0.0000000000
35664  39.971  -38.927  40.632 0.0000000000
32762  42.319  -41.345  40.166 0.0000000000
33758  40.822  -41.445  40.381 0.0000000000
31022  38.844  -44.344  40.731 0.0000000000
31057  39.442  -43.504  39.663 0.0000000000
31882  37.538  -42.186  39.415 0.0000000000
32798  37.121  -41.147  38.787 0.0000000000
32780  36.759  -41.691  39.641 0.0000000000
29335  35.088  -45.316  43.956 0.0000000000
120565  36.237  -45.038  43.323 0.0000000000
30204  34.822  -44.507  43.008 0.0000000000
32785  31.402  -40.959  40.121 0.0000000000
32769  33.318  -41.349  40.877 0.0000000000
33768  32.845  -40.269  39.913 0.0000000000
33777  33.385  -39.649  39.277 0.0000000000
34723  31.952  -39.424  38.466 0.0000000000
34733  31.567  -39.104  37.758 0.0000000000
33789  30.229  -39.671  38.219 0.0000000000
33802  27.445  -40.193  36.773 0.0000000000
114661  27.840  -39.484  36.502 0.0000000000
34747  27.011  -39.696  36.193 0.0000000000
53733  54.690  -19.351  29.634 0.0000000000
53748  55.783  -18.831  29.474 0.0000000000
53749  54.620  -19.388  28.721 0.0000000000
51907  54.286  -20.945  25.759 0.0000000000
26574  21.998  -47.482  48.646 0.0000000000
27450  22.602  -46.708  47.345 0.0000000000
27435  21.570  -46.824  48.062 0.0000000000
29285  18.443  -44.509  47.995 0.0000000000
28378  19.563  -44.921  47.085 0.0000000000
28393  19.740  -44.737  46.278 0.0000000000
29313  19.332  -44.192  45.698 0.0000000000
30195  18.980  -43.398  44.098 0.0000000000
30181  17.922  -43.346  44.636 0.0000000000
60052  54.863  -12.355  31.127 0.0000000000
59146  54.577  -13.208  33.328 0.0000000000
58203  54.747  -14.085  33.159 0.0000000000
57327  55.774  -15.898  32.301 0.0000000000
57318  56.282  -15.143  34.049 0.0000000000
55581  57.093  -16.797  34.874 0.0000000000
56454  57.725  -16.975  33.967 0.0000000000
119448  57.538  -18.119  33.455 0.0000000000
54647  57.375  -18.395  32.829 0.0000000000
53697  57.199  -19.037  33.793 0.0000000000
51800  55.246  -21.394  34.433 0.0000000000
110841  54.696  -20.919  32.804 0.0000000000
52737  53.864  -21.056  32.709 0.0000000000
52751  52.921  -20.630  31.482 0.0000000000
51827  53.160  -20.940  32.762 0.0000000000
108680  53.592  -21.364  37.527 0.0000000000
52664  54.237  -21.090  36.770 0.0000000000
51759  53.469  -21.474  37.572 0.0000000000
51804  50.607  -20.774  34.187 0.0000000000
109958  51.686  -21.217  34.699 0.0000000000
51816  50.832  -20.653  33.266 0.0000000000
51830  50.986  -20.585  32.422 0.0000000000
51831  49.492  -20.863  32.238 0.0000000000
51844  49.349  -20.837  31.122 0.0000000000
115167  48.605  -21.145  31.793 0.0000000000
50921  46.874  -22.612  33.185 0.0000000000
50938  46.304  -21.766  31.779 0.0000000000
129166  45.617  -21.893  31.448 0.0000000000
124779  44.848  -22.307  31.367 0.0000000000
49046  49.036  -24.052  40.502 0.0000000000
43147  47.862  -30.538  40.473 0.0000000000
44043  48.457  -29.321  41.083 0.0000000000
44068  47.260  -29.299  39.180 0.0000000000
46131  45.918  -27.695  36.670 0.0000000000
46116  46.790  -27.581  37.961 0.0000000000
47142  46.765  -26.235  37.249 0.0000000000
48122  47.226  -25.851  37.738 0.0000000000
48134  46.562  -25.818  36.455 0.0000000000
49084  46.792  -24.754  35.305 0.0000000000
48144  45.925  -25.910  35.201 0.0000000000
47184  42.446  -26.300  31.925 0.0000000000
48170  43.489  -25.157  32.562 0.0000000000
48179  42.503  -25.445  31.626 0.0000000000
49122  42.261  -24.543  30.335 0.0000000000
48190  41.892  -25.497  30.218 0.0000000000
47217  41.842  -26.045  29.318 0.0000000000
45238  40.855  -29.045  28.374 0.0000000000
45254  41.193  -28.169  28.001 0.0000000000
41607  41.040  -32.373  31.291 0.0000000000
42465  41.095  -31.391  30.457 0.0000000000
42467  39.798  -32.138  29.670 0.0000000000
43366  37.802  -30.337  27.379 0.0000000000
33797  40.823  -40.483  36.422 0.0000000000
34741  40.552  -39.469  35.996 0.0000000000
120993  39.665  -39.290  35.369 0.0000000000
35773  35.992  -37.889  33.109 0.0000000000
35772  37.110  -37.785  32.975 0.0000000000
36681  36.594  -36.929  31.686 0.0000000000
36698  36.953  -36.592  30.800 0.0000000000
37705  35.206  -36.260  30.296 0.0000000000
37672  31.795  -36.333  32.249 0.0000000000
108357  32.675  -36.632  31.850 0.0000000000
37708  32.149  -36.619  30.623 0.0000000000
37741  32.744  -36.113  28.406 0.0000000000
38831  33.923  -35.324  27.301 0.0000000000
55679  53.715  -17.054  26.159 0.0000000000
57388  53.604  -16.166  25.731 0.0000000000
53746  58.787  -18.757  29.185 0.0000000000
129779  29.084  -46.883  46.508 0.0000000000
27469  28.209  -46.551  45.885 0.0000000000
27428  28.363  -46.902  47.492 0.0000000000
27429  27.420  -47.056  47.835 0.0000000000
130033  26.776  -46.999  47.855 0.0000000000
28358  29.969  -45.942  46.849 0.0000000000
37525  42.576  -36.046  43.841 0.0000000000
115753  43.008  -35.483  45.316 0.0000000000
38616  44.094  -35.472  43.491 0.0000000000
123877  44.899  -35.478  42.755 0.0000000000
38633  46.294  -35.412  41.954 0.0000000000
39648  46.473  -34.700  41.090 0.0000000000
38676  45.483  -35.872  40.187 0.0000000000
38690  43.878  -35.759  38.428 0.0000000000
38708  43.011  -35.029  37.185 0.0000000000
39722  41.856  -34.481  35.320 0.0000000000
38710  41.828  -35.762  36.499 0.0000000000
37642  40.438  -36.116  35.350 0.0000000000
37647  39.709  -36.888  34.674 0.0000000000
114239  27.894  -37.635  34.452 0.0000000000
37664  27.917  -36.641  33.406 0.0000000000
37665  26.865  -36.709  33.259 0.0000000000
56507  55.439  -16.703  30.101 0.0000000000
55630  54.992  -16.882  29.349 0.0000000000
55629  56.428  -17.052  29.799 0.0000000000
55644  59.054  -17.440  30.052 0.0000000000
32822  26.703  -41.739  37.161 0.0000000000
32836  25.578  -41.828  36.560 0.0000000000
32823  26.010  -42.106  37.022 0.0000000000
31907  25.032  -42.855  37.509 0.0000000000
31076  24.574  -42.740  37.390 0.0000000000
30232  24.298  -43.347  42.115 0.0000000000
120763  23.626  -42.945  40.258 0.0000000000
31010  22.560  -42.406  41.591 0.0000000000
118215  21.336  -41.942  40.398 0.0000000000
31866  18.880  -42.130  39.926 0.0000000000
35610  36.561  -38.852  43.412 0.0000000000
34680  37.095  -39.627  42.021 0.0000000000
33753  38.288  -40.606  40.996 0.0000000000
32754  37.453  -41.340  42.204 0.0000000000
31813  38.597  -43.449  42.179 0.0000000000
30238  38.139  -44.517  41.319 0.0000000000
30206  31.937  -44.532  43.027 0.0000000000
31005  32.649  -43.274  42.299 0.0000000000
31826  31.689  -42.966  41.769 0.0000000000
32771  30.924  -41.784  40.603 0.0000000000
32786  30.511  -41.181  39.936 0.0000000000
33781  29.715  -40.287  38.659 0.0000000000
32801  29.213  -40.996  39.090 0.0000000000
32821  27.317  -41.492  37.612 0.0000000000
52776  53.316  -20.298  29.262 0.0000000000
53750  53.742  -19.757  28.430 0.0000000000
52791  52.983  -20.225  28.120 0.0000000000
52842  52.842  -20.588  26.265 0.0000000000
29271  17.870  -44.498  48.707 0.0000000000
29300  17.690  -43.685  46.759 0.0000000000
30168  17.858  -43.478  45.335 0.0000000000
110355  16.025  -43.292  46.057 0.0000000000
54619  56.914  -18.751  34.927 0.0000000000
53680  57.058  -19.432  34.714 0.0000000000
53657  56.686  -19.860  35.334 0.0000000000
51775  56.330  -20.991  35.777 0.0000000000
51791  55.230  -21.526  35.350 0.0000000000
51738  53.420  -22.064  37.837 0.0000000000
51760  52.879  -21.508  37.215 0.0000000000
50899  51.939  -21.631  36.780 0.0000000000
51780  50.307  -21.454  35.495 0.0000000000
50918  48.964  -21.553  34.330 0.0000000000
51805  48.881  -21.391  33.607 0.0000000000
50919  48.264  -21.980  33.966 0.0000000000
49991  47.702  -22.674  34.287 0.0000000000
49998  47.096  -23.089  33.856 0.0000000000
43201  45.410  -30.647  37.269 0.0000000000
44081  46.366  -29.799  38.115 0.0000000000
43214  45.283  -30.030  36.795 0.0000000000
45131  45.003  -28.460  35.964 0.0000000000
46144  44.999  -27.706  35.463 0.0000000000
47165  44.660  -26.782  34.452 0.0000000000
47166  43.938  -27.491  34.039 0.0000000000
46182  42.792  -27.437  32.757 0.0000000000
117509  41.965  -27.053  31.597 0.0000000000
47202  41.572  -27.017  29.751 0.0000000000
46223  41.586  -28.048  30.273 0.0000000000
121022  41.436  -29.318  29.825 0.0000000000
44229  40.844  -29.900  29.050 0.0000000000
41621  38.821  -33.242  29.461 0.0000000000
41631  39.016  -32.516  29.238 0.0000000000
41633  37.771  -33.101  28.438 0.0000000000
42495  36.496  -31.741  27.289 0.0000000000
43369  35.661  -30.484  26.391 0.0000000000
33812  37.760  -39.725  36.163 0.0000000000
34755  38.035  -39.331  35.328 0.0000000000
34772  36.795  -38.802  34.966 0.0000000000
35760  35.751  -38.120  33.715 0.0000000000
111568  34.663  -37.212  32.633 0.0000000000
129129  30.870  -35.887  29.743 0.0000000000
38814  30.203  -35.244  28.724 0.0000000000
109319  57.643  -13.170  26.307 0.0000000000
58293  56.085  -14.287  25.133 0.0000000000
129551  55.007  -15.278  24.181 0.0000000000
114241  28.636  -44.376  41.651 0.0000000000
30242  26.915  -44.157  40.525 0.0000000000
29371  27.248  -44.334  41.163 0.0000000000
29367  26.983  -44.378  41.606 0.0000000000
29362  26.439  -44.290  42.257 0.0000000000
114068  27.458  -45.662  45.158 0.0000000000
129589  26.479  -44.540  44.093 0.0000000000
30189  25.309  -43.824  43.612 0.0000000000
30190  24.357  -43.410  43.916 0.0000000000
30191  23.156  -43.166  44.050 0.0000000000
29325  21.962  -44.288  45.219 0.0000000000
31792  36.006  -42.739  46.521 0.0000000000
30963  36.367  -43.505  45.382 0.0000000000
30148  35.873  -43.681  45.676 0.0000000000
29306  35.047  -45.064  44.908 0.0000000000
28411  33.628  -45.601  44.498 0.0000000000
28367  32.433  -45.906  45.339 0.0000000000
112314  32.604  -46.005  45.004 0.0000000000
29355  32.457  -45.274  43.588 0.0000000000
30207  30.968  -44.761  42.838 0.0000000000
30228  29.535  -44.366  41.920 0.0000000000
52795  49.511  -20.560  28.493 0.0000000000
125339  50.167  -20.703  26.937 0.0000000000
51887  48.487  -20.825  26.767 0.0000000000
53638  54.089  -20.237  35.713 0.0000000000
50848  53.783  -21.953  38.635 0.0000000000
118873  53.434  -22.044  38.729 0.0000000000
50851  51.693  -21.796  38.810 0.0000000000
50852  50.367  -21.902  38.515 0.0000000000
42290  48.212  -31.376  41.336 0.0000000000
42304  46.851  -31.437  39.628 0.0000000000
40608  46.471  -33.507  40.371 0.0000000000
41469  45.836  -32.470  38.928 0.0000000000
42316  45.768  -31.706  38.348 0.0000000000
42341  45.000  -31.379  37.080 0.0000000000
42359  43.942  -31.744  35.693 0.0000000000
42397  42.936  -31.668  34.102 0.0000000000
42413  42.098  -31.700  32.338 0.0000000000
41574  42.001  -32.387  32.836 0.0000000000
41575  41.523  -32.682  32.513 0.0000000000
41593  40.772  -32.851  31.509 0.0000000000
39740  41.245  -33.786  33.753 0.0000000000
39756  40.139  -33.766  31.926 0.0000000000
40768  39.376  -33.715  30.602 0.0000000000
39778  38.657  -34.530  30.130 0.0000000000
39780  37.661  -34.910  29.031 0.0000000000
38809  37.001  -35.180  28.591 0.0000000000
35728  32.412  -37.595  35.933 0.0000000000
36631  33.789  -37.158  34.278 0.0000000000
36633  31.820  -36.903  34.647 0.0000000000
37660  31.484  -36.346  33.255 0.0000000000
38751  30.095  -35.696  32.022 0.0000000000
37675  28.647  -36.146  32.910 0.0000000000
38752  29.110  -35.586  32.178 0.0000000000
58261  53.937  -14.473  28.501 0.0000000000
58273  54.231  -14.509  27.645 0.0000000000
58274  53.642  -15.194  27.883 0.0000000000
55667  53.731  -16.757  27.024 0.0000000000
111165  54.315  -17.355  26.727 0.0000000000
55646  55.722  -17.369  28.193 0.0000000000
55665  55.315  -17.603  27.282 0.0000000000
30251  26.004  -43.553  39.154 0.0000000000
31061  24.899  -43.303  38.376 0.0000000000
31070  23.573  -42.799  37.815 0.0000000000
31051  23.041  -42.682  39.701 0.0000000000
31908  22.662  -42.496  37.377 0.0000000000
37517  40.869  -36.390  44.640 0.0000000000
37527  41.077  -36.422  42.915 0.0000000000
36536  42.161  -37.382  41.041 0.0000000000
34709  43.788  -39.508  40.200 0.0000000000
34727  42.619  -39.827  38.078 0.0000000000
33773  42.876  -40.749  39.245 0.0000000000
121346  41.825  -41.844  38.186 0.0000000000
32815  40.966  -41.840  37.773 0.0000000000
31832  40.617  -43.030  40.338 0.0000000000
31879  40.216  -42.565  38.634 0.0000000000
32834  38.483  -40.876  37.372 0.0000000000
33786  37.433  -40.370  37.530 0.0000000000
34729  36.123  -39.368  37.655 0.0000000000
34744  35.237  -38.677  37.358 0.0000000000
116319  36.895  -44.067  44.429 0.0000000000
29364  37.256  -44.644  42.152 0.0000000000
31025  36.378  -43.427  41.510 0.0000000000
31823  34.381  -42.783  41.961 0.0000000000
31836  34.929  -42.200  41.350 0.0000000000
31858  36.332  -42.166  40.395 0.0000000000
33766  34.861  -40.111  39.562 0.0000000000
126835  34.382  -38.793  38.025 0.0000000000
35702  34.126  -38.415  37.381 0.0000000000
35715  31.630  -38.106  36.464 0.0000000000
35716  30.781  -38.354  36.566 0.0000000000
35731  29.342  -38.299  35.880 0.0000000000
125785  28.828  -39.682  37.335 0.0000000000
131213  28.833  -38.675  36.221 0.0000000000
36622  28.278  -38.053  34.997 0.0000000000
35747  27.023  -38.471  35.039 0.0000000000
54683  56.925  -18.470  30.613 0.0000000000
54698  57.671  -18.447  30.143 0.0000000000
111228  56.564  -18.915  29.009 0.0000000000
52815  54.040  -19.786  26.945 0.0000000000
52839  55.584  -20.257  26.592 0.0000000000
123729  50.938  -21.169  25.662 0.0000000000
29251  26.958  -45.513  49.164 0.0000000000
27409  26.517  -47.129  48.903 0.0000000000
26570  25.729  -47.301  48.664 0.0000000000
26560  24.484  -47.787  49.164 0.0000000000
27448  24.541  -46.770  47.446 0.0000000000
28374  23.004  -46.245  46.871 0.0000000000
28390  21.746  -45.263  46.194 0.0000000000
29345  21.075  -44.235  44.991 0.0000000000
116172  20.587  -46.308  48.345 0.0000000000
28377  20.583  -45.551  47.043 0.0000000000
28408  20.423  -44.826  45.826 0.0000000000
30193  19.911  -43.687  44.223 0.0000000000
30215  19.282  -42.908  43.265 0.0000000000
59186  55.260  -12.936  29.382 0.0000000000
59187  54.535  -13.163  30.049 0.0000000000
58243  53.734  -14.343  30.140 0.0000000000
57337  53.763  -14.943  30.485 0.0000000000
60042  54.432  -12.570  32.317 0.0000000000
58210  54.161  -13.998  32.156 0.0000000000
57336  54.206  -15.545  30.898 0.0000000000
56483  55.156  -16.056  31.339 0.0000000000
56482  56.604  -16.426  31.741 0.0000000000
56481  58.197  -16.823  31.975 0.0000000000
57317  57.055  -15.981  33.885 0.0000000000
116075  58.254  -16.863  32.555 0.0000000000
122588  57.928  -17.715  31.967 0.0000000000
129069  57.353  -18.286  31.591 0.0000000000
53719  55.447  -19.106  31.199 0.0000000000
53720  54.723  -19.743  30.536 0.0000000000
52736  55.700  -20.490  33.109 0.0000000000
52748  55.039  -20.540  32.167 0.0000000000
52762  53.962  -20.244  30.079 0.0000000000
127853  53.252  -20.512  30.182 0.0000000000
51857  52.207  -20.550  30.380 0.0000000000
51858  51.462  -20.580  30.104 0.0000000000
109333  55.017  -21.074  36.700 0.0000000000
51777  55.052  -21.500  36.119 0.0000000000
51801  53.889  -21.528  34.436 0.0000000000
109471  52.529  -21.505  35.438 0.0000000000
51802  52.479  -21.331  34.438 0.0000000000
51814  52.599  -20.978  33.413 0.0000000000
51815  51.741  -20.643  32.921 0.0000000000
116166  51.031  -20.554  31.474 0.0000000000
51859  50.600  -20.628  30.030 0.0000000000
52780  49.150  -20.612  29.308 0.0000000000
52781  48.259  -20.689  29.272 0.0000000000
51819  47.991  -21.517  32.365 0.0000000000
51847  46.589  -21.358  30.381 0.0000000000
50833  50.499  -21.948  39.424 0.0000000000
49958  48.676  -23.401  38.520 0.0000000000
47116  48.397  -27.183  40.820 0.0000000000
124946  47.210  -28.643  38.873 0.0000000000
46104  47.772  -27.412  39.680 0.0000000000
48106  48.079  -25.757  39.691 0.0000000000
49054  47.986  -24.986  38.868 0.0000000000
49062  48.106  -24.370  38.041 0.0000000000
49976  48.157  -23.432  36.651 0.0000000000
49977  47.685  -23.793  36.009 0.0000000000
49091  46.655  -24.400  34.554 0.0000000000
50000  45.346  -23.979  33.237 0.0000000000
48161  44.493  -25.529  33.520 0.0000000000
49101  44.856  -24.764  33.350 0.0000000000
117505  44.816  -23.560  32.632 0.0000000000
50013  43.482  -23.309  31.286 0.0000000000
46263  41.485  -27.673  28.405 0.0000000000
46276  41.676  -27.024  27.208 0.0000000000
43278  41.596  -31.133  31.025 0.0000000000
43318  40.839  -30.776  29.706 0.0000000000
44230  40.159  -29.880  28.406 0.0000000000
43338  39.036  -31.157  28.494 0.0000000000
43349  39.297  -30.313  28.149 0.0000000000
35710  41.547  -39.070  37.055 0.0000000000
118285  40.027  -38.273  35.196 0.0000000000
36630  39.196  -37.738  33.684 0.0000000000
35742  37.991  -38.533  34.116 0.0000000000
36645  38.578  -37.679  33.162 0.0000000000
37671  38.528  -36.975  32.197 0.0000000000
36697  37.778  -36.572  30.580 0.0000000000
115239  37.257  -35.980  29.402 0.0000000000
38828  35.924  -35.126  27.796 0.0000000000
36647  34.082  -37.138  33.444 0.0000000000
36665  34.112  -37.001  32.727 0.0000000000
36701  34.056  -36.656  31.165 0.0000000000
127590  32.012  -36.565  30.044 0.0000000000
37725  33.180  -36.349  29.380 0.0000000000
37706  34.304  -36.401  30.335 0.0000000000
37739  34.397  -35.689  28.632 0.0000000000
38830  34.667  -35.228  27.398 0.0000000000
58295  54.523  -14.780  26.360 0.0000000000
111575  53.938  -15.813  25.111 0.0000000000
56588  53.979  -16.474  23.667 0.0000000000
54697  59.023  -18.187  30.224 0.0000000000
35660  44.245  -38.907  40.456 0.0000000000
36545  44.694  -38.243  40.837 0.0000000000
35694  44.410  -38.527  39.635 0.0000000000
127578  44.107  -38.254  39.123 0.0000000000
35699  43.577  -38.268  38.707 0.0000000000
35700  42.829  -38.253  38.128 0.0000000000
54666  58.671  -17.457  30.867 0.0000000000
31058  26.862  -43.144  38.954 0.0000000000
31047  27.053  -43.619  39.685 0.0000000000
30992  21.461  -42.531  42.782 0.0000000000
30993  20.454  -42.756  43.083 0.0000000000
125684  19.965  -42.523  42.580 0.0000000000
30214  20.182  -43.286  43.689 0.0000000000
112695  36.698  -41.406  46.992 0.0000000000
33662  36.685  -40.564  47.262 0.0000000000
33676  37.008  -41.235  46.405 0.0000000000
33698  36.960  -40.505  45.778 0.0000000000
32720  37.057  -41.448  45.440 0.0000000000
32726  37.000  -42.266  44.938 0.0000000000
31795  36.906  -42.912  44.945 0.0000000000
31027  28.494  -43.601  40.491 0.0000000000
52778  50.980  -20.617  29.278 0.0000000000
49975  48.705  -22.381  36.295 0.0000000000
43245  43.136  -30.299  34.183 0.0000000000
44157  42.432  -30.034  32.516 0.0000000000
44175  42.162  -29.867  31.736 0.0000000000
113538  56.270  -13.139  27.819 0.0000000000
58272  55.210  -13.861  27.400 0.0000000000
28402  29.328  -46.535  44.818 0.0000000000
28386  26.416  -46.223  46.424 0.0000000000
28371  25.777  -46.451  46.906 0.0000000000
28406  24.974  -45.203  46.056 0.0000000000
28372  24.965  -46.416  46.920 0.0000000000
109272  33.537  -42.527  47.987 0.0000000000
30957  33.873  -44.077  46.300 0.0000000000
30135  32.807  -43.899  46.593 0.0000000000
27466  30.694  -46.678  45.313 0.0000000000
28416  29.883  -46.243  44.189 0.0000000000
39589  46.596  -34.499  43.004 0.0000000000
39567  46.297  -34.218  43.619 0.0000000000
40562  46.906  -33.964  43.438 0.0000000000
39588  47.210  -34.136  42.691 0.0000000000
40579  47.662  -33.533  42.269 0.0000000000
39628  47.212  -34.214  41.971 0.0000000000
39709  43.343  -34.208  36.861 0.0000000000
40705  43.293  -33.141  35.753 0.0000000000
40706  42.725  -33.480  35.336 0.0000000000
40721  42.404  -33.239  34.589 0.0000000000
38741  39.241  -35.834  33.253 0.0000000000
36635  29.516  -37.355  34.697 0.0000000000
56509  53.654  -15.717  29.101 0.0000000000
56508  54.237  -16.372  29.457 0.0000000000
32847  25.398  -41.147  36.005 0.0000000000
30245  24.965  -43.744  40.394 0.0000000000
113106  21.071  -41.801  37.593 0.0000000000
35620  37.658  -38.697  41.972 0.0000000000
36525  38.452  -37.508  42.694 0.0000000000
35639  38.567  -38.369  41.514 0.0000000000
35638  39.434  -38.178  41.165 0.0000000000
35665  38.963  -38.954  40.874 0.0000000000
128859  40.442  -40.598  40.388 0.0000000000
34714  39.569  -39.908  40.491 0.0000000000
31044  38.417  -44.028  40.499 0.0000000000
31856  38.106  -43.257  39.915 0.0000000000
118744  33.957  -45.009  43.471 0.0000000000
29353  34.867  -45.047  43.387 0.0000000000
120546  33.979  -44.147  43.079 0.0000000000
119603  32.159  -40.763  40.168 0.0000000000
33769  31.862  -40.326  39.687 0.0000000000
33778  32.369  -39.768  39.189 0.0000000000
33779  31.465  -39.874  39.054 0.0000000000
34724  31.093  -39.556  38.336 0.0000000000
33780  30.586  -40.046  38.898 0.0000000000
33803  26.805  -40.490  36.510 0.0000000000
34761  26.321  -39.501  35.623 0.0000000000
26554  22.321  -47.581  49.927 0.0000000000
26563  22.115  -47.705  49.349 0.0000000000
27420  21.383  -47.012  48.614 0.0000000000
28379  18.649  -44.281  47.181 0.0000000000
28363  19.157  -44.891  47.834 0.0000000000
29298  19.155  -44.327  46.391 0.0000000000
29329  18.714  -43.709  45.175 0.0000000000
60929  55.554  -11.048  32.101 0.0000000000
60919  55.077  -10.805  32.815 0.0000000000
58193  55.332  -13.325  34.625 0.0000000000
57304  55.690  -14.282  34.048 0.0000000000
57319  55.332  -14.988  32.909 0.0000000000
54618  57.292  -17.602  34.443 0.0000000000
54632  57.751  -17.519  33.622 0.0000000000
51812  54.410  -21.361  33.672 0.0000000000
119549  49.532  -21.034  34.044 0.0000000000
114254  50.256  -20.686  32.655 0.0000000000
51818  48.812  -21.234  32.759 0.0000000000
50005  46.182  -22.706  32.820 0.0000000000
50930  46.586  -22.122  32.507 0.0000000000
50931  45.669  -22.347  32.158 0.0000000000
50932  44.813  -22.928  32.153 0.0000000000
49035  49.039  -25.006  41.163 0.0000000000
43161  47.348  -30.643  39.754 0.0000000000
113097  47.667  -29.832  39.922 0.0000000000
43176  47.083  -30.107  39.199 0.0000000000
47144  45.777  -27.050  36.101 0.0000000000
47143  46.274  -26.802  36.768 0.0000000000
47152  46.073  -26.248  35.923 0.0000000000
48143  46.419  -25.468  35.633 0.0000000000
48171  43.019  -25.681  32.313 0.0000000000
123270  42.167  -25.216  30.938 0.0000000000
124145  41.683  -26.319  30.223 0.0000000000
45255  40.641  -28.385  27.517 0.0000000000
41608  40.502  -32.727  30.890 0.0000000000
41619  40.174  -32.503  30.289 0.0000000000
33798  39.852  -40.453  36.337 0.0000000000
33809  40.270  -39.765  35.881 0.0000000000
33810  39.366  -39.797  35.780 0.0000000000
36682  35.517  -37.013  31.880 0.0000000000
36663  36.272  -37.439  32.448 0.0000000000
36699  35.849  -36.558  31.070 0.0000000000
37691  31.049  -36.069  31.660 0.0000000000
37690  31.950  -36.500  31.299 0.0000000000
37709  31.276  -36.211  30.536 0.0000000000
126783  53.725  -17.242  25.444 0.0000000000
28359  29.160  -46.509  47.166 0.0000000000
27444  28.777  -46.910  46.878 0.0000000000
28360  28.500  -46.743  47.581 0.0000000000
27418  28.021  -47.006  48.011 0.0000000000
27419  27.448  -47.063  48.220 0.0000000000
126658  26.999  -47.107  48.156 0.0000000000
29284  29.306  -45.794  47.370 0.0000000000
28370  29.724  -46.609  46.515 0.0000000000
128644  42.594  -36.097  42.834 0.0000000000
37514  43.237  -35.673  44.253 0.0000000000
37524  43.449  -35.812  42.975 0.0000000000
37550  45.148  -36.883  41.395 0.0000000000
37535  44.986  -36.265  41.939 0.0000000000
37534  45.406  -36.364  41.573 0.0000000000
38634  45.664  -35.720  42.175 0.0000000000
38651  45.791  -36.063  41.504 0.0000000000
38663  45.711  -36.301  40.860 0.0000000000
37577  45.314  -36.889  40.287 0.0000000000
37593  43.561  -36.652  38.425 0.0000000000
38700  43.231  -35.747  37.898 0.0000000000
38701  42.695  -35.830  37.409 0.0000000000
38709  42.466  -35.308  36.770 0.0000000000
119095  42.253  -35.975  37.050 0.0000000000
37628  41.357  -36.520  36.568 0.0000000000
37629  40.708  -36.938  36.125 0.0000000000
36616  40.075  -37.416  35.342 0.0000000000
36651  27.454  -37.213  33.883 0.0000000000
119645  58.915  -17.574  30.622 0.0000000000
55645  57.759  -17.292  29.761 0.0000000000
129992  26.904  -41.988  37.530 0.0000000000
31905  26.439  -42.401  37.585 0.0000000000
31067  25.473  -43.136  37.950 0.0000000000
31906  25.674  -42.737  37.513 0.0000000000
31068  25.004  -43.094  37.884 0.0000000000
31009  23.439  -42.807  41.845 0.0000000000
30991  22.531  -42.524  42.503 0.0000000000
113316  20.948  -42.003  41.362 0.0000000000
117524  21.968  -42.077  41.021 0.0000000000
31864  20.729  -41.869  39.644 0.0000000000
31865  19.773  -41.999  39.779 0.0000000000
31844  19.443  -42.069  40.718 0.0000000000
31052  18.020  -42.332  40.249 0.0000000000
31033  18.386  -42.323  41.082 0.0000000000
35595  36.377  -38.696  46.669 0.0000000000
34660  36.384  -39.665  43.983 0.0000000000
35603  36.388  -38.749  44.467 0.0000000000
35621  36.880  -38.993  42.584 0.0000000000
34681  36.552  -39.796  42.905 0.0000000000
33747  36.956  -40.411  42.265 0.0000000000
32745  36.747  -40.865  42.915 0.0000000000
31806  37.393  -43.151  43.687 0.0000000000
31814  37.932  -43.342  42.894 0.0000000000
30988  38.298  -44.096  42.521 0.0000000000
30221  38.525  -44.465  41.460 0.0000000000
30201  38.310  -44.563  42.117 0.0000000000
30226  31.184  -44.164  42.432 0.0000000000
31006  31.795  -43.735  42.361 0.0000000000
31007  30.837  -43.561  41.793 0.0000000000
31840  30.036  -42.518  40.608 0.0000000000
31859  30.048  -41.833  40.201 0.0000000000
32787  29.642  -41.468  39.678 0.0000000000
32788  28.823  -41.818  39.357 0.0000000000
31884  27.342  -42.588  38.622 0.0000000000
32803  27.742  -41.853  38.286 0.0000000000
52817  52.423  -20.435  27.188 0.0000000000
51909  52.468  -21.105  25.534 0.0000000000
125092  51.685  -21.281  25.404 0.0000000000
29286  17.335  -43.993  47.691 0.0000000000
128113  16.948  -43.454  46.261 0.0000000000
30152  16.417  -43.565  46.862 0.0000000000
54609  56.452  -19.658  35.462 0.0000000000
52686  56.176  -20.845  36.184 0.0000000000
51776  55.890  -21.324  36.013 0.0000000000
51790  55.951  -21.222  35.224 0.0000000000
50901  49.524  -21.743  35.903 0.0000000000
51794  49.895  -21.184  34.710 0.0000000000
122085  44.106  -29.033  35.211 0.0000000000
44106  44.541  -29.186  35.764 0.0000000000
45132  44.526  -28.392  35.337 0.0000000000
46156  44.529  -27.591  34.841 0.0000000000
45176  42.595  -28.366  32.858 0.0000000000
46168  43.156  -27.883  33.420 0.0000000000
112438  42.158  -27.934  32.121 0.0000000000
46183  42.436  -27.047  32.222 0.0000000000
46202  41.745  -27.918  31.273 0.0000000000
44190  41.845  -29.636  30.999 0.0000000000
45212  41.596  -29.034  30.332 0.0000000000
117128  41.237  -29.223  29.201 0.0000000000
44209  41.275  -29.934  29.708 0.0000000000
40789  38.348  -33.803  29.217 0.0000000000
41632  38.373  -33.186  28.946 0.0000000000
42509  35.612  -31.637  26.780 0.0000000000
126698  37.066  -39.442  36.144 0.0000000000
34756  37.255  -39.209  35.521 0.0000000000
34757  36.690  -39.000  35.698 0.0000000000
35745  35.461  -38.147  34.236 0.0000000000
35744  36.202  -38.484  34.395 0.0000000000
35774  35.269  -37.664  33.199 0.0000000000
59222  56.029  -13.919  25.968 0.0000000000
58306  55.302  -14.907  24.654 0.0000000000
30229  27.857  -44.364  41.437 0.0000000000
29361  27.241  -44.552  42.602 0.0000000000
108618  26.864  -44.559  43.369 0.0000000000
28403  27.998  -46.101  45.233 0.0000000000
28385  27.323  -46.174  45.947 0.0000000000
29322  26.340  -44.819  44.959 0.0000000000
29342  25.783  -44.285  44.331 0.0000000000
114939  26.107  -44.242  43.342 0.0000000000
30210  24.803  -43.581  42.863 0.0000000000
29343  24.845  -43.915  44.676 0.0000000000
30178  23.702  -43.720  44.856 0.0000000000
29324  22.968  -44.335  45.446 0.0000000000
30179  22.674  -43.737  44.879 0.0000000000
31780  34.662  -42.076  47.918 0.0000000000
31767  35.040  -41.582  48.141 0.0000000000
30951  35.426  -42.291  47.322 0.0000000000
129554  35.896  -42.140  47.156 0.0000000000
128603  36.226  -43.158  45.898 0.0000000000
30150  34.374  -44.579  45.699 0.0000000000
30167  34.757  -44.915  45.248 0.0000000000
29307  34.208  -45.330  45.030 0.0000000000
29321  34.485  -45.396  44.583 0.0000000000
28396  33.705  -45.557  44.847 0.0000000000
122971  31.618  -45.447  46.156 0.0000000000
107082  32.404  -45.022  45.984 0.0000000000
29296  32.083  -45.807  45.746 0.0000000000
28399  31.763  -46.406  44.861 0.0000000000
28398  32.366  -46.147  44.878 0.0000000000
28413  32.282  -46.083  44.497 0.0000000000
28412  32.920  -45.815  44.503 0.0000000000
29339  32.022  -45.845  43.976 0.0000000000
29356  31.557  -45.330  43.439 0.0000000000
29340  31.183  -45.959  43.817 0.0000000000
29359  29.027  -45.235  43.039 0.0000000000
29358  29.770  -45.311  43.136 0.0000000000
29365  29.193  -44.821  42.431 0.0000000000
52820  48.964  -20.591  27.633 0.0000000000
50849  53.670  -21.890  38.711 0.0000000000
51717  53.243  -21.639  39.065 0.0000000000
50831  52.264  -21.515  39.619 0.0000000000
50850  52.684  -21.964  38.984 0.0000000000
38597  43.845  -35.161  44.614 0.0000000000
41439  47.571  -32.699  41.150 0.0000000000
41438  48.090  -32.104  41.534 0.0000000000
116850  47.829  -31.788  40.957 0.0000000000
42303  47.539  -31.257  40.348 0.0000000000
41454  47.221  -32.086  40.424 0.0000000000
39665  45.712  -34.846  40.056 0.0000000000
39664  46.219  -34.400  40.544 0.0000000000
39681  45.358  -34.126  39.346 0.0000000000
40648  45.337  -33.187  38.748 0.0000000000
41470  45.270  -32.476  38.135 0.0000000000
116739  45.156  -31.901  37.580 0.0000000000
41502  44.628  -32.067  36.887 0.0000000000
41524  43.498  -32.467  35.498 0.0000000000
42379  43.309  -31.869  34.852 0.0000000000
41560  42.750  -32.253  34.148 0.0000000000
42398  42.513  -31.888  33.306 0.0000000000
40745  41.794  -32.815  33.154 0.0000000000
40755  41.044  -32.957  32.117 0.0000000000
39732  41.552  -34.101  34.533 0.0000000000
39733  40.769  -34.543  34.155 0.0000000000
39746  40.067  -34.150  32.557 0.0000000000
40757  39.751  -33.783  31.361 0.0000000000
111562  38.141  -35.196  29.634 0.0000000000
38794  37.541  -35.601  29.307 0.0000000000
36618  32.125  -37.200  35.253 0.0000000000
37661  30.391  -36.366  33.466 0.0000000000
37673  30.753  -36.100  32.614 0.0000000000
37663  28.686  -36.650  33.589 0.0000000000
38767  28.554  -35.169  31.524 0.0000000000
38766  29.464  -35.325  31.412 0.0000000000
58262  53.553  -15.117  28.761 0.0000000000
56533  53.737  -16.465  27.931 0.0000000000
130409  56.359  -17.202  29.006 0.0000000000
55647  55.245  -17.123  28.792 0.0000000000
32848  24.469  -41.645  35.707 0.0000000000
30250  26.562  -43.819  39.896 0.0000000000
126520  26.037  -43.766  39.729 0.0000000000
31049  24.630  -43.431  39.094 0.0000000000
30257  25.419  -43.562  39.134 0.0000000000
31069  24.486  -42.974  37.856 0.0000000000
31031  22.820  -42.499  40.616 0.0000000000
31887  21.871  -42.109  37.955 0.0000000000
31886  22.607  -42.485  38.306 0.0000000000
37505  37.285  -36.603  46.064 0.0000000000
109284  37.471  -36.840  45.122 0.0000000000
36506  39.362  -36.653  44.448 0.0000000000
36505  40.111  -36.638  44.314 0.0000000000
36515  40.512  -36.612  43.698 0.0000000000
127314  41.216  -36.429  43.817 0.0000000000
36523  40.210  -36.736  42.774 0.0000000000
36547  41.606  -38.157  40.808 0.0000000000
36546  42.944  -38.532  40.847 0.0000000000
130746  43.089  -39.446  40.575 0.0000000000
33763  43.397  -40.141  40.113 0.0000000000
33756  42.867  -40.501  40.243 0.0000000000
32779  41.999  -42.131  39.950 0.0000000000
32794  42.481  -41.467  39.598 0.0000000000
32795  42.054  -42.139  39.159 0.0000000000
31877  41.281  -42.453  38.784 0.0000000000
32766  39.157  -41.768  40.852 0.0000000000
130878  39.849  -42.557  40.716 0.0000000000
31833  39.889  -43.462  40.581 0.0000000000
31056  40.013  -43.323  39.493 0.0000000000
31903  39.187  -42.136  38.316 0.0000000000
32817  38.351  -41.466  38.128 0.0000000000
127511  37.923  -40.780  37.661 0.0000000000
32818  37.638  -40.986  38.148 0.0000000000
33774  36.516  -40.232  38.341 0.0000000000
32819  37.146  -40.507  38.044 0.0000000000
30164  36.502  -44.134  44.793 0.0000000000
30177  36.697  -44.621  44.214 0.0000000000
128139  35.521  -44.248  42.570 0.0000000000
29351  36.380  -44.725  42.671 0.0000000000
30224  36.230  -44.350  42.311 0.0000000000
31003  36.861  -44.151  41.712 0.0000000000
31004  33.741  -43.366  42.486 0.0000000000
31824  33.283  -42.595  41.896 0.0000000000
31837  33.835  -41.981  41.406 0.0000000000
32768  34.348  -41.424  40.828 0.0000000000
32767  35.404  -41.708  40.640 0.0000000000
32782  34.865  -40.758  40.159 0.0000000000
32781  35.911  -41.232  39.928 0.0000000000
34722  32.887  -39.241  38.638 0.0000000000
34721  33.947  -39.169  38.659 0.0000000000
34731  33.447  -38.777  38.045 0.0000000000
35703  33.053  -38.420  37.343 0.0000000000
35714  32.679  -38.052  36.618 0.0000000000
35704  32.070  -38.568  37.205 0.0000000000
35705  31.157  -38.732  37.089 0.0000000000
35717  30.106  -38.326  36.223 0.0000000000
33782  28.870  -40.621  38.373 0.0000000000
33790  29.347  -39.831  37.915 0.0000000000
34746  28.660  -39.193  36.759 0.0000000000
35719  28.211  -38.907  36.095 0.0000000000
35732  28.577  -38.389  35.646 0.0000000000
35733  27.754  -38.581  35.459 0.0000000000
36623  27.608  -38.140  34.850 0.0000000000
130439  55.489  -19.337  28.194 0.0000000000
53766  53.612  -19.781  27.622 0.0000000000
52840  54.621  -20.267  26.375 0.0000000000
51910  49.966  -21.041  25.976 0.0000000000
121387  27.425  -44.994  48.527 0.0000000000
28319  26.327  -46.239  49.642 0.0000000000
28339  26.175  -46.816  49.325 0.0000000000
26569  26.269  -47.187  48.627 0.0000000000
119518  25.475  -47.101  49.341 0.0000000000
114656  24.368  -47.834  48.757 0.0000000000
26579  24.696  -47.461  48.394 0.0000000000
27432  24.147  -47.187  47.930 0.0000000000
27449  23.547  -46.794  47.380 0.0000000000
28375  22.024  -45.944  46.835 0.0000000000
29311  21.411  -44.750  45.604 0.0000000000
28407  21.024  -45.038  45.967 0.0000000000
28362  19.684  -45.430  47.834 0.0000000000
27423  19.759  -45.924  49.135 0.0000000000
27438  19.775  -45.728  48.501 0.0000000000
27422  20.265  -46.268  48.862 0.0000000000
27437  20.197  -45.867  48.106 0.0000000000
27453  20.603  -45.990  47.769 0.0000000000
29312  19.886  -44.523  45.639 0.0000000000
28392  20.210  -45.033  46.316 0.0000000000
29327  20.156  -44.450  45.277 0.0000000000
29346  20.343  -44.175  44.842 0.0000000000
29347  19.868  -44.067  44.812 0.0000000000
119002  19.666  -43.244  43.658 0.0000000000
30194  19.400  -43.337  43.850 0.0000000000
30216  18.876  -42.978  43.429 0.0000000000
30197  17.035  -43.062  43.936 0.0000000000
60059  56.143  -11.932  30.249 0.0000000000
60060  55.274  -12.416  30.364 0.0000000000
60053  54.379  -12.776  31.522 0.0000000000
59173  54.068  -13.453  30.704 0.0000000000
58225  53.861  -14.194  31.057 0.0000000000
109493  54.687  -11.656  32.863 0.0000000000
60029  54.513  -12.225  33.357 0.0000000000
58209  54.477  -14.648  32.212 0.0000000000
57329  54.078  -14.793  31.396 0.0000000000
56455  57.198  -16.424  34.510 0.0000000000
55594  58.193  -16.980  32.952 0.0000000000
55600  58.518  -17.002  32.084 0.0000000000
54657  56.585  -18.664  31.949 0.0000000000
53710  54.902  -20.213  31.377 0.0000000000
52724  56.685  -20.101  34.203 0.0000000000
114962  54.256  -20.384  30.932 0.0000000000
52763  53.517  -20.575  31.033 0.0000000000
52764  52.822  -20.560  30.700 0.0000000000
51842  51.702  -20.538  30.965 0.0000000000
52689  53.721  -20.631  36.523 0.0000000000
52688  54.779  -20.854  36.693 0.0000000000
51757  54.685  -21.250  36.602 0.0000000000
51792  54.380  -21.590  35.380 0.0000000000
110664  53.408  -21.564  35.268 0.0000000000
118706  52.363  -21.518  36.244 0.0000000000
126321  53.163  -21.407  34.170 0.0000000000
110853  50.236  -20.667  31.814 0.0000000000
130295  51.070  -20.570  30.673 0.0000000000
51860  49.702  -20.689  30.106 0.0000000000
52765  48.773  -20.774  30.118 0.0000000000
51861  47.889  -20.889  30.000 0.0000000000
125675  47.519  -20.839  29.239 0.0000000000
51862  47.069  -21.078  29.746 0.0000000000
50928  48.156  -21.715  33.221 0.0000000000
51834  46.070  -21.597  30.981 0.0000000000
51833  46.880  -21.465  31.241 0.0000000000
112729  49.761  -22.855  40.219 0.0000000000
115554  49.456  -22.597  39.063 0.0000000000
45069  48.323  -28.636  40.788 0.0000000000
45057  48.618  -28.673  41.553 0.0000000000
123671  48.560  -27.881  41.337 0.0000000000
46095  48.092  -27.848  40.336 0.0000000000
44094  46.255  -29.150  37.668 0.0000000000
45090  46.757  -29.024  38.425 0.0000000000
45103  46.569  -28.359  37.846 0.0000000000
46115  47.203  -27.448  38.500 0.0000000000
47126  47.742  -26.713  39.300 0.0000000000
47121  47.998  -26.887  40.125 0.0000000000
48112  47.745  -25.901  38.883 0.0000000000
49063  47.561  -24.906  37.458 0.0000000000
49074  47.952  -24.131  37.239 0.0000000000
49083  47.249  -24.289  35.720 0.0000000000
48151  46.274  -25.188  34.893 0.0000000000
49099  46.123  -24.215  33.843 0.0000000000
48153  44.934  -25.972  34.149 0.0000000000
48169  44.088  -24.977  32.969 0.0000000000
49107  44.445  -24.199  32.811 0.0000000000
50007  44.043  -23.586  32.144 0.0000000000
49113  43.191  -24.064  31.751 0.0000000000
119365  41.168  -27.715  27.337 0.0000000000
126512  41.454  -27.532  27.770 0.0000000000
112972  41.192  -27.240  26.645 0.0000000000
112458  41.914  -31.232  31.657 0.0000000000
42479  40.124  -31.274  29.382 0.0000000000
43337  40.360  -30.507  29.055 0.0000000000
42493  38.393  -31.657  28.308 0.0000000000
125061  38.855  -31.889  28.748 0.0000000000
43350  38.513  -30.775  27.952 0.0000000000
44250  38.734  -29.855  27.573 0.0000000000
35701  42.369  -39.055  37.757 0.0000000000
34728  41.937  -39.768  37.255 0.0000000000
34753  39.992  -39.113  35.372 0.0000000000
35725  40.256  -38.849  35.582 0.0000000000
35739  39.706  -38.553  34.909 0.0000000000
36629  39.621  -37.902  34.471 0.0000000000
34771  37.552  -38.907  34.801 0.0000000000
34770  38.474  -38.895  34.667 0.0000000000
123456  37.957  -37.489  32.534 0.0000000000
35771  38.076  -37.785  33.060 0.0000000000
36661  38.415  -37.359  32.649 0.0000000000
36679  38.199  -37.103  31.876 0.0000000000
37687  38.121  -36.765  31.130 0.0000000000
37722  35.659  -35.902  29.390 0.0000000000
37703  37.204  -36.303  29.966 0.0000000000
37737  36.072  -35.597  28.651 0.0000000000
38810  36.323  -35.278  28.257 0.0000000000
38811  35.663  -35.328  28.033 0.0000000000
126945  33.270  -36.722  31.620 0.0000000000
36685  33.410  -36.785  32.267 0.0000000000
36684  33.936  -36.825  31.930 0.0000000000
37688  33.406  -36.656  31.071 0.0000000000
37743  30.931  -35.859  28.842 0.0000000000
37727  31.529  -36.287  29.511 0.0000000000
37742  31.791  -36.268  28.610 0.0000000000
117438  33.585  -36.498  30.296 0.0000000000
37724  33.923  -36.181  29.441 0.0000000000
59235  57.707  -13.732  24.659 0.0000000000
57377  53.863  -15.213  26.918 0.0000000000
58283  54.559  -14.511  26.942 0.0000000000
57398  53.624  -16.556  24.992 0.0000000000
57397  53.977  -16.176  24.394 0.0000000000
29270  28.463  -45.737  47.928 0.0000000000
28337  27.613  -46.484  48.520 0.0000000000
36535  43.365  -37.655  41.178 0.0000000000
37551  43.770  -36.959  41.498 0.0000000000
36534  44.415  -37.855  41.212 0.0000000000
128381  44.820  -37.818  41.125 0.0000000000
37564  45.055  -37.803  40.447 0.0000000000
36577  44.425  -37.821  39.375 0.0000000000
36578  43.893  -37.568  38.813 0.0000000000
37610  42.355  -36.551  37.497 0.0000000000
36591  42.519  -37.358  37.862 0.0000000000
31885  26.610  -42.826  38.238 0.0000000000
31059  26.077  -43.295  38.526 0.0000000000
30233  19.291  -42.505  42.454 0.0000000000
34632  36.612  -39.636  47.136 0.0000000000
34639  36.665  -39.596  46.166 0.0000000000
33719  36.713  -40.664  44.637 0.0000000000
32735  36.722  -41.319  43.799 0.0000000000
32734  36.987  -42.309  43.949 0.0000000000
31841  29.210  -43.151  40.532 0.0000000000
31861  28.467  -42.544  39.538 0.0000000000
109047  51.961  -20.579  29.341 0.0000000000
52792  52.174  -20.537  28.250 0.0000000000
52844  50.861  -20.765  26.610 0.0000000000
114049  15.897  -43.983  47.934 0.0000000000
53658  56.115  -19.436  35.544 0.0000000000
52687  55.607  -20.828  36.452 0.0000000000
50868  51.522  -21.797  38.034 0.0000000000
50887  51.199  -21.736  37.187 0.0000000000
43227  44.100  -30.530  35.528 0.0000000000
43215  44.624  -30.124  36.061 0.0000000000
44121  43.553  -29.413  34.670 0.0000000000
45145  43.364  -28.531  34.067 0.0000000000
45197  42.244  -29.045  32.216 0.0000000000
43296  41.712  -30.334  30.792 0.0000000000
34758  36.130  -38.647  35.877 0.0000000000
34773  36.322  -38.645  35.155 0.0000000000
35746  34.721  -37.623  34.058 0.0000000000
59211  57.316  -12.934  27.283 0.0000000000
29360  28.361  -45.029  42.993 0.0000000000
28424  28.186  -45.358  43.720 0.0000000000
27461  27.038  -46.578  46.726 0.0000000000
28405  26.076  -45.418  45.846 0.0000000000
29308  24.060  -45.268  46.145 0.0000000000
31781  34.170  -42.453  47.753 0.0000000000
30952  34.772  -42.776  47.161 0.0000000000
129034  30.985  -46.381  46.012 0.0000000000
28368  31.752  -45.994  45.768 0.0000000000
27456  31.078  -46.559  45.428 0.0000000000
27465  31.109  -46.625  45.036 0.0000000000
28415  30.760  -46.359  44.323 0.0000000000
28422  29.578  -45.687  43.609 0.0000000000
38595  45.175  -34.607  43.922 0.0000000000
39568  45.646  -34.175  44.238 0.0000000000
40548  45.787  -33.703  44.714 0.0000000000
41407  47.977  -32.559  43.067 0.0000000000
41413  48.328  -31.886  42.651 0.0000000000
41414  48.038  -32.774  42.468 0.0000000000
41427  47.944  -32.843  41.835 0.0000000000
40607  47.071  -33.488  41.027 0.0000000000
39696  44.882  -33.795  38.590 0.0000000000
39697  44.336  -34.054  37.994 0.0000000000
40668  44.308  -33.271  37.285 0.0000000000
119075  44.258  -32.695  36.724 0.0000000000
40704  43.798  -32.769  36.141 0.0000000000
41543  42.535  -32.782  34.305 0.0000000000
40736  41.582  -33.236  33.426 0.0000000000
38740  39.892  -35.126  33.785 0.0000000000
38749  39.665  -34.862  33.104 0.0000000000
38777  38.888  -34.676  31.030 0.0000000000
38763  38.815  -35.294  31.670 0.0000000000
38764  38.487  -35.892  31.108 0.0000000000
37702  38.154  -36.317  30.593 0.0000000000
36619  31.098  -37.294  35.171 0.0000000000
36634  30.315  -37.185  34.747 0.0000000000
37650  29.947  -36.831  34.141 0.0000000000
37662  29.418  -36.472  33.514 0.0000000000
125947  53.796  -16.237  28.660 0.0000000000
115457  57.812  -17.375  28.842 0.0000000000
31937  24.181  -42.382  36.004 0.0000000000
30252  25.642  -43.833  39.960 0.0000000000
31050  23.865  -43.103  39.345 0.0000000000
31863  21.638  -42.001  39.473 0.0000000000
31862  22.454  -42.366  39.188 0.0000000000
36508  37.645  -37.218  44.214 0.0000000000
36518  37.721  -37.618  43.305 0.0000000000
36524  39.305  -37.075  42.726 0.0000000000
110326  40.014  -37.023  41.953 0.0000000000
112399  39.925  -37.538  41.401 0.0000000000
35637  40.430  -38.074  40.893 0.0000000000
35663  41.110  -39.017  40.646 0.0000000000
34712  41.783  -39.977  40.523 0.0000000000
34713  40.688  -39.840  40.432 0.0000000000
118021  41.352  -40.755  40.394 0.0000000000
31001  39.437  -43.939  41.144 0.0000000000
31021  39.493  -44.039  40.565 0.0000000000
31043  39.014  -43.915  40.074 0.0000000000
31855  38.813  -43.142  39.463 0.0000000000
32797  37.883  -41.797  38.721 0.0000000000
33775  35.990  -40.166  38.915 0.0000000000
29320  35.424  -45.208  44.489 0.0000000000
29334  35.863  -45.252  43.899 0.0000000000
29352  35.644  -45.049  43.328 0.0000000000
30203  35.563  -44.674  42.834 0.0000000000
30225  34.876  -43.699  42.500 0.0000000000
32770  32.027  -41.367  40.683 0.0000000000
31838  32.723  -41.842  41.284 0.0000000000
128862  32.683  -41.354  40.815 0.0000000000
32784  32.753  -40.959  40.467 0.0000000000
33767  34.012  -40.116  39.812 0.0000000000
34734  30.708  -39.213  37.670 0.0000000000
33792  27.752  -40.639  37.373 0.0000000000
33801  28.197  -39.928  37.050 0.0000000000
34760  27.020  -39.026  35.592 0.0000000000
53765  54.366  -19.547  27.775 0.0000000000
52841  53.721  -20.399  26.269 0.0000000000
26562  22.914  -47.875  49.551 0.0000000000
26581  22.893  -47.640  48.484 0.0000000000
27433  23.192  -47.210  47.906 0.0000000000
27434  22.308  -47.097  47.956 0.0000000000
27451  21.773  -46.494  47.419 0.0000000000
28376  21.245  -45.814  46.988 0.0000000000
28354  18.831  -44.959  48.518 0.0000000000
118300  20.029  -45.205  46.788 0.0000000000
29328  19.417  -43.912  44.963 0.0000000000
30180  18.693  -43.522  44.574 0.0000000000
30196  18.175  -43.157  44.038 0.0000000000
60041  54.824  -11.873  32.143 0.0000000000
129676  56.317  -15.719  33.203 0.0000000000
53698  56.559  -19.461  33.000 0.0000000000
129841  55.203  -21.122  33.597 0.0000000000
52750  53.351  -20.739  32.012 0.0000000000
51828  52.567  -20.680  32.260 0.0000000000
51758  53.890  -21.235  36.871 0.0000000000
126850  53.341  -21.421  36.498 0.0000000000
51793  50.966  -21.221  35.064 0.0000000000
51820  47.145  -21.651  32.066 0.0000000000
124555  45.292  -21.773  30.753 0.0000000000
43146  48.316  -30.576  41.138 0.0000000000
125702  48.496  -29.891  41.280 0.0000000000
43160  48.204  -29.906  40.716 0.0000000000
44056  48.038  -29.242  40.413 0.0000000000
44057  47.677  -29.117  39.799 0.0000000000
46130  46.394  -27.664  37.340 0.0000000000
47133  46.622  -27.009  37.493 0.0000000000
47132  46.986  -26.777  37.954 0.0000000000
48133  47.049  -25.325  36.961 0.0000000000
48142  46.870  -24.961  36.133 0.0000000000
48152  45.643  -25.601  34.529 0.0000000000
47183  42.983  -26.531  32.594 0.0000000000
127522  43.677  -25.880  32.999 0.0000000000
48178  43.024  -24.864  32.057 0.0000000000
49114  42.584  -24.617  31.321 0.0000000000
48202  42.137  -24.996  29.414 0.0000000000
46244  41.688  -26.976  28.823 0.0000000000
45237  41.322  -28.443  28.785 0.0000000000
46277  40.771  -27.773  26.948 0.0000000000
42449  41.236  -31.832  31.026 0.0000000000
42450  40.773  -32.140  30.675 0.0000000000
42466  40.484  -31.745  30.041 0.0000000000
43351  37.161  -31.153  27.443 0.0000000000
43367  36.952  -30.455  27.034 0.0000000000
33796  41.533  -40.398  36.857 0.0000000000
122075  40.981  -40.022  36.186 0.0000000000
34769  39.354  -38.787  34.771 0.0000000000
35759  36.553  -38.274  33.663 0.0000000000
35758  37.532  -38.228  33.577 0.0000000000
36662  37.348  -37.253  32.189 0.0000000000
37704  36.243  -36.246  30.141 0.0000000000
37659  32.669  -36.580  32.835 0.0000000000
128936  32.750  -35.777  27.611 0.0000000000
119090  33.399  -35.635  27.813 0.0000000000
56543  53.572  -16.440  26.352 0.0000000000
53763  57.909  -19.420  28.221 0.0000000000
27458  29.329  -46.839  46.076 0.0000000000
27468  29.010  -46.743  45.688 0.0000000000
27459  28.539  -46.805  46.480 0.0000000000
27445  27.891  -46.918  47.239 0.0000000000
27446  27.248  -46.862  47.322 0.0000000000
27430  25.973  -46.950  47.933 0.0000000000
29282  30.836  -45.337  46.622 0.0000000000
29283  30.025  -45.436  47.068 0.0000000000
129515  30.510  -46.018  46.567 0.0000000000
28369  30.515  -46.466  46.218 0.0000000000
27442  30.258  -46.710  46.092 0.0000000000
37515  42.432  -35.919  44.869 0.0000000000
37536  44.134  -36.288  41.953 0.0000000000
130252  44.352  -35.784  42.572 0.0000000000
111758  44.679  -35.029  43.702 0.0000000000
116803  45.456  -35.036  43.037 0.0000000000
38614  46.171  -35.028  42.608 0.0000000000
39629  46.668  -34.816  41.672 0.0000000000
38650  46.185  -35.486  41.306 0.0000000000
38662  45.982  -35.286  40.685 0.0000000000
38688  45.144  -35.265  39.511 0.0000000000
38677  44.975  -36.352  39.630 0.0000000000
38689  44.533  -35.644  38.969 0.0000000000
109897  44.195  -34.972  38.393 0.0000000000
38699  43.662  -34.792  37.722 0.0000000000
39710  42.752  -34.515  36.452 0.0000000000
39721  42.492  -34.127  35.679 0.0000000000
38723  42.156  -34.879  36.091 0.0000000000
38724  41.436  -35.314  35.754 0.0000000000
37641  41.144  -36.079  36.115 0.0000000000
128350  39.925  -36.206  34.653 0.0000000000
37657  39.553  -36.256  34.046 0.0000000000
37658  39.117  -36.952  33.384 0.0000000000
36650  28.298  -37.112  33.991 0.0000000000
36667  25.895  -36.644  32.873 0.0000000000
37677  26.537  -36.125  32.521 0.0000000000
57345  54.645  -16.210  30.439 0.0000000000
32835  26.296  -41.276  36.551 0.0000000000
31923  25.256  -42.411  36.982 0.0000000000
31924  24.597  -42.542  36.847 0.0000000000
31925  23.995  -42.611  36.541 0.0000000000
30246  24.169  -43.285  40.967 0.0000000000
31030  23.358  -42.756  41.055 0.0000000000
35598  36.363  -38.701  45.554 0.0000000000
36509  36.474  -37.904  45.033 0.0000000000
115618  36.888  -37.946  43.966 0.0000000000
35609  37.169  -38.302  42.923 0.0000000000
34699  37.786  -39.653  41.324 0.0000000000
34698  38.549  -39.737  40.828 0.0000000000
33754  37.530  -40.497  41.625 0.0000000000
113866  38.147  -41.443  41.491 0.0000000000
32753  38.686  -42.545  41.645 0.0000000000
32744  37.159  -41.837  43.053 0.0000000000
32743  37.915  -42.443  42.432 0.0000000000
31821  39.143  -43.535  41.598 0.0000000000
30220  39.059  -44.392  41.121 0.0000000000
30237  38.592  -44.481  41.102 0.0000000000
31045  37.657  -43.710  40.696 0.0000000000
30989  33.195  -43.865  42.864 0.0000000000
30990  32.528  -44.004  42.805 0.0000000000
31839  31.725  -42.143  41.255 0.0000000000
110503  30.861  -42.698  41.182 0.0000000000
32800  30.099  -40.712  39.335 0.0000000000
32802  28.453  -41.422  38.699 0.0000000000
32820  28.043  -40.996  38.081 0.0000000000
33793  27.075  -40.999  36.955 0.0000000000
29299  18.504  -43.879  46.420 0.0000000000
29315  17.821  -43.554  46.029 0.0000000000
30169  16.854  -43.328  45.623 0.0000000000
119357  56.767  -20.136  35.106 0.0000000000
52710  56.443  -20.675  35.120 0.0000000000
53635  56.341  -20.324  35.759 0.0000000000
52709  56.450  -20.487  35.633 0.0000000000
125715  54.605  -21.541  34.656 0.0000000000
51779  51.387  -21.519  35.890 0.0000000000
50910  48.369  -22.168  34.669 0.0000000000
50920  47.588  -22.346  33.594 0.0000000000
49999  46.284  -23.385  33.392 0.0000000000
48099  48.970  -25.922  41.718 0.0000000000
43189  45.945  -30.492  37.910 0.0000000000
44069  46.785  -29.732  38.703 0.0000000000
44082  45.848  -29.908  37.460 0.0000000000
44095  45.689  -29.233  37.039 0.0000000000
44105  45.107  -29.278  36.397 0.0000000000
45118  45.541  -28.471  36.557 0.0000000000
46143  45.449  -27.759  36.065 0.0000000000
116716  45.376  -27.212  35.618 0.0000000000
47154  45.068  -27.013  35.114 0.0000000000
47176  43.453  -26.918  33.274 0.0000000000
113413  41.630  -27.069  30.740 0.0000000000
121625  41.753  -28.759  31.010 0.0000000000
45225  41.464  -28.647  29.597 0.0000000000
42481  38.378  -32.454  28.636 0.0000000000
42482  37.784  -32.271  28.152 0.0000000000
42494  37.182  -32.046  27.697 0.0000000000
129162  36.725  -31.038  27.208 0.0000000000
33811  38.530  -39.697  35.776 0.0000000000
36664  35.333  -37.407  32.584 0.0000000000
36683  34.651  -36.950  31.948 0.0000000000
38796  30.273  -35.322  29.496 0.0000000000
38833  30.477  -35.636  27.876 0.0000000000
59221  56.898  -13.679  25.551 0.0000000000
114904  56.794  -13.459  26.367 0.0000000000
58305  56.194  -14.524  24.277 0.0000000000
57409  55.480  -15.117  23.759 0.0000000000
108455  54.608  -15.699  23.818 0.0000000000
54739  54.733  -18.244  25.182 0.0000000000
30241  28.032  -44.079  40.794 0.0000000000
31028  27.226  -43.982  40.303 0.0000000000
116535  27.390  -44.212  40.803 0.0000000000
29372  26.813  -44.286  40.873 0.0000000000
112579  27.692  -44.539  42.119 0.0000000000
29368  26.382  -44.269  41.159 0.0000000000
30230  25.713  -44.101  41.624 0.0000000000
113560  28.615  -46.471  45.239 0.0000000000
28417  27.817  -45.515  44.470 0.0000000000
28418  27.106  -45.017  44.482 0.0000000000
28404  26.867  -45.490  45.419 0.0000000000
30209  25.590  -43.991  42.570 0.0000000000
131163  25.068  -43.790  42.041 0.0000000000
109112  24.041  -43.190  43.160 0.0000000000
29344  21.774  -43.569  44.424 0.0000000000
32692  35.699  -41.519  47.668 0.0000000000
31779  36.306  -41.976  46.982 0.0000000000
31791  36.499  -42.664  46.082 0.0000000000
31796  36.662  -42.973  45.403 0.0000000000
30165  36.071  -44.300  45.092 0.0000000000
30149  35.158  -44.132  45.631 0.0000000000
30166  35.501  -44.582  45.187 0.0000000000
29305  35.766  -44.876  44.825 0.0000000000
29336  34.246  -45.411  43.968 0.0000000000
29337  33.462  -45.553  44.017 0.0000000000
29295  32.957  -45.517  45.495 0.0000000000
28383  32.068  -46.203  45.220 0.0000000000
28382  33.249  -45.639  45.113 0.0000000000
28397  33.045  -45.781  44.837 0.0000000000
29354  33.168  -45.280  43.692 0.0000000000
30227  30.420  -44.265  42.179 0.0000000000
29357  30.642  -45.361  43.283 0.0000000000
30208  30.067  -44.823  42.637 0.0000000000
52819  49.874  -20.592  27.673 0.0000000000
52845  49.390  -20.737  26.807 0.0000000000
51911  48.907  -21.129  25.969 0.0000000000
115722  53.373  -20.838  37.269 0.0000000000
127796  53.655  -21.233  37.687 0.0000000000
52643  53.689  -21.642  38.285 0.0000000000
130251  53.285  -21.053  38.676 0.0000000000
50866  53.845  -22.168  38.456 0.0000000000
129132  53.344  -22.027  38.301 0.0000000000
50867  52.713  -22.000  38.443 0.0000000000
50830  53.174  -21.755  39.074 0.0000000000
42278  48.459  -30.969  41.649 0.0000000000
42291  47.995  -31.105  40.870 0.0000000000
43162  46.819  -30.732  39.186 0.0000000000
121655  46.672  -34.048  40.911 0.0000000000
40627  45.892  -33.276  39.554 0.0000000000
41455  46.506  -32.490  39.796 0.0000000000
109676  46.268  -31.841  39.078 0.0000000000
42315  46.387  -31.182  38.810 0.0000000000
42328  46.018  -30.989  38.273 0.0000000000
42329  45.548  -31.194  37.737 0.0000000000
42342  44.489  -31.560  36.396 0.0000000000
113776  44.346  -31.022  35.902 0.0000000000
42378  43.761  -31.146  35.259 0.0000000000
110559  43.283  -31.106  34.507 0.0000000000
112166  42.875  -31.081  33.684 0.0000000000
43246  42.551  -31.010  32.795 0.0000000000
41591  41.695  -32.293  32.259 0.0000000000
41561  42.281  -32.571  33.571 0.0000000000
41592  41.291  -32.542  31.903 0.0000000000
41609  39.885  -33.084  30.497 0.0000000000
39731  42.184  -33.772  34.927 0.0000000000
40737  40.935  -33.579  33.015 0.0000000000
40747  40.715  -33.420  32.321 0.0000000000
40756  40.488  -33.308  31.700 0.0000000000
40767  40.186  -33.243  31.072 0.0000000000
128258  39.431  -33.351  30.217 0.0000000000
40777  38.912  -33.706  29.863 0.0000000000
39779  38.270  -34.426  29.449 0.0000000000
39791  37.852  -34.329  28.942 0.0000000000
39792  37.192  -34.532  28.445 0.0000000000
108723  33.381  -37.640  35.976 0.0000000000
128812  33.848  -37.535  35.450 0.0000000000
36617  33.237  -37.273  35.223 0.0000000000
36632  32.740  -36.934  34.505 0.0000000000
36649  32.187  -36.601  33.885 0.0000000000
38765  30.357  -35.616  31.145 0.0000000000
38753  28.097  -35.573  32.182 0.0000000000
59204  54.799  -13.725  28.331 0.0000000000
110246  53.509  -15.960  27.236 0.0000000000
33815  23.995  -41.178  35.132 0.0000000000
127269  24.123  -42.745  37.269 0.0000000000
31077  23.445  -42.637  36.851 0.0000000000
31063  23.284  -42.829  38.786 0.0000000000
36507  38.399  -36.706  44.710 0.0000000000
37503  40.790  -36.146  45.610 0.0000000000
114654  41.610  -36.053  45.271 0.0000000000
37516  41.777  -36.251  44.352 0.0000000000
37526  41.867  -36.249  43.339 0.0000000000
37538  41.947  -36.287  42.165 0.0000000000
37539  40.919  -36.596  41.987 0.0000000000
37553  41.668  -36.723  41.483 0.0000000000
37552  42.643  -36.765  41.449 0.0000000000
35661  43.669  -39.175  40.540 0.0000000000
119367  43.755  -39.402  39.303 0.0000000000
35696  43.268  -39.120  38.572 0.0000000000
34717  43.692  -39.770  39.744 0.0000000000
34720  43.306  -40.028  38.974 0.0000000000
33784  42.623  -40.600  38.330 0.0000000000
32813  42.412  -41.393  38.649 0.0000000000
32814  42.019  -41.085  37.645 0.0000000000
32831  41.276  -41.097  37.123 0.0000000000
32832  40.390  -41.164  36.966 0.0000000000
32833  39.341  -41.034  37.060 0.0000000000
33760  38.998  -40.605  40.628 0.0000000000
112551  40.219  -42.082  40.520 0.0000000000
32764  41.076  -42.334  40.308 0.0000000000
31020  40.124  -43.518  40.200 0.0000000000
31041  40.326  -43.459  39.862 0.0000000000
31878  40.702  -42.988  39.486 0.0000000000
32816  39.837  -41.725  37.725 0.0000000000
111846  37.877  -40.307  37.015 0.0000000000
33800  37.244  -39.835  36.820 0.0000000000
33787  36.849  -39.926  37.488 0.0000000000
34743  36.058  -38.832  36.779 0.0000000000
34759  35.604  -38.450  36.434 0.0000000000
35712  34.816  -38.147  36.569 0.0000000000
30962  36.726  -43.541  44.868 0.0000000000
30972  37.125  -43.564  44.231 0.0000000000
110056  37.247  -44.265  43.782 0.0000000000
29333  36.509  -45.039  43.718 0.0000000000
30188  37.166  -44.752  43.355 0.0000000000
30202  37.597  -44.635  42.453 0.0000000000
30239  37.533  -44.480  41.642 0.0000000000
130672  37.097  -43.762  41.255 0.0000000000
31834  36.760  -43.093  40.860 0.0000000000
31822  35.450  -43.072  41.801 0.0000000000
31835  35.896  -42.607  41.098 0.0000000000
33765  35.577  -40.454  39.477 0.0000000000
33776  35.336  -39.834  39.039 0.0000000000
109317  34.442  -39.643  39.154 0.0000000000
34730  35.089  -39.258  38.382 0.0000000000
35713  33.738  -38.016  36.640 0.0000000000
35730  30.867  -37.942  35.912 0.0000000000
36621  29.065  -37.874  35.209 0.0000000000
114610  29.964  -39.296  37.660 0.0000000000
34735  29.395  -39.235  37.232 0.0000000000
35718  29.411  -38.721  36.590 0.0000000000
36636  26.995  -37.842  34.393 0.0000000000
130640  26.483  -38.906  35.182 0.0000000000
35748  26.282  -38.429  34.658 0.0000000000
36637  25.968  -37.762  33.984 0.0000000000
54667  58.038  -17.940  31.269 0.0000000000
28338  27.039  -46.611  49.031 0.0000000000
27408  27.128  -47.014  48.632 0.0000000000
26568  26.809  -47.128  48.463 0.0000000000
26577  26.323  -47.102  48.316 0.0000000000
26559  25.234  -47.445  49.054 0.0000000000
26571  25.053  -47.571  48.746 0.0000000000
26578  25.504  -47.235  48.383 0.0000000000
27431  25.082  -47.073  47.963 0.0000000000
28373  23.990  -46.375  46.891 0.0000000000
28388  23.524  -45.758  46.463 0.0000000000
28389  22.596  -45.539  46.389 0.0000000000
29310  22.256  -44.881  45.840 0.0000000000
30192  20.654  -43.713  44.327 0.0000000000
27421  20.899  -46.786  48.892 0.0000000000
27436  21.000  -46.548  48.193 0.0000000000
27452  21.106  -46.213  47.574 0.0000000000
28391  20.770  -45.276  46.434 0.0000000000
29326  20.694  -44.608  45.413 0.0000000000
30234  18.686  -42.653  42.725 0.0000000000
112861  55.787  -13.066  28.529 0.0000000000
60066  56.390  -12.338  29.332 0.0000000000
59197  54.303  -13.779  29.202 0.0000000000
59188  53.966  -13.835  29.842 0.0000000000
59147  54.308  -13.162  32.526 0.0000000000
56497  55.958  -16.561  30.929 0.0000000000
56496  57.464  -16.761  31.341 0.0000000000
55613  58.485  -17.171  31.343 0.0000000000
57303  56.256  -14.541  35.013 0.0000000000
56468  57.815  -16.704  33.407 0.0000000000
54668  56.529  -18.548  31.125 0.0000000000
52777  52.716  -20.541  29.830 0.0000000000
51829  51.760  -20.564  31.932 0.0000000000
52779  50.066  -20.617  29.292 0.0000000000
51832  47.734  -21.340  31.495 0.0000000000
51846  47.419  -21.186  30.634 0.0000000000
49957  49.236  -22.488  38.088 0.0000000000
47115  48.710  -26.912  41.568 0.0000000000
45081  47.524  -28.625  39.404 0.0000000000
45102  46.993  -28.192  38.444 0.0000000000
113969  47.409  -28.070  38.951 0.0000000000
46096  47.699  -28.013  39.577 0.0000000000
48100  48.553  -26.122  40.761 0.0000000000
49036  48.580  -25.056  40.345 0.0000000000
49047  48.439  -24.550  39.613 0.0000000000
130575  48.361  -24.129  38.889 0.0000000000
48121  47.636  -25.437  38.215 0.0000000000
49968  48.460  -23.410  37.592 0.0000000000
49985  47.515  -23.657  35.360 0.0000000000
49090  47.122  -24.165  35.082 0.0000000000
49992  47.234  -23.552  34.593 0.0000000000
124129  46.730  -23.778  34.028 0.0000000000
47164  45.317  -26.315  34.822 0.0000000000
48160  45.262  -25.256  33.892 0.0000000000
49100  45.526  -24.643  33.693 0.0000000000
50012  44.174  -22.876  31.589 0.0000000000
49121  42.769  -23.840  30.879 0.0000000000
46262  41.765  -27.021  27.992 0.0000000000
43260  42.233  -30.762  32.021 0.0000000000
43297  41.397  -30.571  30.318 0.0000000000
42480  39.427  -31.627  29.063 0.0000000000
118062  41.167  -38.393  36.817 0.0000000000
34740  41.265  -39.702  36.519 0.0000000000
35711  40.840  -39.012  36.335 0.0000000000
36607  40.538  -38.096  36.083 0.0000000000
37648  39.382  -37.263  33.987 0.0000000000
34754  38.939  -39.298  35.228 0.0000000000
35741  38.847  -38.430  34.057 0.0000000000
35757  38.414  -38.114  33.530 0.0000000000
35756  38.945  -37.962  33.537 0.0000000000
36644  38.753  -37.350  33.039 0.0000000000
37686  38.337  -36.670  31.417 0.0000000000
37720  37.746  -36.165  29.921 0.0000000000
38795  36.837  -35.620  28.840 0.0000000000
113889  34.257  -37.517  34.904 0.0000000000
36666  33.556  -36.848  32.926 0.0000000000
36646  34.713  -37.440  33.274 0.0000000000
37707  32.803  -36.591  30.262 0.0000000000
37726  32.362  -36.433  29.349 0.0000000000
37723  34.730  -35.959  29.460 0.0000000000
38813  34.146  -35.451  27.917 0.0000000000
38812  34.927  -35.380  27.941 0.0000000000
38829  35.364  -35.145  27.560 0.0000000000
57387  54.094  -15.412  25.906 0.0000000000
130442  54.591  -15.250  25.163 0.0000000000
57386  54.551  -15.504  24.542 0.0000000000
55684  53.986  -17.711  24.940 0.0000000000
26558  25.891  -47.273  48.922 0.0000000000
26564  21.471  -47.337  49.154 0.0000000000
26573  22.654  -47.915  49.017 0.0000000000
27412  21.030  -47.098  49.616 0.0000000000
27427  29.087  -46.872  46.953 0.0000000000
27441  30.918  -46.520  45.769 0.0000000000
27443  29.680  -46.758  46.334 0.0000000000
28384  31.506  -46.367  45.407 0.0000000000
28400  31.124  -46.595  44.900 0.0000000000
29338  32.752  -45.697  44.053 0.0000000000
29350  36.869  -44.880  42.923 0.0000000000
30187  37.745  -44.394  42.889 0.0000000000
30222  37.971  -44.635  41.752 0.0000000000
30223  36.885  -44.487  42.004 0.0000000000
31002  38.877  -44.200  41.726 0.0000000000
31023  38.243  -44.383  40.921 0.0000000000
31024  37.630  -44.263  41.263 0.0000000000
31042  39.778  -43.733  39.973 0.0000000000
31831  41.312  -42.546  40.130 0.0000000000
31854  40.798  -43.111  40.014 0.0000000000
31880  39.386  -42.882  39.086 0.0000000000
31881  38.198  -42.554  39.256 0.0000000000
32706  36.750  -41.918  46.485 0.0000000000
32763  41.754  -42.025  40.220 0.0000000000
32765  40.283  -42.887  40.544 0.0000000000
32799  36.348  -40.790  39.180 0.0000000000
33757  42.255  -40.786  40.386 0.0000000000
33759  39.835  -41.065  40.466 0.0000000000
33764  42.954  -40.781  39.960 0.0000000000
33772  43.321  -40.302  39.678 0.0000000000
34710  43.316  -39.834  40.331 0.0000000000
34711  42.716  -40.049  40.489 0.0000000000
35619  38.304  -38.014  42.125 0.0000000000
35659  44.644  -38.559  40.232 0.0000000000
35684  44.190  -39.149  39.858 0.0000000000
36533  45.087  -37.525  41.080 0.0000000000
37549  45.415  -36.768  41.179 0.0000000000
37578  44.891  -37.369  39.760 0.0000000000
37627  41.838  -36.531  37.034 0.0000000000
37721  36.595  -35.961  29.327 0.0000000000
39647  46.956  -34.136  41.393 0.0000000000
46105  47.553  -27.403  39.069 0.0000000000
111626  36.237  -44.642  44.694 0.0000000000
112327  41.747  -41.571  40.324 0.0000000000
114287  27.870  -47.055  47.839 0.0000000000
117601  22.040  -42.331  42.210 0.0000000000
120123  45.942  -34.029  39.994 0.0000000000
120514  38.984  -41.464  37.722 0.0000000000
124825  26.026  -47.131  49.096 0.0000000000
128464  38.027  -41.935  41.917 0.0000000000
130700  41.567  -41.478  37.629 0.0000000000
131247  19.844  -44.269  45.180 0.0000000000
