#!ascii label  , from subject sub-v1s13x0050005_ses-1 vox2ras=TkReg
700
30110  28.005  -44.252  48.487 0.0000000000
52691  45.436  -20.367  36.089 0.0000000000
53660  54.337  -19.512  34.852 0.0000000000
45022  48.441  -28.145  44.347 0.0000000000
119469  33.336  -37.683  48.037 0.0000000000
107083  32.841  -42.929  47.736 0.0000000000
53621  49.460  -20.007  36.230 0.0000000000
53561  50.449  -20.029  41.373 0.0000000000
43095  43.883  -30.862  46.880 0.0000000000
116617  37.140  -35.804  48.728 0.0000000000
129150  55.064  -9.655  32.532 0.0000000000
113336  51.651  -15.132  34.953 0.0000000000
114357  45.113  -27.251  41.131 0.0000000000
50793  46.914  -22.362  42.666 0.0000000000
107095  31.103  -41.852  49.593 0.0000000000
30123  29.957  -43.812  48.387 0.0000000000
53623  47.770  -19.870  36.451 0.0000000000
126453  50.173  -19.910  38.830 0.0000000000
108733  48.048  -19.360  39.318 0.0000000000
38596  44.515  -34.737  44.488 0.0000000000
114645  35.276  -40.138  48.758 0.0000000000
37420  34.798  -36.504  49.481 0.0000000000
35595  36.377  -38.696  46.669 0.0000000000
60911  53.590  -10.304  33.064 0.0000000000
113571  54.339  -11.512  34.035 0.0000000000
59987  53.503  -11.897  35.334 0.0000000000
54636  51.961  -18.903  33.029 0.0000000000
56471  51.174  -16.696  32.472 0.0000000000
55584  53.249  -17.173  33.472 0.0000000000
56434  55.910  -16.076  36.092 0.0000000000
53658  56.115  -19.436  35.544 0.0000000000
43964  46.096  -29.346  46.015 0.0000000000
43994  44.372  -29.207  44.615 0.0000000000
46070  45.842  -27.236  44.839 0.0000000000
48093  45.647  -25.065  41.810 0.0000000000
48983  47.344  -25.168  45.028 0.0000000000
49878  49.425  -23.714  43.895 0.0000000000
46082  48.782  -26.868  43.048 0.0000000000
32663  33.157  -41.046  49.274 0.0000000000
53699  49.281  -19.206  33.140 0.0000000000
53640  51.716  -20.047  35.452 0.0000000000
52666  52.269  -20.518  37.276 0.0000000000
109450  52.783  -21.146  39.481 0.0000000000
40504  40.717  -33.780  48.164 0.0000000000
129500  43.304  -33.707  47.529 0.0000000000
41391  45.858  -32.671  45.592 0.0000000000
124454  48.047  -31.975  43.347 0.0000000000
43134  48.571  -30.216  41.639 0.0000000000
41379  37.830  -33.037  47.985 0.0000000000
109061  39.248  -35.780  47.226 0.0000000000
60051  55.862  -11.454  31.180 0.0000000000
117989  50.652  -13.647  35.064 0.0000000000
58170  54.128  -13.913  36.340 0.0000000000
56455  57.198  -16.424  34.510 0.0000000000
52616  45.955  -20.714  39.671 0.0000000000
52568  48.468  -20.472  42.496 0.0000000000
49903  50.170  -22.356  42.446 0.0000000000
129496  28.759  -45.063  47.858 0.0000000000
30124  29.212  -44.376  48.146 0.0000000000
29268  29.555  -44.832  47.707 0.0000000000
53625  46.263  -20.197  36.425 0.0000000000
53607  47.906  -19.599  37.810 0.0000000000
53609  46.394  -20.121  37.733 0.0000000000
34627  36.258  -39.625  47.896 0.0000000000
60030  52.280  -11.509  32.417 0.0000000000
60896  52.983  -10.931  33.984 0.0000000000
60011  51.538  -12.053  33.972 0.0000000000
53683  52.501  -19.308  33.758 0.0000000000
126879  52.916  -17.855  33.037 0.0000000000
53682  53.940  -18.687  33.963 0.0000000000
54634  54.613  -18.092  34.240 0.0000000000
45010  46.800  -28.905  45.714 0.0000000000
46052  46.113  -27.898  45.736 0.0000000000
46061  46.941  -27.173  45.429 0.0000000000
48054  46.628  -26.003  44.895 0.0000000000
47074  47.598  -26.636  45.237 0.0000000000
48063  48.626  -25.778  44.534 0.0000000000
46076  48.715  -27.669  43.964 0.0000000000
107093  31.688  -41.624  49.370 0.0000000000
30942  32.870  -42.290  48.633 0.0000000000
129023  34.400  -41.582  48.478 0.0000000000
53665  48.537  -19.743  34.643 0.0000000000
53687  48.733  -19.528  33.664 0.0000000000
53664  49.368  -19.643  34.616 0.0000000000
53663  50.942  -19.664  34.610 0.0000000000
129040  50.802  -20.007  35.522 0.0000000000
52667  51.226  -20.303  36.432 0.0000000000
127098  50.178  -20.137  37.037 0.0000000000
127248  50.440  -19.801  40.272 0.0000000000
52629  51.391  -20.291  39.126 0.0000000000
52613  51.893  -20.720  40.323 0.0000000000
52612  52.478  -21.255  39.736 0.0000000000
51704  51.789  -21.178  40.484 0.0000000000
37476  41.827  -35.167  47.243 0.0000000000
41365  42.124  -33.506  47.826 0.0000000000
38549  42.909  -34.658  46.782 0.0000000000
39549  45.200  -33.967  45.210 0.0000000000
41399  46.920  -32.718  44.318 0.0000000000
37418  35.930  -35.851  49.633 0.0000000000
39506  36.072  -34.538  49.621 0.0000000000
39504  37.453  -34.244  49.581 0.0000000000
112009  39.284  -34.674  48.766 0.0000000000
37453  38.337  -35.681  47.747 0.0000000000
61835  54.352  -9.365  31.720 0.0000000000
60929  55.554  -11.048  32.101 0.0000000000
58193  55.332  -13.325  34.625 0.0000000000
57306  51.188  -15.635  33.961 0.0000000000
57307  49.764  -15.880  33.139 0.0000000000
57294  50.500  -14.985  34.632 0.0000000000
120704  49.928  -13.939  34.740 0.0000000000
58182  51.082  -14.316  35.259 0.0000000000
59111  52.471  -13.225  35.816 0.0000000000
57284  53.584  -14.525  36.100 0.0000000000
109388  56.726  -17.441  34.920 0.0000000000
56433  56.440  -15.915  36.032 0.0000000000
42237  42.889  -31.415  46.325 0.0000000000
119132  43.049  -31.292  45.335 0.0000000000
45046  44.640  -28.698  42.941 0.0000000000
44025  44.542  -29.510  42.401 0.0000000000
126542  46.160  -23.719  42.209 0.0000000000
49037  44.979  -24.000  40.720 0.0000000000
50806  45.752  -22.578  41.253 0.0000000000
51719  44.874  -21.921  39.464 0.0000000000
51693  46.441  -21.342  41.379 0.0000000000
52584  46.780  -20.659  41.358 0.0000000000
51677  47.326  -21.522  42.591 0.0000000000
49013  49.654  -24.466  42.951 0.0000000000
50776  49.974  -22.356  43.047 0.0000000000
49920  49.934  -23.683  42.444 0.0000000000
49934  49.742  -23.494  41.404 0.0000000000
107088  30.829  -42.119  49.622 0.0000000000
107084  31.082  -43.285  47.892 0.0000000000
108031  31.374  -44.172  46.497 0.0000000000
30136  30.400  -44.322  47.549 0.0000000000
53622  48.567  -19.882  36.340 0.0000000000
120964  49.104  -19.856  37.095 0.0000000000
53606  48.727  -19.670  37.917 0.0000000000
53597  48.363  -19.462  38.667 0.0000000000
114498  49.048  -19.315  40.279 0.0000000000
35570  34.234  -38.413  49.492 0.0000000000
37422  34.037  -36.907  48.825 0.0000000000
117004  35.054  -37.902  49.578 0.0000000000
118132  35.850  -38.263  48.628 0.0000000000
128879  36.380  -36.929  47.350 0.0000000000
37480  37.035  -36.472  47.084 0.0000000000
36499  36.224  -37.807  46.027 0.0000000000
61823  54.210  -10.000  32.956 0.0000000000
60910  54.646  -11.068  33.424 0.0000000000
60894  54.196  -10.898  33.730 0.0000000000
60873  53.951  -11.502  34.599 0.0000000000
59120  54.950  -12.752  35.692 0.0000000000
54658  50.466  -17.884  31.938 0.0000000000
55596  51.442  -17.530  32.300 0.0000000000
56457  52.462  -16.645  33.247 0.0000000000
113119  53.163  -16.345  34.162 0.0000000000
56445  54.030  -16.071  35.264 0.0000000000
56444  54.923  -16.677  35.302 0.0000000000
55572  55.916  -16.884  35.448 0.0000000000
43094  44.959  -30.348  46.748 0.0000000000
43981  44.001  -30.002  46.069 0.0000000000
44994  45.176  -28.923  46.108 0.0000000000
46063  45.440  -27.926  45.248 0.0000000000
46077  45.319  -27.239  43.098 0.0000000000
116879  45.473  -25.963  41.636 0.0000000000
47099  46.144  -26.115  43.845 0.0000000000
49002  46.865  -24.452  43.941 0.0000000000
49891  47.188  -23.461  43.746 0.0000000000
50779  48.087  -22.440  43.771 0.0000000000
48991  48.384  -24.369  44.581 0.0000000000
48076  49.111  -25.520  43.694 0.0000000000
47109  48.908  -26.592  42.409 0.0000000000
33665  31.805  -40.833  48.820 0.0000000000
33651  32.517  -40.326  48.948 0.0000000000
34617  33.315  -39.199  48.911 0.0000000000
33650  34.620  -40.381  49.031 0.0000000000
32692  35.699  -41.519  47.668 0.0000000000
54637  50.968  -18.901  32.913 0.0000000000
53684  51.496  -19.334  33.693 0.0000000000
53661  53.171  -19.711  34.658 0.0000000000
53639  52.889  -20.165  35.490 0.0000000000
115722  53.373  -20.838  37.269 0.0000000000
52644  53.208  -20.896  38.073 0.0000000000
52646  50.716  -20.184  38.074 0.0000000000
52628  52.850  -20.866  38.978 0.0000000000
41385  39.496  -32.826  46.705 0.0000000000
41375  41.643  -32.852  47.479 0.0000000000
117692  42.362  -32.670  47.513 0.0000000000
127002  43.672  -32.081  47.486 0.0000000000
39550  44.341  -34.227  45.861 0.0000000000
40524  44.657  -33.277  46.850 0.0000000000
126329  45.224  -31.749  46.857 0.0000000000
42221  45.698  -31.251  46.351 0.0000000000
43101  46.971  -30.565  45.126 0.0000000000
43993  48.316  -29.599  43.880 0.0000000000
44008  48.661  -29.104  43.270 0.0000000000
116962  48.554  -30.908  42.533 0.0000000000
41369  39.177  -33.305  48.316 0.0000000000
38520  40.729  -34.938  48.236 0.0000000000
37477  40.722  -35.906  46.493 0.0000000000
36497  38.241  -36.388  45.663 0.0000000000
36495  40.085  -36.404  45.073 0.0000000000
60058  57.178  -11.387  30.196 0.0000000000
59990  50.844  -12.817  34.426 0.0000000000
59972  52.044  -12.676  35.425 0.0000000000
59110  53.549  -13.179  36.162 0.0000000000
58181  55.394  -13.602  36.051 0.0000000000
57283  55.073  -15.634  36.194 0.0000000000
57282  55.906  -15.150  36.324 0.0000000000
57303  56.256  -14.541  35.013 0.0000000000
43114  44.070  -30.324  43.486 0.0000000000
113543  44.403  -21.468  37.846 0.0000000000
52647  45.694  -20.495  37.943 0.0000000000
52630  46.538  -20.081  39.260 0.0000000000
53577  47.697  -19.534  40.753 0.0000000000
52580  49.989  -20.086  41.979 0.0000000000
51658  48.459  -21.765  43.368 0.0000000000
51674  49.593  -21.227  42.744 0.0000000000
51691  50.698  -21.116  41.684 0.0000000000
50816  51.204  -21.556  40.518 0.0000000000
45045  48.713  -28.390  42.271 0.0000000000
115563  48.696  -28.045  42.054 0.0000000000
30125  28.439  -44.847  48.018 0.0000000000
29249  27.987  -45.880  48.278 0.0000000000
113167  27.804  -45.156  48.234 0.0000000000
30109  28.869  -43.801  48.626 0.0000000000
112520  46.523  -20.053  37.075 0.0000000000
52668  45.730  -20.353  37.031 0.0000000000
60897  52.247  -11.434  33.472 0.0000000000
126952  53.360  -19.228  33.987 0.0000000000
53681  54.862  -18.738  34.644 0.0000000000
45008  47.792  -28.324  45.005 0.0000000000
45009  47.175  -28.369  45.537 0.0000000000
125306  47.535  -27.912  45.305 0.0000000000
46060  47.601  -27.370  45.263 0.0000000000
46059  48.119  -27.698  44.909 0.0000000000
47073  48.373  -26.992  44.846 0.0000000000
118908  48.558  -27.504  44.423 0.0000000000
108037  31.921  -42.632  48.575 0.0000000000
114578  32.191  -42.069  49.254 0.0000000000
30953  33.840  -43.172  47.118 0.0000000000
53642  48.973  -19.852  35.481 0.0000000000
53641  49.972  -19.826  35.258 0.0000000000
53620  50.271  -20.139  36.104 0.0000000000
52614  51.253  -20.212  40.062 0.0000000000
53574  50.948  -20.097  40.769 0.0000000000
52595  51.794  -20.935  40.614 0.0000000000
52596  51.249  -20.540  41.068 0.0000000000
37475  42.070  -35.402  46.532 0.0000000000
38535  42.403  -34.680  47.309 0.0000000000
122610  42.389  -35.002  46.847 0.0000000000
37436  36.412  -36.072  49.276 0.0000000000
38507  36.407  -35.036  49.793 0.0000000000
37417  36.633  -35.383  49.659 0.0000000000
39505  36.850  -34.366  49.655 0.0000000000
38523  37.774  -34.970  49.390 0.0000000000
37434  37.932  -35.396  48.679 0.0000000000
61834  55.223  -9.257  32.030 0.0000000000
60918  55.486  -9.892  32.413 0.0000000000
57285  52.319  -14.413  35.646 0.0000000000
43096  43.350  -31.195  46.816 0.0000000000
43102  43.553  -30.805  46.191 0.0000000000
117451  44.884  -27.967  42.500 0.0000000000
118592  44.926  -27.992  41.543 0.0000000000
49906  46.431  -23.083  42.474 0.0000000000
49921  45.906  -23.197  41.735 0.0000000000
50794  46.279  -22.482  41.946 0.0000000000
51678  46.678  -21.759  41.994 0.0000000000
129673  47.380  -22.098  42.989 0.0000000000
128117  49.207  -25.276  41.841 0.0000000000
130087  49.938  -23.724  42.987 0.0000000000
49024  49.500  -24.517  41.939 0.0000000000
128435  49.330  -24.244  41.227 0.0000000000
30943  30.316  -42.792  48.979 0.0000000000
30929  30.020  -42.484  49.463 0.0000000000
107085  31.003  -42.593  48.942 0.0000000000
30122  30.478  -43.292  48.419 0.0000000000
123516  46.699  -20.138  36.002 0.0000000000
117096  46.731  -20.160  35.299 0.0000000000
53644  47.312  -20.034  35.851 0.0000000000
53643  48.092  -19.899  35.631 0.0000000000
115417  48.245  -19.748  37.112 0.0000000000
53598  47.584  -19.556  38.516 0.0000000000
53587  48.780  -19.361  39.504 0.0000000000
127166  48.440  -19.306  39.930 0.0000000000
33649  34.789  -39.549  49.265 0.0000000000
34615  34.677  -38.288  49.577 0.0000000000
34622  35.354  -39.312  48.988 0.0000000000
35590  36.257  -38.708  47.757 0.0000000000
36478  36.117  -37.521  48.035 0.0000000000
36489  36.210  -37.741  47.066 0.0000000000
60921  52.950  -10.729  32.269 0.0000000000
60920  53.766  -9.988  32.212 0.0000000000
61806  54.035  -10.387  33.462 0.0000000000
130666  53.482  -10.576  33.622 0.0000000000
60874  53.212  -11.314  34.669 0.0000000000
59986  54.158  -12.153  35.309 0.0000000000
54649  50.959  -18.303  32.319 0.0000000000
127969  51.532  -18.416  32.545 0.0000000000
55595  52.375  -17.336  32.819 0.0000000000
56456  53.883  -16.773  34.373 0.0000000000
55583  54.194  -17.424  34.185 0.0000000000
54621  55.859  -18.195  34.958 0.0000000000
54620  56.488  -18.473  35.078 0.0000000000
43093  45.514  -30.300  46.428 0.0000000000
43966  44.722  -29.671  46.413 0.0000000000
43965  45.352  -29.532  46.334 0.0000000000
46062  45.989  -27.528  45.489 0.0000000000
46071  45.246  -27.749  44.236 0.0000000000
47089  45.776  -26.880  43.958 0.0000000000
47088  46.224  -26.497  44.549 0.0000000000
48064  46.971  -25.385  44.935 0.0000000000
48065  46.766  -25.296  44.491 0.0000000000
48993  47.220  -24.775  44.673 0.0000000000
49881  47.491  -23.953  44.388 0.0000000000
49880  48.013  -23.674  44.524 0.0000000000
48992  47.715  -24.457  44.790 0.0000000000
47086  48.825  -26.598  43.753 0.0000000000
48062  48.907  -26.008  43.960 0.0000000000
47098  48.863  -26.359  43.423 0.0000000000
48085  49.252  -25.427  43.267 0.0000000000
47104  48.945  -26.326  43.056 0.0000000000
122852  31.016  -41.467  49.117 0.0000000000
122934  31.179  -41.243  48.530 0.0000000000
32664  32.386  -41.273  49.243 0.0000000000
125078  32.292  -40.875  49.116 0.0000000000
33635  33.062  -39.960  49.063 0.0000000000
33634  33.136  -40.471  49.210 0.0000000000
129359  33.582  -39.684  49.258 0.0000000000
32662  33.855  -40.679  49.195 0.0000000000
54651  49.448  -18.854  32.492 0.0000000000
54638  50.000  -19.010  33.077 0.0000000000
53662  52.100  -19.692  34.551 0.0000000000
52690  52.535  -20.433  36.378 0.0000000000
53605  49.653  -19.875  37.964 0.0000000000
114465  52.160  -20.636  39.725 0.0000000000
52627  53.515  -21.583  39.081 0.0000000000
41368  40.135  -33.348  47.944 0.0000000000
41376  40.679  -32.959  47.386 0.0000000000
41367  40.968  -33.300  47.716 0.0000000000
40516  42.776  -33.716  47.723 0.0000000000
41374  42.753  -32.957  47.660 0.0000000000
40515  43.395  -33.238  47.559 0.0000000000
109383  43.411  -32.583  47.534 0.0000000000
129393  43.380  -35.026  45.558 0.0000000000
38569  44.033  -34.694  45.283 0.0000000000
40536  45.564  -33.403  45.441 0.0000000000
40537  44.949  -33.694  46.104 0.0000000000
40523  45.320  -33.014  46.301 0.0000000000
41382  44.995  -32.457  46.962 0.0000000000
42222  45.523  -32.186  46.384 0.0000000000
42236  46.007  -31.921  45.768 0.0000000000
124984  47.173  -32.110  44.319 0.0000000000
42234  47.061  -31.422  44.689 0.0000000000
42246  47.738  -31.538  43.967 0.0000000000
128954  47.632  -29.889  44.654 0.0000000000
43106  48.101  -30.554  43.896 0.0000000000
43113  48.557  -30.172  43.105 0.0000000000
42245  48.305  -31.193  43.252 0.0000000000
37421  34.392  -36.545  49.125 0.0000000000
37437  34.093  -36.234  48.699 0.0000000000
38525  34.180  -35.647  48.601 0.0000000000
40517  36.969  -33.342  48.053 0.0000000000
40527  37.396  -33.305  47.010 0.0000000000
41386  38.263  -32.928  47.150 0.0000000000
41378  38.698  -32.993  47.875 0.0000000000
41370  38.294  -33.272  48.627 0.0000000000
37433  39.035  -35.319  48.291 0.0000000000
38521  39.972  -35.107  48.279 0.0000000000
37452  39.868  -35.528  47.813 0.0000000000
38537  40.557  -35.405  47.837 0.0000000000
108488  40.265  -35.763  47.224 0.0000000000
37479  38.039  -35.977  46.752 0.0000000000
60939  56.784  -10.727  31.013 0.0000000000
60059  56.143  -11.932  30.249 0.0000000000
56472  50.456  -16.414  32.437 0.0000000000
56473  49.876  -16.436  32.027 0.0000000000
110551  49.277  -13.998  34.115 0.0000000000
59123  50.218  -13.555  34.661 0.0000000000
59134  49.790  -13.485  33.824 0.0000000000
59989  51.704  -12.224  34.842 0.0000000000
59122  51.127  -13.045  35.044 0.0000000000
59109  54.585  -13.314  36.200 0.0000000000
58169  55.185  -14.152  36.305 0.0000000000
56443  56.855  -16.078  35.535 0.0000000000
56432  56.576  -15.505  36.022 0.0000000000
57291  56.280  -14.813  35.947 0.0000000000
57290  56.705  -15.518  35.153 0.0000000000
43995  44.077  -29.750  45.197 0.0000000000
44010  44.010  -30.020  44.283 0.0000000000
48087  45.809  -25.827  42.323 0.0000000000
49935  44.846  -23.328  40.275 0.0000000000
51706  45.517  -21.438  39.981 0.0000000000
51727  44.632  -21.704  38.667 0.0000000000
51718  45.299  -21.224  39.144 0.0000000000
52632  45.114  -21.035  38.295 0.0000000000
52631  45.797  -20.603  38.786 0.0000000000
53600  46.280  -20.221  38.421 0.0000000000
52583  47.291  -20.259  41.715 0.0000000000
52597  47.627  -19.775  41.429 0.0000000000
52582  47.998  -19.937  42.001 0.0000000000
53563  48.481  -19.527  41.373 0.0000000000
52581  49.012  -19.898  42.054 0.0000000000
50760  48.360  -22.963  44.162 0.0000000000
50778  48.784  -22.310  43.791 0.0000000000
51656  49.698  -21.839  43.030 0.0000000000
51673  50.130  -21.621  42.404 0.0000000000
52566  50.135  -20.800  42.166 0.0000000000
50805  50.480  -21.816  41.608 0.0000000000
51705  51.156  -21.237  41.121 0.0000000000
112729  49.761  -22.855  40.219 0.0000000000
44024  48.722  -29.483  42.588 0.0000000000
44007  48.749  -28.426  42.832 0.0000000000
44023  48.740  -29.122  42.231 0.0000000000
30944  29.661  -43.304  48.849 0.0000000000
29269  28.915  -45.351  47.738 0.0000000000
53624  47.028  -19.928  36.649 0.0000000000
124744  47.581  -19.766  37.117 0.0000000000
53608  47.108  -19.776  37.603 0.0000000000
53599  46.856  -19.827  38.453 0.0000000000
33663  35.740  -40.681  48.118 0.0000000000
33648  35.795  -39.901  48.387 0.0000000000
127528  36.157  -40.403  47.849 0.0000000000
34632  36.612  -39.636  47.136 0.0000000000
60912  52.887  -10.806  33.186 0.0000000000
60010  52.346  -11.499  34.429 0.0000000000
54648  52.243  -18.139  32.686 0.0000000000
119742  53.009  -18.676  33.198 0.0000000000
54635  53.656  -17.975  33.520 0.0000000000
43979  46.849  -29.661  45.501 0.0000000000
44993  45.773  -28.693  45.967 0.0000000000
44992  46.460  -28.347  45.758 0.0000000000
46051  46.501  -27.646  45.593 0.0000000000
47062  46.441  -27.164  45.423 0.0000000000
47076  46.370  -26.848  45.122 0.0000000000
126372  46.640  -26.468  45.164 0.0000000000
47075  46.923  -26.482  45.267 0.0000000000
48052  47.471  -25.827  45.169 0.0000000000
48982  48.121  -25.186  44.975 0.0000000000
48051  48.218  -26.122  44.960 0.0000000000
47087  48.701  -26.451  44.335 0.0000000000
46068  48.784  -26.897  43.408 0.0000000000
31756  32.018  -41.852  49.437 0.0000000000
31755  32.812  -41.632  49.128 0.0000000000
32679  33.771  -41.316  48.969 0.0000000000
31768  33.791  -41.962  48.479 0.0000000000
126693  48.021  -19.772  34.065 0.0000000000
129325  49.057  -19.571  34.173 0.0000000000
53686  49.576  -19.397  33.806 0.0000000000
53685  50.511  -19.317  33.708 0.0000000000
114867  50.077  -19.537  34.379 0.0000000000
126133  51.228  -20.329  37.364 0.0000000000
128272  49.843  -19.689  39.294 0.0000000000
53585  50.435  -19.875  39.609 0.0000000000
39515  41.527  -34.417  48.127 0.0000000000
40503  41.491  -33.947  48.085 0.0000000000
39531  41.854  -34.703  47.832 0.0000000000
39530  42.436  -34.303  47.674 0.0000000000
39529  43.050  -34.153  47.344 0.0000000000
39569  44.814  -34.394  44.844 0.0000000000
40535  46.283  -33.152  44.705 0.0000000000
40547  46.983  -33.329  43.924 0.0000000000
41398  47.524  -32.551  43.732 0.0000000000
37419  35.325  -36.139  49.618 0.0000000000
38509  35.019  -35.676  49.521 0.0000000000
38508  35.686  -35.361  49.680 0.0000000000
40519  35.507  -34.160  48.038 0.0000000000
40508  36.606  -33.609  48.904 0.0000000000
40494  37.286  -33.794  49.395 0.0000000000
127678  37.928  -33.581  49.131 0.0000000000
40506  38.677  -33.718  48.938 0.0000000000
38522  38.438  -34.828  49.061 0.0000000000
61833  56.049  -9.461  31.639 0.0000000000
60928  56.231  -10.175  31.763 0.0000000000
59133  54.590  -12.231  34.551 0.0000000000
56459  50.774  -16.067  33.124 0.0000000000
116439  50.274  -15.537  33.871 0.0000000000
57295  49.446  -15.094  34.108 0.0000000000
58183  50.034  -14.322  34.756 0.0000000000
58173  50.738  -13.859  35.223 0.0000000000
59112  51.448  -13.428  35.392 0.0000000000
58172  51.769  -13.786  35.667 0.0000000000
58171  52.977  -13.786  36.034 0.0000000000
55560  56.302  -16.352  35.767 0.0000000000
55571  56.636  -16.495  35.484 0.0000000000
55581  57.093  -16.797  34.874 0.0000000000
42225  42.191  -31.951  46.588 0.0000000000
45036  44.689  -28.577  43.950 0.0000000000
44009  44.352  -29.508  43.478 0.0000000000
44035  44.615  -29.486  41.481 0.0000000000
49014  46.096  -24.443  42.417 0.0000000000
116823  45.199  -24.652  41.043 0.0000000000
49025  45.615  -24.047  41.535 0.0000000000
49922  45.343  -23.296  41.017 0.0000000000
50834  44.660  -22.693  39.747 0.0000000000
50818  45.223  -22.633  40.533 0.0000000000
50817  45.776  -21.855  40.766 0.0000000000
52599  46.243  -20.870  40.632 0.0000000000
51692  46.966  -20.951  41.942 0.0000000000
52569  47.617  -20.636  42.305 0.0000000000
125508  49.775  -23.739  43.403 0.0000000000
49890  49.754  -23.014  43.546 0.0000000000
49904  50.102  -23.098  42.947 0.0000000000
49919  50.235  -22.825  42.096 0.0000000000
107899  30.528  -41.722  49.537 0.0000000000
108062  30.436  -41.997  49.698 0.0000000000
107094  30.969  -41.980  49.754 0.0000000000
108212  31.526  -42.113  49.470 0.0000000000
109090  31.930  -43.254  47.326 0.0000000000
29283  30.025  -45.436  47.068 0.0000000000
53666  47.539  -19.979  34.874 0.0000000000
53596  49.277  -19.579  38.863 0.0000000000
53586  49.651  -19.516  39.828 0.0000000000
53575  49.893  -19.605  40.773 0.0000000000
37501  42.267  -35.671  45.783 0.0000000000
35579  33.846  -38.331  49.248 0.0000000000
36466  33.651  -37.332  48.440 0.0000000000
36451  34.306  -37.725  49.420 0.0000000000
35578  34.675  -37.786  49.583 0.0000000000
127863  34.948  -37.369  49.648 0.0000000000
34621  35.835  -39.107  48.591 0.0000000000
35577  35.466  -37.615  49.286 0.0000000000
36449  35.187  -37.154  49.567 0.0000000000
36448  35.625  -36.701  49.419 0.0000000000
37455  36.584  -36.460  48.203 0.0000000000
37454  37.503  -35.956  47.849 0.0000000000
36488  36.484  -36.999  46.470 0.0000000000
36498  36.747  -37.203  45.549 0.0000000000
111088  54.625  -9.636  32.484 0.0000000000
61822  54.635  -10.249  32.886 0.0000000000
60895  53.680  -10.901  34.028 0.0000000000
126777  55.477  -13.333  35.622 0.0000000000
55601  50.486  -17.041  31.882 0.0000000000
56470  51.881  -16.869  32.659 0.0000000000
56458  51.664  -16.310  33.145 0.0000000000
57305  52.195  -15.953  34.100 0.0000000000
57293  52.996  -15.401  35.289 0.0000000000
55582  55.159  -17.501  34.799 0.0000000000
116429  56.383  -17.128  35.178 0.0000000000
43967  44.356  -30.414  46.687 0.0000000000
129182  43.948  -30.495  46.512 0.0000000000
43980  44.568  -29.151  45.695 0.0000000000
45011  45.640  -28.252  45.758 0.0000000000
45012  45.148  -28.526  45.657 0.0000000000
45023  44.877  -28.473  44.964 0.0000000000
113817  44.917  -28.019  43.363 0.0000000000
115521  45.102  -27.252  42.057 0.0000000000
47110  45.291  -26.666  41.610 0.0000000000
47105  45.521  -26.547  42.320 0.0000000000
47100  45.880  -26.280  43.097 0.0000000000
48086  46.057  -25.326  42.837 0.0000000000
119648  46.430  -25.846  44.339 0.0000000000
48077  46.388  -25.343  43.725 0.0000000000
49003  46.370  -24.665  43.204 0.0000000000
49892  46.570  -23.812  43.041 0.0000000000
49905  46.896  -23.048  43.109 0.0000000000
50780  47.444  -22.627  43.426 0.0000000000
50761  47.770  -23.153  44.116 0.0000000000
49879  48.716  -23.639  44.263 0.0000000000
111515  48.890  -25.167  44.342 0.0000000000
121871  49.102  -24.408  44.180 0.0000000000
48990  49.437  -24.620  43.687 0.0000000000
48092  49.229  -25.524  42.506 0.0000000000
35591  33.178  -38.485  47.928 0.0000000000
33636  31.706  -41.258  49.169 0.0000000000
34623  33.050  -39.325  48.644 0.0000000000
35586  33.487  -38.253  48.695 0.0000000000
34616  33.707  -39.104  49.284 0.0000000000
33633  34.103  -39.882  49.360 0.0000000000
32678  34.515  -41.083  48.772 0.0000000000
32677  35.195  -40.922  48.468 0.0000000000
53638  54.089  -20.237  35.713 0.0000000000
52689  53.721  -20.631  36.523 0.0000000000
52645  51.970  -20.485  38.155 0.0000000000
130251  53.285  -21.053  38.676 0.0000000000
109370  40.068  -32.841  46.120 0.0000000000
41383  41.329  -32.447  46.925 0.0000000000
112632  42.104  -33.025  47.715 0.0000000000
42212  42.256  -32.283  47.223 0.0000000000
42224  42.897  -31.708  47.019 0.0000000000
42223  43.643  -31.534  47.243 0.0000000000
42210  44.111  -31.784  47.401 0.0000000000
38571  42.764  -35.140  46.194 0.0000000000
38570  43.456  -34.654  46.092 0.0000000000
39541  43.642  -34.245  46.703 0.0000000000
39540  44.317  -33.850  46.610 0.0000000000
40525  43.837  -33.647  47.239 0.0000000000
41373  44.128  -32.608  47.388 0.0000000000
42209  44.674  -31.788  47.167 0.0000000000
43089  44.431  -31.107  47.115 0.0000000000
42208  45.094  -31.078  46.883 0.0000000000
43092  46.240  -30.369  45.906 0.0000000000
42247  46.508  -32.193  44.941 0.0000000000
42235  46.425  -31.286  45.490 0.0000000000
43977  48.028  -28.953  44.485 0.0000000000
113431  48.479  -28.795  43.890 0.0000000000
128309  48.664  -30.203  42.400 0.0000000000
110075  48.631  -30.593  42.018 0.0000000000
41426  48.321  -32.160  42.020 0.0000000000
42268  48.518  -31.379  42.063 0.0000000000
37438  33.649  -36.491  48.117 0.0000000000
39522  34.262  -35.160  48.365 0.0000000000
113805  38.963  -32.819  47.184 0.0000000000
41377  39.638  -33.006  47.517 0.0000000000
128871  40.152  -34.137  48.548 0.0000000000
121484  39.444  -34.145  48.887 0.0000000000
39517  40.098  -34.554  48.542 0.0000000000
39516  40.891  -34.387  48.364 0.0000000000
38536  41.261  -35.138  47.837 0.0000000000
37451  41.049  -35.567  47.284 0.0000000000
37502  41.504  -35.824  46.105 0.0000000000
36487  39.184  -36.087  46.191 0.0000000000
36496  39.251  -36.376  45.329 0.0000000000
37478  39.938  -35.968  46.563 0.0000000000
37504  40.035  -36.180  45.881 0.0000000000
59988  52.607  -11.882  35.193 0.0000000000
59971  53.027  -12.502  35.772 0.0000000000
59121  54.006  -12.507  35.967 0.0000000000
58192  55.864  -13.940  35.610 0.0000000000
57292  54.142  -15.229  36.026 0.0000000000
118523  54.734  -14.738  36.366 0.0000000000
58168  55.798  -14.315  36.170 0.0000000000
57318  56.282  -15.143  34.049 0.0000000000
52669  44.824  -20.692  36.558 0.0000000000
43107  43.662  -30.580  45.054 0.0000000000
50853  44.265  -22.419  39.007 0.0000000000
51739  44.225  -21.275  36.987 0.0000000000
52648  44.973  -20.845  37.439 0.0000000000
108494  47.308  -19.599  39.272 0.0000000000
52615  46.539  -20.252  40.137 0.0000000000
53578  47.100  -19.722  40.075 0.0000000000
53588  47.831  -19.395  39.986 0.0000000000
53576  48.440  -19.340  40.551 0.0000000000
121576  49.111  -19.361  40.932 0.0000000000
51659  47.788  -21.928  43.205 0.0000000000
51676  48.056  -21.170  42.886 0.0000000000
51675  48.877  -21.080  42.959 0.0000000000
50777  49.465  -22.347  43.503 0.0000000000
51657  49.180  -21.709  43.324 0.0000000000
52567  49.394  -20.515  42.450 0.0000000000
52579  50.685  -20.551  41.601 0.0000000000
51690  51.305  -20.903  41.150 0.0000000000
49933  50.337  -22.348  41.117 0.0000000000
125612  50.632  -21.931  40.203 0.0000000000
45035  48.699  -28.224  43.584 0.0000000000
115259  48.759  -27.471  43.368 0.0000000000
116954  48.732  -27.468  42.858 0.0000000000
44034  48.656  -29.383  41.717 0.0000000000
46085  48.713  -27.596  42.628 0.0000000000
46089  48.750  -27.407  42.226 0.0000000000
33622  33.987  -39.161  49.465 0.0000000000
34614  34.970  -38.718  49.481 0.0000000000
35585  35.425  -38.486  49.165 0.0000000000
36450  34.737  -37.226  49.542 0.0000000000
36452  33.935  -37.608  49.089 0.0000000000
36465  35.930  -37.112  48.908 0.0000000000
37435  37.191  -35.381  49.341 0.0000000000
38505  37.897  -34.464  49.487 0.0000000000
38506  37.206  -34.808  49.708 0.0000000000
38510  34.504  -35.960  49.162 0.0000000000
38519  41.293  -34.748  48.131 0.0000000000
38524  34.622  -35.307  49.089 0.0000000000
38526  33.825  -35.904  48.207 0.0000000000
39507  35.244  -34.957  49.450 0.0000000000
39514  42.052  -34.116  47.930 0.0000000000
39518  38.624  -34.253  49.196 0.0000000000
39519  37.950  -33.942  49.378 0.0000000000
40495  36.576  -33.981  49.462 0.0000000000
40496  36.107  -33.999  49.250 0.0000000000
40505  39.693  -33.757  48.492 0.0000000000
40507  37.496  -33.359  48.793 0.0000000000
40509  35.835  -33.989  48.684 0.0000000000
41366  41.556  -33.410  47.813 0.0000000000
41384  40.342  -32.756  46.911 0.0000000000
41395  38.739  -32.946  46.445 0.0000000000
42211  43.030  -32.232  47.405 0.0000000000
43122  48.702  -29.849  42.048 0.0000000000
43978  47.391  -29.001  45.221 0.0000000000
44991  47.013  -27.794  45.558 0.0000000000
46069  48.754  -27.087  43.993 0.0000000000
48053  46.935  -25.822  45.126 0.0000000000
50759  49.157  -22.943  43.979 0.0000000000
51707  45.149  -22.087  40.127 0.0000000000
52598  46.955  -20.037  40.944 0.0000000000
53562  49.538  -19.643  41.487 0.0000000000
113803  48.788  -27.062  42.874 0.0000000000
114658  34.396  -37.113  49.273 0.0000000000
115790  47.553  -30.804  44.464 0.0000000000
117619  35.354  -36.522  49.574 0.0000000000
118375  46.171  -21.996  41.477 0.0000000000
120654  35.057  -36.835  49.630 0.0000000000
121335  41.464  -35.584  46.751 0.0000000000
122096  34.440  -38.941  49.504 0.0000000000
125033  48.982  -25.950  43.350 0.0000000000
126537  48.353  -31.626  41.721 0.0000000000
127935  33.998  -35.173  47.716 0.0000000000
128423  46.134  -25.772  43.354 0.0000000000
128496  49.240  -24.944  43.998 0.0000000000
129468  36.099  -38.968  48.269 0.0000000000
130932  48.753  -27.077  43.137 0.0000000000
131113  48.732  -27.186  42.893 0.0000000000
