#!ascii label  , from subject sub-v1s13x0050005_ses-1 vox2ras=TkReg
1598
32670  10.158  -41.845  49.696 0.0000000000
55651  42.424  -17.517  28.020 0.0000000000
126079  30.050  -35.994  40.883 0.0000000000
40538  39.177  -33.308  45.073 0.0000000000
35674  21.882  -38.757  40.989 0.0000000000
31764  19.163  -42.412  49.208 0.0000000000
128858  53.586  -13.790  23.550 0.0000000000
59148  50.928  -13.032  32.152 0.0000000000
126010  40.645  -28.091  34.592 0.0000000000
127369  56.365  -9.773  16.707 0.0000000000
107090  30.482  -42.488  45.568 0.0000000000
116663  14.902  -40.781  49.797 0.0000000000
60965  51.967  -12.101  27.908 0.0000000000
57378  48.329  -15.428  26.711 0.0000000000
52752  45.319  -20.164  30.664 0.0000000000
55603  49.113  -17.831  31.205 0.0000000000
51852  40.907  -22.080  30.211 0.0000000000
39699  35.844  -34.910  37.396 0.0000000000
39615  33.208  -34.954  42.536 0.0000000000
33679  25.858  -41.223  45.976 0.0000000000
30936  24.210  -43.891  49.196 0.0000000000
33707  20.893  -41.109  45.060 0.0000000000
33732  15.350  -40.623  44.532 0.0000000000
35669  26.383  -38.699  40.499 0.0000000000
61018  58.228  -10.566  23.957 0.0000000000
61853  56.684  -9.317  28.876 0.0000000000
58230  47.306  -16.826  29.049 0.0000000000
49979  41.683  -23.698  36.448 0.0000000000
42294  41.760  -32.470  39.641 0.0000000000
60165  55.567  -13.045  19.706 0.0000000000
61065  59.668  -10.538  19.645 0.0000000000
64561  60.833  -7.227  16.432 0.0000000000
107096  28.677  -41.661  49.457 0.0000000000
33641  12.237  -40.795  49.371 0.0000000000
113754  15.185  -40.547  52.606 0.0000000000
109425  12.335  -40.488  53.345 0.0000000000
56574  48.236  -16.289  24.043 0.0000000000
53691  44.919  -20.336  33.455 0.0000000000
109644  47.313  -19.961  33.888 0.0000000000
31723  6.035  -42.573  54.425 0.0000000000
51894  40.904  -21.833  27.270 0.0000000000
40655  29.861  -34.209  38.084 0.0000000000
40631  32.026  -33.995  39.001 0.0000000000
40586  31.585  -35.125  41.720 0.0000000000
34666  24.243  -39.556  43.474 0.0000000000
33705  22.972  -41.048  45.322 0.0000000000
35612  21.259  -39.570  42.796 0.0000000000
35671  24.526  -38.491  40.500 0.0000000000
34665  26.366  -39.854  43.213 0.0000000000
30948  21.656  -43.491  48.668 0.0000000000
60107  56.086  -12.157  23.988 0.0000000000
124540  57.353  -9.894  26.456 0.0000000000
126791  55.319  -11.662  25.834 0.0000000000
113005  51.578  -12.504  29.700 0.0000000000
61848  53.209  -10.207  29.914 0.0000000000
56548  42.451  -17.217  26.702 0.0000000000
57381  44.601  -16.538  27.048 0.0000000000
57347  44.381  -17.019  28.774 0.0000000000
48172  39.115  -25.498  32.482 0.0000000000
50001  39.327  -23.660  33.227 0.0000000000
48145  41.612  -25.781  35.767 0.0000000000
39632  38.028  -35.235  41.010 0.0000000000
116996  38.998  -33.951  38.282 0.0000000000
40581  40.399  -33.752  42.228 0.0000000000
58352  52.408  -14.402  21.375 0.0000000000
60168  53.190  -13.138  19.231 0.0000000000
114242  54.915  -13.552  21.127 0.0000000000
60131  57.244  -12.290  21.852 0.0000000000
64581  58.977  -6.893  15.030 0.0000000000
61970  59.103  -9.211  15.517 0.0000000000
61950  60.507  -8.812  17.786 0.0000000000
61094  58.115  -11.189  16.744 0.0000000000
34683  30.806  -39.333  42.219 0.0000000000
125103  31.690  -37.100  43.947 0.0000000000
33677  32.494  -40.444  46.992 0.0000000000
32668  17.588  -41.575  49.609 0.0000000000
30918  19.645  -43.588  51.968 0.0000000000
121008  17.518  -41.400  52.264 0.0000000000
58331  51.345  -14.879  22.547 0.0000000000
59223  52.980  -13.085  25.678 0.0000000000
57400  50.775  -14.998  24.919 0.0000000000
59215  49.968  -13.942  27.019 0.0000000000
59191  49.995  -14.402  28.787 0.0000000000
54699  44.773  -18.915  28.589 0.0000000000
55618  46.260  -18.204  29.348 0.0000000000
53721  47.268  -19.252  30.735 0.0000000000
128182  38.443  -30.044  33.267 0.0000000000
41392  41.472  -32.318  45.879 0.0000000000
31750  7.774  -42.648  50.708 0.0000000000
32629  10.351  -41.588  54.015 0.0000000000
31721  7.925  -42.246  54.566 0.0000000000
54715  41.001  -18.067  27.161 0.0000000000
52823  42.412  -20.798  27.559 0.0000000000
52767  43.094  -20.930  30.208 0.0000000000
120306  43.430  -20.947  33.841 0.0000000000
40693  32.686  -33.796  36.255 0.0000000000
38680  35.163  -35.814  40.083 0.0000000000
39592  36.617  -35.064  43.787 0.0000000000
39556  33.151  -35.597  45.077 0.0000000000
40530  34.709  -34.671  46.689 0.0000000000
32682  27.008  -42.045  48.876 0.0000000000
120892  26.672  -44.623  49.397 0.0000000000
32696  25.647  -42.466  48.063 0.0000000000
31784  22.655  -42.584  47.471 0.0000000000
32701  20.257  -42.284  46.940 0.0000000000
34691  18.590  -39.571  42.694 0.0000000000
122065  18.129  -40.762  44.541 0.0000000000
32704  17.902  -41.617  47.391 0.0000000000
33668  15.398  -40.796  47.443 0.0000000000
33669  12.536  -40.536  47.230 0.0000000000
33656  10.382  -41.201  47.992 0.0000000000
40657  28.655  -34.285  37.783 0.0000000000
38702  26.793  -36.072  37.718 0.0000000000
36549  28.468  -37.370  39.866 0.0000000000
33750  28.788  -40.536  42.470 0.0000000000
32722  28.165  -41.521  45.598 0.0000000000
60947  59.169  -9.593  29.091 0.0000000000
61855  53.833  -10.593  28.387 0.0000000000
56544  45.530  -16.886  25.901 0.0000000000
112363  47.253  -15.898  27.634 0.0000000000
58211  49.008  -14.455  31.899 0.0000000000
56475  48.901  -16.824  30.867 0.0000000000
58194  48.574  -14.774  33.454 0.0000000000
125473  38.905  -23.253  30.072 0.0000000000
51807  41.425  -22.009  33.587 0.0000000000
51761  43.447  -21.760  36.526 0.0000000000
42361  38.951  -31.914  35.347 0.0000000000
43190  41.250  -30.171  36.859 0.0000000000
42257  43.532  -31.511  43.450 0.0000000000
44045  44.210  -29.802  40.242 0.0000000000
45104  43.468  -28.027  37.838 0.0000000000
48115  44.256  -25.612  38.554 0.0000000000
50835  44.101  -23.015  39.190 0.0000000000
60191  55.789  -12.058  17.694 0.0000000000
61067  57.972  -12.064  19.602 0.0000000000
61921  59.343  -10.395  22.087 0.0000000000
30929  30.020  -42.484  49.463 0.0000000000
33628  11.612  -41.102  49.848 0.0000000000
127518  12.375  -40.757  51.508 0.0000000000
32646  11.473  -41.312  51.691 0.0000000000
53646  45.226  -20.337  35.212 0.0000000000
117096  46.731  -20.160  35.299 0.0000000000
32633  4.287  -41.503  53.835 0.0000000000
40616  30.047  -34.679  39.078 0.0000000000
129012  30.652  -34.560  39.334 0.0000000000
39618  30.792  -35.429  41.090 0.0000000000
35648  22.568  -38.986  41.371 0.0000000000
34668  22.541  -39.631  43.335 0.0000000000
35649  21.738  -39.139  41.689 0.0000000000
36567  23.023  -37.933  39.184 0.0000000000
35673  22.772  -38.548  40.555 0.0000000000
35624  24.339  -39.038  41.690 0.0000000000
30949  20.714  -43.271  48.756 0.0000000000
30924  20.499  -43.980  50.928 0.0000000000
60119  54.800  -13.108  23.718 0.0000000000
61007  55.863  -11.717  25.016 0.0000000000
60109  54.545  -12.862  24.570 0.0000000000
60044  51.711  -12.336  31.689 0.0000000000
60043  52.359  -11.489  31.240 0.0000000000
56534  42.476  -17.158  27.129 0.0000000000
57375  43.093  -16.887  27.612 0.0000000000
56512  43.430  -17.425  28.576 0.0000000000
46170  39.162  -27.767  32.711 0.0000000000
47177  39.599  -26.343  32.977 0.0000000000
48155  40.071  -25.942  33.705 0.0000000000
47155  40.831  -26.583  34.599 0.0000000000
39590  38.255  -34.459  43.107 0.0000000000
39609  39.447  -34.205  42.215 0.0000000000
40549  40.116  -33.468  43.757 0.0000000000
58329  52.989  -14.344  22.050 0.0000000000
58351  53.319  -14.149  21.164 0.0000000000
124242  54.239  -13.629  23.033 0.0000000000
60133  55.635  -13.000  22.512 0.0000000000
63716  57.551  -8.324  15.918 0.0000000000
116275  57.566  -9.221  15.938 0.0000000000
61965  58.444  -10.603  16.222 0.0000000000
61967  56.693  -10.623  16.660 0.0000000000
32736  31.114  -41.226  43.912 0.0000000000
33720  32.377  -40.447  44.804 0.0000000000
107089  31.323  -41.575  46.345 0.0000000000
33637  15.929  -40.982  50.005 0.0000000000
32644  17.644  -41.562  51.336 0.0000000000
33623  16.053  -40.952  51.136 0.0000000000
33598  15.141  -40.231  54.299 0.0000000000
33596  16.685  -40.836  54.162 0.0000000000
57429  50.048  -15.243  22.873 0.0000000000
58308  51.471  -14.773  24.401 0.0000000000
57411  50.410  -15.408  23.674 0.0000000000
57390  48.617  -15.819  25.811 0.0000000000
114321  49.305  -15.395  25.751 0.0000000000
58286  48.890  -14.871  26.994 0.0000000000
59200  50.197  -13.887  27.859 0.0000000000
58276  48.809  -15.038  27.217 0.0000000000
129267  44.745  -19.802  29.294 0.0000000000
53735  46.259  -19.279  29.956 0.0000000000
53714  46.036  -19.918  31.007 0.0000000000
58354  50.614  -14.601  21.667 0.0000000000
31744  8.210  -42.883  51.714 0.0000000000
113239  7.219  -43.024  52.376 0.0000000000
129906  40.369  -18.935  26.745 0.0000000000
53769  41.588  -19.585  26.989 0.0000000000
124842  41.141  -20.310  26.696 0.0000000000
120944  41.138  -21.987  28.851 0.0000000000
51878  42.409  -21.323  28.854 0.0000000000
51850  42.469  -21.203  31.004 0.0000000000
52755  43.060  -20.944  31.748 0.0000000000
51835  42.336  -21.274  32.053 0.0000000000
41507  30.795  -33.202  36.006 0.0000000000
39635  32.494  -34.589  41.242 0.0000000000
39671  33.796  -34.873  39.331 0.0000000000
39652  34.026  -35.299  41.100 0.0000000000
38654  35.473  -35.773  41.777 0.0000000000
39613  34.910  -35.521  43.397 0.0000000000
117651  32.709  -37.790  45.983 0.0000000000
37518  32.247  -36.343  44.813 0.0000000000
37481  33.078  -36.404  46.483 0.0000000000
39521  34.775  -34.769  48.818 0.0000000000
40518  36.167  -33.768  48.086 0.0000000000
112216  26.624  -41.841  47.840 0.0000000000
32683  26.382  -42.258  48.446 0.0000000000
113401  25.299  -41.731  46.702 0.0000000000
33706  22.192  -40.845  44.908 0.0000000000
32714  22.613  -41.805  46.352 0.0000000000
32715  21.700  -41.861  46.261 0.0000000000
32700  21.204  -42.279  46.915 0.0000000000
33685  20.453  -41.519  45.588 0.0000000000
35652  19.060  -38.827  41.394 0.0000000000
33744  16.069  -40.484  43.895 0.0000000000
34655  17.019  -40.252  43.575 0.0000000000
33731  17.068  -40.631  44.551 0.0000000000
33688  18.100  -41.413  45.967 0.0000000000
33689  16.557  -40.923  45.634 0.0000000000
33667  16.247  -40.958  47.294 0.0000000000
33691  14.868  -40.656  45.974 0.0000000000
33670  11.539  -40.657  47.234 0.0000000000
41492  28.635  -33.794  36.352 0.0000000000
41493  27.810  -33.430  36.011 0.0000000000
36564  25.615  -37.871  39.088 0.0000000000
36579  26.745  -37.150  38.510 0.0000000000
37594  27.252  -36.410  38.331 0.0000000000
36550  27.753  -37.901  39.815 0.0000000000
35642  28.716  -38.944  41.041 0.0000000000
126312  27.445  -39.406  41.410 0.0000000000
33723  26.371  -40.459  44.603 0.0000000000
33722  27.350  -40.773  44.393 0.0000000000
32724  26.509  -41.269  46.106 0.0000000000
32695  27.206  -41.657  48.152 0.0000000000
111860  25.815  -44.443  49.646 0.0000000000
33583  9.985  -40.907  55.738 0.0000000000
33588  11.430  -40.605  55.168 0.0000000000
61883  58.800  -9.244  25.707 0.0000000000
61874  57.491  -9.521  27.405 0.0000000000
61863  58.710  -8.973  28.283 0.0000000000
62749  58.467  -9.000  29.357 0.0000000000
62740  58.049  -9.230  30.036 0.0000000000
60088  52.350  -12.762  26.617 0.0000000000
60979  53.691  -11.782  26.866 0.0000000000
116490  53.196  -11.364  27.761 0.0000000000
110408  54.803  -9.034  31.180 0.0000000000
58266  46.070  -16.360  28.153 0.0000000000
58278  46.406  -16.140  27.597 0.0000000000
115923  47.357  -16.515  28.997 0.0000000000
109128  48.792  -15.331  29.517 0.0000000000
58213  48.864  -15.679  30.715 0.0000000000
55616  47.946  -18.035  30.390 0.0000000000
55606  47.246  -17.873  30.029 0.0000000000
56485  49.031  -17.084  31.096 0.0000000000
109699  38.332  -23.504  30.156 0.0000000000
49987  40.546  -23.740  35.130 0.0000000000
50923  40.557  -22.686  33.701 0.0000000000
50911  41.480  -22.613  35.010 0.0000000000
51782  42.345  -21.897  34.896 0.0000000000
50890  42.658  -22.499  36.501 0.0000000000
40691  34.618  -34.030  35.994 0.0000000000
40708  36.234  -33.834  35.660 0.0000000000
40628  40.302  -33.574  39.245 0.0000000000
40687  38.765  -33.055  36.571 0.0000000000
41487  40.419  -32.352  37.630 0.0000000000
42343  40.266  -31.231  36.306 0.0000000000
42317  41.491  -31.413  38.187 0.0000000000
41400  42.594  -31.934  44.505 0.0000000000
45070  44.805  -28.766  41.028 0.0000000000
44070  43.605  -29.128  38.706 0.0000000000
45091  44.532  -28.066  39.244 0.0000000000
47134  43.632  -26.821  37.663 0.0000000000
47122  44.990  -26.478  39.797 0.0000000000
60167  54.166  -13.022  19.127 0.0000000000
60181  55.614  -12.500  18.361 0.0000000000
60189  57.193  -12.170  18.088 0.0000000000
60163  57.083  -12.541  19.645 0.0000000000
116738  57.713  -11.498  23.372 0.0000000000
61044  58.100  -11.858  21.583 0.0000000000
61031  58.501  -10.983  23.122 0.0000000000
122574  59.857  -8.929  23.617 0.0000000000
64580  59.999  -6.436  15.098 0.0000000000
61951  60.135  -9.859  18.158 0.0000000000
62846  60.899  -8.653  20.088 0.0000000000
62829  60.605  -8.910  20.965 0.0000000000
32707  29.764  -41.632  47.830 0.0000000000
122903  30.863  -41.468  47.604 0.0000000000
108062  30.436  -41.997  49.698 0.0000000000
115388  13.987  -40.627  49.652 0.0000000000
112133  14.611  -40.646  51.215 0.0000000000
110021  13.865  -40.556  51.156 0.0000000000
33610  13.751  -40.290  52.773 0.0000000000
34595  14.497  -39.965  54.819 0.0000000000
56590  47.370  -16.443  23.904 0.0000000000
56576  46.902  -16.719  24.666 0.0000000000
53704  45.062  -20.395  32.595 0.0000000000
53703  46.229  -20.050  31.826 0.0000000000
112239  46.407  -20.182  33.665 0.0000000000
53666  47.539  -19.979  34.874 0.0000000000
31732  5.629  -42.540  53.308 0.0000000000
32632  4.915  -41.800  53.123 0.0000000000
32608  5.735  -42.634  55.187 0.0000000000
52846  40.539  -20.822  26.442 0.0000000000
50960  40.401  -22.431  28.797 0.0000000000
40677  30.311  -33.629  37.380 0.0000000000
112219  30.437  -33.970  38.730 0.0000000000
40613  31.176  -34.440  40.066 0.0000000000
40584  32.455  -34.920  42.239 0.0000000000
33725  24.681  -40.392  44.973 0.0000000000
33704  24.325  -40.813  45.393 0.0000000000
33726  23.951  -40.347  44.791 0.0000000000
126497  22.034  -40.294  44.308 0.0000000000
122159  21.135  -40.234  44.073 0.0000000000
33713  14.688  -40.659  45.071 0.0000000000
34677  13.437  -40.232  43.690 0.0000000000
36582  24.326  -37.561  38.523 0.0000000000
35670  25.395  -38.560  40.477 0.0000000000
34702  26.656  -39.418  41.811 0.0000000000
34704  25.018  -39.076  41.791 0.0000000000
111036  25.103  -39.461  43.039 0.0000000000
30937  23.112  -44.082  49.136 0.0000000000
61019  56.886  -11.847  23.647 0.0000000000
61005  57.306  -10.633  24.963 0.0000000000
60992  56.753  -10.706  25.569 0.0000000000
60993  56.001  -11.112  25.890 0.0000000000
61875  56.415  -9.955  27.625 0.0000000000
60951  51.938  -11.939  28.512 0.0000000000
60950  52.882  -10.728  29.031 0.0000000000
60930  52.766  -10.886  30.440 0.0000000000
115459  53.023  -10.590  31.423 0.0000000000
56559  43.504  -17.209  26.106 0.0000000000
57382  43.668  -16.753  27.219 0.0000000000
57360  44.346  -16.606  28.104 0.0000000000
58232  45.786  -16.919  28.839 0.0000000000
55601  50.486  -17.041  31.882 0.0000000000
49123  37.926  -24.266  30.873 0.0000000000
50014  38.692  -23.765  31.681 0.0000000000
48163  39.071  -24.551  32.764 0.0000000000
49093  40.219  -24.336  34.771 0.0000000000
49085  41.369  -24.649  36.090 0.0000000000
39668  36.901  -35.454  38.838 0.0000000000
40671  37.459  -34.468  37.523 0.0000000000
39667  38.562  -34.846  39.597 0.0000000000
40611  40.235  -33.991  40.586 0.0000000000
40596  41.318  -33.364  41.099 0.0000000000
110550  51.866  -13.768  20.065 0.0000000000
60169  51.570  -12.574  19.080 0.0000000000
59300  52.426  -13.499  19.688 0.0000000000
59291  54.488  -13.623  20.469 0.0000000000
59290  55.260  -13.325  20.487 0.0000000000
60153  56.055  -12.978  20.497 0.0000000000
60145  55.690  -13.154  21.434 0.0000000000
60117  56.312  -12.535  23.094 0.0000000000
64562  57.538  -7.201  15.835 0.0000000000
63725  59.024  -8.162  15.292 0.0000000000
63724  59.674  -8.303  15.553 0.0000000000
63715  60.899  -7.049  17.142 0.0000000000
62870  59.878  -9.014  15.985 0.0000000000
61958  59.935  -10.065  17.144 0.0000000000
61085  59.503  -10.903  17.621 0.0000000000
36539  30.402  -37.587  41.290 0.0000000000
37540  30.913  -36.126  42.170 0.0000000000
35622  31.808  -38.486  42.894 0.0000000000
35604  32.637  -38.728  44.661 0.0000000000
119688  33.000  -38.636  46.823 0.0000000000
32667  18.371  -41.882  49.323 0.0000000000
110826  19.452  -42.773  50.304 0.0000000000
31748  19.046  -42.379  51.152 0.0000000000
31742  18.854  -42.330  52.106 0.0000000000
33617  16.276  -40.905  52.170 0.0000000000
32626  17.494  -41.401  53.655 0.0000000000
59252  52.821  -14.099  23.577 0.0000000000
59251  53.345  -13.684  24.259 0.0000000000
58307  52.146  -14.431  24.063 0.0000000000
59225  51.701  -13.776  25.867 0.0000000000
129158  51.273  -13.489  26.432 0.0000000000
57389  49.986  -15.309  25.226 0.0000000000
58284  50.068  -14.134  26.594 0.0000000000
60079  51.063  -12.923  27.445 0.0000000000
60068  51.032  -12.862  27.923 0.0000000000
59189  51.083  -13.228  29.471 0.0000000000
120532  50.689  -13.685  31.303 0.0000000000
54700  43.405  -18.394  28.183 0.0000000000
55634  44.100  -17.426  28.891 0.0000000000
54686  45.141  -18.407  28.858 0.0000000000
54671  46.880  -18.967  30.011 0.0000000000
54661  47.970  -18.893  31.083 0.0000000000
53701  47.783  -19.612  32.343 0.0000000000
53700  48.647  -19.289  32.656 0.0000000000
54651  49.448  -18.854  32.492 0.0000000000
44141  39.511  -28.836  33.607 0.0000000000
41393  40.642  -32.793  45.513 0.0000000000
59303  49.772  -13.173  19.902 0.0000000000
58368  50.857  -14.240  20.892 0.0000000000
58330  52.183  -14.634  22.237 0.0000000000
113218  55.488  -7.215  17.989 0.0000000000
63712  55.602  -7.942  17.855 0.0000000000
32656  9.319  -42.172  50.106 0.0000000000
125476  10.308  -42.130  51.330 0.0000000000
31743  9.135  -42.684  51.622 0.0000000000
32630  9.422  -41.873  54.380 0.0000000000
32616  9.111  -41.330  55.465 0.0000000000
31722  7.010  -42.518  54.499 0.0000000000
56535  41.777  -17.496  26.971 0.0000000000
117226  41.080  -17.779  26.862 0.0000000000
55668  41.723  -17.754  27.399 0.0000000000
54713  42.771  -18.439  27.893 0.0000000000
52798  43.596  -19.960  28.203 0.0000000000
52782  43.701  -20.395  28.891 0.0000000000
51893  41.726  -21.431  27.526 0.0000000000
52783  43.039  -20.894  29.271 0.0000000000
52766  43.901  -20.629  30.470 0.0000000000
52739  44.450  -20.547  32.022 0.0000000000
52711  44.136  -20.493  33.867 0.0000000000
114215  44.423  -20.544  34.823 0.0000000000
40673  34.187  -34.404  36.875 0.0000000000
123464  32.732  -34.068  37.824 0.0000000000
39688  33.873  -34.715  38.405 0.0000000000
39686  35.401  -35.494  38.758 0.0000000000
38665  36.628  -35.799  40.614 0.0000000000
38635  37.025  -35.471  42.010 0.0000000000
40552  37.827  -33.954  44.795 0.0000000000
38619  31.423  -35.722  43.039 0.0000000000
40569  32.320  -35.297  43.224 0.0000000000
40554  33.145  -35.181  44.039 0.0000000000
38538  33.888  -35.479  47.962 0.0000000000
39554  33.840  -35.235  46.280 0.0000000000
39573  34.141  -35.259  44.917 0.0000000000
39551  35.736  -34.655  45.706 0.0000000000
124095  36.840  -33.875  46.445 0.0000000000
40526  38.059  -33.221  46.370 0.0000000000
31759  27.942  -42.971  49.752 0.0000000000
31760  27.314  -43.242  49.640 0.0000000000
31762  26.081  -43.096  49.221 0.0000000000
30945  24.576  -43.341  48.796 0.0000000000
32712  24.409  -41.710  46.561 0.0000000000
31783  23.668  -42.569  47.562 0.0000000000
31774  23.152  -43.061  48.014 0.0000000000
31775  22.165  -43.072  48.003 0.0000000000
31786  20.667  -42.657  47.752 0.0000000000
31776  19.857  -42.702  48.469 0.0000000000
131106  20.478  -39.156  41.646 0.0000000000
35614  19.874  -39.557  42.664 0.0000000000
34652  19.419  -40.240  43.777 0.0000000000
34692  17.678  -39.494  42.357 0.0000000000
34653  18.655  -40.399  44.009 0.0000000000
33709  19.366  -41.190  45.009 0.0000000000
33687  18.899  -41.514  45.747 0.0000000000
32718  18.501  -41.740  46.623 0.0000000000
32685  18.245  -41.800  48.291 0.0000000000
32686  17.332  -41.395  48.140 0.0000000000
108605  15.973  -40.931  48.204 0.0000000000
33653  15.031  -40.754  48.252 0.0000000000
124494  14.309  -40.606  46.366 0.0000000000
110020  13.861  -40.494  47.695 0.0000000000
130609  13.720  -40.510  48.178 0.0000000000
115387  12.725  -40.618  48.736 0.0000000000
33642  11.504  -41.080  49.014 0.0000000000
32688  10.024  -41.629  48.737 0.0000000000
32671  9.418  -41.892  49.281 0.0000000000
123925  7.823  -41.902  49.377 0.0000000000
41491  29.048  -33.517  36.038 0.0000000000
40656  29.361  -34.338  37.914 0.0000000000
39673  28.857  -34.814  38.963 0.0000000000
39690  27.858  -34.803  38.041 0.0000000000
38682  28.512  -35.407  39.170 0.0000000000
37565  29.655  -36.677  40.557 0.0000000000
120750  29.928  -38.206  41.110 0.0000000000
33749  29.542  -40.423  42.408 0.0000000000
32730  29.804  -42.134  44.401 0.0000000000
34664  27.156  -40.102  42.950 0.0000000000
33721  28.130  -41.002  43.843 0.0000000000
32721  28.982  -41.948  46.018 0.0000000000
32708  28.637  -41.560  47.937 0.0000000000
32680  28.051  -41.771  49.368 0.0000000000
33601  11.571  -40.918  53.313 0.0000000000
33587  12.368  -40.213  55.215 0.0000000000
111504  58.826  -9.052  26.559 0.0000000000
60086  54.047  -12.202  26.082 0.0000000000
60978  54.697  -11.528  26.579 0.0000000000
61865  55.738  -9.922  28.248 0.0000000000
127299  53.485  -10.251  29.190 0.0000000000
61845  55.740  -9.452  29.353 0.0000000000
62751  56.863  -8.872  29.887 0.0000000000
56577  45.883  -17.041  24.661 0.0000000000
57392  47.009  -16.265  26.293 0.0000000000
56545  44.818  -16.713  26.555 0.0000000000
57379  46.639  -16.077  26.928 0.0000000000
58277  48.000  -15.606  27.457 0.0000000000
58245  49.071  -15.008  28.679 0.0000000000
58227  49.170  -14.922  30.549 0.0000000000
59162  50.036  -13.791  32.014 0.0000000000
56499  45.329  -17.655  28.891 0.0000000000
56488  46.185  -17.470  29.071 0.0000000000
57324  48.079  -17.104  29.786 0.0000000000
57320  49.266  -15.967  32.356 0.0000000000
112557  48.831  -15.445  32.242 0.0000000000
58206  48.829  -15.854  30.617 0.0000000000
122453  48.641  -14.259  33.141 0.0000000000
59134  49.790  -13.485  33.824 0.0000000000
50974  38.754  -23.201  28.629 0.0000000000
50949  40.211  -22.506  29.839 0.0000000000
50934  39.167  -23.314  32.008 0.0000000000
129772  40.373  -22.450  32.333 0.0000000000
51823  40.975  -22.121  32.023 0.0000000000
51806  42.070  -21.563  33.274 0.0000000000
51781  43.218  -21.410  35.091 0.0000000000
52670  44.069  -21.073  36.149 0.0000000000
113060  37.562  -33.919  36.776 0.0000000000
43218  39.038  -31.148  34.780 0.0000000000
43216  40.395  -30.091  35.507 0.0000000000
44107  40.725  -29.295  35.385 0.0000000000
41410  41.013  -33.051  43.741 0.0000000000
41409  41.872  -32.849  43.185 0.0000000000
42280  43.056  -32.059  41.358 0.0000000000
43124  44.108  -30.978  42.231 0.0000000000
43150  43.185  -31.110  40.102 0.0000000000
43177  42.566  -30.320  38.533 0.0000000000
44083  42.570  -29.132  37.602 0.0000000000
45120  41.829  -28.326  36.245 0.0000000000
47145  42.557  -26.696  36.543 0.0000000000
48135  42.710  -25.818  36.937 0.0000000000
49066  42.491  -24.352  37.329 0.0000000000
48101  45.210  -25.417  40.935 0.0000000000
49049  44.379  -24.250  39.403 0.0000000000
49959  43.320  -23.555  38.182 0.0000000000
51728  43.942  -22.170  38.244 0.0000000000
118055  55.626  -9.734  17.177 0.0000000000
62866  56.000  -10.485  16.889 0.0000000000
61095  57.102  -11.326  16.853 0.0000000000
61087  57.780  -11.763  17.504 0.0000000000
61066  58.897  -11.483  19.121 0.0000000000
60151  57.494  -12.364  20.251 0.0000000000
61051  59.021  -11.072  21.271 0.0000000000
61050  59.716  -10.214  20.608 0.0000000000
62813  60.591  -8.681  21.924 0.0000000000
30931  28.466  -43.470  49.224 0.0000000000
30109  28.869  -43.801  48.626 0.0000000000
32655  10.935  -41.594  50.209 0.0000000000
32654  11.637  -41.193  50.773 0.0000000000
117190  10.915  -41.724  51.073 0.0000000000
52691  45.436  -20.367  36.089 0.0000000000
53645  46.060  -20.256  35.639 0.0000000000
39655  29.928  -35.199  39.911 0.0000000000
39637  30.571  -35.148  40.382 0.0000000000
130192  30.522  -35.718  41.104 0.0000000000
35626  22.372  -39.289  42.109 0.0000000000
31763  19.947  -43.111  49.462 0.0000000000
30939  20.647  -43.633  49.871 0.0000000000
59250  54.079  -13.434  24.023 0.0000000000
60031  51.583  -12.180  32.825 0.0000000000
56523  42.244  -17.413  27.521 0.0000000000
56522  42.772  -17.155  28.059 0.0000000000
55650  43.063  -17.409  28.515 0.0000000000
46158  40.010  -27.933  33.804 0.0000000000
46184  39.324  -27.044  32.634 0.0000000000
118102  40.103  -26.895  33.605 0.0000000000
47167  40.432  -26.495  34.080 0.0000000000
46157  40.536  -27.230  34.206 0.0000000000
40565  38.664  -34.064  43.612 0.0000000000
40564  39.331  -33.809  43.708 0.0000000000
40550  39.600  -33.417  44.451 0.0000000000
59268  53.347  -14.005  22.826 0.0000000000
125714  53.840  -13.956  22.054 0.0000000000
62865  56.860  -8.832  16.497 0.0000000000
62864  57.165  -9.889  16.251 0.0000000000
109590  30.923  -42.488  45.074 0.0000000000
108274  31.281  -41.749  45.321 0.0000000000
107086  30.812  -42.328  45.507 0.0000000000
57430  49.169  -15.285  22.766 0.0000000000
57391  47.794  -16.024  26.151 0.0000000000
58299  48.999  -15.027  26.490 0.0000000000
58287  48.203  -15.443  27.121 0.0000000000
53724  45.139  -19.862  29.815 0.0000000000
53723  45.853  -19.673  30.241 0.0000000000
113596  6.524  -42.808  51.538 0.0000000000
54728  39.678  -18.160  26.417 0.0000000000
53781  39.834  -19.157  26.515 0.0000000000
53780  40.526  -19.724  26.557 0.0000000000
51867  41.600  -21.761  29.467 0.0000000000
51851  41.656  -21.655  30.549 0.0000000000
39634  33.190  -34.920  41.599 0.0000000000
39633  33.960  -35.243  42.024 0.0000000000
38637  34.732  -35.567  42.396 0.0000000000
39614  33.968  -35.228  42.963 0.0000000000
36490  33.096  -37.540  47.138 0.0000000000
37506  32.761  -36.919  46.301 0.0000000000
36479  33.322  -37.008  47.688 0.0000000000
32710  26.129  -41.640  46.751 0.0000000000
32711  25.887  -42.074  47.507 0.0000000000
33680  25.458  -41.381  46.179 0.0000000000
126843  21.563  -41.129  45.146 0.0000000000
33684  21.254  -41.489  45.646 0.0000000000
32716  20.804  -41.912  46.227 0.0000000000
110067  16.123  -40.673  44.823 0.0000000000
33712  15.557  -40.718  45.428 0.0000000000
35686  26.005  -38.240  39.759 0.0000000000
36580  26.040  -37.400  38.458 0.0000000000
36563  26.586  -37.719  39.071 0.0000000000
124960  27.314  -37.664  39.343 0.0000000000
35685  26.919  -38.163  39.782 0.0000000000
35643  27.867  -39.001  40.899 0.0000000000
35644  27.013  -39.093  40.980 0.0000000000
33702  26.004  -40.800  45.396 0.0000000000
30112  24.783  -44.521  49.584 0.0000000000
32603  10.378  -40.935  56.118 0.0000000000
61892  58.941  -9.458  24.681 0.0000000000
61893  58.048  -10.137  24.870 0.0000000000
61864  57.655  -9.037  28.580 0.0000000000
62750  57.635  -8.913  29.631 0.0000000000
60077  52.059  -12.343  27.369 0.0000000000
60980  52.787  -12.037  27.072 0.0000000000
125399  52.460  -11.856  27.705 0.0000000000
120854  46.734  -16.748  28.725 0.0000000000
58248  46.732  -16.454  28.538 0.0000000000
58229  48.133  -16.363  29.613 0.0000000000
54669  48.313  -18.292  30.870 0.0000000000
55604  48.529  -18.033  30.785 0.0000000000
50951  37.756  -23.708  30.019 0.0000000000
49986  41.032  -23.783  35.792 0.0000000000
50905  40.986  -23.245  35.318 0.0000000000
50904  41.493  -23.102  35.815 0.0000000000
50903  42.122  -22.471  35.726 0.0000000000
50891  41.993  -22.963  36.314 0.0000000000
39712  35.604  -34.608  36.678 0.0000000000
40690  35.448  -34.157  36.040 0.0000000000
116432  36.079  -34.317  36.291 0.0000000000
41456  41.234  -32.552  39.070 0.0000000000
41472  40.408  -32.757  38.167 0.0000000000
41471  40.972  -32.231  38.329 0.0000000000
42331  40.862  -31.664  37.548 0.0000000000
42306  41.680  -31.921  38.932 0.0000000000
45058  44.716  -28.734  41.968 0.0000000000
44058  44.649  -28.819  39.992 0.0000000000
125862  44.899  -27.905  39.859 0.0000000000
46097  44.836  -27.260  39.424 0.0000000000
46090  45.063  -27.226  40.233 0.0000000000
60166  55.046  -12.826  18.904 0.0000000000
116887  55.933  -12.784  18.988 0.0000000000
126332  56.598  -12.649  19.082 0.0000000000
60164  56.353  -12.832  19.708 0.0000000000
61902  58.982  -9.904  23.736 0.0000000000
125991  60.704  -6.656  15.668 0.0000000000
64579  60.482  -6.670  15.405 0.0000000000
63714  61.417  -7.392  17.090 0.0000000000
61944  60.332  -9.252  19.303 0.0000000000
117999  60.229  -9.406  20.127 0.0000000000
107097  28.944  -41.449  48.813 0.0000000000
123522  29.582  -41.605  49.525 0.0000000000
119387  13.082  -40.590  49.547 0.0000000000
33626  13.467  -40.598  50.369 0.0000000000
113474  13.092  -40.578  51.040 0.0000000000
33611  12.793  -40.459  52.534 0.0000000000
33620  13.359  -40.483  51.828 0.0000000000
108677  13.188  -40.139  53.470 0.0000000000
33599  14.159  -40.018  53.793 0.0000000000
56591  46.444  -16.563  23.791 0.0000000000
56575  47.754  -16.504  24.717 0.0000000000
53690  45.679  -20.283  33.099 0.0000000000
115660  45.571  -20.275  33.850 0.0000000000
32621  4.419  -42.168  54.607 0.0000000000
41474  29.817  -33.979  37.567 0.0000000000
40654  30.057  -33.822  37.858 0.0000000000
120130  30.147  -34.126  38.473 0.0000000000
40598  31.314  -34.943  40.870 0.0000000000
40614  30.931  -34.702  39.974 0.0000000000
109164  31.426  -34.741  40.661 0.0000000000
117280  32.234  -34.686  41.618 0.0000000000
111967  31.889  -34.824  41.494 0.0000000000
34648  24.504  -39.966  44.359 0.0000000000
34649  23.599  -39.904  44.154 0.0000000000
34690  22.063  -39.508  42.805 0.0000000000
34650  22.693  -39.900  43.949 0.0000000000
124502  21.762  -39.833  43.546 0.0000000000
34669  20.808  -39.862  43.407 0.0000000000
35689  23.366  -38.200  39.865 0.0000000000
36566  23.856  -37.912  39.173 0.0000000000
35688  24.203  -38.171  39.851 0.0000000000
35687  25.078  -38.192  39.807 0.0000000000
35645  25.598  -38.917  41.166 0.0000000000
35646  24.807  -38.804  41.142 0.0000000000
125884  23.654  -39.369  42.824 0.0000000000
110364  24.428  -39.264  42.455 0.0000000000
116692  25.149  -39.748  43.851 0.0000000000
30947  22.607  -43.567  48.592 0.0000000000
30938  22.055  -44.084  49.368 0.0000000000
61006  56.724  -11.422  24.556 0.0000000000
60977  55.678  -10.914  26.616 0.0000000000
60941  51.873  -11.980  29.213 0.0000000000
60940  52.442  -11.217  29.297 0.0000000000
60931  52.089  -11.735  30.056 0.0000000000
56560  42.699  -17.309  26.131 0.0000000000
57383  42.907  -16.990  27.128 0.0000000000
57348  43.961  -16.983  28.669 0.0000000000
127014  43.756  -16.698  27.721 0.0000000000
58251  44.597  -16.823  28.573 0.0000000000
58250  45.067  -16.789  28.670 0.0000000000
48181  38.181  -24.881  31.301 0.0000000000
119978  38.711  -24.754  32.009 0.0000000000
49116  38.448  -24.196  31.546 0.0000000000
48154  40.525  -25.811  34.378 0.0000000000
118818  39.970  -24.961  34.143 0.0000000000
119507  40.570  -25.087  34.888 0.0000000000
49086  40.770  -24.441  35.384 0.0000000000
119269  41.032  -25.158  35.471 0.0000000000
38664  37.389  -35.564  40.525 0.0000000000
39683  37.751  -35.074  39.073 0.0000000000
39651  37.932  -35.266  40.067 0.0000000000
39630  39.888  -34.190  41.389 0.0000000000
40597  40.689  -33.738  41.282 0.0000000000
40610  40.949  -33.530  40.498 0.0000000000
40580  41.235  -33.379  41.842 0.0000000000
58366  52.602  -13.990  20.499 0.0000000000
59280  54.214  -13.847  21.221 0.0000000000
117921  53.741  -13.851  20.518 0.0000000000
60118  55.550  -12.821  23.435 0.0000000000
113855  58.278  -8.854  15.593 0.0000000000
63726  58.247  -7.744  15.458 0.0000000000
61093  59.193  -10.777  16.667 0.0000000000
61086  58.709  -11.356  17.296 0.0000000000
35623  31.236  -38.466  42.244 0.0000000000
36528  30.928  -37.627  41.933 0.0000000000
34682  31.470  -39.154  42.583 0.0000000000
33699  32.572  -40.460  45.872 0.0000000000
34646  32.595  -39.633  44.491 0.0000000000
34633  32.879  -39.634  46.364 0.0000000000
34628  32.843  -39.580  47.704 0.0000000000
123248  18.818  -42.291  50.087 0.0000000000
32651  18.192  -41.874  50.474 0.0000000000
32643  18.460  -41.950  51.533 0.0000000000
32635  18.192  -41.790  52.409 0.0000000000
31735  18.499  -42.335  52.712 0.0000000000
32625  18.009  -41.788  53.135 0.0000000000
33618  15.343  -40.710  51.759 0.0000000000
121840  15.799  -40.715  52.638 0.0000000000
58315  52.032  -14.645  23.180 0.0000000000
129291  51.730  -14.731  23.770 0.0000000000
57399  50.897  -15.181  24.197 0.0000000000
59239  52.010  -14.258  24.968 0.0000000000
58296  51.254  -14.449  25.399 0.0000000000
57402  49.046  -16.022  24.210 0.0000000000
57401  49.807  -15.681  24.347 0.0000000000
58285  49.443  -14.413  26.859 0.0000000000
58298  49.670  -14.766  26.159 0.0000000000
119253  50.388  -13.634  26.905 0.0000000000
111847  50.537  -13.496  27.164 0.0000000000
59205  50.660  -13.376  27.574 0.0000000000
59199  50.734  -13.444  28.463 0.0000000000
59190  50.625  -13.970  29.424 0.0000000000
59175  50.818  -13.805  30.379 0.0000000000
58244  50.149  -14.561  29.974 0.0000000000
120263  44.066  -18.474  28.412 0.0000000000
53722  46.555  -19.492  30.482 0.0000000000
54670  47.625  -18.626  30.487 0.0000000000
53689  47.154  -19.932  32.963 0.0000000000
53702  47.003  -19.849  32.062 0.0000000000
53699  49.281  -19.206  33.140 0.0000000000
54652  48.911  -18.793  32.027 0.0000000000
54650  50.247  -18.544  32.397 0.0000000000
44158  38.341  -29.514  32.795 0.0000000000
45158  38.886  -28.674  32.893 0.0000000000
44142  38.917  -29.516  33.423 0.0000000000
59293  50.267  -13.795  20.281 0.0000000000
58353  51.469  -14.591  21.630 0.0000000000
31749  8.740  -42.573  50.843 0.0000000000
112490  9.640  -42.412  51.070 0.0000000000
31737  8.180  -42.966  52.760 0.0000000000
31729  8.706  -42.612  53.691 0.0000000000
32631  8.659  -41.892  54.722 0.0000000000
31731  6.585  -42.865  53.418 0.0000000000
32619  6.632  -42.222  55.380 0.0000000000
56536  41.363  -17.608  26.481 0.0000000000
53771  40.441  -18.313  26.770 0.0000000000
55669  40.523  -17.818  26.397 0.0000000000
54714  42.199  -18.119  27.824 0.0000000000
111275  41.537  -18.437  27.314 0.0000000000
110061  42.297  -20.114  27.228 0.0000000000
52822  42.925  -20.070  27.626 0.0000000000
51915  40.467  -21.640  26.675 0.0000000000
51914  41.176  -21.191  26.830 0.0000000000
51866  42.399  -21.321  29.887 0.0000000000
115175  43.634  -20.652  29.648 0.0000000000
52754  43.805  -20.709  31.463 0.0000000000
52741  42.953  -21.043  32.581 0.0000000000
52740  43.660  -20.732  32.330 0.0000000000
52727  43.534  -20.792  33.161 0.0000000000
40692  33.678  -33.934  36.102 0.0000000000
40674  33.198  -34.050  36.998 0.0000000000
126653  31.157  -33.875  38.719 0.0000000000
40676  31.224  -33.695  37.333 0.0000000000
129485  32.429  -34.025  38.383 0.0000000000
39669  34.762  -35.476  39.382 0.0000000000
39687  34.568  -35.083  38.607 0.0000000000
127425  35.509  -35.763  39.445 0.0000000000
38679  36.031  -35.930  39.947 0.0000000000
38617  35.980  -35.510  43.212 0.0000000000
38636  36.214  -35.656  42.339 0.0000000000
39612  36.861  -35.288  42.874 0.0000000000
39591  37.476  -34.786  43.405 0.0000000000
39570  37.240  -34.499  44.277 0.0000000000
36519  31.330  -36.866  43.318 0.0000000000
37529  31.212  -36.116  43.057 0.0000000000
37528  31.689  -36.341  43.934 0.0000000000
38573  32.776  -35.854  45.125 0.0000000000
38598  32.166  -35.785  44.151 0.0000000000
39576  32.781  -35.522  44.486 0.0000000000
40555  32.825  -35.302  43.932 0.0000000000
39575  33.294  -35.432  44.748 0.0000000000
40510  35.108  -34.412  48.398 0.0000000000
39532  34.362  -34.818  47.880 0.0000000000
39542  34.205  -34.875  46.939 0.0000000000
39553  34.081  -35.069  45.926 0.0000000000
39552  34.816  -34.912  45.823 0.0000000000
40542  35.370  -34.518  46.389 0.0000000000
40528  36.514  -33.746  47.259 0.0000000000
40540  37.477  -33.762  45.824 0.0000000000
31769  27.254  -42.569  49.617 0.0000000000
31770  26.777  -42.578  49.299 0.0000000000
31771  26.209  -42.674  48.893 0.0000000000
31772  25.311  -42.904  48.623 0.0000000000
125455  23.608  -40.766  45.197 0.0000000000
33682  23.789  -41.256  45.840 0.0000000000
32698  23.119  -42.185  46.946 0.0000000000
31787  19.805  -42.409  47.665 0.0000000000
113108  19.354  -39.325  42.198 0.0000000000
34671  19.338  -39.757  42.998 0.0000000000
34670  20.032  -39.830  43.260 0.0000000000
34705  16.726  -39.569  41.944 0.0000000000
112714  16.940  -39.945  42.754 0.0000000000
34654  17.899  -40.303  43.890 0.0000000000
33730  19.015  -40.759  44.448 0.0000000000
33710  18.530  -41.199  45.148 0.0000000000
124873  17.776  -41.461  46.684 0.0000000000
32703  18.581  -41.942  47.471 0.0000000000
126455  16.669  -41.104  47.857 0.0000000000
109784  14.580  -40.634  47.583 0.0000000000
33734  13.718  -40.521  44.561 0.0000000000
111127  14.061  -40.612  45.646 0.0000000000
33693  12.855  -40.490  46.442 0.0000000000
110267  13.362  -40.485  47.127 0.0000000000
110019  13.155  -40.506  47.976 0.0000000000
33640  13.631  -40.570  48.765 0.0000000000
110264  12.233  -40.702  48.014 0.0000000000
33671  10.753  -40.850  47.483 0.0000000000
33655  11.337  -40.948  48.167 0.0000000000
33643  10.850  -41.307  48.644 0.0000000000
32689  8.916  -41.723  48.568 0.0000000000
32672  8.619  -41.952  49.337 0.0000000000
32690  7.938  -41.648  48.671 0.0000000000
40678  27.922  -34.067  37.009 0.0000000000
41476  28.950  -34.171  37.207 0.0000000000
40636  28.953  -34.624  38.583 0.0000000000
39703  26.761  -34.701  37.005 0.0000000000
39691  27.101  -35.187  37.570 0.0000000000
36561  27.896  -37.202  39.343 0.0000000000
37580  27.885  -36.350  38.967 0.0000000000
37579  28.465  -36.456  39.520 0.0000000000
38681  28.984  -35.684  39.782 0.0000000000
36548  29.138  -37.502  40.332 0.0000000000
36540  29.806  -37.524  40.795 0.0000000000
35666  29.297  -38.282  40.745 0.0000000000
34685  29.101  -40.053  42.070 0.0000000000
34700  28.972  -39.562  41.583 0.0000000000
32737  30.051  -41.512  43.488 0.0000000000
33739  29.294  -41.031  42.931 0.0000000000
34687  26.709  -39.737  42.538 0.0000000000
32732  27.542  -41.158  45.183 0.0000000000
32731  28.175  -41.312  44.584 0.0000000000
111599  28.964  -41.862  44.912 0.0000000000
127680  29.067  -41.809  47.027 0.0000000000
119118  28.131  -41.555  46.854 0.0000000000
32694  27.602  -41.695  48.819 0.0000000000
32681  27.630  -42.174  49.530 0.0000000000
30111  27.346  -44.427  48.874 0.0000000000
30925  19.713  -42.983  51.317 0.0000000000
124381  20.049  -43.589  51.422 0.0000000000
32639  10.529  -41.930  52.840 0.0000000000
32638  11.209  -41.398  52.558 0.0000000000
32628  10.979  -41.404  53.340 0.0000000000
33581  11.749  -40.488  55.966 0.0000000000
33580  12.656  -40.433  56.051 0.0000000000
34597  13.242  -40.057  55.662 0.0000000000
33579  13.515  -40.549  56.114 0.0000000000
61884  57.865  -9.783  25.869 0.0000000000
61873  58.317  -9.234  27.049 0.0000000000
61862  59.375  -9.438  28.231 0.0000000000
124571  53.059  -13.524  24.941 0.0000000000
59237  53.706  -13.105  24.904 0.0000000000
124019  53.669  -12.708  25.671 0.0000000000
108346  54.206  -11.007  27.489 0.0000000000
60963  55.244  -10.648  27.440 0.0000000000
61866  54.834  -10.260  28.307 0.0000000000
61846  55.252  -9.113  30.407 0.0000000000
62742  56.384  -8.902  30.549 0.0000000000
62741  57.310  -9.000  30.397 0.0000000000
55694  44.926  -17.096  24.272 0.0000000000
56557  46.513  -16.736  25.579 0.0000000000
56546  44.007  -16.876  26.671 0.0000000000
57371  46.341  -16.138  27.221 0.0000000000
58288  47.215  -15.898  27.258 0.0000000000
58264  47.742  -15.740  28.011 0.0000000000
58212  48.618  -14.733  31.296 0.0000000000
58226  50.092  -14.353  31.029 0.0000000000
55633  45.090  -18.255  28.920 0.0000000000
56510  44.738  -17.560  28.846 0.0000000000
55619  45.487  -18.130  28.962 0.0000000000
56487  48.007  -17.327  30.259 0.0000000000
109322  47.160  -17.530  29.852 0.0000000000
57330  47.121  -17.451  29.690 0.0000000000
56476  48.393  -16.758  30.314 0.0000000000
57296  48.784  -15.037  33.724 0.0000000000
57308  49.000  -15.404  33.366 0.0000000000
57309  48.614  -15.307  32.983 0.0000000000
57310  49.070  -15.606  31.679 0.0000000000
58195  48.472  -15.082  32.809 0.0000000000
58205  48.627  -14.899  32.233 0.0000000000
59136  48.578  -14.571  33.134 0.0000000000
50962  38.511  -23.354  29.478 0.0000000000
50961  39.430  -22.971  29.363 0.0000000000
50950  39.483  -22.889  30.387 0.0000000000
50009  39.040  -23.707  32.522 0.0000000000
50941  38.864  -23.406  31.343 0.0000000000
50008  39.454  -23.213  32.770 0.0000000000
112857  40.097  -22.741  32.904 0.0000000000
51808  40.833  -22.256  32.865 0.0000000000
51822  41.643  -21.703  32.600 0.0000000000
51762  42.861  -21.875  35.762 0.0000000000
112678  43.499  -21.410  35.770 0.0000000000
52693  43.915  -20.965  35.340 0.0000000000
51739  44.225  -21.275  36.987 0.0000000000
40651  38.042  -34.534  38.227 0.0000000000
110606  38.217  -33.977  37.505 0.0000000000
41504  39.291  -32.379  36.235 0.0000000000
41505  38.479  -32.709  35.779 0.0000000000
41525  38.022  -32.410  34.961 0.0000000000
124708  38.442  -31.709  34.542 0.0000000000
43203  40.632  -30.542  36.204 0.0000000000
43204  40.022  -30.854  35.721 0.0000000000
44108  40.151  -29.562  34.863 0.0000000000
44097  40.954  -29.703  36.066 0.0000000000
108360  41.213  -32.686  44.803 0.0000000000
130822  43.053  -31.880  43.756 0.0000000000
41408  42.547  -32.348  43.542 0.0000000000
41415  42.579  -32.575  42.679 0.0000000000
41428  42.553  -32.623  41.807 0.0000000000
42270  43.177  -32.157  42.208 0.0000000000
43148  44.390  -30.115  41.019 0.0000000000
43135  44.442  -30.251  41.864 0.0000000000
43136  44.051  -30.856  41.381 0.0000000000
42292  43.522  -31.410  40.920 0.0000000000
43149  43.857  -30.618  40.555 0.0000000000
43164  42.866  -30.751  39.282 0.0000000000
43163  43.587  -30.303  39.750 0.0000000000
45093  43.234  -28.723  38.031 0.0000000000
45105  42.861  -28.240  37.336 0.0000000000
45119  42.381  -28.057  36.740 0.0000000000
46132  42.236  -27.480  36.320 0.0000000000
46118  42.768  -27.443  36.897 0.0000000000
47128  44.113  -26.606  38.218 0.0000000000
48123  43.539  -25.929  37.679 0.0000000000
48124  42.966  -25.052  37.485 0.0000000000
49064  43.588  -24.944  38.086 0.0000000000
48093  45.647  -25.065  41.810 0.0000000000
49048  44.677  -23.962  40.011 0.0000000000
49946  43.878  -23.694  38.873 0.0000000000
49056  43.552  -24.207  38.352 0.0000000000
50854  43.730  -22.916  38.577 0.0000000000
49969  43.271  -22.735  37.782 0.0000000000
62859  55.273  -8.859  17.859 0.0000000000
121095  52.241  -12.890  19.106 0.0000000000
60184  52.774  -12.372  18.667 0.0000000000
61089  55.200  -11.492  17.494 0.0000000000
61959  55.354  -10.657  17.181 0.0000000000
61088  56.091  -11.299  17.085 0.0000000000
60190  56.695  -11.927  17.494 0.0000000000
60179  57.214  -12.384  18.858 0.0000000000
61080  57.965  -11.967  18.530 0.0000000000
60144  56.621  -12.742  21.217 0.0000000000
60152  56.837  -12.680  20.382 0.0000000000
60143  57.408  -12.359  20.985 0.0000000000
61043  58.715  -11.171  22.250 0.0000000000
114486  58.929  -11.312  20.150 0.0000000000
61920  59.878  -9.761  21.556 0.0000000000
62797  60.584  -8.595  22.804 0.0000000000
64582  58.055  -6.540  15.248 0.0000000000
65537  57.604  -5.566  14.745 0.0000000000
65536  58.483  -5.799  14.682 0.0000000000
62857  60.754  -7.718  17.466 0.0000000000
30930  29.219  -43.008  49.391 0.0000000000
33627  12.491  -40.757  50.353 0.0000000000
33612  11.928  -40.840  52.457 0.0000000000
53669  44.996  -20.310  34.328 0.0000000000
53668  45.952  -20.258  34.662 0.0000000000
40634  30.271  -34.410  38.803 0.0000000000
40615  30.524  -34.814  39.611 0.0000000000
40599  30.873  -34.981  40.360 0.0000000000
39636  31.045  -35.158  41.080 0.0000000000
34667  23.266  -39.593  43.441 0.0000000000
34689  22.876  -39.431  42.726 0.0000000000
35627  21.659  -39.371  42.280 0.0000000000
35628  20.966  -39.326  42.086 0.0000000000
35672  23.688  -38.494  40.510 0.0000000000
35647  24.009  -38.820  41.135 0.0000000000
125743  23.282  -38.821  41.089 0.0000000000
35625  23.432  -39.178  41.905 0.0000000000
114277  21.273  -43.744  49.366 0.0000000000
30923  21.249  -44.269  50.246 0.0000000000
30102  20.836  -44.725  51.355 0.0000000000
60108  55.337  -12.563  24.327 0.0000000000
60098  55.009  -12.276  25.142 0.0000000000
60054  51.721  -12.410  30.651 0.0000000000
60030  52.280  -11.509  32.417 0.0000000000
57361  43.449  -16.850  28.200 0.0000000000
56511  44.065  -17.336  28.859 0.0000000000
47185  39.044  -26.441  32.308 0.0000000000
48162  39.557  -25.229  33.248 0.0000000000
48146  40.989  -25.863  35.066 0.0000000000
110875  38.174  -34.910  41.748 0.0000000000
39631  38.928  -34.680  41.386 0.0000000000
39610  38.596  -34.564  42.312 0.0000000000
128011  39.812  -33.837  43.000 0.0000000000
40563  40.511  -33.509  43.097 0.0000000000
59267  54.828  -13.557  22.051 0.0000000000
60134  55.027  -13.257  22.952 0.0000000000
61964  59.206  -10.069  15.922 0.0000000000
61971  58.192  -9.882  15.843 0.0000000000
61966  57.570  -10.628  16.377 0.0000000000
33738  30.699  -40.675  43.116 0.0000000000
113263  31.551  -40.348  43.467 0.0000000000
33737  31.825  -40.648  44.145 0.0000000000
108282  31.951  -41.128  45.573 0.0000000000
33700  32.053  -40.982  46.452 0.0000000000
32669  16.836  -41.272  49.761 0.0000000000
32652  17.394  -41.510  50.349 0.0000000000
32653  16.770  -41.255  50.684 0.0000000000
32645  16.870  -41.227  51.698 0.0000000000
33608  15.752  -40.557  53.574 0.0000000000
58317  50.747  -15.161  22.973 0.0000000000
58316  51.247  -15.020  23.508 0.0000000000
128102  50.408  -15.379  24.473 0.0000000000
56555  48.534  -16.261  24.877 0.0000000000
108650  49.270  -15.876  25.058 0.0000000000
59206  50.103  -13.945  27.246 0.0000000000
58275  49.474  -14.451  27.074 0.0000000000
114093  49.457  -14.574  27.715 0.0000000000
53751  45.086  -19.396  29.148 0.0000000000
53736  45.707  -19.342  29.604 0.0000000000
53713  46.796  -19.699  31.237 0.0000000000
53688  47.962  -19.722  33.244 0.0000000000
58332  50.594  -14.935  22.353 0.0000000000
31745  7.300  -42.880  51.367 0.0000000000
31730  7.620  -42.860  53.554 0.0000000000
53770  40.825  -18.854  26.981 0.0000000000
52824  41.796  -20.652  27.049 0.0000000000
51880  41.066  -21.990  28.085 0.0000000000
51879  41.758  -21.678  28.442 0.0000000000
115124  31.641  -33.583  36.412 0.0000000000
39654  32.397  -34.447  40.460 0.0000000000
39672  32.741  -34.390  39.645 0.0000000000
39653  33.256  -34.817  40.503 0.0000000000
38667  34.811  -35.717  40.816 0.0000000000
126393  35.148  -35.798  41.240 0.0000000000
38655  34.683  -35.613  41.552 0.0000000000
129634  35.472  -35.666  42.629 0.0000000000
39593  35.658  -35.298  44.111 0.0000000000
36511  31.935  -36.974  44.634 0.0000000000
36500  32.327  -36.963  45.453 0.0000000000
37507  32.724  -36.417  45.670 0.0000000000
38551  33.078  -36.091  45.959 0.0000000000
39520  35.504  -34.388  49.131 0.0000000000
40529  35.587  -34.215  47.242 0.0000000000
109924  25.026  -42.134  47.269 0.0000000000
117877  23.008  -41.442  45.929 0.0000000000
33683  22.184  -41.399  45.632 0.0000000000
32699  22.160  -42.219  46.894 0.0000000000
32717  19.929  -41.940  46.185 0.0000000000
35630  18.438  -39.128  41.900 0.0000000000
34674  16.323  -40.235  43.119 0.0000000000
33711  17.605  -41.093  45.334 0.0000000000
116025  17.293  -41.227  46.227 0.0000000000
33666  17.112  -41.243  47.172 0.0000000000
127246  16.585  -41.036  46.568 0.0000000000
33690  15.717  -40.826  46.463 0.0000000000
108833  14.833  -40.674  46.814 0.0000000000
122083  10.606  -40.580  46.788 0.0000000000
37595  26.445  -36.775  38.031 0.0000000000
36562  27.313  -37.152  38.866 0.0000000000
35667  28.409  -38.286  40.362 0.0000000000
115882  28.161  -39.519  41.446 0.0000000000
109848  28.417  -39.985  42.042 0.0000000000
33743  25.960  -39.981  43.950 0.0000000000
33742  26.792  -40.286  43.758 0.0000000000
33701  26.808  -40.919  45.326 0.0000000000
32723  27.337  -41.345  46.048 0.0000000000
112950  27.105  -41.543  47.099 0.0000000000
33602  11.157  -41.027  54.179 0.0000000000
33589  10.593  -40.951  55.104 0.0000000000
33582  10.844  -40.631  55.893 0.0000000000
61852  58.596  -9.501  29.704 0.0000000000
60087  53.264  -12.454  26.332 0.0000000000
125305  53.981  -9.559  30.804 0.0000000000
55685  45.054  -17.265  25.094 0.0000000000
57359  45.337  -16.352  27.749 0.0000000000
57373  45.157  -16.377  27.326 0.0000000000
58265  46.898  -16.033  28.072 0.0000000000
58247  47.471  -16.013  28.605 0.0000000000
58246  48.287  -15.560  28.662 0.0000000000
114356  48.074  -15.871  29.301 0.0000000000
58228  48.707  -15.583  30.186 0.0000000000
55617  47.239  -18.194  29.968 0.0000000000
55605  48.001  -17.873  30.336 0.0000000000
56486  48.547  -17.141  30.706 0.0000000000
58184  49.132  -14.447  34.060 0.0000000000
123446  38.019  -23.414  28.950 0.0000000000
110761  38.850  -23.295  30.746 0.0000000000
49993  40.071  -23.677  34.528 0.0000000000
50924  39.802  -23.178  33.469 0.0000000000
50913  40.090  -23.225  34.090 0.0000000000
50912  40.622  -23.046  34.639 0.0000000000
50922  41.150  -22.478  34.264 0.0000000000
51797  41.712  -22.111  34.352 0.0000000000
114726  39.649  -33.896  38.979 0.0000000000
40670  38.914  -33.485  37.318 0.0000000000
40649  39.938  -33.347  38.411 0.0000000000
126180  40.024  -32.510  37.306 0.0000000000
42332  40.143  -31.987  36.835 0.0000000000
42344  39.711  -31.617  35.949 0.0000000000
108710  40.762  -31.091  36.865 0.0000000000
42330  41.334  -30.874  37.503 0.0000000000
42238  42.343  -31.829  45.621 0.0000000000
119132  43.049  -31.292  45.335 0.0000000000
124416  43.303  -31.364  44.319 0.0000000000
44044  44.575  -29.416  40.731 0.0000000000
44059  43.951  -29.477  39.453 0.0000000000
45082  44.165  -28.759  39.155 0.0000000000
45092  43.941  -28.229  38.489 0.0000000000
46107  43.843  -27.424  38.032 0.0000000000
46106  44.422  -27.355  38.673 0.0000000000
47127  44.681  -26.502  38.949 0.0000000000
48114  44.779  -25.705  39.423 0.0000000000
60182  54.926  -12.213  18.056 0.0000000000
60180  56.419  -12.422  18.315 0.0000000000
61032  57.908  -11.739  22.491 0.0000000000
61911  59.213  -10.205  22.887 0.0000000000
64598  59.374  -5.843  14.617 0.0000000000
65534  60.873  -6.157  14.731 0.0000000000
130393  60.650  -8.547  18.703 0.0000000000
62845  61.410  -8.559  19.858 0.0000000000
111153  29.797  -42.183  46.356 0.0000000000
108134  30.496  -41.938  46.404 0.0000000000
122745  30.473  -41.442  48.889 0.0000000000
33624  15.188  -40.790  50.706 0.0000000000
33625  14.331  -40.660  50.470 0.0000000000
33619  14.389  -40.495  52.049 0.0000000000
33609  14.725  -40.322  53.161 0.0000000000
34593  14.590  -40.238  55.622 0.0000000000
57414  47.813  -15.891  23.311 0.0000000000
130161  48.027  -16.298  25.410 0.0000000000
52738  45.372  -20.344  31.652 0.0000000000
131358  45.758  -20.292  32.366 0.0000000000
110182  46.385  -20.133  32.660 0.0000000000
53667  46.785  -20.132  34.495 0.0000000000
31746  5.844  -42.541  51.682 0.0000000000
31739  5.403  -42.312  52.303 0.0000000000
32620  5.076  -42.059  54.242 0.0000000000
31711  6.109  -42.738  55.851 0.0000000000
50972  40.381  -22.341  27.766 0.0000000000
51868  40.840  -22.150  29.440 0.0000000000
40653  30.737  -33.787  38.086 0.0000000000
40633  30.745  -34.194  39.056 0.0000000000
40632  31.089  -34.088  39.365 0.0000000000
40612  31.825  -34.277  39.943 0.0000000000
110219  31.859  -34.513  40.860 0.0000000000
40583  32.602  -34.781  42.061 0.0000000000
40567  32.844  -34.938  42.866 0.0000000000
33703  25.205  -40.860  45.530 0.0000000000
33727  23.005  -40.388  44.676 0.0000000000
126612  21.385  -40.696  44.640 0.0000000000
33728  20.607  -40.660  44.508 0.0000000000
34675  15.545  -40.257  43.023 0.0000000000
121696  15.056  -40.468  43.697 0.0000000000
33733  14.587  -40.583  44.293 0.0000000000
36581  25.176  -37.517  38.491 0.0000000000
126686  26.280  -39.081  41.250 0.0000000000
34703  25.767  -39.221  41.837 0.0000000000
34688  25.922  -39.503  42.610 0.0000000000
109690  25.233  -39.301  42.355 0.0000000000
108690  25.689  -39.680  43.354 0.0000000000
33724  25.404  -40.254  44.702 0.0000000000
108535  57.476  -11.095  24.207 0.0000000000
60976  56.563  -10.366  26.548 0.0000000000
60964  52.522  -11.409  28.388 0.0000000000
61836  53.525  -10.062  31.062 0.0000000000
123912  43.132  -17.427  25.451 0.0000000000
57374  44.463  -16.538  27.510 0.0000000000
58267  45.233  -16.567  28.327 0.0000000000
58249  45.992  -16.740  28.620 0.0000000000
58231  46.464  -17.098  28.900 0.0000000000
55602  49.876  -17.611  31.585 0.0000000000
50023  37.797  -23.890  30.446 0.0000000000
50015  38.257  -23.904  31.083 0.0000000000
49115  38.794  -24.092  32.284 0.0000000000
124054  39.025  -24.007  32.924 0.0000000000
49102  39.411  -24.272  33.538 0.0000000000
49094  39.795  -24.168  34.226 0.0000000000
49076  41.957  -24.464  36.798 0.0000000000
39685  36.215  -35.291  38.226 0.0000000000
39698  36.671  -34.806  37.526 0.0000000000
39684  37.179  -34.950  38.228 0.0000000000
40650  38.531  -34.614  38.859 0.0000000000
40630  39.146  -34.388  39.225 0.0000000000
39650  38.701  -34.881  40.436 0.0000000000
39666  39.181  -34.618  39.919 0.0000000000
40629  39.812  -34.136  39.776 0.0000000000
110359  40.516  -33.735  39.932 0.0000000000
41457  41.052  -33.150  39.652 0.0000000000
40609  41.695  -32.951  40.482 0.0000000000
59301  51.516  -13.273  19.498 0.0000000000
116657  53.194  -13.714  20.018 0.0000000000
128643  53.223  -13.957  20.539 0.0000000000
59299  53.940  -13.530  19.810 0.0000000000
59298  54.756  -13.279  19.739 0.0000000000
60132  56.442  -12.696  22.149 0.0000000000
61033  57.069  -12.129  22.750 0.0000000000
65516  57.353  -6.125  15.641 0.0000000000
113880  59.841  -7.243  15.316 0.0000000000
62869  60.431  -7.289  16.100 0.0000000000
62863  60.473  -7.993  16.620 0.0000000000
61957  60.242  -9.073  16.783 0.0000000000
128951  59.702  -9.942  16.400 0.0000000000
61078  59.645  -10.776  18.627 0.0000000000
114711  30.209  -36.728  41.083 0.0000000000
116170  30.549  -36.101  41.444 0.0000000000
37554  30.686  -36.764  41.707 0.0000000000
36527  31.431  -37.631  42.653 0.0000000000
118720  31.828  -37.737  43.407 0.0000000000
34661  32.426  -39.280  43.963 0.0000000000
35611  32.245  -38.576  43.677 0.0000000000
35605  32.154  -37.795  44.208 0.0000000000
128360  32.639  -38.295  45.331 0.0000000000
33678  31.713  -41.031  47.565 0.0000000000
122432  32.236  -40.394  48.072 0.0000000000
33665  31.805  -40.833  48.820 0.0000000000
33664  32.485  -40.115  48.662 0.0000000000
35675  21.155  -38.582  40.590 0.0000000000
31741  19.346  -42.793  51.883 0.0000000000
31734  19.061  -42.966  52.327 0.0000000000
32637  17.103  -41.044  52.718 0.0000000000
33607  16.534  -40.810  53.196 0.0000000000
33595  17.246  -40.866  53.532 0.0000000000
32636  17.739  -41.304  52.856 0.0000000000
59238  52.659  -13.950  24.523 0.0000000000
109379  52.480  -13.691  25.343 0.0000000000
59224  52.235  -13.292  25.991 0.0000000000
59213  51.637  -13.211  26.518 0.0000000000
60089  51.524  -12.795  27.126 0.0000000000
57412  49.535  -15.623  23.519 0.0000000000
58297  50.438  -14.606  25.781 0.0000000000
59226  50.870  -13.899  26.324 0.0000000000
59214  50.942  -13.239  26.883 0.0000000000
60078  51.564  -12.540  27.584 0.0000000000
60067  51.468  -12.475  27.932 0.0000000000
60061  51.383  -12.581  28.675 0.0000000000
125953  51.313  -13.054  30.258 0.0000000000
59174  51.256  -13.136  31.063 0.0000000000
54701  42.798  -17.733  28.314 0.0000000000
55649  43.505  -17.641  28.689 0.0000000000
55648  44.428  -18.093  28.698 0.0000000000
55632  45.788  -18.250  29.169 0.0000000000
54685  45.518  -18.884  29.076 0.0000000000
54684  46.164  -18.905  29.531 0.0000000000
55631  46.506  -18.454  29.602 0.0000000000
54660  48.668  -18.525  31.446 0.0000000000
53712  47.544  -19.465  31.499 0.0000000000
53711  48.272  -19.134  31.804 0.0000000000
54659  49.543  -18.294  31.831 0.0000000000
116685  38.655  -28.053  32.201 0.0000000000
45157  39.474  -28.140  33.212 0.0000000000
41394  39.277  -32.979  45.821 0.0000000000
41403  39.841  -33.023  45.235 0.0000000000
112156  40.791  -32.635  46.353 0.0000000000
59302  50.604  -13.276  19.672 0.0000000000
59292  51.113  -13.822  20.088 0.0000000000
58367  51.723  -14.175  20.736 0.0000000000
59269  52.683  -14.385  22.753 0.0000000000
62858  56.036  -8.825  17.191 0.0000000000
109539  10.242  -42.024  50.571 0.0000000000
32648  9.925  -42.438  52.068 0.0000000000
32640  9.722  -42.371  53.261 0.0000000000
31736  9.033  -42.802  52.526 0.0000000000
32615  9.854  -41.199  55.028 0.0000000000
31738  6.163  -42.819  52.407 0.0000000000
32617  8.183  -41.651  55.443 0.0000000000
32605  8.421  -41.432  56.020 0.0000000000
130818  8.980  -41.453  56.162 0.0000000000
56549  41.777  -17.461  26.474 0.0000000000
53753  44.001  -19.172  28.219 0.0000000000
53768  42.420  -19.139  27.406 0.0000000000
53767  43.274  -19.245  27.803 0.0000000000
53752  44.355  -19.706  28.780 0.0000000000
111243  44.362  -20.255  29.550 0.0000000000
126430  44.697  -20.341  30.292 0.0000000000
51892  42.327  -21.261  28.047 0.0000000000
52799  42.964  -20.709  28.277 0.0000000000
52753  44.591  -20.510  31.092 0.0000000000
52726  44.249  -20.482  32.929 0.0000000000
52692  44.629  -20.602  35.694 0.0000000000
113433  34.205  -33.700  35.137 0.0000000000
39700  35.024  -34.772  37.191 0.0000000000
40694  30.765  -33.490  36.776 0.0000000000
40675  32.227  -33.845  37.148 0.0000000000
39689  33.047  -34.324  38.614 0.0000000000
110441  34.409  -34.780  37.784 0.0000000000
111163  35.252  -35.056  38.001 0.0000000000
38691  36.192  -35.714  39.128 0.0000000000
38678  37.003  -35.665  39.723 0.0000000000
38652  37.209  -35.570  41.219 0.0000000000
38653  36.383  -35.764  41.470 0.0000000000
114018  37.640  -35.253  41.681 0.0000000000
39611  37.720  -34.962  42.444 0.0000000000
40566  38.018  -34.204  43.900 0.0000000000
40551  38.738  -33.772  44.433 0.0000000000
38639  30.913  -35.739  41.696 0.0000000000
39617  31.279  -35.441  41.898 0.0000000000
39616  31.784  -35.321  42.555 0.0000000000
38618  31.600  -35.862  43.523 0.0000000000
39596  31.846  -35.532  43.323 0.0000000000
40585  32.164  -35.086  42.395 0.0000000000
40568  32.786  -35.113  43.158 0.0000000000
126579  33.049  -35.022  43.524 0.0000000000
38550  33.373  -35.857  46.729 0.0000000000
111310  33.646  -35.451  46.491 0.0000000000
39543  33.924  -35.137  47.123 0.0000000000
39555  33.564  -35.487  45.627 0.0000000000
119825  33.735  -35.374  45.448 0.0000000000
120740  33.357  -35.143  44.098 0.0000000000
39594  33.976  -35.202  43.879 0.0000000000
127924  34.754  -35.350  44.307 0.0000000000
39572  35.234  -35.176  45.014 0.0000000000
39571  36.337  -34.775  44.814 0.0000000000
109330  36.120  -34.201  46.447 0.0000000000
40541  36.609  -34.244  45.686 0.0000000000
40553  37.087  -34.196  45.035 0.0000000000
40539  38.465  -33.405  45.513 0.0000000000
30933  27.166  -43.845  49.346 0.0000000000
31761  26.702  -43.122  49.497 0.0000000000
30934  26.411  -43.731  49.485 0.0000000000
30935  25.365  -43.596  49.298 0.0000000000
33681  24.742  -41.291  46.026 0.0000000000
32713  23.503  -41.750  46.453 0.0000000000
32697  24.083  -42.146  47.084 0.0000000000
31782  24.701  -42.560  47.763 0.0000000000
31773  24.214  -42.994  48.192 0.0000000000
30946  23.630  -43.491  48.625 0.0000000000
31785  21.683  -42.615  47.503 0.0000000000
113972  21.339  -43.026  48.112 0.0000000000
35650  21.095  -39.005  41.358 0.0000000000
35629  20.157  -39.356  42.142 0.0000000000
35613  20.496  -39.568  42.725 0.0000000000
34651  20.302  -40.249  43.914 0.0000000000
34673  17.813  -39.894  43.146 0.0000000000
34672  18.656  -40.026  43.418 0.0000000000
33729  19.824  -40.678  44.434 0.0000000000
33708  20.142  -41.127  44.990 0.0000000000
33686  19.660  -41.527  45.580 0.0000000000
125485  19.205  -41.814  46.167 0.0000000000
32702  19.285  -42.164  46.996 0.0000000000
32684  19.097  -42.181  48.129 0.0000000000
128353  18.744  -42.006  48.746 0.0000000000
118328  17.724  -41.571  48.863 0.0000000000
32687  17.070  -41.327  48.973 0.0000000000
33652  16.669  -41.145  48.447 0.0000000000
120432  16.313  -41.090  49.064 0.0000000000
33638  15.450  -40.864  49.043 0.0000000000
33639  14.540  -40.699  48.962 0.0000000000
33692  13.640  -40.550  46.359 0.0000000000
109212  14.104  -40.544  47.000 0.0000000000
33654  14.231  -40.581  48.247 0.0000000000
116288  12.014  -40.819  48.673 0.0000000000
33629  10.879  -41.473  49.347 0.0000000000
32657  8.269  -42.269  50.019 0.0000000000
32673  7.153  -41.555  49.035 0.0000000000
32658  7.209  -42.069  49.899 0.0000000000
41490  29.714  -33.557  36.781 0.0000000000
130999  29.126  -34.104  36.882 0.0000000000
41475  29.543  -34.139  37.363 0.0000000000
40635  29.701  -34.565  38.610 0.0000000000
39656  29.537  -34.734  39.131 0.0000000000
38669  29.546  -35.214  39.880 0.0000000000
39702  27.673  -34.349  37.363 0.0000000000
38693  27.378  -35.596  38.039 0.0000000000
39674  28.563  -34.702  38.536 0.0000000000
120384  29.545  -35.847  40.310 0.0000000000
35640  30.460  -38.571  41.638 0.0000000000
35641  29.558  -38.878  41.325 0.0000000000
34684  29.827  -39.585  41.952 0.0000000000
33748  30.356  -40.168  42.479 0.0000000000
32729  30.584  -41.986  44.414 0.0000000000
31799  30.548  -42.531  45.072 0.0000000000
34701  27.502  -39.803  42.106 0.0000000000
34686  27.986  -40.344  42.656 0.0000000000
33741  27.639  -40.571  43.439 0.0000000000
33740  28.476  -40.863  43.146 0.0000000000
32738  28.981  -41.524  43.782 0.0000000000
107091  29.797  -42.372  45.374 0.0000000000
32709  27.797  -41.527  47.961 0.0000000000
32693  28.252  -41.519  48.780 0.0000000000
32666  28.433  -42.200  49.809 0.0000000000
30940  20.088  -43.321  50.606 0.0000000000
32647  10.742  -41.862  51.910 0.0000000000
108422  11.918  -40.530  54.227 0.0000000000
33600  12.709  -40.112  54.238 0.0000000000
126973  13.120  -39.951  54.944 0.0000000000
34596  13.862  -39.904  55.285 0.0000000000
60099  54.295  -12.583  25.368 0.0000000000
60994  54.666  -12.068  25.781 0.0000000000
129505  53.113  -10.858  28.550 0.0000000000
61847  54.162  -9.634  30.120 0.0000000000
61854  54.494  -9.855  29.267 0.0000000000
56592  45.495  -16.627  23.652 0.0000000000
56556  47.348  -16.493  25.476 0.0000000000
56558  44.431  -17.157  25.805 0.0000000000
57380  45.622  -16.350  26.908 0.0000000000
127806  46.261  -16.451  26.385 0.0000000000
111272  47.526  -15.801  26.866 0.0000000000
58263  48.560  -15.263  27.907 0.0000000000
125151  49.435  -14.896  29.509 0.0000000000
55635  43.558  -17.424  28.733 0.0000000000
56500  44.694  -17.512  28.731 0.0000000000
56498  46.267  -17.701  29.283 0.0000000000
57338  45.354  -17.034  28.762 0.0000000000
58216  46.067  -16.960  29.124 0.0000000000
58215  47.118  -17.008  29.016 0.0000000000
56484  49.670  -17.046  31.450 0.0000000000
130795  49.554  -16.657  31.674 0.0000000000
56474  49.052  -16.420  31.382 0.0000000000
57307  49.764  -15.880  33.139 0.0000000000
57322  48.914  -16.177  31.069 0.0000000000
58214  48.175  -16.678  29.674 0.0000000000
58204  48.675  -14.730  32.153 0.0000000000
59150  48.608  -14.287  32.842 0.0000000000
59124  48.751  -14.339  33.524 0.0000000000
59135  48.806  -14.066  33.429 0.0000000000
115849  49.230  -13.812  32.852 0.0000000000
59149  50.144  -13.304  32.898 0.0000000000
60032  50.786  -12.749  33.422 0.0000000000
50973  39.626  -22.779  28.239 0.0000000000
50942  38.362  -23.638  30.803 0.0000000000
50933  39.760  -22.809  32.188 0.0000000000
50940  39.455  -22.911  31.332 0.0000000000
50939  40.196  -22.460  30.773 0.0000000000
51837  40.943  -22.059  31.134 0.0000000000
51836  41.652  -21.629  31.565 0.0000000000
51821  42.345  -21.336  32.785 0.0000000000
52728  42.791  -21.243  33.410 0.0000000000
51796  42.218  -21.689  33.967 0.0000000000
51795  42.952  -21.348  34.286 0.0000000000
52712  43.683  -20.926  34.533 0.0000000000
40672  36.951  -34.393  37.015 0.0000000000
40689  36.730  -34.110  36.418 0.0000000000
113978  38.325  -33.582  36.848 0.0000000000
41506  37.682  -32.997  35.497 0.0000000000
43247  38.793  -30.263  33.791 0.0000000000
42360  39.513  -31.229  35.325 0.0000000000
43217  39.710  -30.476  34.932 0.0000000000
43229  39.495  -29.740  34.161 0.0000000000
44123  40.044  -28.842  34.328 0.0000000000
45134  40.959  -28.534  35.251 0.0000000000
41402  40.396  -33.056  44.568 0.0000000000
41401  41.872  -32.553  44.124 0.0000000000
41417  41.161  -33.274  42.728 0.0000000000
41416  41.906  -33.000  42.277 0.0000000000
41441  42.413  -32.516  40.953 0.0000000000
131321  42.247  -32.325  40.227 0.0000000000
43123  44.294  -30.283  42.740 0.0000000000
115684  43.951  -30.961  43.068 0.0000000000
42269  43.673  -31.611  42.623 0.0000000000
42279  43.687  -31.583  41.767 0.0000000000
42293  42.833  -31.874  40.513 0.0000000000
42305  42.412  -31.677  39.620 0.0000000000
43165  42.136  -31.108  38.783 0.0000000000
43178  41.912  -30.640  38.069 0.0000000000
125731  41.728  -30.234  37.509 0.0000000000
44060  43.265  -29.935  38.981 0.0000000000
44072  42.240  -29.889  37.890 0.0000000000
44084  41.903  -29.565  37.237 0.0000000000
44096  41.568  -29.245  36.529 0.0000000000
45133  41.422  -28.235  35.627 0.0000000000
46145  41.212  -27.771  35.173 0.0000000000
46133  41.712  -27.569  35.733 0.0000000000
121048  41.391  -26.794  35.240 0.0000000000
116773  42.199  -26.063  36.322 0.0000000000
47135  43.122  -26.690  37.155 0.0000000000
48136  42.015  -25.299  36.513 0.0000000000
49971  42.148  -23.841  37.053 0.0000000000
47117  45.193  -26.390  40.779 0.0000000000
110546  45.041  -25.765  40.185 0.0000000000
116823  45.199  -24.652  41.043 0.0000000000
48107  44.836  -24.837  40.112 0.0000000000
49055  44.023  -24.618  38.730 0.0000000000
49065  43.029  -24.269  37.881 0.0000000000
49970  42.699  -23.534  37.517 0.0000000000
50870  42.776  -22.854  37.181 0.0000000000
50889  43.150  -22.346  37.096 0.0000000000
51740  43.712  -21.938  37.423 0.0000000000
61079  58.820  -11.539  18.098 0.0000000000
61052  58.173  -11.928  20.641 0.0000000000
61910  59.881  -9.328  22.477 0.0000000000
32611  17.641  -41.783  53.500 0.0000000000
32665  28.994  -41.885  49.762 0.0000000000
32728  31.126  -41.750  44.626 0.0000000000
34594  13.977  -40.158  55.889 0.0000000000
34602  13.569  -39.917  54.392 0.0000000000
34640  32.803  -39.645  45.274 0.0000000000
34647  32.227  -39.997  43.967 0.0000000000
34662  31.934  -39.426  43.259 0.0000000000
34663  31.189  -39.887  42.761 0.0000000000
35668  27.405  -38.562  40.349 0.0000000000
36510  32.377  -37.739  45.041 0.0000000000
36520  31.011  -36.767  42.494 0.0000000000
36565  24.715  -37.890  39.144 0.0000000000
37456  33.330  -36.388  47.281 0.0000000000
37566  29.028  -36.589  40.068 0.0000000000
38539  33.593  -35.875  47.619 0.0000000000
38572  33.281  -35.746  45.803 0.0000000000
38638  31.206  -35.754  42.448 0.0000000000
38666  35.656  -35.889  40.840 0.0000000000
38668  30.155  -35.414  40.497 0.0000000000
38692  27.909  -35.483  38.548 0.0000000000
38703  26.285  -35.712  37.109 0.0000000000
39533  33.727  -35.441  47.289 0.0000000000
39574  33.529  -35.331  44.878 0.0000000000
39595  33.270  -34.992  43.374 0.0000000000
39597  31.504  -35.557  42.669 0.0000000000
39649  39.499  -34.497  40.589 0.0000000000
39670  34.295  -35.368  40.188 0.0000000000
39701  33.564  -34.431  37.732 0.0000000000
39711  36.327  -34.577  36.862 0.0000000000
39713  34.952  -34.474  36.512 0.0000000000
40520  34.848  -34.493  47.557 0.0000000000
40582  39.008  -34.131  42.981 0.0000000000
40652  31.787  -33.885  38.081 0.0000000000
40669  39.480  -33.313  37.754 0.0000000000
40688  38.023  -33.332  36.208 0.0000000000
40709  35.216  -33.727  35.258 0.0000000000
41429  41.871  -32.995  41.408 0.0000000000
41473  39.949  -32.837  37.737 0.0000000000
41488  39.530  -32.818  37.086 0.0000000000
42248  41.882  -32.235  44.971 0.0000000000
42258  43.157  -32.089  43.048 0.0000000000
43230  39.128  -30.545  34.343 0.0000000000
44071  42.924  -29.535  38.274 0.0000000000
44122  40.513  -28.874  34.877 0.0000000000
45106  42.150  -28.746  36.975 0.0000000000
45121  41.237  -28.892  35.854 0.0000000000
46117  43.319  -27.454  37.446 0.0000000000
46146  40.937  -27.302  34.754 0.0000000000
46169  39.650  -27.370  33.131 0.0000000000
47146  41.962  -26.728  35.973 0.0000000000
48108  44.494  -24.997  39.206 0.0000000000
48125  42.385  -24.999  37.048 0.0000000000
49945  44.412  -23.464  39.570 0.0000000000
49978  42.270  -23.220  36.882 0.0000000000
49994  39.670  -23.672  33.902 0.0000000000
56477  47.872  -17.313  29.935 0.0000000000
56547  43.154  -17.042  26.761 0.0000000000
57321  49.144  -15.881  31.936 0.0000000000
57323  48.809  -16.559  30.509 0.0000000000
57372  45.774  -16.257  27.369 0.0000000000
59151  48.726  -14.342  32.786 0.0000000000
107092  30.769  -42.676  45.252 0.0000000000
111121  40.676  -32.962  38.797 0.0000000000
112244  40.263  -22.440  31.642 0.0000000000
113857  32.409  -35.462  43.846 0.0000000000
115109  31.679  -41.193  44.685 0.0000000000
116329  43.247  -20.883  30.987 0.0000000000
117465  43.766  -30.830  43.930 0.0000000000
117853  44.965  -28.006  40.607 0.0000000000
119166  29.975  -40.807  42.832 0.0000000000
121594  32.886  -38.808  45.715 0.0000000000
121785  33.140  -36.809  46.970 0.0000000000
125105  28.995  -35.187  39.463 0.0000000000
128031  41.014  -19.630  26.767 0.0000000000
129251  51.018  -14.793  22.037 0.0000000000
129836  30.058  -33.915  37.921 0.0000000000
