#!ascii label  , from subject sub-v1s13x0050005_ses-1 vox2ras=TkReg
977
42172  13.017  -31.316  51.759 0.0000000000
41406  8.876  -32.174  45.273 0.0000000000
115312  5.684  -30.369  58.568 0.0000000000
119133  2.973  -27.263  51.372 0.0000000000
50792  5.857  -21.457  43.518 0.0000000000
43889  10.388  -29.811  56.344 0.0000000000
46981  7.053  -26.463  54.052 0.0000000000
39474  16.367  -35.001  53.530 0.0000000000
39434  12.891  -33.501  55.630 0.0000000000
39428  8.264  -33.136  56.029 0.0000000000
53468  4.115  -19.699  50.176 0.0000000000
48041  4.634  -24.860  47.571 0.0000000000
53508  5.434  -19.002  45.915 0.0000000000
40454  3.593  -33.281  55.047 0.0000000000
42166  4.998  -31.306  53.004 0.0000000000
44866  3.859  -28.142  55.531 0.0000000000
49798  4.241  -23.119  51.628 0.0000000000
130661  3.643  -30.315  48.479 0.0000000000
45044  4.676  -28.775  43.835 0.0000000000
115513  6.420  -26.713  39.558 0.0000000000
52626  4.033  -20.379  39.621 0.0000000000
117534  11.432  -30.284  53.857 0.0000000000
44902  9.794  -28.450  52.809 0.0000000000
41343  15.304  -33.279  52.319 0.0000000000
39462  14.984  -34.496  54.670 0.0000000000
109779  13.624  -32.601  55.008 0.0000000000
128368  12.136  -31.947  56.531 0.0000000000
54497  4.335  -18.995  48.507 0.0000000000
41306  3.880  -31.644  56.732 0.0000000000
43009  3.605  -30.467  55.982 0.0000000000
43875  4.482  -29.360  56.994 0.0000000000
48004  6.493  -25.189  50.788 0.0000000000
47976  5.125  -25.396  53.140 0.0000000000
41294  7.310  -31.802  57.529 0.0000000000
38429  6.268  -34.600  56.077 0.0000000000
39424  5.408  -33.365  56.715 0.0000000000
39441  3.755  -34.641  56.053 0.0000000000
43921  2.378  -29.225  52.085 0.0000000000
42186  3.862  -30.848  50.737 0.0000000000
124637  1.638  -29.023  49.769 0.0000000000
49877  5.448  -22.940  46.157 0.0000000000
46067  4.547  -27.850  46.208 0.0000000000
47096  6.327  -26.484  44.491 0.0000000000
46084  6.055  -27.659  41.628 0.0000000000
49023  7.065  -24.695  41.846 0.0000000000
43872  8.274  -29.481  57.901 0.0000000000
44853  6.823  -28.103  57.241 0.0000000000
45953  8.533  -27.647  55.167 0.0000000000
45986  8.640  -27.133  51.392 0.0000000000
36403  16.998  -36.053  52.469 0.0000000000
36444  15.993  -36.516  50.736 0.0000000000
36405  15.902  -35.870  53.290 0.0000000000
38468  13.153  -35.208  53.721 0.0000000000
39425  11.329  -33.131  56.303 0.0000000000
41291  9.937  -32.024  57.223 0.0000000000
49828  3.534  -22.952  50.633 0.0000000000
127626  3.547  -26.529  49.231 0.0000000000
50705  3.725  -22.624  48.692 0.0000000000
50742  4.471  -21.601  47.056 0.0000000000
115191  4.423  -20.073  44.915 0.0000000000
42180  15.634  -31.872  49.577 0.0000000000
35572  20.446  -36.214  50.123 0.0000000000
37375  22.393  -35.419  52.538 0.0000000000
39494  19.397  -34.794  51.686 0.0000000000
41350  17.642  -33.159  50.599 0.0000000000
39488  2.591  -34.265  52.964 0.0000000000
111119  4.397  -33.357  52.407 0.0000000000
40463  4.269  -32.552  54.438 0.0000000000
43023  3.362  -29.580  54.589 0.0000000000
45976  2.907  -27.733  52.950 0.0000000000
46962  4.717  -26.614  55.523 0.0000000000
47963  4.034  -25.749  53.447 0.0000000000
48912  3.884  -24.427  51.998 0.0000000000
51601  4.073  -21.661  50.942 0.0000000000
40491  6.339  -32.627  50.947 0.0000000000
41364  7.017  -31.923  49.672 0.0000000000
115380  6.592  -31.114  46.977 0.0000000000
44989  3.112  -28.724  47.944 0.0000000000
125324  3.796  -30.239  46.405 0.0000000000
42253  5.637  -31.094  44.535 0.0000000000
113038  5.417  -30.809  42.884 0.0000000000
43175  5.586  -29.720  40.109 0.0000000000
53532  6.597  -19.519  44.005 0.0000000000
53560  4.287  -19.935  42.804 0.0000000000
54569  4.126  -18.920  40.901 0.0000000000
50815  5.002  -21.226  41.136 0.0000000000
117569  5.801  -23.268  39.531 0.0000000000
43046  12.283  -30.791  52.711 0.0000000000
43060  11.840  -30.216  52.206 0.0000000000
130838  12.442  -30.551  51.220 0.0000000000
42162  14.140  -32.341  51.791 0.0000000000
41337  13.984  -32.573  53.384 0.0000000000
42157  13.373  -31.945  52.963 0.0000000000
42152  12.613  -31.463  54.242 0.0000000000
40560  8.917  -33.140  44.744 0.0000000000
42250  8.728  -31.613  44.648 0.0000000000
42118  4.673  -30.888  57.930 0.0000000000
130242  3.997  -29.946  57.237 0.0000000000
43865  4.882  -29.335  57.815 0.0000000000
36472  17.236  -35.679  49.550 0.0000000000
41295  6.507  -31.687  57.738 0.0000000000
127539  6.334  -33.049  56.864 0.0000000000
40421  5.586  -32.407  57.242 0.0000000000
40429  5.003  -32.438  57.068 0.0000000000
44916  2.246  -28.550  51.472 0.0000000000
121572  2.027  -29.081  50.776 0.0000000000
46022  2.153  -28.351  50.260 0.0000000000
50757  5.909  -22.492  45.210 0.0000000000
48989  5.946  -24.864  45.680 0.0000000000
49000  7.055  -23.740  44.168 0.0000000000
48091  7.291  -25.021  43.022 0.0000000000
114600  6.879  -22.872  42.763 0.0000000000
109723  9.084  -29.725  57.572 0.0000000000
43882  8.498  -28.859  57.405 0.0000000000
44871  9.351  -28.449  55.705 0.0000000000
45974  9.135  -27.639  51.933 0.0000000000
116464  8.502  -26.440  50.064 0.0000000000
124297  16.886  -35.451  52.787 0.0000000000
36404  16.407  -36.047  52.831 0.0000000000
37365  16.020  -35.374  53.666 0.0000000000
39447  14.331  -34.212  55.062 0.0000000000
38439  14.648  -34.704  54.753 0.0000000000
119462  13.325  -34.788  54.603 0.0000000000
39435  12.200  -33.333  56.011 0.0000000000
43007  11.379  -30.899  56.237 0.0000000000
42126  10.907  -31.695  56.993 0.0000000000
42990  10.254  -31.012  57.194 0.0000000000
42977  8.668  -30.539  57.786 0.0000000000
51609  3.693  -21.815  50.611 0.0000000000
122263  3.470  -23.103  49.876 0.0000000000
51619  3.499  -21.496  49.647 0.0000000000
54524  4.398  -18.918  46.810 0.0000000000
53497  4.123  -19.625  47.533 0.0000000000
53510  4.274  -19.608  46.577 0.0000000000
51643  4.720  -20.774  45.855 0.0000000000
128036  4.493  -19.400  45.633 0.0000000000
39482  19.529  -35.395  52.055 0.0000000000
39477  2.631  -34.413  53.777 0.0000000000
40464  3.007  -33.746  53.817 0.0000000000
111923  3.530  -33.299  54.663 0.0000000000
43891  3.726  -29.385  55.698 0.0000000000
43010  3.620  -29.852  55.671 0.0000000000
43892  3.534  -28.881  55.080 0.0000000000
44882  2.932  -28.692  53.458 0.0000000000
45955  3.294  -27.784  54.498 0.0000000000
45946  7.154  -27.014  55.631 0.0000000000
45937  5.932  -27.254  56.351 0.0000000000
46970  5.721  -26.232  55.197 0.0000000000
48909  4.723  -24.737  52.398 0.0000000000
47962  4.340  -25.669  53.642 0.0000000000
48899  4.148  -25.097  52.735 0.0000000000
47964  3.790  -25.800  52.963 0.0000000000
48911  3.984  -24.306  52.143 0.0000000000
49790  3.847  -23.668  51.733 0.0000000000
50668  4.346  -22.196  51.224 0.0000000000
37411  14.555  -36.012  50.932 0.0000000000
37427  15.199  -35.613  49.874 0.0000000000
108503  8.828  -33.486  55.384 0.0000000000
38443  7.765  -34.608  54.840 0.0000000000
38433  7.812  -34.150  55.312 0.0000000000
38436  5.407  -35.079  56.088 0.0000000000
37355  5.711  -35.438  55.865 0.0000000000
40438  3.443  -34.217  55.644 0.0000000000
39466  2.655  -34.650  54.432 0.0000000000
41338  5.216  -31.905  53.144 0.0000000000
40484  4.862  -33.458  51.599 0.0000000000
42165  5.611  -31.624  52.350 0.0000000000
42197  3.612  -31.038  49.286 0.0000000000
42195  5.516  -31.196  50.088 0.0000000000
112402  5.646  -31.222  49.255 0.0000000000
42202  6.887  -31.355  48.381 0.0000000000
117032  5.137  -31.109  47.826 0.0000000000
48043  4.024  -25.760  48.559 0.0000000000
108336  3.319  -27.697  48.895 0.0000000000
47060  4.282  -26.210  47.915 0.0000000000
111731  4.874  -28.086  45.293 0.0000000000
108374  3.610  -28.927  46.442 0.0000000000
110250  3.709  -29.583  45.521 0.0000000000
42244  4.633  -30.859  45.872 0.0000000000
43111  4.352  -30.404  44.531 0.0000000000
42265  5.768  -30.992  43.770 0.0000000000
43120  4.545  -30.323  43.495 0.0000000000
46088  6.081  -27.232  40.464 0.0000000000
45079  5.597  -28.636  40.899 0.0000000000
45089  6.352  -27.790  39.707 0.0000000000
53556  7.337  -19.275  42.416 0.0000000000
53546  5.150  -19.526  43.630 0.0000000000
53557  6.504  -19.294  42.265 0.0000000000
54577  3.359  -18.423  39.929 0.0000000000
54570  3.672  -19.120  40.601 0.0000000000
53573  3.930  -19.767  41.299 0.0000000000
120948  4.209  -20.527  40.451 0.0000000000
50828  5.178  -21.883  40.505 0.0000000000
50829  4.850  -21.564  39.945 0.0000000000
127169  10.714  -29.677  54.889 0.0000000000
43901  10.148  -29.029  54.491 0.0000000000
43910  11.017  -29.704  53.320 0.0000000000
40470  15.747  -33.910  52.842 0.0000000000
39475  15.887  -34.653  53.963 0.0000000000
40461  15.143  -33.709  54.023 0.0000000000
41319  14.208  -33.301  55.126 0.0000000000
41320  13.472  -32.981  55.684 0.0000000000
41302  12.373  -32.754  56.256 0.0000000000
42140  13.104  -32.298  55.599 0.0000000000
43006  11.689  -30.842  55.437 0.0000000000
54474  4.859  -18.707  50.445 0.0000000000
53476  3.883  -19.529  49.335 0.0000000000
54484  4.570  -18.813  49.490 0.0000000000
54509  5.756  -18.607  47.916 0.0000000000
128638  7.253  -19.172  46.851 0.0000000000
40447  3.830  -33.133  55.376 0.0000000000
41322  3.962  -32.072  55.662 0.0000000000
42129  3.658  -30.930  56.566 0.0000000000
43883  4.063  -29.719  56.722 0.0000000000
44865  4.160  -28.656  56.029 0.0000000000
47974  6.510  -25.958  52.421 0.0000000000
47975  5.973  -25.764  53.152 0.0000000000
47991  5.637  -25.267  52.298 0.0000000000
48938  5.421  -23.950  51.298 0.0000000000
49812  5.094  -23.164  51.296 0.0000000000
50667  4.767  -21.813  51.159 0.0000000000
40428  8.273  -32.831  56.428 0.0000000000
39440  7.385  -33.757  55.884 0.0000000000
39422  6.822  -33.285  56.633 0.0000000000
38430  5.467  -34.645  56.243 0.0000000000
38431  5.191  -34.717  56.303 0.0000000000
114002  4.464  -35.254  56.131 0.0000000000
39433  4.490  -34.402  56.277 0.0000000000
40437  4.086  -33.744  55.903 0.0000000000
109408  2.857  -30.139  52.179 0.0000000000
43061  4.517  -30.760  51.743 0.0000000000
43063  2.512  -30.023  51.247 0.0000000000
42199  2.588  -30.050  49.868 0.0000000000
42207  3.102  -30.102  49.077 0.0000000000
117038  4.940  -25.025  47.031 0.0000000000
47071  4.529  -26.605  47.272 0.0000000000
48061  5.418  -25.433  46.302 0.0000000000
110352  5.818  -26.914  45.139 0.0000000000
111895  5.721  -27.819  43.809 0.0000000000
45043  5.288  -28.469  43.062 0.0000000000
47103  6.201  -27.492  43.259 0.0000000000
47113  6.350  -26.424  41.073 0.0000000000
48098  6.358  -25.862  40.170 0.0000000000
54589  3.769  -19.396  38.538 0.0000000000
51726  4.632  -20.809  39.160 0.0000000000
124980  4.506  -19.927  38.205 0.0000000000
115867  6.491  -30.250  58.604 0.0000000000
44845  6.085  -28.839  57.844 0.0000000000
124288  7.058  -28.561  57.638 0.0000000000
45935  7.870  -27.532  55.955 0.0000000000
45954  7.872  -27.162  55.019 0.0000000000
44893  9.498  -28.364  54.091 0.0000000000
120207  8.443  -27.273  53.493 0.0000000000
46980  7.703  -26.724  53.326 0.0000000000
47010  7.808  -26.559  51.498 0.0000000000
112176  18.053  -36.430  51.486 0.0000000000
36443  16.656  -36.362  50.343 0.0000000000
36431  16.676  -36.667  51.585 0.0000000000
38452  15.254  -34.906  54.361 0.0000000000
128923  14.355  -35.774  53.360 0.0000000000
37394  13.752  -35.906  52.282 0.0000000000
112497  9.916  -33.513  55.481 0.0000000000
39427  9.326  -32.943  56.213 0.0000000000
40424  11.336  -32.635  56.622 0.0000000000
40415  10.192  -32.352  56.986 0.0000000000
40427  9.041  -32.691  56.522 0.0000000000
119876  8.904  -31.962  57.237 0.0000000000
42114  7.918  -30.626  58.068 0.0000000000
48005  3.543  -25.417  51.078 0.0000000000
110851  3.328  -26.196  50.606 0.0000000000
48951  3.537  -24.748  50.154 0.0000000000
130069  3.576  -24.141  49.599 0.0000000000
49846  3.927  -23.449  48.557 0.0000000000
52531  3.810  -20.384  48.222 0.0000000000
50724  4.139  -22.064  47.927 0.0000000000
49863  4.538  -23.329  47.579 0.0000000000
110930  4.964  -22.362  46.467 0.0000000000
50758  5.275  -21.940  45.620 0.0000000000
51671  5.356  -21.078  44.021 0.0000000000
42170  14.197  -32.074  50.753 0.0000000000
35573  19.904  -36.271  50.209 0.0000000000
37388  23.591  -35.485  52.731 0.0000000000
125170  23.035  -35.061  53.069 0.0000000000
36411  22.898  -36.221  52.012 0.0000000000
122226  21.472  -36.550  51.660 0.0000000000
36429  20.243  -36.584  51.122 0.0000000000
35560  18.852  -36.473  50.899 0.0000000000
38466  17.549  -35.410  52.520 0.0000000000
39484  17.484  -35.102  52.496 0.0000000000
40480  18.132  -33.774  51.114 0.0000000000
40469  16.461  -34.246  52.446 0.0000000000
40482  16.073  -33.601  51.896 0.0000000000
41353  14.861  -32.548  51.063 0.0000000000
40462  4.417  -32.778  53.778 0.0000000000
42159  4.746  -31.567  53.733 0.0000000000
42143  3.729  -31.216  55.712 0.0000000000
43021  3.771  -30.596  54.422 0.0000000000
43036  3.350  -30.148  53.757 0.0000000000
43038  2.628  -29.440  52.801 0.0000000000
44894  2.559  -28.709  52.559 0.0000000000
45987  2.716  -27.687  52.026 0.0000000000
44847  5.438  -28.716  57.331 0.0000000000
128143  5.087  -28.074  56.426 0.0000000000
46956  4.230  -27.176  55.524 0.0000000000
47952  5.066  -25.963  54.898 0.0000000000
47946  4.326  -26.339  54.968 0.0000000000
46964  3.615  -27.201  54.952 0.0000000000
111212  3.524  -26.767  53.832 0.0000000000
46999  3.585  -26.099  52.502 0.0000000000
47011  3.626  -25.555  51.730 0.0000000000
47992  3.671  -24.573  51.314 0.0000000000
50670  3.831  -22.231  51.064 0.0000000000
51608  3.947  -21.225  50.572 0.0000000000
51600  4.632  -21.225  50.907 0.0000000000
52511  4.864  -20.179  50.794 0.0000000000
53462  4.664  -19.533  50.617 0.0000000000
38472  7.694  -35.341  53.752 0.0000000000
38445  6.515  -35.190  55.577 0.0000000000
42184  5.905  -31.308  50.972 0.0000000000
41361  6.694  -32.226  50.337 0.0000000000
42229  7.973  -31.394  46.492 0.0000000000
46021  2.733  -27.866  49.859 0.0000000000
117937  2.229  -28.877  48.938 0.0000000000
43091  3.148  -29.323  48.282 0.0000000000
46058  4.268  -27.602  47.045 0.0000000000
43976  3.356  -29.185  47.031 0.0000000000
109270  4.038  -30.618  47.343 0.0000000000
42231  4.453  -30.870  46.745 0.0000000000
109992  6.063  -31.107  46.178 0.0000000000
127202  7.215  -31.163  45.156 0.0000000000
109184  7.107  -31.150  44.438 0.0000000000
44033  4.748  -29.595  42.203 0.0000000000
42289  5.275  -30.521  41.216 0.0000000000
53507  7.517  -19.370  46.110 0.0000000000
109015  7.981  -19.548  44.639 0.0000000000
53521  6.270  -19.386  44.964 0.0000000000
53533  4.818  -19.588  44.287 0.0000000000
52565  4.522  -20.231  43.670 0.0000000000
51688  5.345  -20.858  42.987 0.0000000000
53571  4.686  -19.251  41.728 0.0000000000
51689  4.735  -20.480  42.327 0.0000000000
50803  5.860  -21.559  42.342 0.0000000000
114381  6.270  -22.940  41.194 0.0000000000
49044  6.085  -24.406  40.149 0.0000000000
48105  6.390  -25.196  39.643 0.0000000000
110125  6.619  -24.936  38.830 0.0000000000
42164  12.869  -31.344  52.438 0.0000000000
43059  12.489  -30.749  51.832 0.0000000000
42163  13.431  -31.851  52.143 0.0000000000
42158  12.753  -31.422  53.301 0.0000000000
40545  8.583  -32.975  45.641 0.0000000000
41405  9.190  -32.222  44.437 0.0000000000
125812  5.030  -30.394  58.302 0.0000000000
42982  4.412  -30.001  57.901 0.0000000000
42981  5.211  -29.762  58.285 0.0000000000
36441  18.290  -36.112  49.858 0.0000000000
36458  17.882  -36.127  49.920 0.0000000000
42116  6.243  -31.037  58.368 0.0000000000
41296  5.815  -31.633  57.821 0.0000000000
42117  5.417  -31.007  58.258 0.0000000000
41297  5.168  -31.640  57.682 0.0000000000
46005  2.344  -28.046  51.067 0.0000000000
50774  6.281  -22.119  44.168 0.0000000000
49889  6.586  -23.097  44.747 0.0000000000
49902  6.831  -22.755  43.749 0.0000000000
127353  7.140  -23.430  43.391 0.0000000000
50791  6.447  -22.010  43.067 0.0000000000
43871  9.818  -29.720  57.024 0.0000000000
43881  9.299  -29.128  57.060 0.0000000000
43890  9.777  -29.057  56.271 0.0000000000
39473  16.787  -35.247  52.919 0.0000000000
38467  16.351  -35.342  53.303 0.0000000000
39448  13.597  -33.829  55.328 0.0000000000
38440  13.816  -34.434  55.049 0.0000000000
127421  13.183  -33.974  55.333 0.0000000000
38441  12.956  -34.340  55.048 0.0000000000
39449  12.391  -33.873  55.559 0.0000000000
43008  10.824  -30.437  56.414 0.0000000000
42998  10.919  -31.020  56.825 0.0000000000
42999  10.348  -30.390  56.934 0.0000000000
42991  9.714  -30.393  57.349 0.0000000000
51614  3.657  -21.120  50.094 0.0000000000
51615  3.520  -21.902  50.259 0.0000000000
52523  3.719  -20.243  49.713 0.0000000000
54523  4.853  -18.767  46.612 0.0000000000
54533  4.538  -18.974  46.098 0.0000000000
53524  4.382  -19.755  45.648 0.0000000000
130767  4.747  -19.235  45.588 0.0000000000
40455  2.937  -33.931  54.500 0.0000000000
44873  3.770  -28.814  55.642 0.0000000000
44874  3.516  -28.288  55.074 0.0000000000
117116  3.275  -28.452  54.376 0.0000000000
46968  7.139  -26.708  54.843 0.0000000000
124844  6.433  -26.590  55.424 0.0000000000
46969  6.380  -26.263  54.695 0.0000000000
48910  4.265  -24.177  52.098 0.0000000000
49789  3.961  -23.607  51.868 0.0000000000
126381  8.753  -33.185  55.844 0.0000000000
39439  7.923  -33.631  55.694 0.0000000000
128075  4.902  -35.340  56.084 0.0000000000
37356  5.018  -35.651  55.993 0.0000000000
40448  3.052  -34.185  55.127 0.0000000000
41346  5.480  -32.226  52.534 0.0000000000
42206  3.384  -30.666  48.764 0.0000000000
42196  4.617  -31.125  49.271 0.0000000000
42205  3.909  -31.016  48.524 0.0000000000
42204  4.866  -31.135  48.490 0.0000000000
42219  3.784  -30.618  48.086 0.0000000000
48042  4.424  -25.233  47.999 0.0000000000
45033  4.415  -28.745  44.909 0.0000000000
45034  3.812  -29.128  45.575 0.0000000000
44006  4.033  -29.414  44.651 0.0000000000
43112  3.764  -29.978  45.053 0.0000000000
43121  4.134  -29.915  44.099 0.0000000000
118856  4.369  -29.415  43.724 0.0000000000
46094  6.252  -27.174  39.763 0.0000000000
45078  6.023  -27.801  40.342 0.0000000000
53555  8.114  -19.188  42.596 0.0000000000
54560  7.716  -18.968  42.065 0.0000000000
53569  6.921  -18.960  41.736 0.0000000000
53595  3.627  -19.670  39.412 0.0000000000
53584  3.406  -19.179  39.967 0.0000000000
113293  3.734  -19.831  40.379 0.0000000000
51716  4.492  -21.002  39.805 0.0000000000
43020  11.258  -30.239  54.734 0.0000000000
43900  10.827  -29.699  54.138 0.0000000000
43932  11.377  -29.688  51.751 0.0000000000
40471  15.143  -33.515  53.236 0.0000000000
40460  15.585  -34.107  53.712 0.0000000000
41330  14.159  -32.896  54.371 0.0000000000
43019  11.920  -30.869  54.509 0.0000000000
113346  12.487  -31.529  55.302 0.0000000000
54483  5.237  -18.468  49.825 0.0000000000
54508  6.817  -18.682  48.196 0.0000000000
124343  7.514  -19.057  47.506 0.0000000000
54521  6.597  -18.842  47.299 0.0000000000
41313  3.767  -31.819  56.053 0.0000000000
42983  4.394  -29.535  57.338 0.0000000000
42994  3.758  -30.237  56.785 0.0000000000
43876  4.339  -29.141  56.556 0.0000000000
47990  6.388  -25.601  51.595 0.0000000000
50678  5.268  -22.410  51.095 0.0000000000
40418  7.704  -32.595  56.903 0.0000000000
39429  7.383  -33.433  56.235 0.0000000000
39423  5.873  -33.242  56.802 0.0000000000
39430  6.059  -33.945  56.475 0.0000000000
39431  5.549  -34.164  56.473 0.0000000000
38432  4.795  -34.859  56.295 0.0000000000
39432  4.831  -34.189  56.596 0.0000000000
120195  4.402  -32.315  56.753 0.0000000000
40430  4.729  -33.327  56.456 0.0000000000
111932  4.090  -32.632  56.138 0.0000000000
43051  2.406  -29.625  51.977 0.0000000000
131115  1.880  -28.996  50.287 0.0000000000
43072  2.155  -29.379  50.291 0.0000000000
43081  1.898  -28.917  49.918 0.0000000000
116419  2.343  -29.039  49.443 0.0000000000
48981  5.317  -24.179  46.500 0.0000000000
48075  6.484  -25.477  44.821 0.0000000000
47083  5.941  -25.997  45.473 0.0000000000
46074  5.519  -27.637  44.745 0.0000000000
47097  6.078  -27.265  44.154 0.0000000000
47102  6.566  -26.863  43.357 0.0000000000
47107  6.830  -26.045  42.257 0.0000000000
48097  6.635  -25.430  40.966 0.0000000000
128647  3.579  -18.550  38.626 0.0000000000
54588  3.958  -18.799  38.060 0.0000000000
53604  4.208  -19.891  38.322 0.0000000000
53603  4.197  -19.495  38.029 0.0000000000
42979  7.313  -30.075  58.397 0.0000000000
110493  6.722  -29.530  58.390 0.0000000000
110095  7.650  -28.908  57.823 0.0000000000
44872  8.694  -28.032  55.902 0.0000000000
44863  8.206  -28.147  56.721 0.0000000000
44892  9.967  -28.740  53.530 0.0000000000
129730  9.445  -28.246  53.399 0.0000000000
112436  9.105  -27.801  52.870 0.0000000000
45975  8.356  -27.072  52.446 0.0000000000
36417  17.232  -36.407  51.951 0.0000000000
36418  16.556  -36.449  52.293 0.0000000000
36419  16.055  -36.374  52.537 0.0000000000
37393  15.335  -36.181  52.741 0.0000000000
40453  15.295  -34.206  54.435 0.0000000000
39461  15.530  -34.765  54.217 0.0000000000
38453  14.031  -35.065  54.493 0.0000000000
37368  14.200  -35.513  53.793 0.0000000000
37380  13.811  -35.702  53.120 0.0000000000
37381  13.063  -35.518  52.643 0.0000000000
38482  11.564  -34.532  52.921 0.0000000000
39437  10.764  -33.514  55.862 0.0000000000
39438  9.672  -33.218  55.873 0.0000000000
39426  10.296  -33.022  56.297 0.0000000000
41312  12.386  -32.456  56.353 0.0000000000
41303  11.891  -32.525  56.551 0.0000000000
41290  10.477  -32.068  57.095 0.0000000000
40426  9.860  -32.664  56.655 0.0000000000
40416  9.489  -32.266  57.029 0.0000000000
40417  8.680  -32.370  56.917 0.0000000000
41292  9.422  -31.719  57.316 0.0000000000
42993  8.682  -30.029  57.849 0.0000000000
42978  8.102  -29.987  58.112 0.0000000000
42115  7.075  -30.755  58.307 0.0000000000
48939  3.566  -24.534  50.794 0.0000000000
129878  3.510  -25.337  50.588 0.0000000000
120322  3.477  -23.713  50.285 0.0000000000
50706  3.476  -22.317  49.632 0.0000000000
49847  3.548  -23.305  49.390 0.0000000000
48964  3.807  -24.088  48.920 0.0000000000
54498  4.028  -19.256  48.668 0.0000000000
118571  3.607  -20.047  49.003 0.0000000000
53485  3.878  -19.629  48.434 0.0000000000
52538  4.287  -20.260  47.104 0.0000000000
51625  4.093  -21.120  47.585 0.0000000000
112503  4.230  -22.963  48.049 0.0000000000
50723  4.583  -22.488  47.276 0.0000000000
50741  4.751  -21.803  46.500 0.0000000000
52549  4.543  -20.340  45.312 0.0000000000
51642  4.991  -21.318  45.773 0.0000000000
52548  4.911  -20.779  45.108 0.0000000000
51654  5.287  -21.181  44.927 0.0000000000
127919  5.047  -20.808  44.446 0.0000000000
42181  14.582  -31.643  49.733 0.0000000000
42193  15.433  -31.314  49.056 0.0000000000
35571  20.926  -36.248  50.188 0.0000000000
36456  20.194  -35.710  49.524 0.0000000000
35580  20.265  -36.117  50.013 0.0000000000
38465  22.876  -34.797  53.170 0.0000000000
37389  22.804  -35.723  52.510 0.0000000000
36412  22.171  -36.434  51.782 0.0000000000
36413  21.931  -36.094  52.139 0.0000000000
36415  19.840  -36.199  51.830 0.0000000000
35559  19.517  -36.473  51.205 0.0000000000
39483  18.398  -35.297  52.229 0.0000000000
38480  18.540  -35.548  52.262 0.0000000000
39495  18.287  -34.669  51.778 0.0000000000
40468  17.312  -34.477  52.058 0.0000000000
40481  17.000  -33.806  51.481 0.0000000000
41351  16.640  -33.192  50.921 0.0000000000
41359  15.668  -32.478  50.311 0.0000000000
41360  14.939  -32.216  50.256 0.0000000000
122216  2.334  -34.817  52.521 0.0000000000
115092  3.814  -33.179  54.096 0.0000000000
40474  3.877  -33.383  53.309 0.0000000000
41339  4.749  -32.167  53.790 0.0000000000
41331  4.442  -31.849  54.467 0.0000000000
42134  3.627  -31.106  56.114 0.0000000000
43022  3.617  -30.355  55.191 0.0000000000
110705  3.311  -29.989  54.384 0.0000000000
43037  3.013  -29.636  53.667 0.0000000000
43024  2.977  -29.219  53.547 0.0000000000
118028  2.809  -28.255  53.126 0.0000000000
44903  2.522  -28.359  52.330 0.0000000000
44854  6.434  -28.502  57.537 0.0000000000
44846  5.650  -28.846  57.657 0.0000000000
45931  6.077  -27.955  56.959 0.0000000000
46954  5.233  -26.987  55.975 0.0000000000
45938  5.629  -27.579  56.407 0.0000000000
45939  5.227  -27.540  56.155 0.0000000000
45940  4.781  -27.625  55.953 0.0000000000
46955  4.744  -27.044  55.780 0.0000000000
47960  5.555  -25.719  53.775 0.0000000000
47961  4.886  -25.629  53.992 0.0000000000
47953  4.549  -25.946  54.541 0.0000000000
120783  4.220  -26.017  54.209 0.0000000000
46963  4.014  -26.711  55.000 0.0000000000
47954  3.986  -26.296  54.327 0.0000000000
46971  3.668  -26.724  54.378 0.0000000000
47955  3.763  -26.300  53.711 0.0000000000
47977  3.784  -25.352  52.234 0.0000000000
130764  3.786  -24.695  51.757 0.0000000000
50669  3.870  -22.328  51.136 0.0000000000
49800  3.720  -23.069  51.251 0.0000000000
51602  3.826  -21.890  50.849 0.0000000000
129059  16.460  -36.668  50.963 0.0000000000
36460  16.093  -35.945  50.045 0.0000000000
38458  7.440  -35.200  54.555 0.0000000000
38428  6.680  -34.194  55.970 0.0000000000
38434  7.041  -34.386  55.697 0.0000000000
38435  6.179  -34.820  55.956 0.0000000000
39489  2.339  -34.999  53.194 0.0000000000
40483  5.739  -33.075  51.398 0.0000000000
110037  5.141  -33.654  50.830 0.0000000000
40492  6.002  -33.359  50.594 0.0000000000
42174  5.478  -31.116  51.680 0.0000000000
42185  5.038  -30.949  50.908 0.0000000000
128912  6.108  -31.364  49.746 0.0000000000
42183  6.406  -31.621  50.209 0.0000000000
130055  6.985  -32.483  49.775 0.0000000000
42194  7.282  -31.772  48.861 0.0000000000
125951  7.043  -31.255  47.665 0.0000000000
42201  7.574  -31.700  47.915 0.0000000000
42215  7.498  -31.332  47.138 0.0000000000
42214  8.046  -31.712  47.123 0.0000000000
47039  3.224  -26.888  49.978 0.0000000000
123288  3.168  -27.479  49.470 0.0000000000
46049  3.489  -28.029  48.237 0.0000000000
46050  2.847  -28.598  48.729 0.0000000000
44990  2.777  -28.956  48.325 0.0000000000
43958  2.579  -28.914  48.927 0.0000000000
116279  2.657  -28.954  48.166 0.0000000000
47085  4.824  -26.956  46.512 0.0000000000
43992  3.560  -29.396  46.255 0.0000000000
43105  3.530  -29.541  46.816 0.0000000000
42233  3.623  -29.819  47.693 0.0000000000
42232  3.843  -30.323  47.015 0.0000000000
125907  4.188  -30.635  46.639 0.0000000000
42243  5.231  -31.029  45.187 0.0000000000
109991  5.099  -31.073  46.089 0.0000000000
109025  5.677  -31.118  45.331 0.0000000000
42242  6.665  -31.107  45.610 0.0000000000
42252  6.312  -31.168  44.812 0.0000000000
123654  6.198  -30.797  41.967 0.0000000000
45055  5.606  -28.351  42.228 0.0000000000
45056  4.828  -29.017  42.853 0.0000000000
45068  5.266  -28.870  41.787 0.0000000000
44055  5.482  -29.241  40.513 0.0000000000
43159  5.040  -29.948  40.777 0.0000000000
43158  5.530  -30.381  40.407 0.0000000000
41453  6.251  -30.823  40.669 0.0000000000
53530  8.484  -19.494  44.106 0.0000000000
53531  7.194  -19.523  44.528 0.0000000000
53522  5.176  -19.367  45.024 0.0000000000
110235  5.613  -19.467  44.242 0.0000000000
53547  4.533  -19.774  43.388 0.0000000000
53548  4.342  -19.981  43.534 0.0000000000
109582  4.776  -20.421  43.107 0.0000000000
54575  4.379  -18.136  40.559 0.0000000000
54574  5.368  -18.115  40.800 0.0000000000
54568  5.075  -18.700  41.127 0.0000000000
53572  4.075  -19.567  41.516 0.0000000000
51703  4.563  -20.634  41.323 0.0000000000
52594  4.150  -20.128  41.850 0.0000000000
50804  5.250  -20.978  41.901 0.0000000000
49918  5.925  -22.153  41.568 0.0000000000
50814  5.454  -21.694  41.394 0.0000000000
49943  5.628  -22.894  40.100 0.0000000000
49931  6.008  -23.467  40.421 0.0000000000
49045  5.967  -24.044  39.729 0.0000000000
50865  5.412  -21.583  38.995 0.0000000000
43034  12.083  -30.861  53.576 0.0000000000
43047  11.653  -30.240  53.016 0.0000000000
43931  11.988  -30.206  51.398 0.0000000000
43942  11.542  -29.591  50.802 0.0000000000
41344  14.546  -32.858  52.709 0.0000000000
41345  13.866  -32.334  52.590 0.0000000000
42151  13.379  -32.119  54.013 0.0000000000
126565  13.121  -31.939  54.867 0.0000000000
42261  9.181  -31.787  44.024 0.0000000000
42262  8.842  -31.433  43.870 0.0000000000
41305  4.444  -31.598  57.343 0.0000000000
42128  3.962  -30.722  57.312 0.0000000000
43874  4.867  -29.050  57.338 0.0000000000
40419  6.804  -32.431  57.203 0.0000000000
40420  6.124  -32.366  57.329 0.0000000000
44904  2.303  -28.789  51.788 0.0000000000
43934  2.258  -29.276  51.447 0.0000000000
44917  2.039  -28.897  50.979 0.0000000000
44930  1.902  -28.779  50.627 0.0000000000
116984  1.690  -28.889  49.826 0.0000000000
49876  6.047  -23.629  45.654 0.0000000000
49001  6.614  -24.299  44.969 0.0000000000
48074  7.023  -24.845  44.112 0.0000000000
48084  6.807  -25.900  43.718 0.0000000000
49012  7.271  -24.204  43.514 0.0000000000
49916  7.239  -23.914  42.691 0.0000000000
110885  6.847  -23.425  41.820 0.0000000000
44862  9.021  -28.554  56.578 0.0000000000
129429  9.058  -28.054  55.239 0.0000000000
130480  9.597  -28.138  52.228 0.0000000000
45985  9.310  -27.582  51.043 0.0000000000
47025  8.334  -26.715  50.807 0.0000000000
37377  16.660  -35.692  52.856 0.0000000000
37378  16.244  -35.631  53.204 0.0000000000
39436  11.678  -33.604  55.890 0.0000000000
42133  11.576  -31.561  56.662 0.0000000000
42125  11.751  -32.106  56.716 0.0000000000
42112  10.004  -31.553  57.299 0.0000000000
42113  9.295  -31.092  57.505 0.0000000000
42127  9.699  -30.875  57.405 0.0000000000
42992  9.185  -30.464  57.608 0.0000000000
50679  3.608  -22.362  50.685 0.0000000000
50691  3.510  -22.458  50.357 0.0000000000
54511  4.320  -18.968  47.617 0.0000000000
54512  4.095  -19.220  47.941 0.0000000000
54525  4.183  -19.164  47.077 0.0000000000
51632  4.499  -20.861  46.656 0.0000000000
126128  4.710  -21.260  46.348 0.0000000000
52543  4.429  -20.237  46.147 0.0000000000
36440  21.600  -36.617  50.706 0.0000000000
38477  22.030  -35.142  52.518 0.0000000000
38479  19.830  -35.647  52.072 0.0000000000
125000  3.827  -29.814  56.177 0.0000000000
43902  3.534  -29.325  55.133 0.0000000000
43903  3.289  -29.007  54.357 0.0000000000
121765  3.061  -28.168  53.822 0.0000000000
45965  3.118  -27.720  53.703 0.0000000000
45930  6.568  -27.565  56.667 0.0000000000
46960  6.452  -27.019  56.097 0.0000000000
46961  5.767  -26.696  55.832 0.0000000000
117557  5.144  -26.414  55.492 0.0000000000
48898  4.445  -25.197  52.993 0.0000000000
48900  3.986  -25.076  52.569 0.0000000000
49799  3.925  -22.953  51.547 0.0000000000
36461  15.315  -36.054  50.465 0.0000000000
108796  14.542  -35.668  50.219 0.0000000000
39453  8.530  -34.000  54.710 0.0000000000
38444  7.207  -34.882  55.204 0.0000000000
39442  3.098  -34.817  55.718 0.0000000000
39454  2.673  -35.085  55.039 0.0000000000
39467  2.438  -35.094  53.840 0.0000000000
40473  4.903  -32.620  53.068 0.0000000000
40472  5.344  -32.831  52.184 0.0000000000
41354  5.952  -32.280  51.786 0.0000000000
128539  3.369  -31.004  49.943 0.0000000000
125691  4.311  -31.062  50.041 0.0000000000
121187  6.577  -31.473  49.294 0.0000000000
42203  5.913  -31.178  48.509 0.0000000000
42216  6.042  -31.114  47.607 0.0000000000
47061  3.788  -26.941  48.429 0.0000000000
46066  5.204  -27.334  45.670 0.0000000000
45021  4.174  -28.571  45.857 0.0000000000
43104  3.647  -29.890  46.111 0.0000000000
109237  4.082  -30.562  46.147 0.0000000000
42256  3.940  -30.337  45.609 0.0000000000
42255  4.460  -30.671  45.279 0.0000000000
109245  5.388  -30.969  44.443 0.0000000000
109695  4.900  -30.863  44.435 0.0000000000
42267  4.925  -30.761  43.657 0.0000000000
112346  4.932  -30.645  42.944 0.0000000000
45067  5.820  -28.059  41.212 0.0000000000
44054  5.919  -28.452  40.246 0.0000000000
44067  6.039  -28.896  39.945 0.0000000000
126593  7.716  -19.421  43.016 0.0000000000
130920  5.911  -19.484  43.508 0.0000000000
53545  6.772  -19.467  43.064 0.0000000000
53558  5.380  -19.437  42.684 0.0000000000
54576  3.604  -18.209  40.289 0.0000000000
52611  4.035  -20.172  41.082 0.0000000000
121774  4.671  -21.112  40.509 0.0000000000
50846  5.383  -22.307  39.650 0.0000000000
112647  10.329  -29.386  55.492 0.0000000000
43911  10.475  -29.261  53.645 0.0000000000
43920  10.494  -29.116  52.838 0.0000000000
43919  11.211  -29.692  52.535 0.0000000000
44914  10.237  -28.684  52.008 0.0000000000
40459  16.127  -34.549  53.320 0.0000000000
41336  14.630  -33.194  53.729 0.0000000000
41329  14.777  -33.563  54.579 0.0000000000
40445  14.684  -33.917  54.962 0.0000000000
40446  13.923  -33.603  55.295 0.0000000000
40436  13.214  -33.257  55.638 0.0000000000
40422  12.626  -33.069  56.044 0.0000000000
41311  12.876  -32.837  56.050 0.0000000000
41321  12.962  -32.606  56.021 0.0000000000
42141  12.581  -31.932  55.879 0.0000000000
42142  12.042  -31.446  56.131 0.0000000000
43888  10.958  -30.158  55.646 0.0000000000
53475  4.240  -19.053  49.943 0.0000000000
54485  4.184  -19.116  49.212 0.0000000000
54496  4.948  -18.681  48.632 0.0000000000
54495  5.950  -18.478  49.007 0.0000000000
130923  4.542  -18.835  48.046 0.0000000000
54510  4.825  -18.703  47.487 0.0000000000
54522  5.623  -18.721  46.923 0.0000000000
116530  6.504  -19.050  46.468 0.0000000000
114390  3.637  -30.426  56.364 0.0000000000
128702  3.709  -30.114  56.175 0.0000000000
43001  3.974  -29.335  56.174 0.0000000000
46998  6.816  -26.261  53.240 0.0000000000
46982  6.248  -26.033  53.932 0.0000000000
48923  5.826  -24.836  51.404 0.0000000000
48924  5.190  -24.489  51.868 0.0000000000
49788  4.626  -23.725  51.793 0.0000000000
113843  4.571  -22.684  51.427 0.0000000000
111836  6.538  -33.952  56.229 0.0000000000
38437  5.024  -35.022  56.190 0.0000000000
126635  4.218  -34.943  56.244 0.0000000000
43049  3.526  -30.338  52.972 0.0000000000
43048  4.473  -30.746  52.701 0.0000000000
43062  3.710  -30.505  52.224 0.0000000000
42176  3.297  -30.493  51.419 0.0000000000
43064  2.241  -29.474  51.027 0.0000000000
43071  2.378  -29.882  50.533 0.0000000000
42187  2.858  -30.516  50.400 0.0000000000
42198  3.029  -30.664  49.492 0.0000000000
48974  4.653  -24.119  47.362 0.0000000000
48050  4.664  -25.630  47.453 0.0000000000
47070  5.033  -26.019  46.833 0.0000000000
47084  5.407  -26.460  46.028 0.0000000000
46075  5.130  -28.236  44.353 0.0000000000
46081  5.366  -28.258  43.564 0.0000000000
46080  5.920  -27.952  42.812 0.0000000000
47108  6.447  -27.200  42.166 0.0000000000
117359  6.118  -27.039  41.048 0.0000000000
47114  6.191  -26.602  40.180 0.0000000000
47120  6.569  -26.168  39.472 0.0000000000
54582  3.389  -18.849  39.304 0.0000000000
52642  4.065  -20.162  38.818 0.0000000000
53619  4.740  -19.647  37.981 0.0000000000
41397  8.535  -32.182  46.106 0.0000000000
42980  5.961  -29.655  58.496 0.0000000000
43863  6.230  -29.169  58.199 0.0000000000
43873  6.809  -28.945  58.005 0.0000000000
44852  7.605  -28.382  57.335 0.0000000000
44864  7.362  -27.804  56.758 0.0000000000
45936  7.079  -27.351  56.268 0.0000000000
44870  9.857  -28.821  55.365 0.0000000000
122030  9.502  -28.421  54.897 0.0000000000
44881  9.023  -27.937  54.573 0.0000000000
45963  8.984  -27.841  53.779 0.0000000000
117796  8.476  -27.431  54.351 0.0000000000
45964  7.834  -26.919  54.179 0.0000000000
46997  7.395  -26.463  52.467 0.0000000000
114153  7.006  -26.161  51.784 0.0000000000
47989  7.053  -25.942  51.001 0.0000000000
47026  7.809  -26.222  50.503 0.0000000000
36430  18.073  -36.514  50.706 0.0000000000
36442  17.467  -36.258  50.003 0.0000000000
108395  17.233  -36.532  50.698 0.0000000000
36432  16.043  -36.767  51.469 0.0000000000
113601  16.186  -36.681  52.029 0.0000000000
36445  15.429  -36.406  51.271 0.0000000000
37402  13.761  -35.837  51.390 0.0000000000
38450  16.068  -35.049  53.891 0.0000000000
38451  15.733  -35.081  54.044 0.0000000000
37366  15.546  -35.320  53.906 0.0000000000
37367  14.848  -35.193  54.241 0.0000000000
37379  14.992  -35.693  53.507 0.0000000000
120462  14.473  -35.991  52.851 0.0000000000
108316  12.344  -35.055  52.892 0.0000000000
39452  9.579  -33.754  54.970 0.0000000000
40423  11.813  -33.087  56.376 0.0000000000
41304  11.204  -32.241  56.831 0.0000000000
40414  10.751  -32.385  56.873 0.0000000000
40425  10.636  -32.693  56.661 0.0000000000
41293  8.202  -31.862  57.352 0.0000000000
111937  8.625  -31.294  57.590 0.0000000000
115329  7.682  -31.253  57.838 0.0000000000
117972  6.933  -31.259  57.979 0.0000000000
47027  3.309  -26.394  51.221 0.0000000000
47028  2.920  -27.326  50.620 0.0000000000
48017  3.429  -25.792  49.994 0.0000000000
119355  3.802  -25.106  49.321 0.0000000000
48029  4.166  -24.733  48.515 0.0000000000
48975  4.393  -24.433  47.954 0.0000000000
118809  3.552  -20.748  49.272 0.0000000000
121220  3.632  -21.530  48.701 0.0000000000
118228  4.312  -23.725  47.988 0.0000000000
49869  4.936  -23.238  46.949 0.0000000000
127499  4.952  -21.839  46.095 0.0000000000
50775  5.691  -21.629  44.582 0.0000000000
42171  13.502  -31.694  51.322 0.0000000000
43058  12.925  -30.968  51.032 0.0000000000
42182  13.648  -31.419  50.407 0.0000000000
43068  13.906  -31.066  49.590 0.0000000000
35574  18.864  -36.353  50.188 0.0000000000
37374  23.553  -34.945  53.289 0.0000000000
36427  21.599  -36.782  51.184 0.0000000000
35564  21.035  -36.563  50.562 0.0000000000
115764  21.287  -36.222  52.008 0.0000000000
35565  20.441  -36.472  50.490 0.0000000000
35566  19.666  -36.466  50.564 0.0000000000
37376  17.549  -35.660  52.431 0.0000000000
39485  16.722  -34.881  52.876 0.0000000000
40478  20.186  -33.855  51.168 0.0000000000
40479  19.138  -33.986  51.054 0.0000000000
41352  15.645  -32.977  51.271 0.0000000000
109309  14.876  -32.805  51.866 0.0000000000
129282  3.030  -33.809  53.111 0.0000000000
43035  4.262  -30.803  53.620 0.0000000000
41332  4.064  -32.238  55.246 0.0000000000
42153  3.964  -31.228  54.980 0.0000000000
130806  4.311  -31.212  54.285 0.0000000000
43050  2.743  -29.888  52.957 0.0000000000
43912  2.576  -29.039  52.738 0.0000000000
43922  2.378  -28.967  52.114 0.0000000000
43864  5.593  -29.139  58.045 0.0000000000
124069  5.285  -28.986  57.670 0.0000000000
114021  5.558  -28.137  56.809 0.0000000000
45932  5.107  -28.541  56.903 0.0000000000
44857  4.708  -28.418  56.351 0.0000000000
45941  4.324  -27.896  55.774 0.0000000000
45947  3.902  -27.570  55.408 0.0000000000
47951  5.635  -25.913  54.474 0.0000000000
112127  4.399  -26.743  55.425 0.0000000000
46972  3.378  -27.199  54.188 0.0000000000
46984  3.303  -27.152  53.486 0.0000000000
46983  3.549  -26.495  53.239 0.0000000000
47000  3.266  -26.986  52.733 0.0000000000
47012  3.316  -26.674  51.938 0.0000000000
111647  3.529  -23.661  50.901 0.0000000000
48925  3.658  -24.020  51.457 0.0000000000
49813  3.575  -22.916  50.848 0.0000000000
52518  3.940  -20.521  50.221 0.0000000000
120399  4.366  -21.005  50.659 0.0000000000
52512  4.303  -20.357  50.468 0.0000000000
53467  4.535  -19.113  50.466 0.0000000000
43070  12.388  -30.273  50.549 0.0000000000
36459  16.953  -35.963  49.840 0.0000000000
36473  16.544  -35.642  49.606 0.0000000000
123285  16.200  -35.328  49.294 0.0000000000
37426  15.766  -35.471  49.540 0.0000000000
37360  6.842  -35.596  54.939 0.0000000000
40493  4.258  -33.803  50.945 0.0000000000
42175  5.164  -31.015  52.342 0.0000000000
125208  5.992  -31.595  51.622 0.0000000000
42173  6.384  -31.893  51.064 0.0000000000
40500  6.651  -32.936  50.200 0.0000000000
109570  6.964  -33.152  49.382 0.0000000000
41372  7.639  -32.172  48.404 0.0000000000
42240  8.344  -31.607  45.721 0.0000000000
44950  1.727  -28.959  49.521 0.0000000000
46035  2.877  -28.171  49.310 0.0000000000
46036  2.201  -28.724  49.496 0.0000000000
43951  1.785  -29.047  49.354 0.0000000000
43088  2.926  -29.424  48.988 0.0000000000
42220  3.481  -29.858  48.416 0.0000000000
47072  4.025  -27.331  47.766 0.0000000000
114121  3.690  -28.241  47.523 0.0000000000
124200  3.923  -28.391  46.744 0.0000000000
45006  3.386  -28.825  47.251 0.0000000000
45007  3.096  -29.022  47.759 0.0000000000
43100  3.354  -29.324  47.561 0.0000000000
42218  4.278  -30.987  47.662 0.0000000000
42217  4.962  -31.038  47.041 0.0000000000
115404  5.669  -31.075  46.752 0.0000000000
42230  7.148  -31.118  46.392 0.0000000000
42241  7.706  -31.206  45.785 0.0000000000
42251  8.022  -31.229  45.020 0.0000000000
42263  8.095  -31.115  44.039 0.0000000000
44022  4.474  -29.770  43.167 0.0000000000
43133  4.634  -30.275  42.567 0.0000000000
42277  5.203  -30.672  42.135 0.0000000000
44042  5.035  -29.449  41.270 0.0000000000
43145  4.776  -30.129  41.627 0.0000000000
127582  5.830  -30.819  42.138 0.0000000000
41437  5.764  -30.823  41.409 0.0000000000
53496  8.044  -19.349  46.849 0.0000000000
109511  6.608  -19.267  45.738 0.0000000000
109788  8.234  -19.518  45.408 0.0000000000
53520  7.323  -19.461  45.233 0.0000000000
110652  4.648  -19.587  45.035 0.0000000000
53523  4.481  -19.790  44.983 0.0000000000
53534  4.489  -19.852  44.275 0.0000000000
51655  4.650  -20.414  44.486 0.0000000000
51672  4.943  -20.640  43.777 0.0000000000
53570  5.831  -19.093  41.729 0.0000000000
53559  4.330  -19.697  42.370 0.0000000000
111051  4.080  -19.872  42.123 0.0000000000
52578  4.316  -20.067  42.783 0.0000000000
49917  6.416  -22.366  42.074 0.0000000000
49932  5.713  -22.467  40.844 0.0000000000
49034  6.586  -24.158  40.804 0.0000000000
48104  6.362  -25.032  40.279 0.0000000000
50847  5.029  -21.537  39.414 0.0000000000
121351  5.557  -22.149  39.193 0.0000000000
49053  6.227  -24.055  39.181 0.0000000000
125917  6.440  -24.818  39.261 0.0000000000
47125  6.605  -25.987  39.078 0.0000000000
42254  4.919  -30.920  45.029 0.0000000000
42266  5.448  -30.886  43.680 0.0000000000
42288  5.741  -30.835  41.603 0.0000000000
43000  3.792  -30.061  56.453 0.0000000000
43080  2.496  -29.502  49.623 0.0000000000
43099  3.626  -29.889  46.961 0.0000000000
43862  7.500  -29.440  58.160 0.0000000000
43935  2.213  -29.042  51.497 0.0000000000
43943  1.794  -28.854  50.227 0.0000000000
44855  5.889  -28.531  57.381 0.0000000000
44856  4.716  -28.944  56.865 0.0000000000
45948  3.581  -27.745  55.126 0.0000000000
47945  4.701  -26.230  55.159 0.0000000000
48963  4.142  -24.044  48.361 0.0000000000
53509  4.277  -19.194  46.263 0.0000000000
53535  4.403  -20.041  44.305 0.0000000000
112476  3.837  -30.265  47.862 0.0000000000
127326  17.428  -36.561  51.299 0.0000000000
