#!ascii label  , from subject sub-v1s13x0050005_ses-1 vox2ras=TkReg
905
81349  40.586  12.890  16.102 0.0000000000
80007  42.386  10.765  9.285 0.0000000000
83753  49.972  16.458  5.634 0.0000000000
76064  46.362  5.913  2.253 0.0000000000
76745  40.826  6.011  14.373 0.0000000000
124234  55.114  13.136  12.644 0.0000000000
79364  45.214  9.573  4.229 0.0000000000
82902  38.724  15.530  8.054 0.0000000000
80663  48.378  11.588  12.730 0.0000000000
78541  44.611  8.299  14.180 0.0000000000
110384  42.830  4.671  10.419 0.0000000000
83723  44.739  15.631  9.796 0.0000000000
82947  41.649  14.191  3.845 0.0000000000
82133  47.289  13.671  7.362 0.0000000000
82186  44.885  13.820  1.011 0.0000000000
84483  40.010  16.402  10.081 0.0000000000
81369  45.032  12.161  14.430 0.0000000000
115873  42.323  11.085  14.567 0.0000000000
109474  41.578  4.427  12.695 0.0000000000
82886  49.954  14.776  10.607 0.0000000000
83686  47.465  15.317  11.708 0.0000000000
108645  46.988  15.642  8.653 0.0000000000
112214  43.812  16.722  7.049 0.0000000000
84538  45.751  16.604  4.890 0.0000000000
79997  45.542  10.692  11.107 0.0000000000
80695  48.401  11.768  10.202 0.0000000000
81433  44.253  13.057  8.380 0.0000000000
79385  47.198  9.062  1.189 0.0000000000
80056  44.979  11.298  1.994 0.0000000000
78664  45.840  9.230  0.264 0.0000000000
79381  43.630  10.278  1.628 0.0000000000
76858  44.364  6.050  2.709 0.0000000000
107401  42.768  3.300  5.050 0.0000000000
119476  37.681  11.498  16.279 0.0000000000
79971  40.111  10.084  14.645 0.0000000000
82894  53.090  14.599  8.512 0.0000000000
77757  44.386  7.452  7.172 0.0000000000
79347  43.532  9.709  6.601 0.0000000000
77786  46.820  7.596  5.265 0.0000000000
110678  49.778  8.712  3.129 0.0000000000
123939  50.302  14.030  15.844 0.0000000000
82072  47.326  13.236  14.356 0.0000000000
79292  46.693  9.889  13.368 0.0000000000
79312  43.425  9.386  11.866 0.0000000000
122045  42.692  7.407  14.298 0.0000000000
77716  41.765  6.781  12.249 0.0000000000
77738  42.306  7.560  9.357 0.0000000000
130063  45.474  4.970  8.987 0.0000000000
81345  36.132  12.350  17.722 0.0000000000
84452  45.822  16.059  13.535 0.0000000000
111907  43.007  15.421  11.587 0.0000000000
84493  42.077  16.909  8.812 0.0000000000
129682  40.343  14.500  6.187 0.0000000000
80734  39.246  11.839  4.959 0.0000000000
81391  51.442  12.284  12.494 0.0000000000
128745  51.249  13.253  8.600 0.0000000000
82919  50.050  14.996  5.180 0.0000000000
81450  43.454  12.473  5.551 0.0000000000
82944  46.265  14.819  3.453 0.0000000000
83785  47.510  16.278  1.893 0.0000000000
83800  43.432  14.892  1.291 0.0000000000
127551  41.465  11.404  3.276 0.0000000000
83693  39.506  15.792  11.508 0.0000000000
83692  40.432  15.657  11.655 0.0000000000
81356  42.690  12.907  15.329 0.0000000000
80648  41.276  11.920  15.047 0.0000000000
114069  49.670  15.388  8.650 0.0000000000
83720  48.579  15.282  9.559 0.0000000000
83747  48.257  16.028  7.179 0.0000000000
84527  46.094  16.537  6.409 0.0000000000
84525  48.201  16.565  5.358 0.0000000000
80692  43.923  11.365  10.217 0.0000000000
80698  45.533  11.977  9.903 0.0000000000
80706  42.993  11.990  8.725 0.0000000000
76863  47.580  7.358  1.670 0.0000000000
79392  46.322  9.428  0.296 0.0000000000
76871  46.182  7.386  1.243 0.0000000000
77816  44.952  7.667  2.035 0.0000000000
76066  45.062  5.827  2.289 0.0000000000
75202  44.262  3.950  3.137 0.0000000000
75200  45.981  4.847  3.194 0.0000000000
79961  37.873  10.090  15.537 0.0000000000
82884  52.898  14.577  9.954 0.0000000000
82882  54.240  14.112  9.874 0.0000000000
76809  45.589  6.333  7.402 0.0000000000
77771  45.553  7.388  6.202 0.0000000000
76825  46.794  6.702  6.472 0.0000000000
77795  50.419  8.626  4.146 0.0000000000
77805  51.382  8.278  3.618 0.0000000000
77813  50.149  8.311  2.768 0.0000000000
79966  45.017  10.507  14.343 0.0000000000
80656  45.529  11.273  14.198 0.0000000000
79282  45.698  9.189  13.979 0.0000000000
79301  45.917  9.093  13.199 0.0000000000
78558  44.556  8.213  13.455 0.0000000000
77703  40.061  7.744  14.546 0.0000000000
78544  41.496  8.428  14.489 0.0000000000
114468  41.341  6.680  14.369 0.0000000000
75126  42.326  4.231  11.317 0.0000000000
76759  41.682  6.037  12.484 0.0000000000
75975  41.813  5.901  10.870 0.0000000000
77731  41.623  7.615  10.685 0.0000000000
76769  42.180  6.292  10.125 0.0000000000
76008  43.422  6.280  8.798 0.0000000000
75151  44.196  4.751  9.567 0.0000000000
75138  47.677  4.209  10.219 0.0000000000
109187  46.052  15.335  10.787 0.0000000000
83651  46.331  15.626  13.039 0.0000000000
83671  45.243  15.375  12.158 0.0000000000
83653  44.200  15.754  13.142 0.0000000000
83690  43.673  15.374  11.059 0.0000000000
83706  42.368  15.875  10.365 0.0000000000
83724  43.460  16.138  9.471 0.0000000000
83763  42.802  15.690  5.443 0.0000000000
83754  42.425  16.133  6.355 0.0000000000
115786  41.303  14.490  5.392 0.0000000000
82158  39.338  13.283  5.302 0.0000000000
82166  40.379  13.328  4.155 0.0000000000
81364  49.560  12.802  13.578 0.0000000000
82068  51.271  13.160  14.635 0.0000000000
81379  49.809  12.437  12.982 0.0000000000
81430  47.554  12.676  8.962 0.0000000000
110577  50.333  12.303  10.082 0.0000000000
82119  48.776  13.339  8.010 0.0000000000
82130  51.149  14.008  7.270 0.0000000000
82143  49.447  14.306  6.292 0.0000000000
79355  44.570  9.653  5.162 0.0000000000
80723  43.399  11.538  5.675 0.0000000000
129543  44.171  10.889  4.649 0.0000000000
80745  44.652  11.910  1.585 0.0000000000
81463  44.327  13.132  2.982 0.0000000000
82961  45.465  14.531  1.543 0.0000000000
82953  47.214  15.585  2.353 0.0000000000
82969  46.033  15.257  0.888 0.0000000000
84566  45.756  16.287  0.534 0.0000000000
126566  43.729  13.506  0.847 0.0000000000
78646  43.278  9.132  3.496 0.0000000000
80049  42.468  10.424  3.320 0.0000000000
79367  42.262  9.755  4.559 0.0000000000
79357  41.734  9.701  5.278 0.0000000000
82066  54.348  12.823  14.555 0.0000000000
84497  38.609  16.253  9.820 0.0000000000
84508  39.569  16.979  8.730 0.0000000000
82061  45.202  13.684  15.315 0.0000000000
81355  43.650  12.993  15.070 0.0000000000
80658  43.190  11.509  14.565 0.0000000000
79284  43.597  9.514  14.477 0.0000000000
75945  41.208  5.288  14.025 0.0000000000
82887  48.676  15.106  10.654 0.0000000000
131180  47.078  15.398  9.839 0.0000000000
126999  45.575  15.673  9.356 0.0000000000
84504  44.626  16.395  8.174 0.0000000000
84503  45.210  16.375  7.806 0.0000000000
122147  44.678  16.557  5.527 0.0000000000
83771  43.894  15.973  4.247 0.0000000000
125927  47.444  10.387  12.203 0.0000000000
80681  48.731  11.312  11.744 0.0000000000
80689  47.052  11.155  10.681 0.0000000000
81420  46.157  12.448  9.343 0.0000000000
82122  45.664  13.454  7.925 0.0000000000
79371  46.645  9.375  2.583 0.0000000000
80042  45.287  10.196  3.316 0.0000000000
80054  46.137  10.043  0.944 0.0000000000
80062  45.684  10.209  0.584 0.0000000000
80063  44.656  10.879  0.801 0.0000000000
80064  43.881  11.017  1.048 0.0000000000
79380  44.609  9.573  1.181 0.0000000000
77817  44.305  8.120  2.655 0.0000000000
76859  43.746  6.619  3.366 0.0000000000
107392  43.880  2.829  4.084 0.0000000000
80650  39.308  12.052  15.797 0.0000000000
114795  39.808  11.507  15.266 0.0000000000
79960  38.701  10.422  15.249 0.0000000000
79289  39.161  9.207  14.754 0.0000000000
110411  39.603  7.069  14.619 0.0000000000
82864  51.048  14.574  11.997 0.0000000000
82896  51.109  14.898  9.529 0.0000000000
83746  51.632  15.787  6.464 0.0000000000
78589  43.025  8.423  8.002 0.0000000000
126779  42.584  10.471  7.768 0.0000000000
78598  43.418  8.862  7.241 0.0000000000
78620  44.846  8.785  5.510 0.0000000000
78618  46.401  8.128  4.736 0.0000000000
77768  48.121  7.193  5.762 0.0000000000
77797  48.304  8.306  4.178 0.0000000000
78632  47.814  8.602  3.508 0.0000000000
78651  48.079  8.597  1.889 0.0000000000
126957  48.707  8.077  1.970 0.0000000000
76857  48.006  6.791  2.489 0.0000000000
76050  46.903  5.236  3.735 0.0000000000
82058  48.732  13.846  15.028 0.0000000000
81366  47.771  12.526  13.707 0.0000000000
82073  46.337  13.175  14.559 0.0000000000
81367  46.873  12.311  13.924 0.0000000000
79291  47.284  10.331  12.930 0.0000000000
79309  46.491  9.636  12.602 0.0000000000
79987  45.054  10.042  11.634 0.0000000000
79319  42.914  10.012  11.069 0.0000000000
79970  41.014  10.241  14.532 0.0000000000
79286  41.887  9.386  14.493 0.0000000000
114915  43.341  7.575  14.205 0.0000000000
76751  41.748  5.930  13.494 0.0000000000
77706  42.804  6.983  13.752 0.0000000000
77714  43.255  7.408  13.498 0.0000000000
78567  42.089  8.409  11.702 0.0000000000
79314  41.777  8.896  10.849 0.0000000000
79325  41.884  9.303  9.510 0.0000000000
77745  43.309  7.588  8.175 0.0000000000
76791  44.912  6.052  8.039 0.0000000000
76005  46.650  5.556  8.176 0.0000000000
75140  45.727  4.110  10.011 0.0000000000
75988  46.960  5.069  8.805 0.0000000000
81343  38.414  12.969  17.083 0.0000000000
80644  37.204  11.987  16.863 0.0000000000
80640  35.467  11.842  17.832 0.0000000000
84433  46.967  16.704  14.230 0.0000000000
85185  44.635  17.235  13.944 0.0000000000
83707  41.540  15.930  10.542 0.0000000000
84482  40.872  16.491  9.851 0.0000000000
83740  39.951  16.663  7.964 0.0000000000
84517  42.396  16.971  7.532 0.0000000000
84518  41.294  16.844  7.435 0.0000000000
82910  39.600  15.095  7.195 0.0000000000
81376  53.475  12.373  13.265 0.0000000000
80685  50.211  11.950  11.461 0.0000000000
81408  51.010  12.289  10.561 0.0000000000
81406  53.995  13.193  10.408 0.0000000000
82116  52.751  14.385  7.997 0.0000000000
82908  52.375  14.964  6.595 0.0000000000
83759  51.014  16.017  4.762 0.0000000000
116477  42.832  12.057  7.315 0.0000000000
81440  43.384  12.947  7.093 0.0000000000
82146  45.283  14.081  6.190 0.0000000000
81456  43.945  12.733  3.908 0.0000000000
82155  44.447  13.864  4.751 0.0000000000
82922  46.428  14.352  5.899 0.0000000000
82932  48.508  15.108  4.459 0.0000000000
83768  49.509  16.063  3.186 0.0000000000
84544  49.435  16.231  3.321 0.0000000000
84546  47.559  16.439  2.950 0.0000000000
83780  44.702  16.163  2.197 0.0000000000
82956  42.292  14.513  2.939 0.0000000000
81470  42.343  12.280  1.752 0.0000000000
81471  41.684  12.586  2.342 0.0000000000
82173  41.238  13.358  3.188 0.0000000000
80732  40.465  11.675  4.337 0.0000000000
107416  42.277  3.582  6.509 0.0000000000
83676  40.556  15.604  12.523 0.0000000000
83656  41.065  15.669  13.077 0.0000000000
82049  41.082  13.468  16.603 0.0000000000
81348  41.380  13.040  15.900 0.0000000000
81357  40.962  12.384  15.512 0.0000000000
126664  49.662  16.188  6.556 0.0000000000
83735  49.341  15.680  7.682 0.0000000000
84512  48.775  16.418  6.088 0.0000000000
84513  47.313  16.372  6.551 0.0000000000
80006  43.005  11.162  9.876 0.0000000000
80700  43.446  11.775  9.460 0.0000000000
80701  42.787  11.461  9.189 0.0000000000
76063  47.079  6.335  2.320 0.0000000000
76870  46.912  7.708  1.081 0.0000000000
76864  46.497  6.680  1.685 0.0000000000
76865  45.638  6.569  1.781 0.0000000000
76065  45.768  5.841  2.076 0.0000000000
76058  45.316  5.141  2.532 0.0000000000
116548  45.988  5.398  2.527 0.0000000000
82849  55.162  13.595  13.819 0.0000000000
82088  54.999  13.436  12.834 0.0000000000
82872  54.384  13.931  10.775 0.0000000000
82095  54.631  13.454  11.341 0.0000000000
115067  46.495  6.295  7.086 0.0000000000
128772  47.194  6.340  6.907 0.0000000000
78628  51.772  8.453  4.023 0.0000000000
77793  52.050  8.115  3.985 0.0000000000
77794  51.433  7.965  3.473 0.0000000000
82911  38.436  14.682  7.646 0.0000000000
79283  45.028  8.903  14.258 0.0000000000
127148  45.280  9.617  14.252 0.0000000000
78540  45.206  8.560  14.015 0.0000000000
78557  45.212  8.573  13.629 0.0000000000
78549  44.668  8.150  13.944 0.0000000000
113593  40.530  6.900  14.511 0.0000000000
115809  41.175  7.534  14.485 0.0000000000
129176  42.573  4.452  10.853 0.0000000000
75143  42.121  4.985  11.000 0.0000000000
75974  42.489  5.443  10.265 0.0000000000
75992  42.910  5.817  9.520 0.0000000000
75152  43.292  5.050  9.805 0.0000000000
83703  45.384  15.427  10.311 0.0000000000
83688  45.300  15.320  11.214 0.0000000000
83689  44.492  15.332  11.638 0.0000000000
83704  44.596  15.395  10.685 0.0000000000
120127  43.967  15.619  10.089 0.0000000000
125166  44.168  15.951  9.387 0.0000000000
82936  42.436  15.081  4.911 0.0000000000
82937  41.961  15.155  5.762 0.0000000000
119246  41.791  14.565  4.771 0.0000000000
111586  40.973  13.950  4.608 0.0000000000
82948  41.054  13.612  3.707 0.0000000000
81380  48.887  12.232  13.026 0.0000000000
80662  48.989  11.991  12.619 0.0000000000
82120  47.653  13.202  8.209 0.0000000000
82132  48.380  13.693  7.288 0.0000000000
116646  49.339  13.763  7.227 0.0000000000
82144  48.044  14.131  6.477 0.0000000000
80034  43.971  10.604  5.241 0.0000000000
79365  44.588  10.433  4.296 0.0000000000
81476  44.409  12.694  1.291 0.0000000000
82172  44.871  13.764  2.196 0.0000000000
82178  44.911  13.751  1.421 0.0000000000
82960  46.190  15.218  1.490 0.0000000000
82970  45.417  14.559  1.071 0.0000000000
82974  45.594  15.259  0.566 0.0000000000
81482  44.326  13.300  0.841 0.0000000000
78635  43.250  8.262  4.070 0.0000000000
78636  42.756  9.077  4.312 0.0000000000
129775  42.660  8.455  4.699 0.0000000000
78637  42.255  9.012  5.017 0.0000000000
83709  39.957  15.962  10.889 0.0000000000
84484  39.168  16.126  10.492 0.0000000000
84496  39.360  16.624  9.486 0.0000000000
116357  43.991  14.132  16.351 0.0000000000
82063  43.287  13.694  15.972 0.0000000000
122041  42.468  12.049  14.785 0.0000000000
81371  43.182  12.321  14.781 0.0000000000
79968  43.243  10.542  14.495 0.0000000000
82876  50.130  14.650  11.560 0.0000000000
82877  49.151  14.890  11.539 0.0000000000
83736  47.878  15.679  8.234 0.0000000000
83721  47.561  15.445  9.263 0.0000000000
83722  46.572  15.511  9.424 0.0000000000
83737  46.200  15.824  8.576 0.0000000000
83738  45.367  16.087  8.448 0.0000000000
84502  45.904  16.207  7.844 0.0000000000
109398  46.188  16.615  5.482 0.0000000000
110318  45.374  16.629  5.950 0.0000000000
84549  44.269  16.361  4.848 0.0000000000
84555  44.569  16.238  4.005 0.0000000000
79996  46.556  10.610  11.269 0.0000000000
79995  47.499  10.671  11.504 0.0000000000
80690  46.046  11.279  10.570 0.0000000000
81421  45.017  12.691  9.129 0.0000000000
81432  45.901  13.038  8.643 0.0000000000
122120  45.106  13.201  8.407 0.0000000000
79379  46.701  9.535  1.509 0.0000000000
79393  45.993  9.613  0.197 0.0000000000
80061  46.069  9.833  0.303 0.0000000000
80067  45.642  10.079  0.364 0.0000000000
80752  45.176  10.608  0.754 0.0000000000
80068  45.191  10.369  0.578 0.0000000000
79388  44.601  10.380  0.832 0.0000000000
78658  45.348  9.002  0.706 0.0000000000
76866  44.975  6.680  2.125 0.0000000000
77808  44.346  7.081  2.696 0.0000000000
77809  43.773  7.629  3.386 0.0000000000
76060  43.597  5.523  3.379 0.0000000000
74355  44.832  3.607  3.538 0.0000000000
107393  44.226  3.333  3.590 0.0000000000
80643  38.476  11.789  16.016 0.0000000000
80651  38.974  11.262  15.474 0.0000000000
79954  38.152  10.989  15.707 0.0000000000
79277  38.510  9.534  15.100 0.0000000000
78547  38.719  8.687  14.860 0.0000000000
77704  39.105  7.863  14.687 0.0000000000
77696  38.721  7.102  14.858 0.0000000000
118970  53.367  14.556  9.051 0.0000000000
82895  52.316  15.049  8.432 0.0000000000
83718  52.149  15.348  7.743 0.0000000000
77758  43.698  7.932  7.521 0.0000000000
78597  44.135  8.228  6.866 0.0000000000
78607  45.172  8.045  5.803 0.0000000000
77787  45.968  7.736  5.498 0.0000000000
78619  45.578  8.401  5.115 0.0000000000
76823  48.501  6.747  6.453 0.0000000000
77767  49.055  7.381  5.756 0.0000000000
77796  49.470  8.596  3.910 0.0000000000
78631  48.861  8.680  3.172 0.0000000000
78643  48.153  8.710  2.561 0.0000000000
78642  49.047  8.538  2.589 0.0000000000
76855  49.888  7.553  2.885 0.0000000000
127039  49.410  7.930  2.319 0.0000000000
76856  48.937  7.243  2.721 0.0000000000
76862  48.528  7.689  2.020 0.0000000000
76055  48.331  6.329  3.417 0.0000000000
82836  47.415  14.266  15.874 0.0000000000
82835  48.285  14.200  15.808 0.0000000000
82059  47.813  13.833  15.046 0.0000000000
82071  48.261  13.318  14.265 0.0000000000
81354  44.581  12.970  14.808 0.0000000000
129501  45.762  13.445  14.909 0.0000000000
81353  45.465  12.946  14.646 0.0000000000
79964  46.509  10.216  13.610 0.0000000000
80655  46.469  11.168  13.759 0.0000000000
80654  47.357  11.569  13.428 0.0000000000
80665  47.066  10.628  13.328 0.0000000000
79979  47.089  10.066  12.607 0.0000000000
79300  46.662  9.671  13.082 0.0000000000
79311  44.569  9.364  12.184 0.0000000000
79310  45.644  9.391  12.437 0.0000000000
79988  43.922  10.107  11.412 0.0000000000
79958  40.361  10.936  14.778 0.0000000000
120229  42.058  7.661  14.432 0.0000000000
78543  42.632  8.201  14.442 0.0000000000
79285  42.900  9.072  14.475 0.0000000000
75950  41.459  5.142  13.445 0.0000000000
130533  41.530  5.665  13.869 0.0000000000
76758  42.147  6.524  13.243 0.0000000000
77715  42.486  7.056  12.922 0.0000000000
77700  43.459  7.398  13.985 0.0000000000
78560  42.702  7.772  12.587 0.0000000000
77722  41.864  7.576  11.998 0.0000000000
77730  41.940  7.149  10.037 0.0000000000
78568  41.651  8.062  11.209 0.0000000000
77739  41.764  7.980  10.003 0.0000000000
78582  41.699  8.754  10.088 0.0000000000
78581  42.012  8.448  9.358 0.0000000000
77746  42.621  8.009  8.673 0.0000000000
76007  44.315  5.762  8.587 0.0000000000
118789  45.194  5.460  8.554 0.0000000000
76006  45.776  5.729  8.066 0.0000000000
75989  46.057  5.206  8.645 0.0000000000
75148  47.304  4.612  9.502 0.0000000000
75147  48.274  4.646  9.644 0.0000000000
81339  36.446  12.976  18.031 0.0000000000
80638  36.811  12.485  17.463 0.0000000000
80639  36.344  11.661  17.224 0.0000000000
84451  46.640  16.076  13.693 0.0000000000
84434  46.097  16.749  14.008 0.0000000000
85183  46.452  17.592  14.454 0.0000000000
85184  45.484  17.440  14.114 0.0000000000
84435  45.258  16.643  13.807 0.0000000000
83673  43.668  15.415  12.243 0.0000000000
83674  42.595  15.479  12.373 0.0000000000
114182  41.817  15.455  12.041 0.0000000000
126469  42.211  15.512  11.295 0.0000000000
83726  41.771  16.465  9.687 0.0000000000
84494  41.110  17.059  8.939 0.0000000000
84507  40.469  17.183  8.388 0.0000000000
108675  43.880  16.673  7.810 0.0000000000
84505  43.247  16.821  8.175 0.0000000000
84516  43.102  16.883  7.573 0.0000000000
82923  41.087  14.804  6.179 0.0000000000
83755  41.466  15.856  6.817 0.0000000000
83756  40.463  15.182  6.897 0.0000000000
83749  40.688  16.245  7.451 0.0000000000
82924  39.720  14.473  6.515 0.0000000000
82167  39.690  12.977  4.599 0.0000000000
81378  51.011  12.532  13.194 0.0000000000
81362  51.750  12.693  13.991 0.0000000000
81377  52.251  12.415  13.306 0.0000000000
81361  53.106  12.595  14.147 0.0000000000
80687  48.695  11.382  10.975 0.0000000000
80680  49.435  11.750  11.954 0.0000000000
80686  49.417  11.650  11.264 0.0000000000
81417  50.123  12.658  9.237 0.0000000000
81416  51.332  12.791  9.395 0.0000000000
81407  52.183  12.462  10.630 0.0000000000
81415  52.481  13.295  9.149 0.0000000000
81414  53.269  13.251  9.621 0.0000000000
82109  52.269  13.586  8.490 0.0000000000
82918  50.956  14.890  5.681 0.0000000000
82909  51.613  14.623  6.488 0.0000000000
82917  51.772  15.248  6.065 0.0000000000
120396  51.601  15.813  5.669 0.0000000000
82930  50.649  15.656  4.592 0.0000000000
80018  42.891  10.679  7.061 0.0000000000
80019  42.607  11.266  7.786 0.0000000000
129091  42.754  11.395  7.199 0.0000000000
81444  43.146  12.325  6.389 0.0000000000
82148  43.609  13.122  6.165 0.0000000000
82136  44.291  13.583  6.869 0.0000000000
82147  44.338  13.702  5.790 0.0000000000
80048  45.329  10.675  2.388 0.0000000000
124630  44.778  10.979  3.178 0.0000000000
119449  44.377  11.986  2.953 0.0000000000
82945  45.128  14.344  3.571 0.0000000000
82164  44.300  13.549  3.855 0.0000000000
82935  45.438  14.419  4.534 0.0000000000
82934  45.881  14.459  5.233 0.0000000000
125974  46.361  14.724  4.317 0.0000000000
82933  47.161  14.822  4.661 0.0000000000
82943  47.290  15.245  3.377 0.0000000000
83778  47.577  16.132  1.865 0.0000000000
83770  48.070  15.942  2.500 0.0000000000
83777  48.058  16.146  2.533 0.0000000000
83775  49.507  16.087  3.179 0.0000000000
84553  48.018  16.242  2.487 0.0000000000
84545  48.373  16.397  3.337 0.0000000000
84554  47.364  16.455  2.103 0.0000000000
83799  44.458  15.464  0.764 0.0000000000
83788  44.687  16.112  1.160 0.0000000000
83789  43.847  15.482  1.477 0.0000000000
118218  43.838  15.673  2.404 0.0000000000
82962  42.629  14.467  1.939 0.0000000000
80755  43.295  11.817  1.294 0.0000000000
80065  42.962  11.062  1.668 0.0000000000
80058  42.106  11.002  2.949 0.0000000000
80747  41.834  11.508  2.580 0.0000000000
81464  41.296  12.055  2.904 0.0000000000
81472  41.203  12.820  3.011 0.0000000000
80738  40.826  11.814  3.633 0.0000000000
81465  40.732  12.450  3.530 0.0000000000
80731  41.188  11.268  4.061 0.0000000000
78622  41.672  8.797  5.752 0.0000000000
80035  41.158  10.438  5.504 0.0000000000
130607  42.611  3.960  4.952 0.0000000000
108323  42.493  3.830  5.706 0.0000000000
82064  42.512  13.480  16.007 0.0000000000
81347  42.043  13.140  15.749 0.0000000000
80647  41.792  12.478  15.273 0.0000000000
80659  41.809  11.762  14.819 0.0000000000
83700  49.769  15.069  9.619 0.0000000000
83748  46.929  15.987  7.757 0.0000000000
128777  46.313  16.330  7.185 0.0000000000
84526  47.047  16.569  5.524 0.0000000000
84537  46.999  16.583  4.332 0.0000000000
79998  44.458  10.754  10.914 0.0000000000
80691  44.975  11.405  10.444 0.0000000000
80699  44.435  12.000  9.726 0.0000000000
81422  43.826  12.461  8.970 0.0000000000
77821  47.577  8.112  1.251 0.0000000000
121928  46.779  9.058  0.601 0.0000000000
78657  46.917  8.496  0.768 0.0000000000
77822  46.401  8.255  0.778 0.0000000000
127556  45.907  8.614  0.542 0.0000000000
77823  45.455  8.205  1.226 0.0000000000
77815  45.554  7.370  1.555 0.0000000000
76059  44.436  4.968  2.822 0.0000000000
75201  45.041  4.335  2.993 0.0000000000
75195  45.628  4.039  3.761 0.0000000000
79955  37.394  10.725  16.001 0.0000000000
112570  53.194  14.475  11.591 0.0000000000
113447  54.081  14.147  11.561 0.0000000000
82873  53.715  14.377  10.529 0.0000000000
82893  53.667  14.293  8.930 0.0000000000
76810  44.645  6.704  7.543 0.0000000000
77756  45.135  7.021  6.879 0.0000000000
76826  45.961  6.757  6.629 0.0000000000
77770  46.373  7.188  5.983 0.0000000000
110713  50.569  8.229  5.110 0.0000000000
78617  51.264  8.541  4.348 0.0000000000
78629  50.936  8.559  3.586 0.0000000000
114124  50.329  8.584  3.096 0.0000000000
78641  49.783  8.525  2.784 0.0000000000
77806  50.901  7.959  3.162 0.0000000000
76854  50.689  7.789  3.158 0.0000000000
116566  46.911  13.854  15.143 0.0000000000
80657  44.724  11.408  14.390 0.0000000000
79965  45.882  10.156  14.007 0.0000000000
79281  46.214  9.680  13.681 0.0000000000
129984  45.608  8.931  13.722 0.0000000000
79302  45.131  8.699  12.938 0.0000000000
79303  44.123  8.612  12.677 0.0000000000
79288  39.873  9.272  14.601 0.0000000000
79287  40.792  9.327  14.504 0.0000000000
78545  40.475  8.486  14.520 0.0000000000
77702  42.132  6.951  14.279 0.0000000000
75127  41.765  4.691  11.827 0.0000000000
75955  41.586  5.245  12.595 0.0000000000
75962  41.675  5.514  11.671 0.0000000000
76764  41.633  6.378  11.540 0.0000000000
77723  41.622  7.236  11.403 0.0000000000
76770  41.671  6.776  10.771 0.0000000000
76778  42.603  6.683  9.394 0.0000000000
75991  43.785  5.444  9.190 0.0000000000
75990  44.676  5.134  9.032 0.0000000000
74309  47.145  3.703  10.746 0.0000000000
75137  48.657  4.231  10.435 0.0000000000
83687  46.895  15.332  11.165 0.0000000000
83670  46.805  15.396  12.229 0.0000000000
110240  46.038  15.306  11.678 0.0000000000
121297  45.988  15.425  12.422 0.0000000000
83652  45.553  15.619  12.927 0.0000000000
119552  45.031  15.967  13.362 0.0000000000
83672  44.501  15.446  12.405 0.0000000000
112640  42.879  15.519  10.897 0.0000000000
83705  43.162  15.756  10.245 0.0000000000
83725  42.640  16.342  9.573 0.0000000000
84540  43.260  16.299  5.961 0.0000000000
84530  42.966  16.710  6.851 0.0000000000
82939  39.856  13.961  5.749 0.0000000000
82157  40.079  13.588  4.923 0.0000000000
81459  39.670  12.345  4.549 0.0000000000
82070  49.324  13.372  14.340 0.0000000000
82069  50.336  13.562  14.949 0.0000000000
130456  50.222  13.145  14.224 0.0000000000
81363  50.605  12.803  13.758 0.0000000000
81392  50.371  12.350  12.664 0.0000000000
116371  47.950  12.268  9.520 0.0000000000
81418  48.902  12.373  9.461 0.0000000000
122155  48.335  12.785  8.794 0.0000000000
81429  49.385  12.984  8.580 0.0000000000
81428  50.599  13.375  8.188 0.0000000000
82118  49.898  13.565  7.688 0.0000000000
79356  43.954  9.959  5.845 0.0000000000
80024  43.425  10.646  6.168 0.0000000000
123568  43.606  11.968  5.037 0.0000000000
81469  44.620  12.804  1.909 0.0000000000
82955  45.369  14.494  2.424 0.0000000000
82954  46.222  15.013  2.419 0.0000000000
83779  46.998  15.828  1.463 0.0000000000
83786  46.950  16.225  1.226 0.0000000000
84558  46.506  16.384  0.816 0.0000000000
84575  45.895  16.135  0.303 0.0000000000
83805  45.457  15.695  0.488 0.0000000000
82971  43.977  14.478  0.760 0.0000000000
79373  43.162  9.943  2.870 0.0000000000
80057  42.720  10.633  2.398 0.0000000000
79366  42.698  9.778  3.793 0.0000000000
80043  42.230  10.291  4.053 0.0000000000
80044  41.668  10.528  4.630 0.0000000000
82080  54.948  12.872  13.772 0.0000000000
84474  38.644  15.850  11.390 0.0000000000
84509  38.804  16.562  9.079 0.0000000000
83741  39.115  16.373  8.399 0.0000000000
82062  44.232  13.654  15.578 0.0000000000
81370  44.037  12.067  14.548 0.0000000000
79967  44.050  10.867  14.458 0.0000000000
129362  43.823  10.173  14.488 0.0000000000
121857  44.350  8.856  14.383 0.0000000000
75099  40.848  4.522  14.141 0.0000000000
75108  41.265  4.288  13.579 0.0000000000
75116  41.946  3.898  12.027 0.0000000000
75125  43.091  3.951  10.797 0.0000000000
75142  43.692  4.359  10.164 0.0000000000
83668  48.658  15.166  12.377 0.0000000000
83685  48.231  15.201  11.655 0.0000000000
120482  47.741  15.270  11.111 0.0000000000
83702  46.690  15.381  10.271 0.0000000000
127147  46.048  15.427  10.022 0.0000000000
83739  44.733  16.030  8.968 0.0000000000
84515  44.675  16.586  7.314 0.0000000000
84514  45.539  16.461  7.223 0.0000000000
84528  44.578  16.621  6.483 0.0000000000
84529  43.857  16.561  6.276 0.0000000000
84539  43.917  16.425  5.575 0.0000000000
83762  43.551  16.049  5.116 0.0000000000
83772  43.126  15.429  4.400 0.0000000000
80674  47.949  11.090  12.576 0.0000000000
111545  48.675  11.486  12.282 0.0000000000
79977  48.032  10.862  12.092 0.0000000000
80688  47.922  11.212  10.809 0.0000000000
80696  47.507  11.737  10.119 0.0000000000
80697  46.570  11.817  10.018 0.0000000000
81419  47.088  12.293  9.468 0.0000000000
81431  46.823  12.828  8.783 0.0000000000
82121  46.601  13.347  8.075 0.0000000000
82134  46.300  13.729  7.336 0.0000000000
79363  45.914  9.495  3.375 0.0000000000
79372  45.975  10.059  2.191 0.0000000000
80055  45.471  10.625  1.291 0.0000000000
79386  46.532  9.489  0.656 0.0000000000
80744  44.966  11.196  1.174 0.0000000000
80753  44.570  11.411  1.085 0.0000000000
81477  44.050  12.417  0.897 0.0000000000
80754  44.172  11.501  0.926 0.0000000000
78652  44.755  8.617  1.669 0.0000000000
78653  43.908  9.168  2.383 0.0000000000
78645  43.686  8.459  3.227 0.0000000000
76051  42.959  5.622  4.053 0.0000000000
110218  42.909  3.622  4.391 0.0000000000
75203  43.583  4.414  3.373 0.0000000000
108269  43.728  3.544  3.531 0.0000000000
108216  43.248  2.934  4.511 0.0000000000
81350  39.743  12.738  16.284 0.0000000000
81358  40.150  12.245  15.640 0.0000000000
79959  39.512  10.706  14.980 0.0000000000
79276  39.279  9.891  14.825 0.0000000000
78546  39.546  8.555  14.621 0.0000000000
76746  40.032  6.408  14.558 0.0000000000
128251  50.166  14.664  12.202 0.0000000000
82874  52.359  14.556  11.169 0.0000000000
82875  51.347  14.651  10.607 0.0000000000
83719  51.023  15.229  8.584 0.0000000000
83734  51.092  15.632  7.538 0.0000000000
111204  50.654  16.011  6.786 0.0000000000
79333  42.098  9.972  8.946 0.0000000000
80013  42.418  10.642  8.425 0.0000000000
79339  42.458  9.865  8.168 0.0000000000
79338  42.896  9.789  7.425 0.0000000000
77772  44.794  7.744  6.497 0.0000000000
78608  44.520  8.484  6.203 0.0000000000
79346  44.244  9.244  5.994 0.0000000000
79354  45.200  9.026  4.857 0.0000000000
78634  45.923  8.818  4.233 0.0000000000
76824  47.615  6.697  6.420 0.0000000000
77769  47.226  7.128  5.837 0.0000000000
77783  49.672  8.088  4.940 0.0000000000
77785  47.721  7.635  5.079 0.0000000000
77798  47.308  8.097  4.456 0.0000000000
78633  46.873  8.571  3.905 0.0000000000
126208  46.497  8.998  3.417 0.0000000000
78644  47.267  8.904  2.970 0.0000000000
79378  47.426  9.067  2.021 0.0000000000
78650  49.074  8.287  2.332 0.0000000000
77820  48.170  8.252  1.726 0.0000000000
77814  48.194  7.978  1.607 0.0000000000
76057  46.609  5.588  2.876 0.0000000000
76056  47.428  5.957  3.186 0.0000000000
76049  47.793  5.527  4.050 0.0000000000
82834  49.207  14.166  15.835 0.0000000000
81365  48.644  12.713  13.590 0.0000000000
81381  48.131  11.912  13.181 0.0000000000
82045  45.638  14.306  16.155 0.0000000000
114119  46.057  13.875  15.291 0.0000000000
81368  45.957  12.180  14.217 0.0000000000
80664  47.715  11.118  12.981 0.0000000000
79978  47.519  10.543  12.508 0.0000000000
114624  46.845  10.116  12.002 0.0000000000
79986  46.089  10.032  11.853 0.0000000000
79999  43.426  10.688  10.632 0.0000000000
80000  42.576  10.441  10.226 0.0000000000
80649  40.625  11.711  15.122 0.0000000000
80660  41.287  11.174  14.688 0.0000000000
79969  41.809  10.394  14.520 0.0000000000
115334  42.613  10.011  14.478 0.0000000000
109476  43.732  8.337  14.357 0.0000000000
78542  44.070  7.803  14.080 0.0000000000
112202  41.657  6.174  14.101 0.0000000000
76750  42.321  6.576  13.943 0.0000000000
77701  42.881  7.086  14.115 0.0000000000
78550  44.022  7.764  13.807 0.0000000000
78559  43.703  7.917  13.110 0.0000000000
78566  42.985  8.602  12.260 0.0000000000
79313  42.456  9.243  11.413 0.0000000000
79320  42.158  9.706  10.598 0.0000000000
131311  41.819  9.351  10.165 0.0000000000
114825  42.034  9.964  9.783 0.0000000000
78590  42.331  9.032  8.617 0.0000000000
77737  42.939  7.140  8.742 0.0000000000
126974  43.540  6.904  8.324 0.0000000000
76022  46.331  5.924  7.636 0.0000000000
76021  47.183  5.930  7.546 0.0000000000
75141  44.694  4.160  10.035 0.0000000000
75150  45.167  4.592  9.467 0.0000000000
75139  46.729  4.155  10.083 0.0000000000
75149  46.219  4.648  9.346 0.0000000000
76004  47.555  5.502  8.283 0.0000000000
80642  38.869  12.535  16.452 0.0000000000
81351  38.024  12.258  16.634 0.0000000000
81344  37.608  12.700  17.256 0.0000000000
80645  36.930  11.180  16.580 0.0000000000
115893  35.613  11.012  17.311 0.0000000000
125526  43.977  16.967  13.842 0.0000000000
84453  44.455  16.456  13.669 0.0000000000
83675  41.164  15.530  12.262 0.0000000000
83691  41.310  15.613  11.403 0.0000000000
83708  40.691  15.967  10.732 0.0000000000
84495  40.185  16.969  9.221 0.0000000000
83750  39.383  15.810  7.754 0.0000000000
84491  43.881  16.420  8.683 0.0000000000
84492  42.969  16.707  8.800 0.0000000000
84506  42.522  17.059  8.083 0.0000000000
84531  42.006  16.821  7.146 0.0000000000
120092  41.531  17.187  7.950 0.0000000000
84519  40.764  17.045  7.812 0.0000000000
114157  40.022  15.799  7.461 0.0000000000
113918  39.005  15.106  7.503 0.0000000000
82925  38.926  14.362  6.930 0.0000000000
82056  51.273  13.615  15.501 0.0000000000
82067  53.313  12.973  15.023 0.0000000000
81360  54.159  12.536  13.818 0.0000000000
81375  54.473  12.549  13.077 0.0000000000
80673  49.526  12.077  12.424 0.0000000000
80672  50.318  12.128  12.154 0.0000000000
113887  50.048  11.967  10.775 0.0000000000
81400  51.219  12.151  11.568 0.0000000000
81399  52.424  12.292  11.611 0.0000000000
109404  53.774  12.522  11.546 0.0000000000
81398  54.504  13.117  11.258 0.0000000000
82101  54.101  13.771  9.588 0.0000000000
82107  53.859  14.015  8.949 0.0000000000
82115  53.187  14.403  8.530 0.0000000000
82117  51.968  13.948  7.710 0.0000000000
82129  52.582  14.767  7.180 0.0000000000
82901  52.728  14.886  7.631 0.0000000000
83733  52.347  15.421  7.002 0.0000000000
83752  50.962  16.249  5.810 0.0000000000
80707  42.603  11.363  8.575 0.0000000000
80713  42.753  11.908  8.086 0.0000000000
127620  43.288  12.624  8.050 0.0000000000
80717  42.960  11.458  6.610 0.0000000000
81439  43.917  13.226  7.656 0.0000000000
82123  44.731  13.443  7.756 0.0000000000
82135  45.355  13.776  7.161 0.0000000000
112517  46.030  14.047  6.691 0.0000000000
116669  44.270  11.266  4.071 0.0000000000
81457  43.680  12.588  4.767 0.0000000000
82165  43.887  13.217  4.525 0.0000000000
82156  43.768  13.208  5.262 0.0000000000
82154  45.004  14.197  5.358 0.0000000000
82145  46.913  14.079  6.617 0.0000000000
82921  47.601  14.500  5.636 0.0000000000
82920  48.883  14.678  5.399 0.0000000000
82931  49.690  15.388  4.346 0.0000000000
82941  49.341  15.756  3.418 0.0000000000
83761  50.079  15.926  3.674 0.0000000000
83760  50.539  16.052  4.013 0.0000000000
84535  49.997  16.319  4.016 0.0000000000
84524  49.507  16.580  4.968 0.0000000000
111618  47.886  16.589  4.561 0.0000000000
84547  46.398  16.541  3.350 0.0000000000
121744  46.491  16.531  1.887 0.0000000000
112413  45.300  16.355  2.957 0.0000000000
83781  44.294  16.025  3.271 0.0000000000
83782  42.998  15.180  3.224 0.0000000000
81478  43.093  12.755  1.217 0.0000000000
126296  42.849  13.446  1.292 0.0000000000
125366  42.355  11.155  2.290 0.0000000000
82179  42.348  13.782  1.861 0.0000000000
82963  42.083  14.013  2.488 0.0000000000
82957  41.613  13.866  3.104 0.0000000000
82174  40.728  13.083  3.551 0.0000000000
80739  40.262  12.158  4.092 0.0000000000
80733  39.870  11.917  4.558 0.0000000000
80045  40.926  11.237  4.968 0.0000000000
75194  46.467  4.521  4.201 0.0000000000
75196  42.779  4.400  4.353 0.0000000000
76792  44.100  6.445  8.156 0.0000000000
76811  43.921  7.138  7.782 0.0000000000
76850  43.164  6.327  4.040 0.0000000000
77784  48.705  7.834  4.935 0.0000000000
77804  51.868  8.334  3.968 0.0000000000
77807  50.288  8.054  2.697 0.0000000000
78574  41.644  8.296  10.582 0.0000000000
78599  42.790  9.185  7.870 0.0000000000
78609  43.948  8.884  6.554 0.0000000000
78621  42.289  8.199  5.286 0.0000000000
78630  50.048  8.782  3.552 0.0000000000
78640  50.735  8.403  3.212 0.0000000000
78656  47.412  8.618  1.217 0.0000000000
78663  46.323  9.012  0.333 0.0000000000
79293  46.112  9.400  13.517 0.0000000000
79387  45.400  9.790  0.458 0.0000000000
80033  43.881  11.360  4.861 0.0000000000
80050  41.851  10.830  3.718 0.0000000000
80682  48.204  11.013  11.451 0.0000000000
80730  43.890  11.972  4.278 0.0000000000
80746  42.359  11.602  1.925 0.0000000000
81374  55.068  12.920  12.824 0.0000000000
81387  54.928  13.103  12.068 0.0000000000
81388  54.614  12.699  12.185 0.0000000000
81389  53.918  12.379  12.515 0.0000000000
81390  52.868  12.268  12.499 0.0000000000
81409  49.394  11.948  10.300 0.0000000000
81458  40.209  12.756  4.053 0.0000000000
81479  42.224  13.056  1.772 0.0000000000
82057  49.580  13.829  15.196 0.0000000000
82079  55.192  13.174  13.347 0.0000000000
82094  54.930  13.264  12.126 0.0000000000
82100  54.346  13.726  10.257 0.0000000000
82106  54.158  14.089  9.357 0.0000000000
82108  53.200  13.841  8.617 0.0000000000
82131  50.434  14.166  6.757 0.0000000000
82180  41.707  13.387  2.539 0.0000000000
82191  45.243  14.607  0.731 0.0000000000
82192  44.496  14.059  0.707 0.0000000000
82871  54.623  13.638  11.825 0.0000000000
82883  53.843  14.336  9.433 0.0000000000
82885  52.458  14.773  9.261 0.0000000000
82907  52.671  15.124  6.849 0.0000000000
82929  51.268  15.610  5.383 0.0000000000
82938  40.598  14.182  5.511 0.0000000000
82942  48.293  15.530  3.424 0.0000000000
82946  42.419  14.738  4.037 0.0000000000
82972  43.086  14.124  1.210 0.0000000000
82975  44.866  14.936  0.607 0.0000000000
83669  47.757  15.367  12.399 0.0000000000
83701  47.576  15.314  10.290 0.0000000000
83745  52.170  15.354  6.439 0.0000000000
83767  49.999  16.043  3.555 0.0000000000
83769  48.831  16.038  2.883 0.0000000000
83776  48.907  16.084  2.926 0.0000000000
83787  46.627  15.832  0.783 0.0000000000
83790  43.050  15.094  2.126 0.0000000000
83796  46.476  16.147  0.617 0.0000000000
83797  46.173  15.797  0.393 0.0000000000
83798  45.280  16.049  0.544 0.0000000000
84523  50.681  16.319  4.797 0.0000000000
84534  50.595  16.112  4.079 0.0000000000
84536  48.967  16.553  4.163 0.0000000000
84548  45.144  16.472  4.334 0.0000000000
84559  45.575  16.416  1.429 0.0000000000
84565  46.241  16.210  0.380 0.0000000000
107394  43.392  3.338  4.017 0.0000000000
107407  42.612  2.997  5.808 0.0000000000
107949  43.167  3.917  3.790 0.0000000000
111646  45.218  16.588  6.689 0.0000000000
113199  54.171  13.175  15.268 0.0000000000
118203  41.821  11.978  2.251 0.0000000000
118934  44.470  9.743  14.436 0.0000000000
120982  44.681  13.894  3.065 0.0000000000
122050  44.905  15.596  12.812 0.0000000000
124736  43.631  15.611  3.551 0.0000000000
125052  48.541  15.469  8.711 0.0000000000
125283  45.762  15.140  0.715 0.0000000000
126529  47.079  16.415  1.449 0.0000000000
126980  43.948  2.385  4.507 0.0000000000
127045  49.888  7.652  5.733 0.0000000000
127270  52.088  14.492  6.972 0.0000000000
127573  52.056  12.736  9.825 0.0000000000
127790  45.949  7.982  1.050 0.0000000000
128533  54.965  13.089  14.374 0.0000000000
129242  53.204  12.621  10.697 0.0000000000
129796  51.242  16.124  5.194 0.0000000000
