#!ascii label  , from subject sub-v1s13x0050005_ses-1 vox2ras=TkReg
1026
89661  40.747  24.865  5.936 0.0000000000
92419  43.227  28.831  4.571 0.0000000000
131041  51.508  21.015  11.339 0.0000000000
113797  37.684  23.886  10.687 0.0000000000
88397  41.873  22.453  12.600 0.0000000000
93083  38.961  28.864  0.464 0.0000000000
93620  41.601  30.456  8.708 0.0000000000
95704  44.646  34.302  8.289 0.0000000000
87113  52.354  20.336  16.170 0.0000000000
83648  49.719  15.433  13.747 0.0000000000
89690  42.729  24.105  0.584 0.0000000000
89035  46.329  23.537  7.639 0.0000000000
89646  48.938  25.183  6.829 0.0000000000
90238  49.247  25.642  12.925 0.0000000000
97205  46.163  37.406  6.629 0.0000000000
123956  43.055  32.063  0.960 0.0000000000
86442  46.306  19.853  14.669 0.0000000000
89640  39.528  24.225  8.226 0.0000000000
88989  39.911  23.261  11.312 0.0000000000
125202  41.253  23.518  9.988 0.0000000000
90991  38.909  26.688  2.675 0.0000000000
90968  39.052  27.163  6.730 0.0000000000
95678  41.486  34.275  9.459 0.0000000000
85759  52.604  18.200  18.874 0.0000000000
84411  54.312  15.924  16.037 0.0000000000
82822  52.871  14.137  16.528 0.0000000000
99202  45.152  41.285  3.567 0.0000000000
90996  43.912  26.001  2.333 0.0000000000
89681  46.091  24.273  2.482 0.0000000000
113581  46.269  26.467  4.109 0.0000000000
128760  45.966  28.766  13.842 0.0000000000
90904  48.332  27.296  12.019 0.0000000000
112790  48.642  28.145  15.010 0.0000000000
89587  48.638  25.114  16.513 0.0000000000
94167  41.519  31.622  5.798 0.0000000000
95726  42.160  34.038  4.727 0.0000000000
93053  40.864  29.818  3.253 0.0000000000
91737  41.511  27.096  -0.561 0.0000000000
88427  49.669  22.096  8.803 0.0000000000
88391  46.788  22.379  11.986 0.0000000000
87783  48.984  21.293  12.997 0.0000000000
87771  40.871  21.170  14.284 0.0000000000
86447  41.664  19.300  14.689 0.0000000000
95267  42.810  32.350  -1.193 0.0000000000
94730  39.416  32.295  0.933 0.0000000000
108705  42.613  29.025  7.003 0.0000000000
91687  44.198  27.348  6.959 0.0000000000
110567  45.903  38.326  13.322 0.0000000000
97175  46.611  36.837  11.182 0.0000000000
117061  42.488  32.233  8.670 0.0000000000
116089  52.125  20.962  13.772 0.0000000000
86439  50.426  19.688  14.791 0.0000000000
85166  52.155  17.785  15.772 0.0000000000
82852  52.680  14.751  13.241 0.0000000000
89068  42.038  24.124  3.980 0.0000000000
125673  43.264  23.460  6.462 0.0000000000
89065  45.128  23.067  4.640 0.0000000000
88447  49.078  22.725  5.919 0.0000000000
89018  50.464  23.024  8.429 0.0000000000
90947  47.260  26.381  8.069 0.0000000000
110706  49.435  25.753  9.831 0.0000000000
88977  50.850  23.184  12.267 0.0000000000
88370  50.410  22.574  14.636 0.0000000000
88344  50.455  21.915  17.778 0.0000000000
118494  44.275  41.188  6.323 0.0000000000
97226  46.002  37.593  4.163 0.0000000000
95734  46.387  34.651  4.191 0.0000000000
95245  45.368  33.118  0.089 0.0000000000
93690  42.208  30.086  -1.142 0.0000000000
90340  39.748  25.383  -0.861 0.0000000000
88984  44.213  23.394  10.896 0.0000000000
87148  43.951  21.000  14.012 0.0000000000
85186  43.865  17.781  13.992 0.0000000000
85170  47.943  17.886  15.042 0.0000000000
89647  40.029  24.297  7.536 0.0000000000
116253  40.282  23.562  9.106 0.0000000000
89038  40.818  23.658  7.762 0.0000000000
90982  40.297  26.148  4.634 0.0000000000
90983  39.556  26.910  4.581 0.0000000000
90286  39.887  25.751  6.691 0.0000000000
90277  39.438  25.586  7.463 0.0000000000
85123  51.912  17.375  19.532 0.0000000000
83599  52.647  15.934  18.487 0.0000000000
83616  52.070  15.430  18.016 0.0000000000
84438  40.664  16.617  14.282 0.0000000000
109782  43.134  27.549  3.321 0.0000000000
110759  45.252  26.432  3.197 0.0000000000
113580  44.445  27.776  4.261 0.0000000000
92332  46.873  29.204  15.248 0.0000000000
91633  47.848  28.593  14.474 0.0000000000
93041  42.007  30.094  5.255 0.0000000000
129196  40.856  30.828  4.241 0.0000000000
92424  42.130  28.440  3.700 0.0000000000
91714  41.539  28.072  2.900 0.0000000000
112993  50.738  21.522  10.135 0.0000000000
87812  48.998  21.809  11.415 0.0000000000
87782  50.355  20.815  12.591 0.0000000000
88990  37.380  23.500  11.439 0.0000000000
88979  37.971  22.940  12.056 0.0000000000
109654  41.049  22.546  12.520 0.0000000000
123826  40.105  22.326  13.052 0.0000000000
87790  41.302  21.688  13.579 0.0000000000
87138  41.304  20.347  14.601 0.0000000000
87789  42.211  21.494  13.639 0.0000000000
131045  41.143  31.017  -0.990 0.0000000000
94737  39.884  31.781  0.234 0.0000000000
93672  38.730  30.250  1.369 0.0000000000
90264  37.726  25.241  9.824 0.0000000000
90258  36.788  25.131  10.935 0.0000000000
93022  42.037  29.419  8.092 0.0000000000
112041  42.394  28.655  7.736 0.0000000000
92397  41.863  28.701  8.561 0.0000000000
116702  41.549  32.517  9.256 0.0000000000
95176  42.147  33.308  9.322 0.0000000000
94151  42.046  31.203  8.553 0.0000000000
93626  42.260  30.789  7.832 0.0000000000
87121  52.532  20.318  15.124 0.0000000000
86426  52.375  19.454  15.089 0.0000000000
85794  52.629  18.625  15.869 0.0000000000
82832  54.947  14.376  14.970 0.0000000000
83632  54.024  15.129  14.417 0.0000000000
82861  54.434  14.018  12.609 0.0000000000
89078  42.106  23.795  2.555 0.0000000000
108601  43.133  23.077  4.276 0.0000000000
88470  44.267  22.851  2.466 0.0000000000
89666  48.191  24.252  4.084 0.0000000000
88457  48.224  22.997  3.853 0.0000000000
89650  49.361  23.694  6.083 0.0000000000
89032  49.618  22.994  6.888 0.0000000000
89639  49.819  23.849  8.071 0.0000000000
90938  44.694  26.371  9.129 0.0000000000
90956  45.554  26.623  7.540 0.0000000000
90937  45.585  26.310  9.286 0.0000000000
127226  48.799  26.999  12.528 0.0000000000
90924  48.578  26.697  10.467 0.0000000000
90251  49.580  25.543  11.369 0.0000000000
89630  50.006  24.751  10.727 0.0000000000
88971  49.948  24.208  12.653 0.0000000000
88970  50.429  23.134  13.379 0.0000000000
109286  49.488  24.215  13.647 0.0000000000
89578  49.526  24.292  18.484 0.0000000000
124662  49.496  23.219  16.566 0.0000000000
97665  44.986  38.895  6.531 0.0000000000
119604  45.314  39.113  5.516 0.0000000000
97215  46.103  37.461  5.451 0.0000000000
95674  46.184  34.732  9.511 0.0000000000
96702  47.304  35.554  9.838 0.0000000000
95702  46.875  34.140  7.975 0.0000000000
95226  42.523  33.367  2.954 0.0000000000
95736  44.229  34.470  3.893 0.0000000000
95755  44.760  33.701  2.029 0.0000000000
95753  46.108  34.532  1.999 0.0000000000
95247  43.927  32.311  0.591 0.0000000000
94735  43.719  31.580  -1.035 0.0000000000
94212  43.087  31.047  -0.593 0.0000000000
120861  41.613  25.031  0.748 0.0000000000
90332  40.985  25.898  -1.256 0.0000000000
90321  41.232  25.119  0.463 0.0000000000
90315  40.726  25.164  1.566 0.0000000000
89036  44.803  23.557  7.107 0.0000000000
89022  44.177  23.594  8.722 0.0000000000
89008  45.696  23.539  9.295 0.0000000000
87146  46.231  21.277  13.958 0.0000000000
87802  45.277  22.290  12.697 0.0000000000
87147  45.310  21.254  13.923 0.0000000000
86444  44.437  19.592  14.284 0.0000000000
85806  45.010  18.915  14.276 0.0000000000
85168  49.788  17.626  15.411 0.0000000000
86429  48.882  19.181  15.326 0.0000000000
84431  48.721  16.567  14.601 0.0000000000
89636  38.672  24.212  9.314 0.0000000000
89002  39.015  23.442  10.916 0.0000000000
89001  39.585  23.507  10.328 0.0000000000
114136  40.372  23.420  10.705 0.0000000000
88987  41.611  23.249  11.236 0.0000000000
114369  37.966  26.664  1.176 0.0000000000
90270  38.669  25.457  8.632 0.0000000000
126847  52.736  18.978  17.369 0.0000000000
85152  53.604  17.503  16.593 0.0000000000
85145  53.454  17.060  18.040 0.0000000000
82803  54.110  14.693  16.726 0.0000000000
90313  43.413  25.161  1.251 0.0000000000
89089  44.766  23.759  0.962 0.0000000000
90312  45.077  25.102  1.800 0.0000000000
90300  46.707  25.744  3.736 0.0000000000
90972  47.467  26.141  5.239 0.0000000000
90907  44.836  26.934  12.318 0.0000000000
90915  45.991  26.506  11.089 0.0000000000
90905  46.828  27.480  12.602 0.0000000000
91642  48.477  27.578  13.568 0.0000000000
90239  48.953  26.379  13.659 0.0000000000
89605  48.816  25.086  14.714 0.0000000000
89596  48.570  25.821  15.686 0.0000000000
90218  48.564  26.087  16.887 0.0000000000
90199  49.566  25.579  19.186 0.0000000000
97652  44.722  38.271  7.455 0.0000000000
95200  42.110  33.556  6.520 0.0000000000
130232  43.368  34.732  6.090 0.0000000000
94701  41.165  32.939  4.824 0.0000000000
94708  40.830  31.975  3.532 0.0000000000
93671  41.272  30.771  1.677 0.0000000000
93670  41.797  29.978  0.292 0.0000000000
92430  41.200  28.260  2.030 0.0000000000
90998  41.722  26.464  1.674 0.0000000000
116030  47.971  22.945  8.722 0.0000000000
88994  46.812  23.196  10.026 0.0000000000
116413  48.401  22.279  10.821 0.0000000000
87801  47.270  21.926  12.592 0.0000000000
87132  47.441  20.786  14.386 0.0000000000
82865  49.530  14.838  12.287 0.0000000000
83649  48.917  15.601  13.716 0.0000000000
87774  38.471  21.237  14.907 0.0000000000
88399  39.620  22.623  12.575 0.0000000000
87792  39.365  21.793  14.042 0.0000000000
87122  39.659  20.557  14.976 0.0000000000
86448  40.754  19.689  14.927 0.0000000000
85810  41.325  18.121  14.674 0.0000000000
115972  42.075  17.507  14.327 0.0000000000
95783  42.041  33.625  0.089 0.0000000000
95249  40.198  33.497  0.645 0.0000000000
92414  43.100  29.082  5.382 0.0000000000
91693  44.076  27.942  6.013 0.0000000000
91688  43.424  27.897  6.888 0.0000000000
91680  43.241  27.079  8.197 0.0000000000
90939  43.698  26.445  9.533 0.0000000000
90917  43.563  26.575  11.433 0.0000000000
91658  44.505  27.744  13.026 0.0000000000
97150  46.280  37.863  12.877 0.0000000000
96689  46.171  36.437  11.587 0.0000000000
95675  45.016  34.685  9.414 0.0000000000
95192  43.047  33.277  7.911 0.0000000000
122219  42.127  32.242  7.023 0.0000000000
93637  42.217  30.334  6.201 0.0000000000
87781  51.981  20.989  12.389 0.0000000000
87143  51.456  20.634  12.955 0.0000000000
86438  51.845  19.737  14.380 0.0000000000
86427  51.184  19.222  15.232 0.0000000000
84429  50.871  16.369  14.989 0.0000000000
115295  53.531  17.164  15.970 0.0000000000
83633  52.071  16.284  15.104 0.0000000000
83647  50.783  15.310  13.816 0.0000000000
89660  41.330  24.581  5.262 0.0000000000
89046  41.734  23.634  6.634 0.0000000000
89067  42.614  23.432  5.109 0.0000000000
109154  43.971  23.352  5.918 0.0000000000
89044  45.512  23.471  6.337 0.0000000000
89075  45.959  23.179  2.610 0.0000000000
89053  46.832  23.028  4.912 0.0000000000
89043  47.597  23.124  6.370 0.0000000000
88441  49.148  22.663  7.121 0.0000000000
88426  50.597  21.945  8.693 0.0000000000
88417  51.343  21.982  9.710 0.0000000000
90965  45.439  27.158  5.775 0.0000000000
90964  46.912  26.535  6.372 0.0000000000
90954  48.162  26.197  7.712 0.0000000000
109790  47.194  26.461  9.779 0.0000000000
108564  48.484  26.261  9.031 0.0000000000
90268  49.122  25.478  8.232 0.0000000000
89634  50.023  24.196  8.861 0.0000000000
88993  51.193  22.890  10.334 0.0000000000
88389  51.622  21.374  11.416 0.0000000000
88379  51.345  22.186  12.652 0.0000000000
114359  51.430  21.631  14.408 0.0000000000
87761  51.298  21.557  15.532 0.0000000000
88958  49.222  23.626  15.708 0.0000000000
120717  50.734  21.797  16.626 0.0000000000
87739  51.625  20.848  16.814 0.0000000000
87091  51.336  20.037  18.301 0.0000000000
99198  45.091  41.291  4.871 0.0000000000
97681  45.544  38.673  3.371 0.0000000000
96776  45.958  36.657  1.835 0.0000000000
112673  45.706  34.608  5.958 0.0000000000
96746  47.179  35.533  5.564 0.0000000000
122603  46.999  35.213  4.019 0.0000000000
96250  46.332  35.111  1.812 0.0000000000
96263  45.801  35.168  0.698 0.0000000000
94742  44.394  32.574  -1.206 0.0000000000
94228  42.699  31.120  -1.404 0.0000000000
93095  41.035  28.834  -1.436 0.0000000000
92444  42.259  28.769  -1.530 0.0000000000
91743  41.306  27.285  -2.635 0.0000000000
91745  39.204  26.508  -0.867 0.0000000000
90323  38.889  25.392  0.791 0.0000000000
90301  40.939  25.189  3.329 0.0000000000
89024  42.289  23.578  8.277 0.0000000000
88998  42.686  23.510  10.222 0.0000000000
88410  43.077  23.034  11.758 0.0000000000
128553  45.441  23.083  11.192 0.0000000000
88394  44.532  22.693  12.172 0.0000000000
87804  43.414  22.141  13.052 0.0000000000
119042  43.076  20.153  14.314 0.0000000000
85808  43.263  18.582  14.180 0.0000000000
87131  49.173  20.518  14.253 0.0000000000
122062  48.189  19.666  15.151 0.0000000000
85805  46.562  18.730  14.797 0.0000000000
84450  47.502  16.005  13.867 0.0000000000
121874  45.660  18.302  14.346 0.0000000000
82044  51.261  14.002  16.137 0.0000000000
127240  52.355  12.893  14.672 0.0000000000
89653  40.528  24.399  6.807 0.0000000000
124591  40.495  23.927  7.411 0.0000000000
89047  41.011  23.743  7.009 0.0000000000
90293  40.301  25.822  5.785 0.0000000000
90285  40.293  25.159  6.484 0.0000000000
89654  39.928  24.963  7.101 0.0000000000
83600  51.748  16.022  18.875 0.0000000000
91706  43.126  28.306  3.820 0.0000000000
91712  43.973  27.657  3.597 0.0000000000
91705  43.874  28.292  4.344 0.0000000000
93045  42.508  29.399  4.794 0.0000000000
109145  41.905  29.090  4.109 0.0000000000
127591  42.656  28.881  4.202 0.0000000000
87810  51.184  21.246  10.833 0.0000000000
87811  50.229  21.421  11.036 0.0000000000
118436  50.859  20.937  11.534 0.0000000000
117245  38.215  23.367  11.182 0.0000000000
88380  41.369  22.195  13.010 0.0000000000
125032  41.855  21.982  13.201 0.0000000000
87150  41.777  21.033  14.199 0.0000000000
93082  40.102  29.333  -0.529 0.0000000000
93069  39.383  30.031  0.352 0.0000000000
110928  37.405  24.709  10.469 0.0000000000
90257  37.167  25.573  10.384 0.0000000000
89624  37.010  24.274  11.122 0.0000000000
93619  41.937  30.258  8.272 0.0000000000
93023  41.535  29.588  8.744 0.0000000000
94138  41.435  31.034  9.014 0.0000000000
94657  41.904  31.851  9.029 0.0000000000
87120  52.688  19.779  15.600 0.0000000000
86425  52.605  19.456  15.454 0.0000000000
86417  52.780  18.965  16.259 0.0000000000
82850  54.859  13.996  13.424 0.0000000000
89085  42.366  23.787  1.278 0.0000000000
89084  42.828  23.314  2.019 0.0000000000
89091  43.158  23.506  0.843 0.0000000000
90291  48.568  24.901  5.304 0.0000000000
89659  48.991  23.882  5.259 0.0000000000
89651  49.015  24.613  6.042 0.0000000000
89645  49.360  24.260  6.757 0.0000000000
110060  45.169  26.279  9.820 0.0000000000
90895  49.092  26.380  12.725 0.0000000000
90912  49.221  26.319  11.834 0.0000000000
90245  49.438  25.608  12.133 0.0000000000
130785  49.637  25.200  11.740 0.0000000000
131160  49.507  25.041  12.506 0.0000000000
89609  49.406  24.882  13.044 0.0000000000
88939  49.957  23.313  18.963 0.0000000000
97651  45.513  38.026  7.074 0.0000000000
98177  44.409  39.653  6.479 0.0000000000
97664  45.584  38.258  6.042 0.0000000000
95694  45.413  34.451  8.868 0.0000000000
95693  46.574  34.370  8.787 0.0000000000
95703  45.696  34.367  8.105 0.0000000000
94718  42.094  32.160  1.870 0.0000000000
95225  43.549  33.507  2.449 0.0000000000
94717  42.993  32.821  1.843 0.0000000000
95233  44.263  33.037  1.351 0.0000000000
94728  43.619  31.612  -0.127 0.0000000000
94729  42.689  31.453  0.595 0.0000000000
90320  42.514  24.570  0.743 0.0000000000
108712  42.064  24.754  0.916 0.0000000000
89691  42.119  24.400  0.986 0.0000000000
108902  45.370  23.606  7.834 0.0000000000
109397  45.082  23.606  8.632 0.0000000000
89021  46.095  23.560  8.488 0.0000000000
87134  45.738  20.591  14.325 0.0000000000
86443  45.304  19.756  14.425 0.0000000000
84430  49.730  16.611  14.919 0.0000000000
85180  49.022  17.166  15.056 0.0000000000
83635  49.241  15.934  14.313 0.0000000000
89014  38.881  23.727  9.756 0.0000000000
89635  39.185  23.888  8.963 0.0000000000
89012  41.062  23.565  9.204 0.0000000000
108744  40.460  23.526  9.908 0.0000000000
89000  41.062  23.420  10.618 0.0000000000
88999  41.813  23.461  10.495 0.0000000000
91000  38.074  26.641  1.844 0.0000000000
91722  37.290  27.421  2.106 0.0000000000
90992  38.001  27.261  2.794 0.0000000000
91694  39.234  27.287  5.493 0.0000000000
91707  38.910  27.477  4.496 0.0000000000
90269  39.170  25.052  8.130 0.0000000000
90278  38.987  25.800  8.049 0.0000000000
89641  38.911  24.585  8.746 0.0000000000
90263  38.359  24.942  9.274 0.0000000000
86393  52.385  18.898  18.519 0.0000000000
108313  53.198  17.827  18.113 0.0000000000
83615  53.023  15.315  17.743 0.0000000000
83614  53.879  15.399  17.319 0.0000000000
82821  53.842  14.111  16.356 0.0000000000
82053  54.405  13.695  15.673 0.0000000000
113199  54.171  13.175  15.268 0.0000000000
99639  45.029  41.981  4.378 0.0000000000
99642  44.819  42.712  4.115 0.0000000000
90319  44.430  24.592  0.975 0.0000000000
111825  44.408  25.342  1.675 0.0000000000
90980  45.617  26.830  3.973 0.0000000000
90986  45.975  26.132  3.380 0.0000000000
90979  47.465  25.705  4.531 0.0000000000
126598  46.822  26.388  4.789 0.0000000000
91657  45.667  27.742  13.058 0.0000000000
90906  45.859  26.881  12.063 0.0000000000
91644  46.615  28.251  13.550 0.0000000000
91632  48.365  28.193  14.407 0.0000000000
125583  47.973  28.135  13.843 0.0000000000
108684  48.651  27.690  14.291 0.0000000000
90896  48.806  27.084  13.580 0.0000000000
90886  48.826  27.296  14.634 0.0000000000
90232  48.772  26.173  14.601 0.0000000000
90226  48.769  26.943  15.401 0.0000000000
127165  48.420  26.929  17.159 0.0000000000
90200  48.812  26.398  18.218 0.0000000000
90181  49.393  26.559  19.752 0.0000000000
94683  41.610  32.340  6.208 0.0000000000
95201  41.509  33.132  5.789 0.0000000000
94693  41.213  32.311  5.315 0.0000000000
93647  40.743  30.631  3.558 0.0000000000
94180  40.702  31.404  3.943 0.0000000000
94191  40.741  31.164  3.021 0.0000000000
93657  40.797  30.332  2.627 0.0000000000
117416  41.050  30.001  1.643 0.0000000000
93057  40.895  29.543  2.337 0.0000000000
90989  42.676  27.035  2.765 0.0000000000
109455  41.936  27.207  2.497 0.0000000000
124566  42.248  26.455  2.179 0.0000000000
90314  42.223  25.547  1.356 0.0000000000
88428  48.489  22.567  9.253 0.0000000000
88419  47.736  22.708  10.194 0.0000000000
88418  49.040  22.214  9.816 0.0000000000
114099  48.383  21.683  12.347 0.0000000000
87784  47.767  21.492  13.242 0.0000000000
87145  48.268  21.012  13.952 0.0000000000
87793  38.551  21.735  14.304 0.0000000000
88414  39.065  23.057  11.836 0.0000000000
88413  39.906  22.879  12.033 0.0000000000
87791  40.276  21.826  13.703 0.0000000000
87772  39.988  21.238  14.481 0.0000000000
87139  40.451  20.520  14.746 0.0000000000
114618  40.088  19.951  15.095 0.0000000000
85809  42.333  18.433  14.407 0.0000000000
95256  44.056  33.208  -1.122 0.0000000000
95257  42.959  33.035  -0.828 0.0000000000
95259  40.192  32.593  0.265 0.0000000000
112463  38.802  31.911  1.719 0.0000000000
92407  42.851  29.063  6.281 0.0000000000
92406  43.354  28.526  6.124 0.0000000000
92402  42.883  28.460  6.965 0.0000000000
91689  42.809  27.780  7.719 0.0000000000
90940  43.004  26.733  9.024 0.0000000000
90918  42.766  26.606  10.943 0.0000000000
90908  43.861  26.986  12.298 0.0000000000
97627  44.965  38.868  12.176 0.0000000000
97616  46.127  38.240  13.186 0.0000000000
96670  45.861  37.017  12.441 0.0000000000
96176  45.375  35.708  10.866 0.0000000000
95175  42.735  33.026  9.050 0.0000000000
95174  43.461  33.686  9.060 0.0000000000
95185  43.010  33.057  8.637 0.0000000000
94682  42.422  32.926  7.356 0.0000000000
94670  42.543  32.126  7.881 0.0000000000
115047  42.293  30.161  7.126 0.0000000000
93632  42.204  30.902  6.950 0.0000000000
93035  42.509  29.611  6.600 0.0000000000
93040  42.577  29.639  5.716 0.0000000000
87142  52.024  20.870  13.088 0.0000000000
87129  52.026  20.441  13.821 0.0000000000
85795  51.734  18.619  15.609 0.0000000000
85167  51.005  17.771  15.625 0.0000000000
84414  51.548  17.039  15.384 0.0000000000
84405  53.978  16.723  16.367 0.0000000000
84412  53.713  16.512  15.706 0.0000000000
83645  53.119  15.080  13.963 0.0000000000
109302  52.854  15.681  14.620 0.0000000000
83646  51.999  15.214  13.920 0.0000000000
114771  51.408  15.751  14.549 0.0000000000
82853  51.433  14.774  13.075 0.0000000000
82863  52.297  14.577  12.282 0.0000000000
130329  41.688  24.384  4.723 0.0000000000
89058  41.975  23.941  5.253 0.0000000000
124945  42.525  23.613  4.436 0.0000000000
88461  43.997  22.776  3.641 0.0000000000
89066  44.095  23.125  4.805 0.0000000000
89055  44.828  23.322  5.577 0.0000000000
89054  45.809  23.231  5.293 0.0000000000
89081  45.789  23.796  2.196 0.0000000000
89082  45.300  23.543  1.710 0.0000000000
89074  46.559  23.646  2.831 0.0000000000
88452  48.591  22.868  4.615 0.0000000000
88453  47.860  22.807  4.687 0.0000000000
88448  48.483  22.788  5.508 0.0000000000
89052  47.505  23.007  5.470 0.0000000000
88442  48.751  22.744  6.393 0.0000000000
89033  48.168  22.919  7.159 0.0000000000
89019  49.944  22.843  7.743 0.0000000000
88433  50.544  22.333  8.497 0.0000000000
88425  51.085  22.038  8.951 0.0000000000
128899  51.222  22.178  9.141 0.0000000000
91692  44.672  27.401  6.221 0.0000000000
91700  44.701  27.575  5.557 0.0000000000
90966  45.088  26.993  6.754 0.0000000000
110422  46.283  26.424  8.072 0.0000000000
90955  46.590  26.507  7.280 0.0000000000
108421  47.535  26.368  7.052 0.0000000000
90914  46.886  26.954  11.576 0.0000000000
90926  46.980  26.650  10.662 0.0000000000
114228  47.967  27.065  11.150 0.0000000000
90923  49.186  26.307  10.527 0.0000000000
90935  48.953  26.343  9.752 0.0000000000
90945  48.663  25.970  8.340 0.0000000000
90262  49.173  25.787  9.000 0.0000000000
90267  49.528  24.927  8.520 0.0000000000
118500  49.963  24.704  9.806 0.0000000000
89623  50.580  23.931  10.956 0.0000000000
109656  51.140  23.076  11.302 0.0000000000
88404  51.468  21.939  10.764 0.0000000000
88390  51.455  22.140  11.716 0.0000000000
88369  51.211  22.026  13.597 0.0000000000
130451  50.888  22.019  15.076 0.0000000000
89595  48.789  24.591  15.656 0.0000000000
109834  49.173  24.075  14.690 0.0000000000
88351  50.066  22.484  16.911 0.0000000000
87740  50.975  21.349  17.348 0.0000000000
87722  51.141  20.765  17.838 0.0000000000
120761  43.589  40.997  6.471 0.0000000000
99632  42.733  42.215  6.497 0.0000000000
99188  43.718  41.889  6.469 0.0000000000
98678  44.792  41.255  5.820 0.0000000000
97672  45.626  38.415  4.845 0.0000000000
121684  45.444  39.294  4.322 0.0000000000
97241  45.840  37.719  2.871 0.0000000000
96762  46.187  36.806  2.567 0.0000000000
95725  43.083  34.619  5.280 0.0000000000
125663  44.807  34.667  6.607 0.0000000000
95724  44.234  34.807  5.778 0.0000000000
95735  45.370  34.552  3.931 0.0000000000
95723  45.436  34.631  4.936 0.0000000000
95721  47.076  34.756  5.724 0.0000000000
96228  47.194  35.019  5.100 0.0000000000
96754  47.101  35.500  4.680 0.0000000000
95742  46.709  34.921  3.575 0.0000000000
120794  45.847  34.213  1.331 0.0000000000
95766  45.898  34.398  0.956 0.0000000000
95779  45.576  34.381  0.213 0.0000000000
95780  45.330  33.934  -0.390 0.0000000000
95255  45.265  33.144  -0.566 0.0000000000
94222  43.016  30.977  -1.248 0.0000000000
126905  43.277  31.444  -1.323 0.0000000000
93681  42.543  30.679  -1.290 0.0000000000
93691  41.490  29.627  -1.299 0.0000000000
92445  41.631  28.197  -0.373 0.0000000000
93081  41.776  29.111  -0.213 0.0000000000
90339  40.510  25.390  -0.766 0.0000000000
91021  41.187  26.534  -2.516 0.0000000000
91018  39.752  26.038  -1.477 0.0000000000
91744  39.975  26.922  -1.970 0.0000000000
91013  38.889  25.764  -0.351 0.0000000000
90324  38.578  25.559  0.352 0.0000000000
90334  39.104  25.107  -0.092 0.0000000000
89676  41.502  24.466  3.042 0.0000000000
90308  40.492  25.493  2.475 0.0000000000
89667  41.331  24.823  4.262 0.0000000000
108826  42.544  23.538  7.180 0.0000000000
125285  43.066  23.572  7.954 0.0000000000
89010  43.947  23.560  9.504 0.0000000000
109881  43.239  23.558  9.616 0.0000000000
88997  43.668  23.502  10.252 0.0000000000
88985  43.350  23.379  11.015 0.0000000000
88420  46.771  22.924  10.670 0.0000000000
88995  45.951  23.242  10.568 0.0000000000
88406  46.192  22.768  11.361 0.0000000000
87786  44.871  21.792  13.392 0.0000000000
87803  44.298  22.249  12.905 0.0000000000
87787  44.042  21.691  13.497 0.0000000000
87788  43.167  21.436  13.661 0.0000000000
85807  44.162  18.733  14.142 0.0000000000
86445  43.587  19.435  14.254 0.0000000000
112340  42.905  17.727  14.138 0.0000000000
85195  43.291  17.000  13.962 0.0000000000
87130  51.175  20.171  13.925 0.0000000000
87144  50.297  20.491  13.593 0.0000000000
126789  50.038  20.198  14.364 0.0000000000
85798  48.495  18.394  15.294 0.0000000000
85799  47.734  18.770  15.166 0.0000000000
86441  47.275  19.665  15.023 0.0000000000
121939  47.178  18.019  14.864 0.0000000000
83669  47.757  15.367  12.399 0.0000000000
111865  48.210  15.525  13.259 0.0000000000
83650  47.197  15.618  13.115 0.0000000000
89027  39.837  23.689  8.650 0.0000000000
89039  40.156  23.787  7.972 0.0000000000
89026  40.540  23.606  8.476 0.0000000000
89025  41.329  23.581  8.349 0.0000000000
114234  39.688  26.530  3.628 0.0000000000
91715  38.927  27.190  3.651 0.0000000000
90975  39.885  26.588  5.375 0.0000000000
90967  39.690  26.532  6.197 0.0000000000
90959  39.460  26.325  6.953 0.0000000000
113362  39.604  24.796  7.692 0.0000000000
85122  52.154  17.931  19.442 0.0000000000
85134  52.682  17.364  18.911 0.0000000000
84393  52.250  16.662  19.062 0.0000000000
82805  52.456  14.749  17.248 0.0000000000
90988  43.523  26.886  2.940 0.0000000000
90307  44.827  25.876  2.442 0.0000000000
90987  44.434  26.704  3.083 0.0000000000
90981  44.837  27.205  3.771 0.0000000000
92361  46.539  29.051  14.355 0.0000000000
92360  47.309  28.573  14.075 0.0000000000
92348  47.270  29.058  14.846 0.0000000000
91618  48.345  28.468  15.680 0.0000000000
93638  41.641  30.839  5.537 0.0000000000
94173  41.077  31.415  4.858 0.0000000000
93643  41.333  30.508  4.756 0.0000000000
93047  40.998  30.135  4.047 0.0000000000
93052  41.263  29.399  3.750 0.0000000000
92426  41.052  28.935  2.888 0.0000000000
92425  41.520  28.766  3.512 0.0000000000
91713  42.372  27.758  3.230 0.0000000000
87819  50.239  21.750  9.417 0.0000000000
87820  49.613  21.780  10.416 0.0000000000
87800  49.654  21.335  12.006 0.0000000000
88412  40.571  22.912  11.942 0.0000000000
88398  40.341  22.576  12.531 0.0000000000
88381  40.749  22.209  13.077 0.0000000000
87137  42.215  20.210  14.442 0.0000000000
94744  41.654  31.424  -1.096 0.0000000000
94736  41.177  32.282  -0.505 0.0000000000
116157  40.635  31.697  -0.466 0.0000000000
94214  39.250  31.181  0.892 0.0000000000
112338  37.453  26.138  9.874 0.0000000000
89625  36.399  24.745  11.551 0.0000000000
108783  36.579  23.814  11.844 0.0000000000
93029  42.363  29.456  7.402 0.0000000000
95177  41.009  33.387  9.357 0.0000000000
94642  42.244  32.536  9.111 0.0000000000
94150  42.380  31.565  8.169 0.0000000000
122044  42.182  30.003  7.764 0.0000000000
87128  52.345  20.394  14.316 0.0000000000
86436  52.656  19.901  14.861 0.0000000000
121967  54.595  14.936  15.573 0.0000000000
111962  54.061  15.720  15.193 0.0000000000
110260  54.634  14.962  14.883 0.0000000000
82851  53.990  14.567  13.499 0.0000000000
82862  53.474  14.447  12.472 0.0000000000
89077  42.627  23.401  3.377 0.0000000000
89076  43.374  22.962  2.888 0.0000000000
88469  44.842  22.734  3.194 0.0000000000
89674  47.773  24.063  3.580 0.0000000000
89073  47.550  23.438  3.453 0.0000000000
89673  48.246  23.497  3.884 0.0000000000
89051  48.933  23.128  4.872 0.0000000000
88446  49.290  22.881  5.922 0.0000000000
88440  49.332  22.802  6.496 0.0000000000
89042  49.497  23.068  6.249 0.0000000000
111537  49.632  23.637  7.269 0.0000000000
90949  44.705  26.575  8.164 0.0000000000
90957  44.706  26.834  7.437 0.0000000000
90948  45.541  26.404  8.517 0.0000000000
90936  46.503  26.332  8.966 0.0000000000
110760  48.875  26.774  11.362 0.0000000000
118347  49.321  26.190  11.127 0.0000000000
90256  49.591  25.619  10.580 0.0000000000
110072  49.940  24.743  11.448 0.0000000000
88978  50.387  24.051  11.790 0.0000000000
88964  49.746  23.416  14.243 0.0000000000
89586  49.041  24.114  16.884 0.0000000000
88950  49.694  23.258  17.729 0.0000000000
88345  50.101  22.563  18.178 0.0000000000
98669  43.003  40.289  6.511 0.0000000000
98668  43.962  40.364  6.484 0.0000000000
124052  44.656  40.527  6.155 0.0000000000
98667  45.075  40.626  5.474 0.0000000000
96186  47.107  35.725  10.493 0.0000000000
96703  47.036  36.210  10.518 0.0000000000
125289  47.280  35.194  9.837 0.0000000000
95673  47.144  34.721  9.362 0.0000000000
95217  42.243  33.752  3.828 0.0000000000
124070  43.595  34.567  4.540 0.0000000000
95746  43.025  33.832  3.303 0.0000000000
95745  43.973  34.077  3.095 0.0000000000
95744  45.354  34.262  2.788 0.0000000000
95743  46.294  34.592  3.138 0.0000000000
95232  45.230  33.350  0.964 0.0000000000
95246  44.897  32.621  0.218 0.0000000000
94727  45.062  32.522  -0.617 0.0000000000
110643  44.461  32.017  -0.511 0.0000000000
93682  42.510  30.454  -0.869 0.0000000000
108266  41.411  26.081  -0.139 0.0000000000
111063  41.122  25.487  -0.201 0.0000000000
123878  40.704  25.133  -0.117 0.0000000000
114796  39.602  25.084  0.418 0.0000000000
89692  41.443  24.889  1.153 0.0000000000
89684  41.757  24.330  1.804 0.0000000000
129084  44.193  23.569  7.298 0.0000000000
128838  43.686  23.592  8.144 0.0000000000
124251  44.396  23.606  7.881 0.0000000000
89009  44.788  23.579  9.409 0.0000000000
88996  44.502  23.517  10.155 0.0000000000
88392  46.290  22.112  12.734 0.0000000000
129078  45.947  22.475  12.156 0.0000000000
87785  45.779  21.753  13.374 0.0000000000
124005  44.573  21.283  13.859 0.0000000000
87136  43.861  20.226  14.234 0.0000000000
87135  44.725  20.529  14.229 0.0000000000
86428  49.951  19.163  15.329 0.0000000000
130974  49.582  19.541  15.142 0.0000000000
85797  49.345  18.464  15.447 0.0000000000
85169  48.772  17.781  15.257 0.0000000000
85181  48.264  17.218  14.845 0.0000000000
89631  38.109  24.257  9.914 0.0000000000
123251  38.415  23.654  10.418 0.0000000000
130070  38.935  23.560  10.330 0.0000000000
89013  39.660  23.606  9.414 0.0000000000
88988  40.819  23.233  11.303 0.0000000000
88411  41.354  22.902  11.919 0.0000000000
114337  42.183  22.918  11.853 0.0000000000
92447  38.491  27.802  0.332 0.0000000000
92439  37.860  28.220  1.247 0.0000000000
90960  39.047  26.448  7.570 0.0000000000
90951  38.532  26.426  8.357 0.0000000000
90271  38.080  25.982  9.198 0.0000000000
94643  40.478  32.567  9.356 0.0000000000
114777  40.994  31.746  9.234 0.0000000000
87105  52.519  19.672  16.692 0.0000000000
85774  53.258  18.195  17.100 0.0000000000
128650  53.578  17.509  17.402 0.0000000000
85144  53.862  16.866  17.188 0.0000000000
84402  53.031  16.502  18.440 0.0000000000
84401  53.737  16.271  17.724 0.0000000000
83621  54.376  15.235  16.468 0.0000000000
82833  54.946  14.061  15.339 0.0000000000
82052  54.876  13.378  14.880 0.0000000000
110780  43.488  24.252  0.489 0.0000000000
89090  44.042  23.506  0.692 0.0000000000
89689  44.233  23.979  0.493 0.0000000000
89683  45.077  24.498  1.433 0.0000000000
90311  45.674  24.820  2.208 0.0000000000
90306  45.525  25.614  2.631 0.0000000000
109814  46.070  25.408  2.985 0.0000000000
90305  46.490  24.883  3.029 0.0000000000
90304  47.432  24.867  3.756 0.0000000000
90299  48.097  25.033  4.561 0.0000000000
90283  48.488  25.514  6.052 0.0000000000
90916  45.054  26.521  11.467 0.0000000000
90913  47.617  27.295  11.956 0.0000000000
91643  47.418  27.923  13.314 0.0000000000
130413  48.046  27.733  13.210 0.0000000000
91655  48.349  27.440  12.776 0.0000000000
89604  49.072  25.315  13.755 0.0000000000
89579  48.981  25.249  17.683 0.0000000000
89564  49.999  24.679  19.920 0.0000000000
95705  43.268  34.083  7.424 0.0000000000
127054  43.992  34.293  7.697 0.0000000000
95715  42.773  34.359  6.457 0.0000000000
95208  42.051  34.004  5.678 0.0000000000
95209  41.578  33.556  5.094 0.0000000000
94174  40.862  32.187  4.406 0.0000000000
94707  41.058  32.757  3.967 0.0000000000
95218  41.528  33.428  4.333 0.0000000000
112943  41.375  32.476  3.042 0.0000000000
94719  41.244  31.686  2.465 0.0000000000
94202  41.838  31.391  1.380 0.0000000000
93068  41.171  29.344  1.196 0.0000000000
91721  41.302  27.678  0.931 0.0000000000
91720  41.451  27.398  1.896 0.0000000000
91728  41.436  26.702  0.834 0.0000000000
91004  41.654  25.733  0.660 0.0000000000
108635  47.309  23.311  8.070 0.0000000000
89007  46.794  23.374  9.181 0.0000000000
123260  47.552  23.029  9.510 0.0000000000
88405  47.268  22.570  11.147 0.0000000000
87813  47.832  22.160  11.747 0.0000000000
124136  46.730  21.658  13.362 0.0000000000
87770  47.171  21.257  13.979 0.0000000000
87133  46.660  20.752  14.406 0.0000000000
83667  49.178  15.229  13.054 0.0000000000
109928  38.784  22.647  12.724 0.0000000000
88382  39.480  22.289  13.303 0.0000000000
87773  39.157  21.214  14.719 0.0000000000
86430  39.414  19.789  15.321 0.0000000000
115599  40.854  18.904  14.944 0.0000000000
85189  40.563  17.380  14.688 0.0000000000
95258  41.826  32.861  -0.506 0.0000000000
95248  41.004  33.568  0.398 0.0000000000
93070  38.396  29.285  1.348 0.0000000000
93058  38.042  29.742  2.136 0.0000000000
92413  43.714  28.521  5.208 0.0000000000
126167  43.501  27.388  7.509 0.0000000000
90958  44.004  26.876  7.786 0.0000000000
90950  43.857  26.607  8.622 0.0000000000
112528  44.320  26.382  10.960 0.0000000000
91645  45.184  28.840  13.722 0.0000000000
97171  46.224  37.517  11.936 0.0000000000
96655  46.175  37.622  12.914 0.0000000000
96669  46.379  37.149  12.119 0.0000000000
96688  46.765  36.379  11.182 0.0000000000
96175  46.532  35.760  10.861 0.0000000000
96188  45.766  35.184  10.156 0.0000000000
95695  44.345  34.279  8.903 0.0000000000
95677  42.520  34.285  9.480 0.0000000000
95676  44.102  34.385  9.293 0.0000000000
95184  43.651  33.843  8.402 0.0000000000
128022  41.852  32.887  6.591 0.0000000000
94159  42.305  31.515  7.467 0.0000000000
94166  41.926  31.621  6.625 0.0000000000
93633  41.894  31.071  6.233 0.0000000000
87798  51.768  21.076  11.745 0.0000000000
87799  51.463  20.857  11.980 0.0000000000
86437  52.414  19.990  14.423 0.0000000000
85796  50.471  18.543  15.553 0.0000000000
84415  50.540  17.074  15.291 0.0000000000
83634  50.240  15.827  14.469 0.0000000000
85784  53.062  18.117  16.357 0.0000000000
85165  53.068  17.724  15.977 0.0000000000
84413  52.831  17.038  15.502 0.0000000000
83624  53.172  16.274  15.212 0.0000000000
82854  50.205  14.867  12.911 0.0000000000
89652  41.290  24.094  6.150 0.0000000000
130130  41.811  23.749  6.017 0.0000000000
89057  42.401  23.488  6.019 0.0000000000
89056  43.201  23.292  5.442 0.0000000000
89045  44.608  23.459  6.362 0.0000000000
123465  45.666  23.560  7.168 0.0000000000
89083  44.608  23.209  1.418 0.0000000000
88475  45.127  23.031  2.339 0.0000000000
88460  45.427  22.773  3.730 0.0000000000
88467  46.889  23.076  3.283 0.0000000000
88459  47.148  22.859  3.959 0.0000000000
89064  46.103  22.840  4.272 0.0000000000
112108  46.602  23.320  5.891 0.0000000000
108714  46.468  23.465  6.805 0.0000000000
89034  47.172  23.365  7.242 0.0000000000
89020  48.649  22.655  7.830 0.0000000000
125660  49.552  22.801  7.231 0.0000000000
88434  49.807  22.427  7.986 0.0000000000
87825  51.033  21.734  9.402 0.0000000000
87818  51.257  21.621  10.225 0.0000000000
128939  51.394  21.678  10.387 0.0000000000
91701  44.365  28.006  5.007 0.0000000000
91704  45.074  27.406  4.736 0.0000000000
90974  45.981  26.926  4.821 0.0000000000
108516  45.997  26.751  6.566 0.0000000000
113074  46.395  26.731  5.657 0.0000000000
90973  47.100  26.435  5.610 0.0000000000
90284  47.757  26.199  6.047 0.0000000000
90276  48.349  25.980  6.870 0.0000000000
90927  46.073  26.355  10.040 0.0000000000
108731  47.622  26.355  8.991 0.0000000000
110459  48.150  26.506  9.715 0.0000000000
90946  48.072  26.274  8.421 0.0000000000
127286  48.807  25.658  7.604 0.0000000000
90275  49.372  24.771  7.613 0.0000000000
89633  50.603  23.433  9.184 0.0000000000
89629  50.624  23.763  10.072 0.0000000000
117216  51.099  22.700  9.470 0.0000000000
88378  51.743  21.317  12.089 0.0000000000
87769  51.851  21.282  12.964 0.0000000000
128761  51.720  21.430  13.655 0.0000000000
87760  52.083  20.924  14.754 0.0000000000
87751  51.951  20.898  15.772 0.0000000000
131296  49.111  24.660  14.162 0.0000000000
125394  49.591  23.263  14.978 0.0000000000
88360  49.784  22.847  15.724 0.0000000000
88359  50.471  22.198  15.736 0.0000000000
87752  51.328  21.315  16.420 0.0000000000
87106  51.885  20.252  17.303 0.0000000000
86409  52.110  19.567  17.906 0.0000000000
86394  51.665  19.298  18.923 0.0000000000
85760  51.964  18.576  19.352 0.0000000000
98681  45.264  40.653  4.364 0.0000000000
98185  45.307  39.955  4.995 0.0000000000
98189  45.380  40.036  3.830 0.0000000000
126743  45.392  39.545  3.274 0.0000000000
114202  45.145  39.401  2.677 0.0000000000
97250  45.461  37.520  2.010 0.0000000000
96777  45.422  36.788  1.493 0.0000000000
97192  46.195  37.238  7.713 0.0000000000
97191  46.829  36.473  7.236 0.0000000000
109862  44.750  34.477  7.422 0.0000000000
118229  45.993  34.462  7.108 0.0000000000
109612  44.234  34.720  4.732 0.0000000000
96738  47.385  35.477  6.781 0.0000000000
97214  46.758  36.480  6.072 0.0000000000
97225  46.703  36.440  4.797 0.0000000000
119389  46.949  35.908  4.053 0.0000000000
95752  46.511  34.869  2.678 0.0000000000
96243  46.718  35.228  2.917 0.0000000000
96761  46.706  35.931  3.225 0.0000000000
96775  46.423  35.912  2.242 0.0000000000
96262  46.038  35.985  1.411 0.0000000000
96795  45.410  36.087  1.032 0.0000000000
96273  45.319  34.675  -0.035 0.0000000000
95266  43.615  32.394  -1.325 0.0000000000
94734  44.489  32.202  -1.041 0.0000000000
94221  43.804  31.920  -1.280 0.0000000000
120089  43.171  31.746  -1.436 0.0000000000
94223  41.333  30.390  -1.126 0.0000000000
93683  40.461  30.074  -0.672 0.0000000000
92446  39.621  28.426  -0.614 0.0000000000
93080  42.207  29.582  -1.150 0.0000000000
91742  42.057  27.110  -2.008 0.0000000000
91748  42.245  27.739  -2.440 0.0000000000
92452  42.005  28.317  -2.521 0.0000000000
92453  40.526  27.954  -2.017 0.0000000000
91738  39.274  27.392  -0.830 0.0000000000
91739  38.390  26.709  0.198 0.0000000000
91005  38.267  25.941  1.036 0.0000000000
90999  38.822  25.960  1.714 0.0000000000
90316  39.795  25.398  1.458 0.0000000000
90309  39.710  26.050  2.584 0.0000000000
90990  40.351  25.854  3.512 0.0000000000
90302  40.752  25.469  4.200 0.0000000000
89668  40.835  25.315  5.048 0.0000000000
89037  41.590  23.580  7.517 0.0000000000
126187  41.806  23.602  8.960 0.0000000000
89023  43.269  23.595  8.781 0.0000000000
108827  42.519  23.592  9.262 0.0000000000
89011  41.853  23.568  9.694 0.0000000000
88986  42.441  23.317  11.120 0.0000000000
88396  42.784  22.542  12.481 0.0000000000
116023  46.110  23.415  9.846 0.0000000000
108616  45.344  23.504  10.025 0.0000000000
88407  45.031  23.367  10.729 0.0000000000
88393  45.331  22.730  11.852 0.0000000000
88409  43.939  23.110  11.633 0.0000000000
88395  43.673  22.636  12.361 0.0000000000
87805  42.542  22.033  13.130 0.0000000000
87149  42.653  20.888  14.139 0.0000000000
86446  42.703  19.356  14.384 0.0000000000
122094  49.405  20.842  13.515 0.0000000000
86440  49.159  19.953  14.917 0.0000000000
113403  48.067  20.349  14.709 0.0000000000
110104  47.122  20.326  14.715 0.0000000000
83636  48.363  15.969  14.078 0.0000000000
84432  47.848  16.618  14.390 0.0000000000
84433  46.967  16.704  14.230 0.0000000000
85182  47.416  17.320  14.649 0.0000000000
85183  46.452  17.592  14.454 0.0000000000
121250  45.739  19.092  14.515 0.0000000000
121361  44.803  18.077  14.093 0.0000000000
82823  51.817  14.313  16.654 0.0000000000
82043  52.154  13.772  15.998 0.0000000000
82055  52.295  13.286  15.308 0.0000000000
82054  53.341  13.519  15.789 0.0000000000
82804  53.423  14.663  17.041 0.0000000000
82806  51.389  14.911  17.392 0.0000000000
82820  54.514  14.406  16.081 0.0000000000
82840  55.173  13.793  14.617 0.0000000000
82841  54.868  14.379  14.259 0.0000000000
84404  54.136  16.068  16.869 0.0000000000
87153  51.896  20.929  12.357 0.0000000000
87809  51.454  21.360  10.985 0.0000000000
88408  44.744  23.109  11.424 0.0000000000
88435  48.980  22.429  8.450 0.0000000000
88458  48.131  22.867  4.064 0.0000000000
88466  47.673  23.004  3.699 0.0000000000
88468  45.560  22.795  3.008 0.0000000000
89006  50.959  22.447  8.855 0.0000000000
89050  49.279  23.134  5.603 0.0000000000
89063  48.650  23.626  4.444 0.0000000000
89616  49.767  24.828  12.033 0.0000000000
89675  47.035  24.215  3.116 0.0000000000
89677  41.146  24.930  2.232 0.0000000000
89682  45.355  24.135  1.575 0.0000000000
89688  44.786  24.141  0.984 0.0000000000
90292  48.013  25.668  5.275 0.0000000000
90298  48.534  24.357  4.706 0.0000000000
90322  40.529  25.053  0.553 0.0000000000
90333  40.008  25.043  -0.245 0.0000000000
90925  47.799  26.695  10.338 0.0000000000
90997  42.925  26.135  2.245 0.0000000000
91012  41.413  26.294  -1.160 0.0000000000
91016  41.409  26.456  -2.048 0.0000000000
91017  40.593  25.920  -1.755 0.0000000000
91022  40.561  26.477  -2.256 0.0000000000
91656  47.790  27.543  12.617 0.0000000000
92438  41.211  28.556  1.001 0.0000000000
92451  42.332  28.345  -2.161 0.0000000000
93046  41.625  29.755  4.486 0.0000000000
93094  42.266  29.036  -1.760 0.0000000000
94213  42.288  30.762  0.288 0.0000000000
94224  40.199  30.923  -0.363 0.0000000000
94229  42.081  30.713  -1.340 0.0000000000
94741  44.948  32.679  -1.041 0.0000000000
94743  42.252  31.921  -1.167 0.0000000000
95227  41.667  33.172  3.489 0.0000000000
95234  42.064  32.840  2.677 0.0000000000
95244  45.536  33.741  0.159 0.0000000000
95692  47.440  34.348  8.505 0.0000000000
95714  43.776  34.636  6.788 0.0000000000
95722  46.543  34.620  5.247 0.0000000000
95733  46.916  34.874  4.628 0.0000000000
95737  43.113  34.262  4.112 0.0000000000
95754  45.632  33.988  1.607 0.0000000000
95767  45.630  33.800  0.815 0.0000000000
95792  44.893  33.372  -0.979 0.0000000000
96187  46.820  35.217  10.117 0.0000000000
97240  46.439  36.757  3.606 0.0000000000
97626  45.944  38.267  12.460 0.0000000000
98106  45.710  38.633  13.077 0.0000000000
98176  45.074  39.846  5.978 0.0000000000
98684  45.275  40.581  3.348 0.0000000000
108673  46.224  22.837  3.403 0.0000000000
108900  44.050  23.516  6.768 0.0000000000
108901  43.586  23.562  7.390 0.0000000000
110547  43.704  23.088  1.567 0.0000000000
110867  42.356  27.951  -1.818 0.0000000000
112727  43.531  23.839  0.369 0.0000000000
113179  42.651  33.712  7.152 0.0000000000
113219  52.909  18.450  18.009 0.0000000000
115458  44.299  26.603  11.711 0.0000000000
117347  55.175  13.293  14.157 0.0000000000
119369  38.307  26.024  0.499 0.0000000000
120465  49.065  22.839  5.376 0.0000000000
121650  53.332  15.849  18.028 0.0000000000
123936  40.832  33.005  0.096 0.0000000000
124376  43.363  20.750  14.142 0.0000000000
124997  40.999  28.905  1.986 0.0000000000
125963  48.543  23.044  4.238 0.0000000000
128070  42.798  32.639  8.168 0.0000000000
128881  48.427  22.900  4.146 0.0000000000
129055  44.665  22.836  4.030 0.0000000000
129338  41.789  27.047  -2.512 0.0000000000
129488  49.532  23.482  6.650 0.0000000000
130144  49.605  25.131  9.233 0.0000000000
131013  52.148  20.669  13.750 0.0000000000
