#!ascii label  , from subject sub-v1s13x0050005_ses-1 vox2ras=TkReg
518
61557  20.912  -11.600  -27.383 0.0000000000
69526  25.826  -3.310  -29.807 0.0000000000
76391  23.358  5.557  -34.607 0.0000000000
72143  18.866  0.384  -30.381 0.0000000000
57081  23.326  -16.452  -25.998 0.0000000000
60604  26.664  -11.913  -25.925 0.0000000000
64229  24.113  -8.330  -30.498 0.0000000000
68686  20.637  -3.522  -30.675 0.0000000000
72997  25.324  1.420  -32.712 0.0000000000
77200  25.370  6.674  -30.567 0.0000000000
79652  21.397  9.096  -33.417 0.0000000000
58894  22.541  -13.893  -27.514 0.0000000000
58874  25.306  -14.133  -26.121 0.0000000000
61554  23.871  -11.945  -28.307 0.0000000000
66911  18.623  -5.609  -28.646 0.0000000000
68675  17.561  -3.377  -28.379 0.0000000000
112867  21.749  2.766  -32.713 0.0000000000
72173  22.778  0.493  -32.821 0.0000000000
74671  25.115  3.601  -33.989 0.0000000000
74639  25.705  3.916  -31.988 0.0000000000
77226  25.183  5.734  -33.322 0.0000000000
79610  22.144  9.237  -30.189 0.0000000000
77189  20.229  8.692  -30.967 0.0000000000
80332  21.125  10.089  -32.577 0.0000000000
66918  25.461  -5.737  -30.473 0.0000000000
112161  26.161  -7.923  -28.039 0.0000000000
67808  26.833  -4.770  -27.628 0.0000000000
108614  20.139  5.331  -32.506 0.0000000000
71211  26.152  -0.739  -28.118 0.0000000000
63347  19.357  -9.655  -27.341 0.0000000000
63359  22.172  -9.960  -29.116 0.0000000000
65086  20.919  -7.739  -29.244 0.0000000000
66929  22.429  -5.930  -30.651 0.0000000000
130239  24.761  -3.630  -31.762 0.0000000000
118073  19.588  -1.753  -30.295 0.0000000000
70427  23.580  -1.203  -33.204 0.0000000000
71232  25.378  -0.598  -30.914 0.0000000000
111992  25.471  2.287  -29.633 0.0000000000
78138  19.156  8.002  -32.463 0.0000000000
77239  22.205  7.210  -34.337 0.0000000000
81751  22.118  11.856  -34.904 0.0000000000
80349  23.063  10.325  -35.135 0.0000000000
78947  24.226  8.382  -34.134 0.0000000000
79627  24.474  9.321  -31.014 0.0000000000
62438  25.281  -10.163  -28.352 0.0000000000
61558  19.796  -10.973  -26.765 0.0000000000
61540  20.383  -11.724  -26.858 0.0000000000
60626  21.787  -12.455  -27.530 0.0000000000
59762  22.905  -13.233  -27.743 0.0000000000
117309  22.438  -11.972  -28.004 0.0000000000
75565  22.541  3.867  -33.720 0.0000000000
73873  23.703  2.472  -33.845 0.0000000000
75563  24.421  4.263  -34.306 0.0000000000
75561  25.169  5.073  -33.387 0.0000000000
76388  24.978  6.043  -33.850 0.0000000000
81030  22.228  11.036  -31.258 0.0000000000
79638  21.790  9.326  -31.125 0.0000000000
81031  21.417  10.899  -32.605 0.0000000000
67826  25.787  -4.660  -30.052 0.0000000000
66910  26.145  -5.494  -28.973 0.0000000000
117647  26.237  -4.252  -28.860 0.0000000000
74647  19.678  3.373  -31.514 0.0000000000
75545  19.236  4.790  -31.594 0.0000000000
57098  22.160  -16.124  -26.640 0.0000000000
56220  22.167  -17.147  -25.554 0.0000000000
56203  24.191  -16.846  -24.433 0.0000000000
57067  24.420  -16.232  -24.971 0.0000000000
59736  25.713  -13.437  -26.119 0.0000000000
58849  26.050  -14.569  -25.017 0.0000000000
125703  20.316  -8.971  -28.315 0.0000000000
65075  19.065  -7.689  -28.007 0.0000000000
67828  19.799  -4.594  -29.897 0.0000000000
66920  20.280  -5.579  -29.701 0.0000000000
66931  21.231  -4.867  -30.558 0.0000000000
67847  23.253  -4.681  -31.292 0.0000000000
67848  22.483  -4.030  -31.327 0.0000000000
70405  17.985  -1.794  -28.943 0.0000000000
71233  19.604  -0.571  -30.587 0.0000000000
119861  24.147  1.026  -33.416 0.0000000000
71255  23.092  -0.224  -33.028 0.0000000000
114083  24.227  -0.219  -33.219 0.0000000000
71253  24.862  -1.108  -32.509 0.0000000000
72152  24.893  0.431  -32.275 0.0000000000
126933  25.222  0.884  -30.474 0.0000000000
72986  25.448  1.864  -31.628 0.0000000000
76361  25.454  5.192  -31.326 0.0000000000
75531  25.615  4.416  -29.942 0.0000000000
111777  20.899  9.018  -32.368 0.0000000000
77202  19.513  8.546  -31.968 0.0000000000
78136  20.809  8.588  -32.515 0.0000000000
77240  21.255  7.184  -33.311 0.0000000000
108544  22.154  7.993  -34.593 0.0000000000
79645  23.587  9.231  -34.377 0.0000000000
121204  23.808  10.564  -32.826 0.0000000000
79637  24.281  9.316  -32.073 0.0000000000
63372  22.999  -9.512  -29.833 0.0000000000
63357  24.132  -10.174  -29.628 0.0000000000
64205  25.065  -9.298  -29.897 0.0000000000
65054  27.191  -7.530  -26.575 0.0000000000
64187  26.610  -8.313  -26.884 0.0000000000
58877  21.488  -14.338  -26.741 0.0000000000
57968  22.575  -15.482  -27.065 0.0000000000
57966  24.368  -15.158  -26.364 0.0000000000
58892  23.781  -14.192  -27.356 0.0000000000
130528  24.181  -13.089  -27.542 0.0000000000
60613  25.521  -12.255  -26.840 0.0000000000
122462  17.954  -5.387  -28.476 0.0000000000
67821  18.414  -4.897  -28.973 0.0000000000
67829  19.107  -3.819  -29.850 0.0000000000
121662  20.154  1.404  -31.390 0.0000000000
72154  21.428  0.232  -31.786 0.0000000000
73012  22.230  1.224  -32.598 0.0000000000
109820  23.711  1.645  -33.589 0.0000000000
73009  25.565  2.186  -33.224 0.0000000000
119858  25.962  3.135  -32.393 0.0000000000
74645  25.914  3.647  -32.954 0.0000000000
76368  25.441  5.081  -32.407 0.0000000000
78122  25.091  6.794  -31.633 0.0000000000
78913  20.136  9.220  -29.533 0.0000000000
78930  20.858  8.794  -30.817 0.0000000000
116732  20.815  9.286  -32.157 0.0000000000
79646  21.112  9.464  -32.413 0.0000000000
65095  25.116  -7.412  -30.535 0.0000000000
65082  25.618  -7.945  -29.895 0.0000000000
66006  25.955  -7.092  -29.525 0.0000000000
65995  26.736  -6.138  -27.587 0.0000000000
72987  18.746  1.090  -30.471 0.0000000000
73849  20.356  2.153  -31.678 0.0000000000
74661  21.060  3.392  -32.456 0.0000000000
76392  22.017  5.110  -33.608 0.0000000000
57951  25.377  -15.085  -25.206 0.0000000000
70390  26.020  -1.450  -28.938 0.0000000000
69503  26.516  -2.912  -27.960 0.0000000000
62441  20.022  -10.257  -27.444 0.0000000000
62457  21.727  -10.624  -28.445 0.0000000000
112365  21.244  -10.028  -28.515 0.0000000000
63373  22.142  -9.070  -29.572 0.0000000000
65098  22.640  -7.892  -30.254 0.0000000000
66017  20.318  -6.477  -29.361 0.0000000000
65099  22.004  -7.251  -30.214 0.0000000000
66027  23.943  -6.848  -30.777 0.0000000000
66927  24.370  -5.977  -30.926 0.0000000000
67844  25.216  -4.542  -31.247 0.0000000000
68685  25.675  -3.593  -30.732 0.0000000000
69529  18.383  -2.513  -29.362 0.0000000000
115066  20.230  -2.770  -30.581 0.0000000000
71241  21.704  -0.520  -31.850 0.0000000000
70416  22.043  -1.424  -32.006 0.0000000000
69543  21.926  -2.424  -31.702 0.0000000000
69556  23.890  -2.441  -32.579 0.0000000000
69540  24.980  -2.409  -31.833 0.0000000000
123802  25.825  -1.773  -29.898 0.0000000000
71226  25.773  -0.840  -29.850 0.0000000000
113424  25.612  1.310  -28.403 0.0000000000
125084  25.763  3.330  -31.423 0.0000000000
76394  20.036  6.313  -32.616 0.0000000000
76393  21.146  6.156  -33.219 0.0000000000
77252  23.087  6.523  -34.893 0.0000000000
81042  21.455  10.874  -33.085 0.0000000000
80351  22.089  10.283  -34.637 0.0000000000
123964  22.657  10.478  -35.049 0.0000000000
79657  22.269  9.236  -34.627 0.0000000000
78953  22.383  8.709  -34.651 0.0000000000
78146  24.110  7.894  -34.867 0.0000000000
78155  24.481  7.282  -34.747 0.0000000000
78135  24.744  7.691  -33.381 0.0000000000
78939  24.687  7.999  -32.143 0.0000000000
78108  24.697  8.406  -30.910 0.0000000000
122448  23.106  -11.042  -28.814 0.0000000000
61553  24.522  -11.459  -28.214 0.0000000000
61538  25.674  -11.375  -26.998 0.0000000000
65066  25.687  -8.716  -28.727 0.0000000000
62428  26.222  -10.171  -26.806 0.0000000000
60627  21.099  -12.057  -27.283 0.0000000000
60615  20.923  -12.522  -26.903 0.0000000000
61556  21.643  -11.791  -27.707 0.0000000000
108390  23.817  4.752  -34.456 0.0000000000
75564  23.590  3.977  -34.337 0.0000000000
76390  24.352  5.304  -34.365 0.0000000000
110958  24.853  5.507  -33.890 0.0000000000
76389  24.655  6.154  -34.376 0.0000000000
68680  25.864  -4.046  -30.104 0.0000000000
114208  25.977  -4.315  -29.563 0.0000000000
68670  26.052  -3.819  -29.290 0.0000000000
57083  21.799  -16.653  -26.025 0.0000000000
57082  22.551  -16.631  -26.139 0.0000000000
56219  22.928  -16.981  -25.463 0.0000000000
57068  23.701  -16.664  -25.209 0.0000000000
57080  23.972  -16.163  -25.659 0.0000000000
60605  26.103  -12.627  -26.128 0.0000000000
59735  26.372  -13.298  -25.530 0.0000000000
60594  26.854  -12.586  -25.470 0.0000000000
67836  20.602  -4.384  -30.431 0.0000000000
128843  20.648  -5.032  -30.223 0.0000000000
67835  21.459  -4.199  -30.847 0.0000000000
70412  18.613  -0.721  -29.845 0.0000000000
71234  18.986  -0.346  -30.257 0.0000000000
72153  24.582  0.606  -33.123 0.0000000000
72171  24.063  0.168  -33.328 0.0000000000
71240  24.577  -0.307  -32.835 0.0000000000
111680  25.205  1.037  -31.546 0.0000000000
115440  25.525  5.884  -30.459 0.0000000000
111394  21.142  9.092  -32.702 0.0000000000
78954  21.375  8.699  -33.679 0.0000000000
78148  21.482  7.995  -33.619 0.0000000000
81036  23.642  10.770  -33.737 0.0000000000
80337  24.005  9.976  -32.468 0.0000000000
64219  23.633  -8.987  -30.249 0.0000000000
63371  23.879  -9.699  -30.017 0.0000000000
64218  24.542  -9.018  -30.251 0.0000000000
65040  27.754  -7.558  -25.820 0.0000000000
117848  27.324  -8.205  -26.205 0.0000000000
58895  21.830  -13.745  -27.234 0.0000000000
59747  21.097  -13.392  -26.686 0.0000000000
58876  22.208  -14.635  -27.252 0.0000000000
58893  23.062  -14.724  -27.401 0.0000000000
121116  23.176  -13.885  -27.588 0.0000000000
60624  23.353  -12.616  -27.955 0.0000000000
59761  23.653  -13.319  -27.634 0.0000000000
60623  24.009  -12.642  -27.824 0.0000000000
60614  24.769  -12.780  -27.331 0.0000000000
116254  24.401  -12.118  -27.860 0.0000000000
67823  17.541  -4.105  -28.327 0.0000000000
67822  17.825  -4.625  -28.713 0.0000000000
130181  17.777  -3.944  -28.762 0.0000000000
67830  18.341  -4.084  -29.233 0.0000000000
73013  21.209  1.665  -32.059 0.0000000000
73865  21.958  2.059  -32.736 0.0000000000
74672  24.192  3.348  -34.200 0.0000000000
73872  24.665  2.766  -33.976 0.0000000000
73863  24.533  1.971  -33.761 0.0000000000
73862  25.381  2.601  -33.630 0.0000000000
73861  25.988  2.882  -33.181 0.0000000000
74658  25.676  3.493  -33.398 0.0000000000
76379  25.423  4.974  -33.047 0.0000000000
116024  25.307  5.537  -32.796 0.0000000000
77214  25.157  6.250  -32.730 0.0000000000
79611  21.220  9.298  -29.459 0.0000000000
126654  21.890  8.876  -29.910 0.0000000000
78912  21.214  8.698  -30.046 0.0000000000
78911  21.684  8.811  -30.487 0.0000000000
79639  21.027  9.579  -32.229 0.0000000000
80339  21.089  10.046  -32.588 0.0000000000
66025  25.327  -6.605  -30.529 0.0000000000
120084  25.576  -7.271  -30.194 0.0000000000
66015  25.748  -6.416  -30.075 0.0000000000
67809  26.329  -4.794  -28.442 0.0000000000
66896  26.470  -5.470  -28.025 0.0000000000
66895  27.097  -5.414  -27.311 0.0000000000
65994  27.265  -5.978  -27.008 0.0000000000
72999  19.017  1.614  -30.897 0.0000000000
73850  19.415  2.146  -31.279 0.0000000000
75543  20.183  3.861  -32.027 0.0000000000
75553  20.571  4.454  -32.550 0.0000000000
75552  21.460  4.209  -33.054 0.0000000000
76380  20.852  5.229  -32.969 0.0000000000
58864  24.947  -14.812  -25.925 0.0000000000
57952  24.578  -15.577  -25.610 0.0000000000
114459  26.871  -14.629  -24.404 0.0000000000
63338  18.947  -9.722  -26.918 0.0000000000
62458  20.794  -10.495  -27.963 0.0000000000
63360  20.360  -9.711  -28.046 0.0000000000
64207  20.624  -8.393  -28.729 0.0000000000
64206  21.208  -9.232  -28.814 0.0000000000
64221  21.480  -8.429  -29.349 0.0000000000
65084  22.158  -8.400  -29.856 0.0000000000
65085  21.725  -7.791  -29.807 0.0000000000
66008  18.928  -6.203  -28.482 0.0000000000
66007  19.526  -6.883  -28.641 0.0000000000
66018  19.479  -5.985  -29.008 0.0000000000
66930  21.341  -5.620  -30.355 0.0000000000
66919  20.973  -6.254  -29.920 0.0000000000
66029  21.775  -6.518  -30.285 0.0000000000
66028  22.813  -6.919  -30.609 0.0000000000
66928  23.462  -6.057  -30.843 0.0000000000
67846  24.144  -4.514  -31.573 0.0000000000
66938  24.739  -5.071  -31.217 0.0000000000
67845  24.801  -4.244  -31.555 0.0000000000
68691  25.297  -3.836  -31.405 0.0000000000
69528  19.012  -2.037  -29.813 0.0000000000
68681  19.053  -2.913  -29.770 0.0000000000
69535  19.616  -2.448  -30.220 0.0000000000
125370  22.043  0.597  -32.274 0.0000000000
71242  20.523  -0.351  -31.187 0.0000000000
71256  22.318  0.013  -32.384 0.0000000000
111383  23.219  -0.805  -33.153 0.0000000000
70429  22.592  -0.686  -32.598 0.0000000000
70428  22.938  -1.342  -32.837 0.0000000000
69542  22.734  -2.133  -32.408 0.0000000000
69541  23.334  -2.556  -32.511 0.0000000000
69557  23.429  -1.879  -32.842 0.0000000000
116096  25.232  -1.100  -31.627 0.0000000000
70426  24.721  -1.796  -32.278 0.0000000000
70415  25.088  -1.728  -31.715 0.0000000000
115127  25.343  -2.295  -31.247 0.0000000000
70409  25.501  -1.565  -30.814 0.0000000000
72974  25.284  1.577  -29.985 0.0000000000
72131  25.439  0.803  -29.372 0.0000000000
129360  25.417  1.644  -29.165 0.0000000000
72954  25.591  2.193  -28.637 0.0000000000
77190  19.879  8.377  -30.900 0.0000000000
78125  19.001  8.298  -32.285 0.0000000000
78126  18.615  8.051  -32.222 0.0000000000
115713  18.336  7.734  -32.358 0.0000000000
77229  18.431  7.317  -32.623 0.0000000000
76370  18.649  6.253  -32.707 0.0000000000
77242  19.182  7.413  -32.797 0.0000000000
108801  22.254  6.172  -34.065 0.0000000000
78157  22.990  7.319  -34.991 0.0000000000
81746  21.547  11.815  -33.904 0.0000000000
81048  21.777  10.948  -34.312 0.0000000000
80345  21.559  10.141  -33.637 0.0000000000
81041  23.331  11.080  -34.677 0.0000000000
81046  22.954  11.085  -35.180 0.0000000000
80350  22.509  9.837  -34.869 0.0000000000
79650  22.983  9.427  -35.000 0.0000000000
78952  23.497  8.639  -34.973 0.0000000000
78156  23.861  7.376  -34.997 0.0000000000
78145  24.650  7.433  -34.328 0.0000000000
120476  24.490  8.726  -31.728 0.0000000000
78123  24.857  7.544  -31.523 0.0000000000
62456  22.555  -10.682  -28.826 0.0000000000
61574  22.274  -11.301  -28.301 0.0000000000
62453  24.850  -10.140  -29.054 0.0000000000
62454  24.374  -10.441  -29.167 0.0000000000
62439  24.714  -10.736  -28.647 0.0000000000
61552  25.151  -11.030  -27.907 0.0000000000
62429  25.687  -10.546  -27.388 0.0000000000
65073  25.854  -7.949  -29.167 0.0000000000
64217  25.465  -8.682  -29.607 0.0000000000
63336  27.181  -9.085  -26.128 0.0000000000
63337  26.406  -9.345  -26.843 0.0000000000
62427  26.803  -9.943  -26.215 0.0000000000
62420  26.616  -10.662  -26.286 0.0000000000
59764  21.568  -13.046  -27.211 0.0000000000
59763  22.207  -13.145  -27.563 0.0000000000
60625  22.643  -12.570  -27.855 0.0000000000
61555  23.151  -12.048  -28.245 0.0000000000
74660  21.896  3.368  -33.005 0.0000000000
74659  22.576  2.761  -33.348 0.0000000000
74673  23.335  3.236  -33.963 0.0000000000
74670  25.366  4.188  -33.520 0.0000000000
75562  24.922  4.659  -33.864 0.0000000000
80320  22.272  10.006  -30.712 0.0000000000
80331  21.651  10.117  -31.841 0.0000000000
125467  25.545  -5.039  -30.434 0.0000000000
66917  25.822  -5.458  -29.869 0.0000000000
67820  26.013  -4.803  -29.314 0.0000000000
119584  26.636  -4.181  -28.003 0.0000000000
75544  19.539  4.324  -31.743 0.0000000000
75554  19.833  4.857  -32.192 0.0000000000
57970  21.138  -14.960  -26.221 0.0000000000
57955  20.737  -15.451  -25.637 0.0000000000
57954  21.432  -15.871  -26.202 0.0000000000
56192  23.995  -17.538  -23.751 0.0000000000
112694  24.941  -16.426  -24.239 0.0000000000
58863  25.510  -14.511  -25.556 0.0000000000
58862  25.909  -13.971  -25.538 0.0000000000
111806  19.130  -8.967  -27.500 0.0000000000
63361  19.733  -9.173  -27.830 0.0000000000
64208  19.632  -8.466  -28.090 0.0000000000
65074  20.048  -7.703  -28.622 0.0000000000
66921  19.262  -5.155  -29.234 0.0000000000
67834  22.193  -4.956  -30.835 0.0000000000
66940  23.085  -5.379  -30.947 0.0000000000
109879  23.473  -3.894  -31.768 0.0000000000
115550  18.443  -1.417  -29.546 0.0000000000
70411  19.126  -1.146  -30.124 0.0000000000
72172  23.577  0.280  -33.233 0.0000000000
71254  23.815  -0.532  -33.375 0.0000000000
129565  24.058  -1.102  -33.255 0.0000000000
118751  23.954  -1.659  -32.901 0.0000000000
116728  24.397  -0.815  -33.215 0.0000000000
109919  24.990  -0.420  -31.914 0.0000000000
72132  25.434  0.074  -30.154 0.0000000000
72142  25.132  0.230  -31.184 0.0000000000
129068  25.244  1.534  -30.830 0.0000000000
109661  25.384  2.189  -30.636 0.0000000000
130758  25.543  4.616  -31.982 0.0000000000
75537  25.549  4.516  -31.042 0.0000000000
76357  25.584  5.138  -30.221 0.0000000000
78124  20.343  8.850  -31.863 0.0000000000
77201  19.930  8.673  -31.686 0.0000000000
77216  20.223  8.614  -31.905 0.0000000000
78137  20.111  8.376  -32.082 0.0000000000
78149  20.303  7.717  -32.432 0.0000000000
108570  20.910  8.008  -32.648 0.0000000000
80344  23.373  10.124  -34.585 0.0000000000
80338  23.706  9.972  -33.583 0.0000000000
79644  24.046  9.237  -33.272 0.0000000000
116515  24.427  8.562  -32.793 0.0000000000
63358  23.270  -10.305  -29.403 0.0000000000
63356  24.730  -9.898  -29.566 0.0000000000
64204  25.238  -9.492  -29.173 0.0000000000
65065  26.661  -7.470  -27.226 0.0000000000
57969  21.816  -15.300  -26.790 0.0000000000
57097  22.953  -16.107  -26.668 0.0000000000
57953  23.775  -15.765  -26.380 0.0000000000
129853  23.260  -15.499  -26.988 0.0000000000
57967  23.845  -15.032  -26.970 0.0000000000
58875  24.556  -14.395  -26.725 0.0000000000
59746  24.356  -13.588  -27.281 0.0000000000
59745  25.067  -13.585  -26.743 0.0000000000
118326  25.467  -12.962  -26.654 0.0000000000
122257  18.959  -4.475  -29.441 0.0000000000
67837  19.922  -3.918  -30.233 0.0000000000
72156  19.421  0.857  -30.841 0.0000000000
71243  19.598  0.087  -30.751 0.0000000000
72998  21.297  0.948  -31.852 0.0000000000
73864  22.884  1.829  -33.302 0.0000000000
73011  23.252  1.073  -33.184 0.0000000000
73010  25.078  1.579  -33.485 0.0000000000
73848  25.759  2.360  -32.549 0.0000000000
75551  25.591  4.261  -33.165 0.0000000000
75542  25.668  4.392  -32.767 0.0000000000
108771  25.311  5.899  -31.745 0.0000000000
78088  20.431  8.689  -30.411 0.0000000000
79628  21.013  9.051  -31.478 0.0000000000
78940  20.548  8.971  -31.726 0.0000000000
65096  24.446  -7.557  -30.648 0.0000000000
65083  24.863  -8.165  -30.445 0.0000000000
130099  25.331  -7.902  -30.263 0.0000000000
126680  26.151  -7.269  -28.670 0.0000000000
66014  26.000  -6.179  -29.455 0.0000000000
66005  26.261  -6.375  -28.597 0.0000000000
65072  26.477  -6.969  -27.834 0.0000000000
65064  27.091  -6.735  -26.997 0.0000000000
73866  21.138  2.439  -32.221 0.0000000000
127358  19.770  2.648  -31.457 0.0000000000
74646  20.412  2.939  -31.808 0.0000000000
108722  23.044  4.745  -34.255 0.0000000000
57939  25.173  -15.764  -24.726 0.0000000000
70404  25.905  -2.443  -29.386 0.0000000000
69518  26.053  -3.104  -28.846 0.0000000000
119547  26.253  -2.254  -28.452 0.0000000000
110736  20.350  -10.948  -27.236 0.0000000000
62440  21.282  -11.165  -27.834 0.0000000000
64220  22.821  -8.739  -30.084 0.0000000000
64230  23.373  -8.350  -30.367 0.0000000000
65076  18.507  -6.988  -28.036 0.0000000000
128094  20.403  -7.164  -29.140 0.0000000000
66016  21.167  -7.026  -29.730 0.0000000000
65097  23.577  -7.675  -30.573 0.0000000000
66026  24.763  -6.741  -30.755 0.0000000000
109315  25.042  -5.879  -30.851 0.0000000000
66939  23.907  -5.301  -31.213 0.0000000000
66926  25.289  -5.098  -30.888 0.0000000000
67827  25.572  -4.407  -30.765 0.0000000000
68674  18.068  -3.332  -29.001 0.0000000000
68682  18.570  -3.355  -29.487 0.0000000000
68687  19.701  -3.242  -30.232 0.0000000000
70410  20.002  -1.148  -30.699 0.0000000000
70417  20.992  -1.191  -31.292 0.0000000000
69534  20.361  -1.981  -30.765 0.0000000000
116112  21.253  -1.923  -31.376 0.0000000000
69544  21.015  -2.656  -31.058 0.0000000000
68695  21.721  -3.327  -31.262 0.0000000000
68694  22.764  -3.111  -32.003 0.0000000000
68693  23.711  -3.187  -32.272 0.0000000000
68704  24.357  -3.101  -32.175 0.0000000000
69555  24.419  -2.281  -32.374 0.0000000000
68692  24.909  -3.099  -31.852 0.0000000000
108385  25.421  -3.036  -31.350 0.0000000000
69527  25.663  -2.605  -30.483 0.0000000000
71212  25.867  -0.582  -28.897 0.0000000000
72110  25.647  -0.070  -29.303 0.0000000000
72109  25.846  0.232  -28.398 0.0000000000
73842  25.681  2.672  -31.504 0.0000000000
74630  25.656  3.825  -30.724 0.0000000000
73817  25.720  2.947  -29.147 0.0000000000
77203  19.230  8.386  -31.781 0.0000000000
76381  19.321  5.813  -32.612 0.0000000000
77241  20.430  6.991  -32.725 0.0000000000
128199  22.686  5.382  -34.206 0.0000000000
120638  21.440  11.507  -32.648 0.0000000000
81037  20.909  10.884  -32.554 0.0000000000
120746  21.380  9.541  -33.178 0.0000000000
79658  21.783  9.515  -34.151 0.0000000000
81047  22.441  11.044  -34.965 0.0000000000
79651  21.769  9.008  -34.190 0.0000000000
78147  23.140  7.986  -34.982 0.0000000000
77251  23.696  6.842  -35.008 0.0000000000
76398  23.981  6.203  -34.806 0.0000000000
77238  24.748  6.768  -34.340 0.0000000000
77227  24.988  6.688  -33.650 0.0000000000
77215  24.938  7.123  -32.581 0.0000000000
78107  25.147  7.617  -30.445 0.0000000000
80319  24.803  10.178  -30.400 0.0000000000
79626  24.981  9.255  -30.209 0.0000000000
78929  25.226  8.556  -30.017 0.0000000000
78087  25.584  7.330  -29.690 0.0000000000
127655  22.941  -11.601  -28.433 0.0000000000
61573  23.530  -11.412  -28.608 0.0000000000
62455  23.785  -10.751  -29.097 0.0000000000
61572  24.123  -11.122  -28.733 0.0000000000
61539  24.998  -11.837  -27.539 0.0000000000
60612  26.071  -11.899  -26.427 0.0000000000
63346  25.584  -9.399  -28.342 0.0000000000
64197  26.017  -8.893  -27.733 0.0000000000
62437  25.830  -9.742  -27.564 0.0000000000
61537  26.377  -11.317  -26.361 0.0000000000
110517  26.392  -3.664  -28.411 0.0000000000
69485  26.905  -3.550  -27.573 0.0000000000
57053  24.715  -16.985  -23.809 0.0000000000
63370  24.529  -9.678  -29.951 0.0000000000
69554  24.397  -1.398  -32.839 0.0000000000
72155  20.406  0.529  -31.305 0.0000000000
76369  19.118  5.286  -32.201 0.0000000000
77228  18.924  6.938  -32.992 0.0000000000
77243  18.669  7.491  -32.859 0.0000000000
77250  24.354  6.797  -34.794 0.0000000000
78109  20.240  8.737  -31.193 0.0000000000
78139  18.604  7.843  -32.621 0.0000000000
81029  23.895  11.370  -32.623 0.0000000000
109374  24.267  -3.780  -31.896 0.0000000000
118381  26.114  -10.816  -26.748 0.0000000000
124897  25.239  -8.550  -30.125 0.0000000000
127395  19.632  8.551  -31.659 0.0000000000
