#!ascii label  , from subject sub-v1s13x0050005_ses-1 vox2ras=TkReg
1654
22229  24.132  -54.623  -12.603 0.8999999762
21267  23.682  -55.437  -12.445 0.8000000119
22243  23.623  -54.302  -13.538 0.8000000119
21297  22.283  -55.164  -14.259 0.6999999881
22256  21.792  -54.633  -14.840 0.8000000119
22212  24.290  -54.273  -11.802 0.8999999762
23120  24.073  -53.428  -13.684 1.0000000000
23966  23.621  -52.925  -14.418 1.0000000000
23130  23.340  -53.645  -14.194 0.8999999762
22255  22.678  -54.272  -14.387 0.8000000119
23131  22.022  -53.928  -15.036 0.8000000119
22257  20.996  -54.899  -15.093 0.8000000119
108702  20.807  -53.201  -15.551 0.6999999881
23141  20.117  -53.788  -15.525 0.6999999881
23092  23.867  -53.692  -11.208 0.8000000119
23091  24.486  -53.456  -11.760 0.8999999762
23918  24.677  -52.691  -11.757 0.8999999762
23919  24.033  -52.870  -11.254 0.8999999762
23078  21.371  -53.326  -10.650 0.8999999762
23952  24.752  -53.135  -13.033 0.8999999762
23965  24.490  -52.607  -13.866 1.0000000000
125708  22.661  -53.298  -14.887 0.8999999762
24824  23.432  -51.645  -15.411 1.0000000000
24825  22.521  -51.822  -15.636 0.8999999762
23140  21.692  -53.280  -15.356 0.8999999762
23977  21.279  -52.583  -15.629 0.8000000119
120347  19.460  -53.341  -15.742 0.6999999881
23937  25.393  -51.697  -12.485 0.8999999762
24767  24.934  -51.912  -11.794 0.8999999762
114663  23.346  -52.186  -10.960 0.8999999762
23908  22.436  -52.310  -10.780 0.8999999762
23909  21.481  -52.462  -10.906 0.8999999762
23938  25.071  -52.513  -12.401 0.8999999762
23951  25.168  -52.229  -13.233 0.8999999762
24812  23.997  -52.111  -14.679 1.0000000000
24826  21.639  -51.920  -15.784 0.8000000119
123574  20.601  -52.600  -15.767 0.8000000119
23978  20.081  -52.262  -16.076 0.8000000119
23991  19.436  -51.784  -16.433 0.8000000119
23992  18.514  -51.921  -16.500 0.8000000119
24837  18.827  -51.189  -16.840 0.8000000119
24768  23.501  -51.433  -11.148 0.8999999762
127745  21.765  -51.730  -11.068 0.8999999762
24771  21.025  -51.298  -11.405 0.8999999762
25619  25.654  -50.828  -12.622 0.8999999762
24770  21.935  -50.950  -11.281 0.8999999762
25610  21.293  -50.297  -11.759 0.8000000119
24772  19.977  -51.561  -11.550 0.8000000119
24799  25.518  -51.359  -13.322 0.8999999762
131015  21.212  -49.850  -12.026 0.6999999881
25611  20.380  -50.593  -11.781 0.6999999881
25612  19.444  -50.735  -11.801 0.6999999881
24810  25.444  -50.967  -14.004 0.8999999762
25621  19.841  -49.900  -12.036 0.6999999881
25622  18.943  -50.006  -12.001 0.6999999881
25645  25.097  -50.911  -14.734 1.0000000000
26401  19.356  -49.227  -12.317 0.6000000238
25658  24.629  -50.653  -15.559 1.0000000000
25659  23.767  -50.945  -15.826 1.0000000000
25660  22.860  -51.139  -15.995 1.0000000000
25670  22.310  -50.620  -16.498 0.8999999762
24835  21.985  -51.272  -16.094 0.8000000119
24836  21.177  -51.393  -16.210 0.8000000119
23990  20.309  -51.459  -16.412 0.8000000119
25672  20.159  -50.627  -16.949 0.8000000119
25673  19.233  -50.552  -17.175 0.8000000119
25686  18.753  -49.678  -17.665 0.8000000119
25685  19.674  -50.002  -17.384 0.8000000119
26467  18.815  -48.894  -18.112 0.8000000119
121622  24.365  -51.280  -11.445 0.8999999762
24769  22.609  -51.539  -11.002 0.8999999762
25620  25.290  -50.163  -12.059 0.8999999762
121332  23.653  -50.782  -11.297 0.8999999762
113527  22.837  -50.803  -11.204 0.8999999762
26385  22.678  -49.424  -11.751 0.8999999762
26386  20.770  -49.761  -12.100 0.6999999881
25634  25.814  -50.430  -13.548 0.8999999762
111632  20.919  -49.034  -12.378 0.6000000238
26400  20.197  -49.133  -12.362 0.6000000238
25644  25.681  -50.416  -14.409 1.0000000000
111801  18.903  -48.541  -12.592 0.5000000000
25657  25.376  -50.294  -15.210 1.0000000000
27250  19.270  -47.768  -12.895 0.5000000000
26440  25.000  -49.967  -16.025 1.0000000000
25668  24.116  -50.256  -16.306 1.0000000000
25669  23.203  -50.464  -16.448 1.0000000000
26454  22.644  -49.975  -17.043 0.8999999762
129793  20.823  -50.911  -16.586 0.8000000119
26464  22.055  -49.407  -17.523 0.8999999762
26465  21.198  -49.628  -17.437 0.8000000119
26456  20.981  -50.346  -16.991 0.8000000119
28198  21.809  -47.776  -18.232 0.8999999762
27311  21.324  -48.713  -17.942 0.8000000119
27312  20.281  -48.465  -18.034 0.8000000119
28201  18.830  -47.448  -18.651 0.8000000119
119106  19.139  -46.576  -18.525 0.8000000119
29134  18.322  -46.474  -18.836 0.8000000119
26384  23.651  -49.460  -11.634 0.8999999762
26397  25.344  -49.260  -12.346 0.8999999762
26398  22.316  -48.708  -12.208 0.6999999881
26399  21.600  -49.457  -12.077 0.8000000119
26415  26.197  -49.544  -13.583 0.8999999762
26396  26.008  -49.024  -12.956 0.8999999762
27234  20.565  -48.395  -12.603 0.6999999881
27235  19.738  -48.460  -12.605 0.6000000238
28116  20.932  -47.636  -12.776 0.6999999881
28117  20.103  -47.695  -12.821 0.6000000238
26439  25.725  -49.619  -15.504 1.0000000000
28132  19.641  -47.034  -13.162 0.5000000000
29076  19.264  -46.512  -13.542 0.5000000000
26452  24.369  -49.415  -16.622 1.0000000000
27299  24.500  -48.552  -16.885 1.0000000000
27300  23.758  -48.886  -17.182 1.0000000000
26463  22.931  -49.164  -17.404 0.8999999762
112210  25.124  -48.070  -16.674 1.0000000000
121196  23.933  -48.066  -17.325 0.8999999762
27309  23.196  -48.299  -17.607 0.8999999762
27310  22.354  -48.527  -17.853 0.8999999762
120271  22.150  -47.031  -18.279 0.8999999762
118623  21.283  -46.897  -18.376 0.8999999762
119938  20.178  -46.740  -18.367 0.8999999762
29130  22.895  -46.692  -18.027 0.8999999762
113652  21.859  -46.085  -18.260 0.8999999762
29132  19.315  -45.689  -18.288 0.8999999762
29978  20.876  -45.073  -18.237 0.8999999762
26383  24.585  -49.429  -11.828 0.8999999762
27218  23.149  -48.774  -11.912 0.8999999762
27217  23.924  -48.852  -11.847 0.8999999762
27232  22.827  -48.231  -12.213 1.0000000000
124341  22.279  -47.990  -12.535 0.8000000119
27229  25.364  -48.271  -12.550 0.8999999762
27233  21.480  -48.399  -12.537 0.6999999881
26428  26.123  -49.817  -14.248 0.8999999762
118955  21.745  -47.504  -12.750 0.6999999881
28130  21.221  -46.877  -12.921 0.6999999881
28131  20.436  -46.964  -12.997 0.5000000000
26438  26.302  -49.389  -14.889 1.0000000000
29075  20.012  -46.283  -13.425 0.5000000000
27288  26.209  -48.890  -15.611 1.0000000000
27298  25.948  -48.262  -16.224 1.0000000000
29120  25.947  -46.612  -16.510 1.0000000000
28187  25.677  -47.429  -16.545 1.0000000000
28188  24.829  -47.312  -16.980 1.0000000000
29121  25.141  -46.624  -16.876 1.0000000000
29967  25.418  -45.921  -16.788 1.0000000000
29122  24.414  -46.641  -17.273 0.8999999762
119130  23.313  -46.121  -17.783 0.8999999762
116828  22.746  -45.880  -18.049 0.8999999762
32530  24.512  -42.534  -21.359 0.6999999881
33519  23.845  -41.914  -21.213 0.8000000119
32531  23.115  -42.323  -20.740 0.8000000119
32532  22.659  -41.568  -20.753 0.8000000119
27228  26.226  -48.176  -13.080 0.8999999762
28112  25.737  -47.495  -12.794 1.0000000000
131268  24.974  -47.471  -12.511 1.0000000000
29050  24.180  -47.001  -12.533 1.0000000000
28115  22.945  -47.671  -12.399 0.6999999881
128684  22.418  -47.363  -12.644 0.6999999881
26427  26.537  -49.117  -14.263 0.8999999762
27249  26.821  -47.968  -13.627 0.8999999762
128681  22.127  -46.717  -12.823 0.6999999881
120270  20.621  -45.885  -13.368 0.6000000238
27297  26.678  -48.072  -15.675 1.0000000000
27287  26.773  -48.680  -14.938 0.8999999762
27248  27.216  -47.697  -14.164 0.8999999762
29933  19.288  -45.838  -13.843 0.4000000060
28186  26.473  -47.321  -16.137 1.0000000000
30786  24.595  -44.627  -17.539 1.0000000000
30781  25.009  -45.302  -17.180 1.0000000000
33501  20.528  -41.693  -19.253 0.8999999762
120050  25.918  -42.608  -23.349 0.6000000238
32548  24.789  -42.029  -21.833 0.6000000238
33533  25.172  -41.478  -22.222 0.8000000119
33520  23.456  -41.054  -21.325 0.8000000119
120939  21.408  -42.558  -19.968 0.8999999762
32515  20.628  -42.086  -19.518 0.8999999762
28129  27.071  -47.231  -13.670 0.8999999762
28111  26.485  -47.383  -13.199 0.8999999762
118828  23.636  -46.257  -12.551 0.8000000119
116815  22.840  -46.285  -12.716 0.6999999881
29073  22.265  -45.866  -12.867 0.6999999881
29931  21.739  -45.281  -13.036 0.6000000238
30745  20.610  -44.541  -13.655 0.4000000060
28175  27.094  -47.277  -15.501 1.0000000000
28156  27.222  -47.870  -14.869 0.8999999762
29111  26.745  -46.573  -16.034 1.0000000000
29966  26.203  -45.891  -16.415 1.0000000000
113495  25.748  -45.279  -16.747 1.0000000000
30780  25.420  -44.642  -17.182 1.0000000000
31589  25.694  -43.000  -17.624 1.0000000000
32497  19.919  -42.335  -18.831 0.8999999762
33478  21.002  -41.079  -18.990 0.8999999762
33487  20.978  -41.149  -19.288 0.8999999762
33499  21.733  -40.922  -20.318 0.8999999762
33500  21.099  -41.352  -19.670 0.8999999762
125232  27.700  -40.955  -23.781 0.6000000238
33544  25.892  -41.623  -22.886 0.6000000238
33534  24.398  -41.283  -21.661 0.8000000119
117067  22.501  -40.581  -20.985 0.8999999762
29048  26.061  -46.713  -12.837 0.8999999762
29049  25.171  -46.836  -12.609 0.8999999762
118622  24.587  -46.186  -12.496 0.6999999881
29905  25.526  -46.052  -12.579 0.8999999762
29908  23.136  -45.503  -12.585 0.6000000238
28128  27.408  -47.072  -14.197 1.0000000000
29071  27.337  -46.486  -13.728 1.0000000000
29072  26.806  -46.614  -13.235 1.0000000000
30721  22.931  -44.649  -12.551 0.6000000238
30744  21.377  -44.575  -13.240 0.5000000000
29956  27.571  -45.632  -15.244 1.0000000000
29098  27.624  -46.274  -14.487 1.0000000000
29110  27.364  -46.482  -15.369 1.0000000000
30768  27.069  -44.919  -15.967 1.0000000000
31583  26.774  -44.019  -16.517 1.0000000000
30779  26.200  -44.686  -16.644 1.0000000000
124434  26.393  -43.456  -17.153 1.0000000000
108803  26.401  -42.225  -17.585 1.0000000000
129061  25.078  -42.471  -17.901 1.0000000000
32482  24.584  -43.012  -17.961 1.0000000000
33461  24.539  -41.976  -18.105 1.0000000000
122136  23.749  -42.489  -18.264 1.0000000000
33462  23.720  -41.704  -18.341 1.0000000000
116897  22.947  -41.948  -18.488 0.8999999762
32483  22.801  -42.944  -18.344 0.8999999762
33479  20.516  -41.835  -18.829 0.8999999762
34517  21.299  -40.499  -19.831 0.8999999762
34558  28.846  -40.059  -23.088 0.6000000238
34559  28.318  -40.775  -23.496 0.6000000238
34560  27.165  -40.671  -23.770 0.6000000238
33543  26.616  -41.609  -23.471 0.6000000238
34545  25.625  -40.545  -22.541 0.8000000119
34547  24.009  -40.552  -21.690 0.8000000119
29904  26.473  -45.806  -12.818 0.8999999762
29906  25.034  -45.377  -12.391 0.6999999881
30720  23.769  -44.721  -12.372 0.6000000238
29929  27.611  -45.549  -13.692 0.8999999762
31514  22.650  -43.889  -12.614 0.6000000238
30722  22.154  -44.579  -12.866 0.5000000000
29942  27.917  -45.324  -14.468 1.0000000000
30767  27.861  -44.801  -15.202 1.0000000000
30753  28.253  -44.559  -14.400 0.8999999762
31570  27.488  -44.248  -15.812 1.0000000000
32473  27.059  -43.239  -16.884 1.0000000000
32480  27.268  -42.437  -17.234 1.0000000000
33459  27.058  -41.607  -17.622 1.0000000000
34474  26.745  -40.847  -17.946 1.0000000000
116615  26.283  -41.452  -17.774 1.0000000000
33475  24.922  -41.209  -18.047 1.0000000000
33476  24.132  -41.099  -18.227 1.0000000000
33477  23.095  -41.006  -18.411 1.0000000000
120988  22.091  -40.070  -18.985 0.8999999762
34490  21.553  -40.408  -19.032 0.8999999762
117559  21.378  -39.760  -19.976 0.8999999762
35497  21.982  -39.078  -20.945 0.8999999762
35509  28.542  -39.274  -23.471 0.6000000238
125260  28.302  -39.956  -23.779 0.6000000238
121148  27.343  -39.913  -24.035 0.6000000238
124907  26.624  -39.292  -23.592 0.6999999881
35510  25.375  -39.452  -22.593 0.6999999881
120850  25.013  -40.052  -22.136 0.6999999881
35496  23.595  -39.711  -21.809 0.8000000119
117330  22.794  -38.728  -21.608 0.8999999762
35495  29.896  -39.310  -21.792 0.6000000238
35521  25.233  -38.424  -22.901 0.6999999881
35511  24.470  -39.523  -22.213 0.8000000119
116562  23.812  -38.874  -22.227 0.8999999762
125496  24.292  -44.078  -12.303 0.6999999881
31513  23.524  -43.969  -12.385 0.6000000238
29930  27.198  -45.159  -12.963 0.8999999762
30717  26.457  -44.773  -12.566 0.8000000119
30718  25.570  -44.585  -12.366 0.6999999881
29928  28.043  -44.916  -13.842 0.8999999762
30742  27.772  -44.683  -13.225 0.8000000119
31569  28.194  -43.947  -15.223 1.0000000000
31553  28.603  -43.801  -14.107 0.8000000119
32458  28.286  -43.164  -15.759 0.8999999762
31568  28.732  -43.237  -14.804 0.8000000119
31582  27.569  -43.596  -16.138 1.0000000000
32472  27.793  -42.893  -16.557 1.0000000000
33458  27.868  -41.717  -17.284 1.0000000000
34473  27.766  -40.947  -17.790 1.0000000000
34486  26.431  -40.191  -18.439 1.0000000000
35446  25.597  -40.006  -18.604 1.0000000000
34487  24.759  -40.442  -18.403 1.0000000000
127923  24.266  -39.852  -18.768 1.0000000000
109463  22.827  -40.181  -18.716 0.8999999762
36297  22.371  -38.692  -19.633 0.8999999762
35469  21.528  -39.387  -19.863 0.8999999762
36343  22.114  -38.157  -21.041 0.8999999762
35519  27.813  -39.400  -24.026 0.6000000238
36365  26.628  -38.516  -23.762 0.6999999881
37292  29.705  -37.804  -22.002 0.6000000238
35508  29.223  -39.295  -22.637 0.6000000238
36366  25.960  -38.229  -23.344 0.6999999881
37323  24.730  -37.564  -22.880 0.6999999881
30719  24.657  -44.657  -12.308 0.6999999881
30743  27.241  -44.128  -12.596 0.8000000119
109588  25.944  -43.050  -12.275 0.6999999881
31512  25.198  -43.784  -12.258 0.6999999881
31539  28.328  -43.568  -13.167 0.6999999881
127574  27.966  -44.049  -12.889 0.8000000119
120703  29.055  -42.660  -14.506 0.6999999881
32457  28.923  -42.658  -15.323 0.6999999881
33442  28.635  -41.728  -16.667 0.8000000119
34458  29.094  -41.034  -16.959 0.8000000119
33457  28.423  -41.239  -17.304 0.8000000119
34472  28.695  -40.668  -17.636 0.8000000119
34484  28.219  -40.240  -18.232 0.8999999762
34485  27.333  -40.268  -18.330 1.0000000000
35447  24.916  -39.726  -18.826 1.0000000000
35467  24.352  -39.075  -19.313 1.0000000000
35465  26.439  -39.203  -19.251 1.0000000000
35466  25.571  -39.268  -19.204 1.0000000000
35448  23.480  -39.633  -18.948 1.0000000000
35468  23.665  -38.403  -19.763 1.0000000000
124333  23.168  -38.877  -19.430 0.8999999762
36314  22.771  -38.073  -19.947 0.8999999762
36315  22.101  -38.243  -19.939 0.8999999762
37277  22.455  -37.260  -20.809 0.8999999762
36353  28.887  -38.363  -22.859 0.6000000238
36363  28.073  -38.492  -23.703 0.6000000238
36364  27.345  -38.528  -24.022 0.6000000238
115209  26.890  -37.710  -23.927 0.6999999881
36356  22.729  -37.693  -21.538 0.8999999762
36355  23.423  -38.030  -22.104 0.8999999762
114521  25.991  -36.176  -23.408 0.6999999881
37322  25.503  -37.629  -23.241 0.6999999881
38382  24.425  -36.733  -22.807 0.8999999762
38396  24.285  -35.780  -22.634 0.8999999762
32430  27.516  -42.544  -12.535 0.6999999881
31541  26.856  -43.155  -12.396 0.6000000238
32399  25.905  -42.352  -12.280 0.6000000238
109037  24.328  -43.313  -12.267 0.6000000238
115845  28.183  -42.936  -12.805 0.6999999881
32443  28.726  -42.842  -13.628 0.6999999881
32456  29.389  -42.146  -14.798 0.6999999881
33425  29.170  -42.011  -15.752 0.6999999881
34471  29.493  -40.393  -17.279 0.8000000119
35434  29.078  -40.018  -18.023 0.8000000119
35444  28.558  -39.552  -18.618 0.8000000119
110629  27.810  -39.776  -18.652 0.8000000119
120506  27.039  -39.576  -18.874 1.0000000000
35463  27.927  -39.197  -19.109 0.8000000119
36311  26.208  -38.613  -19.689 1.0000000000
37260  25.934  -37.955  -20.221 1.0000000000
36313  24.376  -38.287  -19.891 1.0000000000
37274  26.406  -37.264  -20.502 1.0000000000
128736  25.375  -37.880  -20.240 1.0000000000
37276  24.450  -36.963  -20.625 1.0000000000
130428  24.297  -36.251  -20.985 1.0000000000
38337  23.466  -36.601  -20.818 1.0000000000
38338  22.820  -36.734  -20.895 0.8999999762
37293  22.367  -37.359  -21.064 0.8999999762
37307  29.558  -36.872  -22.099 0.6000000238
37309  28.270  -37.600  -23.287 0.6000000238
37320  27.558  -37.701  -23.776 0.6999999881
114413  23.753  -35.772  -22.112 0.8999999762
118946  27.115  -36.927  -23.745 0.6999999881
39387  25.619  -35.415  -23.256 0.6999999881
39388  24.932  -35.238  -23.037 0.8999999762
33387  27.976  -41.770  -12.709 0.6000000238
33362  27.097  -41.806  -12.460 0.5000000000
32428  28.818  -41.843  -13.388 0.6999999881
32429  28.307  -42.387  -12.878 0.6999999881
33404  29.459  -41.574  -14.182 0.6999999881
34439  29.957  -40.776  -15.527 0.6999999881
33424  29.649  -41.448  -15.136 0.6999999881
34456  30.214  -40.037  -16.740 0.6999999881
35432  30.632  -39.331  -17.069 0.6999999881
35443  29.440  -39.306  -18.421 0.8000000119
37248  29.403  -38.036  -19.402 0.8000000119
36296  28.862  -38.777  -19.164 0.8000000119
37257  28.623  -37.919  -19.710 0.8000000119
37258  27.713  -37.979  -19.943 0.8999999762
37259  26.815  -38.019  -20.115 1.0000000000
114773  28.909  -37.151  -19.859 0.8000000119
38346  27.743  -36.467  -20.440 0.8999999762
38347  26.874  -36.446  -20.642 1.0000000000
38348  25.990  -36.471  -20.828 1.0000000000
37275  25.455  -37.271  -20.551 1.0000000000
39351  24.386  -35.059  -21.560 1.0000000000
38349  23.952  -35.874  -21.329 0.8999999762
38350  23.462  -36.296  -21.249 0.8999999762
39366  23.835  -35.363  -21.904 0.8999999762
39352  23.962  -35.380  -21.690 0.8999999762
40353  23.961  -34.648  -22.080 0.8999999762
120626  29.010  -36.648  -22.489 0.6000000238
38392  27.996  -36.127  -22.982 0.6000000238
38394  26.676  -36.187  -23.454 0.6999999881
121669  25.379  -34.755  -23.144 0.8000000119
39389  24.463  -34.981  -22.638 0.8999999762
38380  29.445  -36.121  -22.224 0.6000000238
39385  26.910  -35.425  -23.202 0.6999999881
39386  26.274  -35.437  -23.293 0.6999999881
120965  24.855  -34.338  -22.916 0.8000000119
40369  24.284  -34.425  -22.378 0.8999999762
124530  25.923  -34.716  -23.210 0.6999999881
42100  24.661  -32.628  -23.078 0.8999999762
34401  26.940  -40.308  -12.733 0.5000000000
127761  29.162  -40.911  -13.651 0.6999999881
34400  27.701  -40.260  -13.070 0.5000000000
34417  30.445  -40.057  -15.078 0.6999999881
34418  29.836  -40.699  -14.428 0.6999999881
35422  30.759  -39.557  -15.988 0.6999999881
36284  31.064  -38.625  -17.504 0.6999999881
36285  30.294  -39.026  -18.015 0.6999999881
37247  30.173  -37.858  -19.103 0.8000000119
37255  30.388  -37.184  -19.258 0.8000000119
38335  29.316  -36.475  -19.922 0.8000000119
38336  28.557  -36.481  -20.218 0.8000000119
39349  27.376  -35.548  -20.673 0.8999999762
110018  25.961  -34.885  -21.200 1.0000000000
116004  25.108  -36.404  -20.950 1.0000000000
39340  28.888  -35.667  -20.300 0.8000000119
39348  28.150  -35.123  -20.540 0.8000000119
40325  26.763  -34.788  -20.969 0.8999999762
40326  25.521  -34.164  -21.384 1.0000000000
39350  25.150  -34.937  -21.382 1.0000000000
109027  26.282  -34.107  -21.202 0.8999999762
40327  24.762  -34.208  -21.590 1.0000000000
40328  24.228  -34.361  -21.804 1.0000000000
42080  24.335  -32.835  -22.106 1.0000000000
42089  24.311  -33.118  -22.242 0.8999999762
39384  27.596  -35.400  -22.950 0.6999999881
42953  24.295  -32.127  -22.536 0.8999999762
38381  28.724  -36.077  -22.580 0.6000000238
40352  28.039  -34.601  -22.758 0.6000000238
42963  24.183  -31.906  -23.065 0.8999999762
41273  27.696  -33.835  -22.838 0.6999999881
40366  26.534  -34.654  -23.128 0.6999999881
128358  26.290  -33.212  -23.210 0.6999999881
42099  25.239  -32.547  -23.358 0.6999999881
120215  24.709  -31.791  -23.447 0.8000000119
41275  25.701  -33.259  -23.241 0.6999999881
43841  24.005  -30.888  -23.539 0.8000000119
43842  23.343  -30.175  -23.224 0.8999999762
43840  24.924  -31.039  -23.904 0.6999999881
127943  28.325  -41.001  -13.095 0.6000000238
118676  28.586  -40.180  -13.381 0.5000000000
127244  30.135  -39.941  -14.247 0.6999999881
34419  29.488  -40.069  -13.743 0.5000000000
112844  31.163  -38.830  -15.601 0.6999999881
36274  31.217  -38.790  -16.520 0.6999999881
36266  31.603  -38.198  -16.036 0.6999999881
37235  31.834  -37.453  -17.569 0.6999999881
37236  31.400  -37.932  -17.948 0.6999999881
36294  30.664  -38.314  -18.402 0.6999999881
37245  31.588  -37.162  -18.258 0.6999999881
37246  30.910  -37.549  -18.723 0.6999999881
38327  31.014  -36.638  -19.044 0.8000000119
38334  30.113  -36.523  -19.585 0.8000000119
39338  30.549  -35.799  -19.547 0.8000000119
39339  29.742  -35.778  -19.966 0.8000000119
125646  28.739  -34.854  -20.456 0.8000000119
124795  29.763  -34.538  -20.267 0.8000000119
42055  29.144  -33.263  -20.649 0.8000000119
41235  27.701  -33.789  -20.875 0.8000000119
41236  27.004  -33.975  -21.049 0.8999999762
41237  25.867  -33.446  -21.370 0.8999999762
42071  25.475  -32.783  -21.548 1.0000000000
109734  28.355  -32.692  -21.037 0.8000000119
42072  24.499  -32.522  -21.905 1.0000000000
42942  24.924  -32.133  -21.759 1.0000000000
41264  28.538  -33.832  -22.636 0.6000000238
126632  24.261  -31.459  -22.248 1.0000000000
41274  26.858  -33.718  -23.058 0.6999999881
125532  26.769  -32.756  -23.208 0.6999999881
108420  23.792  -31.120  -22.963 0.8999999762
43831  23.505  -30.364  -22.794 1.0000000000
42961  26.228  -31.555  -23.626 0.6999999881
118876  25.724  -30.996  -23.889 0.8000000119
43849  24.500  -30.155  -24.050 0.8000000119
37213  31.961  -37.448  -16.307 0.6999999881
36273  31.728  -38.029  -16.996 0.6999999881
38326  31.891  -36.337  -18.426 0.6999999881
39332  31.423  -35.734  -19.103 0.6999999881
40305  31.801  -34.923  -19.202 0.6999999881
40306  30.910  -35.041  -19.595 0.8000000119
119920  30.129  -35.115  -19.980 0.8000000119
41224  29.830  -33.851  -20.389 0.8000000119
41223  30.634  -33.681  -20.198 0.8000000119
42067  29.332  -32.341  -20.973 0.8000000119
42940  27.003  -32.314  -21.324 0.8999999762
120131  26.389  -31.950  -21.430 0.8999999762
42939  27.686  -32.006  -21.338 0.8000000119
43811  26.901  -31.394  -21.475 0.8999999762
42941  25.724  -32.040  -21.531 0.8999999762
118004  28.177  -33.208  -22.753 0.6000000238
43824  26.300  -30.559  -21.600 0.8999999762
44798  25.684  -29.838  -21.761 0.8999999762
43814  24.472  -31.397  -21.965 1.0000000000
42088  28.976  -33.011  -22.605 0.6000000238
44800  23.762  -29.917  -22.367 0.8999999762
43839  26.472  -30.773  -23.748 0.6999999881
44810  23.175  -29.510  -22.911 0.8999999762
116892  25.107  -29.554  -24.415 0.8000000119
43850  23.468  -29.613  -23.832 0.8999999762
44826  22.759  -28.699  -23.951 0.8000000119
37223  32.154  -37.209  -17.044 0.6999999881
38315  32.467  -36.451  -17.152 0.6999999881
130191  32.843  -35.250  -18.168 0.6999999881
40313  32.244  -34.068  -19.335 0.6999999881
41222  31.504  -33.531  -19.936 0.6999999881
42938  28.489  -31.769  -21.320 0.8000000119
43810  27.782  -31.144  -21.457 0.8000000119
43809  28.562  -30.895  -21.434 0.8000000119
44778  27.929  -30.323  -21.521 0.8000000119
43813  25.172  -31.353  -21.735 0.8999999762
42098  27.490  -33.000  -22.938 0.6000000238
44797  27.376  -29.868  -21.619 0.8000000119
115105  27.117  -29.278  -21.865 0.8999999762
119836  25.080  -29.281  -22.096 0.8999999762
45849  24.074  -29.059  -22.487 0.8999999762
42097  28.314  -32.346  -22.835 0.6000000238
42960  27.114  -31.286  -23.499 0.6999999881
45867  23.260  -28.298  -23.152 0.8999999762
128068  26.060  -30.316  -23.936 0.6999999881
45872  22.576  -28.089  -23.791 0.8000000119
125587  24.706  -28.872  -24.666 0.6999999881
44825  23.167  -28.767  -24.233 0.8000000119
40296  33.066  -35.165  -17.630 0.6999999881
41212  33.092  -34.076  -18.671 0.6999999881
41221  32.983  -33.407  -19.211 0.6999999881
42937  29.238  -31.437  -21.306 0.8000000119
43808  29.290  -30.636  -21.434 0.8000000119
44777  28.671  -30.116  -21.518 0.8000000119
45846  27.683  -28.837  -22.154 0.8000000119
45847  26.050  -29.077  -22.086 0.8999999762
45848  24.952  -28.553  -22.577 0.8999999762
43837  27.939  -30.521  -23.494 0.6000000238
43838  27.149  -30.450  -23.644 0.6999999881
44815  26.744  -29.963  -23.811 0.6999999881
45866  23.984  -28.148  -23.036 0.8999999762
45889  26.124  -28.064  -25.047 0.6999999881
45880  23.649  -28.361  -24.608 0.8000000119
46884  22.298  -26.319  -23.793 0.8000000119
46905  25.349  -27.178  -25.277 0.6999999881
45891  23.091  -27.170  -24.741 0.8000000119
45881  22.439  -27.791  -24.266 0.8000000119
46906  24.088  -26.820  -25.031 0.8000000119
40303  33.535  -34.030  -18.149 0.6000000238
44813  28.603  -29.755  -23.818 0.6000000238
131323  27.430  -28.291  -22.493 0.8000000119
46866  25.797  -27.253  -23.195 0.8999999762
46867  24.529  -27.417  -23.219 0.8999999762
44821  28.180  -29.120  -24.250 0.6000000238
47841  24.626  -26.315  -23.460 0.8999999762
45878  26.705  -28.665  -24.582 0.8000000119
47842  23.337  -26.173  -23.515 0.8999999762
47872  22.547  -25.904  -24.126 0.8000000119
126547  26.653  -27.324  -25.443 0.6999999881
47888  23.047  -26.158  -24.614 0.8000000119
47871  23.747  -25.670  -24.305 0.8000000119
45877  27.747  -28.543  -24.635 0.6999999881
121557  26.785  -27.865  -22.729 0.8000000119
45887  28.336  -28.070  -25.132 0.5000000000
45888  27.261  -28.030  -25.049 0.6000000238
46904  27.841  -27.567  -25.436 0.6000000238
126788  23.830  -25.692  -23.756 0.8000000119
47885  27.413  -26.892  -25.768 0.6000000238
121703  26.475  -26.507  -25.807 0.6000000238
47887  24.526  -25.996  -25.136 0.6999999881
48825  24.964  -25.053  -25.069 0.8000000119
47860  23.051  -25.618  -23.855 0.8000000119
47886  25.673  -25.559  -25.714 0.6000000238
47858  26.988  -26.356  -23.574 0.8000000119
48803  26.015  -25.590  -23.986 0.8000000119
48783  24.829  -25.620  -23.833 0.8999999762
124679  28.272  -27.207  -25.764 0.6000000238
126322  25.599  -24.512  -25.404 0.8000000119
48818  24.622  -25.248  -24.566 0.8000000119
125893  25.148  -25.029  -24.451 0.8000000119
49712  25.706  -24.576  -25.644 0.6000000238
48802  27.165  -25.605  -24.059 0.8000000119
111373  26.299  -24.823  -24.447 0.8000000119
47884  28.095  -26.551  -26.102 0.6000000238
115656  27.987  -25.709  -26.465 0.6000000238
49681  25.823  -24.292  -24.949 0.8000000119
48838  27.122  -25.010  -26.523 0.6000000238
50592  26.411  -23.464  -25.859 0.6999999881
50617  27.442  -23.046  -26.951 0.6000000238
50603  26.475  -23.372  -26.170 0.6000000238
51534  26.817  -22.801  -26.151 0.6999999881
48854  28.025  -24.805  -26.862 0.6000000238
49745  27.660  -23.782  -27.033 0.6000000238
121122  29.197  -25.654  -24.335 0.8000000119
49679  27.433  -24.843  -24.478 0.8000000119
119364  28.895  -26.284  -26.384 0.6000000238
48817  28.500  -24.930  -24.598 0.8000000119
48836  29.713  -25.828  -26.746 0.5000000000
50575  27.045  -23.334  -25.275 0.8000000119
49680  26.692  -24.061  -24.850 0.8000000119
127723  29.860  -25.061  -27.252 0.6000000238
48837  28.756  -25.533  -26.691 0.6000000238
51533  27.158  -22.400  -25.931 0.6000000238
49742  31.042  -24.185  -27.816 0.5000000000
49743  29.376  -24.152  -27.437 0.6000000238
127067  29.244  -23.165  -27.640 0.6000000238
51551  27.213  -22.737  -26.993 0.6000000238
50615  30.099  -23.631  -27.767 0.6000000238
50616  28.362  -23.204  -27.318 0.6000000238
51550  27.857  -22.242  -27.121 0.6000000238
51565  28.629  -21.543  -27.324 0.6000000238
49694  28.788  -24.192  -24.931 0.8000000119
49695  27.728  -24.089  -24.868 0.8000000119
49693  29.799  -24.265  -24.933 0.8000000119
50573  29.108  -23.475  -25.280 0.6999999881
117917  27.884  -22.022  -26.373 0.6000000238
52454  28.395  -21.680  -26.596 0.6000000238
51516  27.368  -22.681  -25.696 0.6999999881
50633  30.769  -23.056  -28.186 0.5000000000
52461  28.612  -21.425  -26.959 0.6000000238
51562  31.119  -22.150  -28.451 0.5000000000
51564  29.257  -21.585  -27.810 0.6000000238
52477  29.268  -21.043  -27.788 0.6000000238
50572  30.150  -23.563  -25.258 0.6999999881
51514  29.457  -22.763  -25.632 0.6000000238
52453  29.147  -21.342  -26.531 0.6000000238
51515  28.342  -22.680  -25.658 0.6000000238
53405  29.008  -20.883  -27.016 0.6000000238
52452  30.074  -21.233  -26.355 0.6000000238
118901  31.549  -21.481  -28.588 0.5000000000
52476  29.585  -20.811  -28.065 0.6000000238
53421  29.491  -20.036  -28.465 0.6000000238
53411  29.128  -20.786  -27.398 0.6000000238
53410  29.186  -20.416  -27.454 0.6000000238
53394  29.437  -20.582  -26.794 0.6000000238
53419  31.296  -20.422  -28.855 0.6000000238
53420  30.161  -19.967  -28.787 0.6000000238
124926  32.456  -20.333  -29.007 0.5000000000
54383  32.492  -19.395  -29.201 0.5000000000
50591  30.545  -22.823  -25.534 0.6000000238
51530  29.832  -22.031  -26.014 0.6000000238
127329  29.199  -19.773  -28.213 0.6000000238
53404  29.328  -19.823  -27.166 0.6000000238
117185  29.845  -19.339  -28.546 0.6000000238
54373  30.322  -18.549  -28.438 0.6000000238
54384  31.428  -19.414  -29.190 0.5000000000
54391  31.562  -18.463  -29.334 0.6000000238
54390  32.596  -18.564  -29.303 0.5000000000
126399  33.297  -19.267  -29.090 0.4000000060
55344  33.562  -18.598  -29.109 0.4000000060
54368  29.513  -19.548  -27.513 0.6000000238
54356  30.047  -19.510  -27.097 0.5000000000
117632  30.907  -20.982  -26.327 0.5000000000
51529  31.042  -21.966  -25.840 0.5000000000
54374  29.588  -19.369  -28.088 0.6000000238
54367  30.242  -18.802  -27.687 0.5000000000
54385  30.607  -18.502  -28.990 0.6000000238
55355  31.810  -17.691  -29.411 0.5000000000
55354  32.776  -17.796  -29.317 0.4000000060
123615  31.910  -21.354  -25.946 0.4000000060
55335  30.663  -17.819  -28.289 0.5000000000
55356  31.025  -17.573  -29.218 0.4000000060
55346  30.659  -17.604  -28.845 0.6000000238
55345  30.993  -17.134  -28.660 0.6000000238
55328  30.924  -18.082  -27.712 0.4000000060
56260  32.067  -17.151  -29.329 0.4000000060
57123  31.956  -16.619  -29.106 0.4000000060
55327  31.855  -18.117  -27.312 0.4000000060
56252  30.953  -17.055  -29.043 0.4000000060
55334  31.183  -17.380  -27.948 0.4000000060
56259  33.773  -16.828  -29.242 0.4000000060
56251  31.531  -16.755  -28.885 0.4000000060
54353  33.261  -19.837  -26.360 0.4000000060
54354  32.568  -18.966  -26.734 0.4000000060
57122  32.685  -16.094  -29.091 0.4000000060
56250  32.129  -16.402  -28.844 0.4000000060
56240  32.132  -16.342  -28.646 0.4000000060
56241  31.665  -16.842  -28.362 0.4000000060
55316  33.679  -18.987  -26.494 0.4000000060
55326  32.947  -18.211  -26.917 0.4000000060
57115  32.614  -15.873  -28.810 0.3000000119
56233  32.656  -16.650  -27.818 0.4000000060
56234  32.216  -17.396  -27.561 0.4000000060
56218  33.922  -18.130  -26.673 0.4000000060
125409  33.177  -17.523  -27.160 0.4000000060
123503  22.009  -43.024  -20.194 0.8000000119
127325  20.599  -42.742  -19.647 0.8999999762
31621  19.795  -42.652  -19.274 0.8999999762
31622  19.027  -43.472  -19.142 0.8999999762
30799  18.302  -44.227  -18.639 0.8999999762
29969  23.923  -46.013  -17.507 0.8999999762
31590  24.168  -43.895  -17.877 1.0000000000
29131  20.529  -45.898  -18.340 0.8999999762
29977  22.171  -45.186  -18.168 0.8999999762
30788  22.715  -44.518  -18.127 0.8999999762
118253  23.734  -43.259  -18.127 1.0000000000
29979  19.494  -44.945  -18.038 0.8999999762
30789  21.325  -44.165  -18.259 0.8999999762
117517  23.274  -43.860  -18.136 1.0000000000
31596  19.425  -42.988  -18.484 0.8999999762
32484  21.924  -42.130  -18.509 0.8999999762
54355  30.907  -19.485  -26.819 0.4000000060
54366  31.371  -18.812  -27.115 0.4000000060
117236  32.092  -19.707  -26.517 0.4000000060
118258  32.745  -20.733  -26.086 0.4000000060
23108  24.517  -53.773  -12.419 0.8999999762
119841  20.039  -52.964  -15.753 0.8000000119
23920  23.215  -52.989  -10.764 0.8999999762
24811  24.959  -51.689  -14.139 1.0000000000
24827  20.836  -52.021  -15.935 0.8000000119
110766  25.843  -49.923  -12.800 0.8999999762
25671  21.496  -50.771  -16.534 0.8000000119
122116  20.399  -49.845  -17.361 0.8000000119
27313  19.318  -48.334  -18.292 0.8000000119
26451  25.315  -49.012  -16.278 1.0000000000
28199  20.821  -47.721  -18.305 0.8999999762
28200  19.783  -47.556  -18.339 0.8000000119
29980  18.465  -44.783  -17.964 0.8999999762
29982  18.008  -44.848  -18.335 0.8000000119
29123  23.696  -46.699  -17.597 0.8999999762
31591  19.965  -43.357  -18.339 0.8999999762
27230  24.564  -48.605  -12.105 0.8999999762
27231  23.612  -48.155  -12.099 1.0000000000
29074  21.362  -46.058  -13.072 0.6000000238
113254  20.091  -45.346  -13.728 0.4000000060
29932  20.945  -45.295  -13.362 0.4000000060
29968  24.679  -45.960  -17.183 1.0000000000
30787  23.707  -44.617  -17.826 0.8999999762
110407  22.841  -43.091  -20.476 0.6999999881
34534  23.211  -40.342  -21.463 0.8000000119
32505  20.002  -42.180  -19.075 0.8999999762
32529  25.094  -42.745  -22.047 0.6000000238
32514  21.610  -41.807  -20.123 0.8999999762
29907  24.123  -45.462  -12.392 0.6999999881
31542  21.061  -43.830  -13.439 0.4000000060
32486  20.220  -42.531  -18.626 0.8999999762
34516  21.707  -39.891  -20.498 0.8999999762
113292  22.547  -39.709  -21.254 0.8999999762
34561  26.448  -40.694  -23.282 0.6999999881
118510  26.304  -39.788  -23.011 0.6999999881
122367  25.818  -45.309  -12.512 0.8000000119
115837  27.139  -45.945  -13.273 0.8999999762
34475  25.729  -40.820  -18.058 1.0000000000
112909  22.337  -43.732  -18.268 0.8999999762
33463  22.129  -41.311  -18.557 0.8999999762
34476  21.527  -40.913  -18.770 0.8999999762
32485  21.017  -42.163  -18.634 0.8999999762
35481  21.549  -39.163  -20.304 0.8999999762
30741  28.257  -44.311  -13.548 0.8000000119
109884  23.229  -43.183  -12.402 0.5000000000
36316  21.725  -38.683  -20.121 0.8999999762
32471  28.491  -42.473  -16.179 0.8999999762
116066  26.466  -36.928  -23.636 0.6999999881
37311  23.292  -37.295  -21.956 0.8999999762
38395  25.120  -36.176  -23.205 0.8000000119
32400  25.019  -42.556  -12.245 0.6000000238
31540  27.706  -43.375  -12.633 0.8000000119
32398  26.623  -42.494  -12.371 0.6000000238
32442  29.219  -42.259  -14.053 0.6999999881
33441  29.406  -41.304  -16.130 0.6999999881
35464  27.180  -38.755  -19.521 1.0000000000
37261  23.733  -37.634  -20.287 1.0000000000
39377  24.013  -35.125  -22.252 0.8999999762
33363  26.260  -41.729  -12.354 0.6000000238
33364  25.344  -41.694  -12.307 0.5000000000
126360  30.300  -40.260  -15.947 0.6999999881
36310  28.070  -38.548  -19.519 0.8999999762
130436  26.286  -40.341  -12.580 0.5000000000
40340  23.990  -34.549  -21.963 0.8999999762
35392  28.892  -39.302  -13.454 0.5000000000
35409  30.818  -39.348  -15.176 0.6999999881
40316  29.400  -35.038  -20.274 0.8000000119
41234  28.387  -33.559  -20.746 0.8000000119
124410  23.169  -29.817  -23.078 0.8999999762
36249  30.789  -38.708  -14.825 0.6999999881
42068  27.615  -32.673  -21.193 0.8999999762
43812  25.990  -31.306  -21.553 0.8999999762
45879  25.654  -28.806  -24.633 0.8000000119
44824  24.107  -29.274  -24.364 0.8000000119
38325  32.577  -35.929  -17.819 0.6999999881
40304  32.615  -34.772  -18.685 0.6999999881
121080  29.859  -31.790  -21.114 0.8000000119
128096  33.227  -34.665  -18.157 0.6999999881
45865  25.879  -28.161  -22.687 0.8999999762
39314  33.131  -34.994  -17.014 0.6000000238
114616  25.731  -26.549  -25.550 0.6999999881
47840  25.873  -26.383  -23.555 0.8999999762
49711  26.099  -24.066  -25.766 0.6999999881
130092  26.583  -24.388  -26.396 0.6000000238
124703  26.550  -23.829  -26.402 0.6000000238
50576  26.388  -23.671  -25.421 0.8000000119
51543  27.289  -22.501  -26.444 0.6000000238
50574  28.002  -23.326  -25.230 0.6999999881
51548  29.665  -22.580  -27.954 0.6000000238
51563  30.118  -21.865  -28.244 0.6000000238
53403  29.675  -19.960  -26.925 0.6000000238
54352  34.314  -19.737  -26.112 0.4000000060
57110  32.698  -15.854  -28.403 0.4000000060
31606  18.900  -43.649  -18.468 0.8999999762
17733  18.536  -60.271  -12.735 0.4000000060
17723  20.082  -60.311  -11.691 0.4000000060
16217  20.242  -61.120  -10.602 0.4000000060
17736  19.462  -59.279  -13.039 0.4000000060
16983  20.528  -60.502  -11.015 0.4000000060
16975  20.620  -60.520  -10.253 0.4000000060
18514  19.925  -58.575  -13.411 0.3000000119
130006  20.364  -59.777  -11.883 0.4000000060
19405  19.272  -58.096  -14.254 0.4000000060
110109  18.940  -57.234  -14.789 0.4000000060
20385  18.581  -56.374  -15.169 0.4000000060
21312  17.881  -55.762  -15.337 0.4000000060
16974  20.934  -59.925  -10.722 0.5000000000
16960  20.971  -59.843  -9.929 0.4000000060
18507  20.729  -58.622  -12.824 0.4000000060
17731  20.802  -59.262  -12.083 0.4000000060
113070  20.243  -57.859  -13.881 0.5000000000
19416  19.899  -57.260  -14.485 0.4000000060
20384  19.261  -55.919  -15.233 0.4000000060
21311  18.698  -55.490  -15.343 0.5000000000
117502  18.383  -54.126  -15.676 0.5000000000
23143  17.824  -53.481  -15.963 0.6000000238
23144  16.876  -53.588  -16.072 0.5000000000
23994  16.487  -51.967  -16.531 0.4000000060
17711  21.323  -59.305  -10.466 0.5000000000
17702  21.173  -59.090  -9.691 0.5000000000
17694  20.000  -59.232  -8.870 0.5000000000
18466  19.387  -58.966  -8.765 0.5000000000
18506  21.461  -58.502  -12.332 0.6000000238
115492  21.496  -58.851  -11.664 0.6000000238
19394  21.273  -58.062  -13.045 0.5000000000
18505  22.047  -57.732  -12.600 0.6000000238
19415  20.773  -57.223  -14.084 0.5000000000
20369  20.528  -56.471  -14.652 0.5000000000
21300  19.990  -55.863  -15.160 0.4000000060
21310  19.476  -55.279  -15.323 0.6000000238
23142  19.225  -53.981  -15.622 0.6000000238
120977  18.721  -53.376  -15.862 0.6000000238
23980  18.180  -52.700  -16.202 0.6000000238
23993  17.500  -51.927  -16.536 0.6000000238
24838  17.838  -51.149  -16.918 0.6000000238
23981  17.205  -52.757  -16.261 0.6000000238
24839  16.643  -51.016  -17.025 0.6000000238
25676  16.257  -50.130  -17.619 0.6000000238
18486  21.572  -58.597  -10.263 0.5000000000
18475  21.181  -58.267  -9.598 0.5000000000
127613  19.786  -58.326  -9.065 0.5000000000
18477  18.845  -58.433  -8.944 0.5000000000
18496  21.699  -58.798  -11.030 0.6000000238
19403  21.564  -57.302  -13.456 0.6000000238
19393  22.271  -57.080  -13.036 0.6000000238
130549  21.234  -56.024  -14.526 0.5000000000
20351  22.138  -56.550  -13.550 0.6000000238
21299  20.761  -55.642  -14.919 0.6000000238
21309  20.245  -55.130  -15.243 0.6000000238
23979  19.214  -52.634  -16.079 0.6000000238
25675  17.187  -50.294  -17.376 0.6000000238
26468  17.103  -49.258  -18.303 0.6999999881
115056  20.556  -57.998  -9.321 0.6000000238
19351  19.968  -57.301  -9.433 0.5000000000
19352  19.017  -57.641  -9.312 0.5000000000
19386  22.564  -57.417  -11.968 0.6000000238
19373  22.424  -57.511  -11.162 0.6000000238
19374  21.656  -57.790  -10.079 0.6000000238
20301  19.085  -56.821  -9.637 0.5000000000
119802  18.413  -57.120  -9.511 0.5000000000
20329  22.824  -56.845  -11.444 0.6000000238
21298  21.506  -55.391  -14.648 0.6000000238
111203  17.984  -49.049  -18.209 0.6999999881
19349  21.667  -56.998  -10.107 0.6000000238
20298  21.169  -56.592  -9.846 0.6000000238
129028  22.070  -57.435  -10.523 0.6000000238
21227  20.940  -55.938  -9.925 0.6000000238
20300  19.734  -56.495  -9.743 0.6000000238
21229  19.141  -56.041  -9.993 0.6000000238
20315  18.272  -56.363  -9.909 0.6000000238
111727  22.926  -56.213  -11.039 0.6000000238
20316  17.358  -56.284  -10.009 0.5000000000
20340  22.828  -56.509  -12.883 0.6000000238
112025  17.720  -54.970  -10.679 0.6000000238
27315  17.660  -48.776  -18.676 0.6999999881
20314  21.691  -56.206  -10.149 0.6000000238
118627  19.951  -55.026  -10.334 0.6000000238
21239  22.416  -55.655  -10.526 0.6000000238
21240  21.460  -55.408  -10.191 0.6000000238
21241  20.637  -55.204  -10.187 0.6000000238
21242  19.283  -55.259  -10.330 0.6000000238
21243  18.473  -55.515  -10.322 0.6000000238
20328  23.297  -56.255  -11.696 0.6000000238
22201  18.655  -54.707  -10.694 0.6000000238
20339  23.345  -56.117  -12.346 0.6000000238
22244  22.967  -54.929  -13.744 0.6000000238
28207  18.286  -47.349  -18.938 0.6999999881
29149  18.443  -46.185  -19.259 0.6999999881
21254  23.350  -55.496  -11.210 0.6000000238
115928  21.100  -54.754  -10.297 0.6999999881
22199  20.381  -54.414  -10.527 0.6999999881
130109  23.651  -55.731  -11.930 0.6000000238
30812  18.789  -44.531  -19.408 0.6999999881
22198  21.875  -54.757  -10.322 0.6999999881
22213  23.640  -54.549  -11.197 0.6999999881
22197  22.808  -54.725  -10.634 0.6999999881
23079  20.571  -53.594  -10.800 0.6999999881
22200  19.491  -54.514  -10.668 0.6000000238
23081  18.926  -53.903  -11.038 0.6999999881
23094  19.263  -53.001  -11.260 0.6000000238
22214  18.054  -54.090  -11.011 0.5000000000
31620  21.265  -43.269  -19.919 0.8000000119
23093  23.055  -53.845  -10.665 0.6999999881
116391  22.114  -53.964  -10.435 0.6999999881
23911  20.061  -53.154  -11.145 0.6999999881
23095  17.501  -53.500  -11.243 0.5000000000
23922  20.002  -52.478  -11.323 0.6999999881
113618  19.336  -52.170  -11.469 0.6000000238
23923  18.478  -52.292  -11.494 0.6000000238
45845  28.486  -28.922  -22.118 0.6999999881
42053  30.927  -32.937  -20.419 0.6999999881
42066  30.306  -32.315  -20.779 0.6999999881
43822  30.062  -30.306  -21.522 0.6999999881
125869  32.258  -33.322  -19.683 0.6000000238
42052  31.832  -32.822  -20.162 0.6000000238
43823  29.318  -29.998  -21.553 0.6999999881
45844  29.290  -28.957  -22.135 0.6999999881
45863  28.094  -28.318  -22.491 0.6999999881
46865  27.591  -27.731  -22.796 0.6999999881
42051  32.709  -32.746  -19.730 0.6000000238
42935  31.915  -31.514  -20.792 0.6000000238
42936  30.531  -31.646  -21.055 0.6999999881
44793  30.531  -29.628  -21.796 0.6999999881
41220  33.586  -32.655  -19.129 0.6000000238
110451  28.877  -28.338  -22.508 0.6999999881
119901  28.403  -27.712  -22.875 0.6999999881
115353  28.007  -26.377  -23.719 0.6999999881
42064  32.302  -32.151  -20.308 0.6000000238
43820  31.939  -30.255  -21.449 0.6000000238
44809  30.103  -29.009  -22.167 0.6999999881
46882  29.257  -27.732  -22.959 0.6999999881
46883  28.711  -27.082  -23.386 0.6999999881
120525  28.984  -26.367  -23.888 0.6999999881
42926  33.180  -32.069  -19.847 0.6000000238
42934  32.800  -31.482  -20.441 0.6000000238
43819  32.845  -30.129  -21.200 0.5000000000
44792  31.434  -29.637  -21.796 0.6000000238
45860  31.358  -28.448  -22.605 0.5000000000
46864  30.098  -27.822  -23.011 0.6999999881
48799  30.838  -25.907  -24.340 0.6999999881
126671  29.972  -25.577  -24.430 0.6999999881
124895  35.699  -15.813  -29.982 0.3000000119
57120  34.992  -15.864  -29.718 0.3000000119
113388  32.790  -16.976  -29.264 0.3000000119
16984  19.502  -60.970  -11.676 0.4000000060
16225  19.833  -61.538  -11.139 0.3000000119
15435  19.413  -62.654  -10.591 0.4000000060
17737  18.656  -59.611  -13.267 0.3000000119
16218  19.928  -61.932  -10.308 0.4000000060
18524  18.439  -58.546  -14.216 0.4000000060
16203  20.269  -61.170  -9.784 0.4000000060
19417  18.270  -57.857  -14.554 0.4000000060
20386  17.738  -56.461  -15.190 0.4000000060
20372  17.098  -56.126  -15.293 0.4000000060
117417  17.476  -54.297  -15.750 0.5000000000
23145  15.872  -53.623  -16.082 0.4000000060
16949  19.246  -60.545  -8.686 0.4000000060
115961  15.768  -51.338  -16.927 0.5000000000
18467  18.742  -59.181  -8.664 0.5000000000
26480  16.257  -49.341  -18.576 0.6000000238
18478  18.074  -58.715  -8.851 0.5000000000
19353  18.058  -57.833  -9.206 0.5000000000
19354  17.106  -57.611  -9.383 0.5000000000
20302  17.668  -56.991  -9.580 0.5000000000
20317  16.555  -56.207  -10.179 0.4000000060
28218  18.269  -47.402  -19.006 0.6999999881
30000  18.934  -45.518  -19.666 0.6999999881
22215  17.224  -54.219  -11.017 0.5000000000
29999  19.850  -45.157  -19.921 0.8000000119
31619  22.073  -43.698  -20.056 0.6999999881
115337  16.936  -53.057  -11.402 0.5000000000
23924  17.639  -52.728  -11.428 0.6000000238
37214  31.453  -37.400  -15.538 0.6000000238
41211  33.591  -33.412  -18.552 0.6000000238
42933  33.499  -31.430  -19.986 0.5000000000
44790  33.733  -29.847  -20.834 0.5000000000
45858  33.097  -28.208  -22.358 0.5000000000
45859  32.229  -28.367  -22.537 0.5000000000
47855  31.535  -26.598  -23.891 0.5000000000
48798  31.933  -25.840  -24.252 0.5000000000
126920  31.482  -24.194  -24.885 0.5000000000
58001  35.318  -15.181  -29.925 0.3000000119
21280  23.503  -55.189  -13.128 0.6000000238
21281  22.709  -55.733  -13.500 0.6000000238
21282  21.898  -55.930  -14.147 0.6000000238
128404  21.235  -51.901  -11.187 0.8000000119
25674  18.255  -50.445  -17.313 0.6999999881
27314  18.367  -48.286  -18.625 0.6999999881
29139  18.147  -45.739  -18.799 0.6999999881
42065  31.278  -32.127  -20.652 0.6999999881
47839  27.790  -27.095  -23.263 0.6999999881
49692  30.740  -24.281  -24.906 0.6000000238
57121  33.863  -15.883  -29.325 0.3000000119
30811  19.959  -44.243  -19.750 0.8000000119
30809  22.079  -44.680  -19.947 0.6999999881
43807  30.704  -30.962  -21.297 0.6999999881
16987  19.276  -60.327  -12.178 0.4000000060
18508  20.169  -59.079  -12.734 0.4000000060
18515  18.971  -58.924  -13.753 0.3000000119
18513  20.631  -58.187  -13.346 0.5000000000
16948  19.980  -60.058  -8.890 0.5000000000
21301  17.093  -55.212  -15.495 0.3000000119
23995  15.460  -52.048  -16.616 0.4000000060
17696  18.671  -59.929  -8.547 0.5000000000
111142  18.307  -53.248  -11.258 0.6000000238
45862  29.686  -28.386  -22.556 0.6999999881
43806  31.530  -30.913  -21.224 0.6999999881
43805  32.415  -30.873  -21.002 0.6000000238
43821  31.028  -30.280  -21.513 0.6999999881
44808  30.958  -29.057  -22.211 0.6999999881
44791  32.342  -29.576  -21.722 0.5000000000
44807  31.843  -29.030  -22.192 0.6000000238
45861  30.510  -28.443  -22.599 0.6999999881
47857  29.732  -27.072  -23.527 0.6999999881
48800  29.900  -26.260  -24.119 0.6999999881
43804  33.390  -30.727  -20.502 0.5000000000
116637  33.227  -29.393  -21.498 0.5000000000
46880  31.235  -27.297  -23.463 0.5000000000
47856  30.626  -26.770  -23.824 0.5000000000
48814  31.437  -24.976  -24.608 0.5000000000
48815  30.391  -24.998  -24.625 0.6999999881
43795  34.064  -30.974  -19.705 0.5000000000
46878  33.024  -26.997  -23.198 0.5000000000
48813  32.430  -25.129  -24.419 0.5000000000
130683  19.925  -45.935  -19.923 0.6000000238
29156  20.838  -45.845  -19.936 0.6000000238
124327  24.525  -43.920  -20.370 0.5000000000
123229  22.496  -45.438  -19.927 0.6000000238
112087  22.877  -43.980  -20.175 0.6000000238
30838  25.175  -44.080  -22.798 0.5000000000
31616  25.202  -43.408  -21.042 0.5000000000
31618  23.690  -43.475  -20.514 0.6000000238
110278  17.961  -50.080  -11.950 0.5000000000
32512  23.781  -42.696  -20.838 0.6000000238
30854  25.221  -44.110  -23.478 0.5000000000
31634  25.215  -43.344  -21.952 0.5000000000
32560  27.166  -43.091  -23.905 0.5000000000
26402  18.505  -49.295  -12.270 0.4000000060
121569  17.770  -49.281  -12.267 0.4000000060
27236  18.076  -48.619  -12.557 0.4000000060
31668  25.273  -43.367  -23.362 0.5000000000
32559  28.085  -42.584  -23.614 0.5000000000
125043  26.757  -42.453  -23.692 0.5000000000
28133  18.756  -47.106  -13.375 0.4000000060
33532  28.526  -41.710  -23.156 0.5000000000
33541  27.938  -41.612  -23.708 0.5000000000
112278  22.292  -43.106  -12.707 0.4000000060
110392  21.449  -43.120  -13.132 0.4000000060
127784  20.812  -43.178  -13.543 0.3000000119
35369  27.086  -39.607  -13.053 0.4000000060
35370  26.398  -39.726  -12.792 0.4000000060
110026  24.331  -41.720  -12.340 0.4000000060
33365  23.339  -41.678  -12.416 0.4000000060
117491  26.518  -39.078  -13.040 0.4000000060
32402  22.819  -42.368  -12.481 0.4000000060
34381  24.116  -40.253  -12.541 0.4000000060
32403  21.821  -42.232  -12.846 0.4000000060
109521  25.716  -40.809  -12.428 0.4000000060
34379  25.725  -39.915  -12.598 0.4000000060
34380  24.703  -40.921  -12.414 0.4000000060
36238  27.187  -38.864  -13.258 0.4000000060
35354  25.861  -39.201  -12.778 0.4000000060
35355  25.131  -39.367  -12.636 0.4000000060
119562  24.957  -40.120  -12.512 0.4000000060
35356  24.356  -39.554  -12.627 0.4000000060
35357  23.665  -39.730  -12.675 0.4000000060
33366  22.475  -41.570  -12.578 0.4000000060
36233  23.722  -39.091  -12.757 0.4000000060
35358  22.859  -39.527  -12.875 0.4000000060
131320  22.337  -41.027  -12.656 0.4000000060
35391  29.815  -39.287  -13.839 0.4000000060
118931  27.074  -38.101  -13.421 0.4000000060
130266  26.613  -38.512  -13.229 0.4000000060
36230  26.034  -38.558  -13.038 0.4000000060
36250  30.076  -38.558  -14.198 0.5000000000
36251  29.180  -38.472  -13.713 0.4000000060
36237  28.055  -38.453  -13.462 0.4000000060
110806  26.320  -37.943  -13.308 0.4000000060
36239  25.562  -37.964  -13.104 0.4000000060
36231  25.321  -38.664  -12.823 0.4000000060
36232  24.534  -38.845  -12.726 0.4000000060
36240  24.751  -38.110  -12.890 0.4000000060
118323  31.111  -38.068  -15.205 0.5000000000
37197  30.330  -37.872  -14.613 0.5000000000
119374  29.734  -37.053  -14.502 0.5000000000
37198  29.423  -37.735  -14.188 0.4000000060
38262  27.977  -36.917  -14.126 0.4000000060
37184  27.576  -37.540  -13.751 0.4000000060
37185  26.755  -37.370  -13.631 0.4000000060
37187  25.001  -37.342  -13.144 0.4000000060
37196  30.655  -37.209  -14.909 0.5000000000
114817  28.842  -36.960  -14.229 0.4000000060
38275  27.577  -36.225  -14.207 0.4000000060
126674  26.960  -36.222  -14.011 0.4000000060
38272  30.149  -36.333  -14.695 0.4000000060
38273  29.225  -36.261  -14.447 0.4000000060
38274  28.355  -36.237  -14.343 0.4000000060
39281  27.097  -35.610  -14.280 0.4000000060
39301  29.831  -34.814  -15.030 0.4000000060
40267  29.946  -34.018  -15.379 0.4000000060
118650  29.094  -34.316  -15.192 0.4000000060
40245  28.286  -34.728  -14.886 0.4000000060
40268  28.350  -33.852  -15.312 0.4000000060
38291  31.820  -36.706  -15.790 0.5000000000
39298  31.979  -35.317  -15.767 0.5000000000
40266  30.694  -34.646  -15.301 0.4000000060
41171  29.140  -33.511  -15.530 0.4000000060
41172  28.378  -33.071  -15.645 0.3000000119
39323  32.808  -35.715  -17.141 0.5000000000
39300  30.599  -35.545  -15.036 0.5000000000
39278  29.607  -35.555  -14.709 0.4000000060
129049  29.097  -34.978  -14.875 0.4000000060
39279  28.730  -35.538  -14.604 0.4000000060
122464  27.327  -34.842  -14.646 0.4000000060
40286  32.361  -34.683  -16.021 0.5000000000
40265  31.596  -34.597  -15.569 0.5000000000
41993  30.040  -33.086  -15.670 0.4000000060
40285  33.198  -34.348  -16.873 0.5000000000
40287  32.043  -33.944  -15.767 0.5000000000
41170  30.991  -33.769  -15.537 0.4000000060
41199  30.950  -32.893  -15.704 0.4000000060
42860  29.880  -32.170  -15.946 0.4000000060
41994  29.107  -32.673  -15.805 0.3000000119
41995  28.324  -32.309  -15.919 0.3000000119
42021  27.582  -31.912  -16.125 0.3000000119
41196  33.339  -33.440  -16.896 0.5000000000
40295  33.443  -34.344  -17.517 0.4000000060
41206  33.770  -33.473  -17.851 0.5000000000
42019  31.809  -32.548  -15.938 0.3000000119
129901  30.402  -32.583  -15.796 0.4000000060
42885  29.512  -31.316  -16.273 0.3000000119
42861  28.945  -31.897  -16.097 0.3000000119
42887  27.867  -31.213  -16.463 0.3000000119
42888  27.075  -31.262  -16.471 0.3000000119
42018  32.737  -32.719  -16.371 0.3000000119
42036  33.821  -32.637  -17.508 0.4000000060
42917  34.189  -31.858  -18.497 0.4000000060
42925  33.896  -31.785  -19.276 0.4000000060
42883  31.463  -31.685  -16.140 0.3000000119
42020  30.820  -32.207  -15.898 0.3000000119
43742  29.103  -30.571  -16.587 0.3000000119
42886  28.646  -31.217  -16.403 0.3000000119
43745  26.580  -30.600  -16.688 0.3000000119
42889  26.257  -31.285  -16.410 0.3000000119
42882  32.447  -31.962  -16.338 0.3000000119
44714  27.794  -29.830  -16.939 0.3000000119
43744  27.409  -30.552  -16.707 0.3000000119
44716  25.927  -29.977  -16.981 0.3000000119
42037  33.290  -32.332  -16.804 0.3000000119
42907  33.756  -31.742  -17.284 0.3000000119
43784  34.600  -30.210  -18.265 0.3000000119
43803  34.243  -30.210  -20.102 0.4000000060
44789  34.053  -29.076  -21.121 0.4000000060
46848  33.926  -27.992  -22.065 0.4000000060
46879  32.102  -27.173  -23.410 0.4000000060
43769  32.689  -30.511  -16.609 0.3000000119
43739  32.106  -31.121  -16.373 0.3000000119
42908  33.075  -31.415  -16.655 0.3000000119
43768  33.625  -30.811  -17.013 0.3000000119
43767  34.266  -31.164  -17.833 0.3000000119
43794  34.565  -30.356  -19.259 0.3000000119
44767  34.733  -29.651  -19.621 0.4000000060
45819  35.043  -28.931  -19.860 0.3000000119
44776  34.481  -29.419  -20.385 0.4000000060
45830  34.780  -28.653  -20.620 0.4000000060
46860  33.492  -27.513  -22.613 0.4000000060
47853  33.386  -26.241  -23.489 0.4000000060
47854  32.466  -26.446  -23.736 0.4000000060
48797  32.834  -25.739  -24.021 0.4000000060
43785  34.066  -30.182  -17.421 0.3000000119
46836  35.127  -27.938  -20.895 0.3000000119
46846  35.283  -27.304  -21.200 0.3000000119
130775  34.048  -26.752  -22.790 0.4000000060
48782  34.244  -25.896  -23.207 0.4000000060
48796  33.622  -25.483  -23.760 0.4000000060
123620  33.522  -24.079  -24.500 0.4000000060
49690  32.985  -24.540  -24.470 0.4000000060
50571  31.916  -23.687  -25.060 0.4000000060
121751  31.086  -23.606  -25.188 0.5000000000
46835  35.617  -27.247  -20.360 0.3000000119
47827  35.688  -26.643  -21.110 0.3000000119
47838  34.942  -26.901  -21.929 0.3000000119
48781  34.893  -26.144  -22.461 0.4000000060
49669  35.100  -24.699  -23.193 0.4000000060
49677  34.529  -24.501  -23.744 0.4000000060
49678  33.790  -24.705  -24.099 0.4000000060
125011  34.332  -23.914  -24.286 0.3000000119
50569  33.658  -23.422  -24.765 0.4000000060
50588  33.030  -22.924  -25.146 0.3000000119
51528  32.282  -22.308  -25.505 0.3000000119
50590  31.556  -22.942  -25.397 0.4000000060
52451  32.755  -21.592  -25.671 0.3000000119
47817  36.012  -26.277  -20.352 0.3000000119
48773  36.122  -25.759  -21.159 0.3000000119
48780  35.621  -25.586  -22.069 0.3000000119
111422  35.670  -24.871  -22.439 0.3000000119
49676  35.133  -24.019  -23.635 0.3000000119
50567  35.101  -23.308  -24.129 0.3000000119
51511  35.054  -22.577  -24.555 0.3000000119
51512  34.471  -22.457  -24.969 0.3000000119
51513  33.829  -22.699  -25.093 0.3000000119
52450  33.541  -21.390  -25.637 0.3000000119
52449  34.480  -21.232  -25.495 0.3000000119
48764  36.213  -25.421  -20.334 0.3000000119
114302  36.186  -24.389  -22.036 0.3000000119
49668  35.840  -24.100  -22.799 0.3000000119
50561  35.794  -23.386  -23.409 0.3000000119
51504  35.748  -22.678  -23.946 0.3000000119
52441  34.971  -21.860  -25.034 0.3000000119
52448  35.427  -21.041  -25.181 0.3000000119
53391  33.879  -20.579  -25.908 0.3000000119
53390  34.842  -20.422  -25.661 0.3000000119
55315  34.777  -18.760  -26.198 0.3000000119
29150  18.427  -46.929  -19.193 0.6000000238
29155  20.609  -46.749  -20.061 0.5000000000
29997  21.779  -45.647  -19.930 0.5000000000
29995  23.932  -44.901  -19.831 0.5000000000
29996  23.135  -45.652  -19.879 0.5000000000
30853  25.929  -44.711  -23.997 0.5000000000
115285  26.283  -44.185  -20.718 0.5000000000
30798  25.048  -44.660  -19.871 0.5000000000
24773  19.005  -51.521  -11.647 0.6000000238
25613  18.560  -50.811  -11.766 0.5000000000
26403  17.115  -49.662  -12.138 0.5000000000
27237  17.180  -48.744  -12.498 0.4000000060
27252  17.634  -48.018  -12.890 0.4000000060
28134  17.926  -47.398  -13.365 0.4000000060
119716  18.091  -46.807  -13.702 0.4000000060
30746  19.858  -44.460  -13.991 0.3000000119
31543  20.289  -43.681  -13.847 0.3000000119
32431  20.998  -42.499  -13.344 0.4000000060
34383  22.320  -40.411  -12.843 0.4000000060
33367  21.731  -41.191  -12.878 0.4000000060
36242  23.027  -38.617  -12.920 0.4000000060
112932  26.517  -36.644  -13.773 0.4000000060
37188  24.138  -37.538  -12.892 0.4000000060
119694  23.510  -37.050  -12.893 0.4000000060
119351  25.908  -36.422  -13.651 0.4000000060
118878  25.251  -36.585  -13.418 0.4000000060
38264  26.320  -35.839  -13.947 0.4000000060
116774  24.807  -36.024  -13.459 0.4000000060
40269  27.552  -34.087  -15.076 0.4000000060
41173  27.674  -33.378  -15.451 0.4000000060
128476  27.111  -32.365  -15.847 0.3000000119
42022  26.738  -31.878  -16.137 0.3000000119
42023  25.915  -31.934  -16.066 0.3000000119
31666  26.711  -43.969  -24.164 0.5000000000
29943  19.275  -45.024  -14.103 0.4000000060
119396  22.136  -38.925  -13.121 0.4000000060
120962  23.229  -37.767  -12.916 0.4000000060
39269  25.483  -35.872  -13.695 0.4000000060
31617  24.471  -43.123  -20.931 0.5000000000
35368  27.905  -39.438  -13.263 0.4000000060
38302  32.254  -36.704  -16.495 0.5000000000
42043  33.995  -32.654  -18.330 0.5000000000
49691  32.179  -24.384  -24.717 0.4000000060
48812  33.142  -25.145  -24.202 0.4000000060
123238  23.594  -44.189  -20.158 0.6000000238
30807  25.571  -43.980  -20.502 0.5000000000
119987  25.743  -44.511  -22.517 0.5000000000
34382  23.268  -40.302  -12.647 0.4000000060
37183  28.495  -37.653  -13.888 0.4000000060
119632  24.331  -36.657  -13.126 0.4000000060
38292  31.061  -36.524  -15.179 0.5000000000
39280  27.885  -35.534  -14.510 0.4000000060
38290  32.176  -36.044  -16.059 0.5000000000
124122  31.295  -35.209  -15.402 0.5000000000
39299  31.528  -35.907  -15.489 0.5000000000
118286  32.760  -34.089  -16.361 0.5000000000
124332  32.850  -34.718  -16.561 0.5000000000
41198  31.665  -33.277  -15.745 0.4000000060
41197  32.455  -33.326  -16.120 0.4000000060
42924  34.393  -31.103  -18.826 0.3000000119
46847  34.662  -27.656  -21.645 0.4000000060
46859  34.234  -27.388  -22.259 0.4000000060
130466  33.812  -29.632  -17.278 0.3000000119
48795  34.375  -25.128  -23.492 0.4000000060
50568  34.411  -23.081  -24.662 0.3000000119
50570  32.798  -23.735  -24.816 0.4000000060
47837  35.510  -26.227  -21.750 0.3000000119
48772  36.392  -24.863  -20.907 0.3000000119
50556  36.273  -23.374  -22.666 0.3000000119
54351  35.250  -19.606  -25.713 0.3000000119
22202  16.789  -54.908  -10.818 0.4000000060
22216  16.448  -54.225  -11.119 0.4000000060
23096  16.162  -53.438  -11.355 0.3000000119
123497  16.853  -53.682  -11.239 0.4000000060
23925  16.391  -52.578  -11.508 0.3000000119
25699  15.323  -49.175  -19.063 0.5000000000
126176  17.053  -52.418  -11.516 0.5000000000
24775  16.713  -51.860  -11.623 0.3000000119
27326  17.666  -48.721  -19.022 0.5000000000
27335  18.102  -48.994  -19.483 0.5000000000
26490  17.212  -49.366  -19.302 0.5000000000
129973  18.270  -51.505  -11.636 0.5000000000
124506  17.753  -51.014  -11.722 0.4000000060
27334  18.328  -48.207  -19.198 0.5000000000
27345  18.997  -48.565  -19.775 0.5000000000
27344  19.877  -48.612  -20.197 0.3000000119
29157  19.057  -47.029  -19.656 0.5000000000
28226  19.485  -47.839  -19.937 0.4000000060
28224  20.796  -47.783  -20.304 0.4000000060
28223  21.622  -48.446  -20.466 0.3000000119
120356  21.536  -47.395  -20.237 0.3000000119
119817  23.025  -48.048  -20.263 0.3000000119
127049  22.785  -47.193  -20.097 0.3000000119
29147  25.105  -46.242  -19.348 0.3000000119
29148  24.160  -46.612  -19.609 0.3000000119
29153  23.284  -46.522  -19.889 0.4000000060
29154  22.466  -46.310  -19.976 0.4000000060
29994  26.758  -44.655  -20.372 0.4000000060
29986  25.556  -45.345  -19.525 0.4000000060
29987  24.585  -45.575  -19.572 0.4000000060
27253  16.862  -48.002  -12.883 0.3000000119
29077  18.613  -46.327  -13.804 0.3000000119
33388  21.164  -41.783  -13.157 0.3000000119
34402  21.427  -40.378  -13.356 0.3000000119
35371  21.885  -39.708  -13.251 0.3000000119
35372  21.128  -39.797  -13.682 0.3000000119
37189  22.441  -36.981  -12.963 0.3000000119
39270  24.080  -35.777  -13.366 0.3000000119
38265  23.372  -36.342  -13.069 0.3000000119
119185  22.594  -36.110  -13.163 0.3000000119
115826  21.299  -36.846  -13.304 0.3000000119
112424  26.483  -35.007  -14.380 0.3000000119
39282  25.685  -35.177  -14.090 0.3000000119
39283  24.801  -35.258  -13.782 0.3000000119
40235  23.826  -34.959  -13.683 0.3000000119
40270  26.629  -34.130  -14.837 0.3000000119
40246  25.810  -34.442  -14.490 0.3000000119
114042  25.164  -34.646  -14.217 0.3000000119
40247  24.433  -34.455  -14.154 0.3000000119
41175  25.348  -33.259  -15.132 0.3000000119
41155  25.055  -33.932  -14.577 0.3000000119
41156  24.228  -33.836  -14.513 0.3000000119
123331  27.037  -33.580  -15.276 0.3000000119
41174  26.284  -33.266  -15.311 0.3000000119
40271  25.835  -33.782  -14.838 0.3000000119
41999  24.772  -32.676  -15.456 0.3000000119
25689  15.637  -49.606  -18.225 0.5000000000
30797  26.008  -44.581  -19.995 0.4000000060
118276  17.271  -47.552  -13.251 0.3000000119
38266  21.752  -36.199  -13.268 0.3000000119
24786  17.082  -51.277  -11.717 0.3000000119
25623  17.087  -50.540  -11.872 0.3000000119
25624  16.324  -50.110  -12.066 0.3000000119
116933  18.657  -61.193  -8.630 0.4000000060
117843  18.002  -60.960  -8.575 0.4000000060
114151  17.959  -60.204  -8.587 0.4000000060
17698  16.414  -60.057  -8.883 0.4000000060
17704  15.898  -59.171  -9.136 0.3000000119
128585  17.488  -59.064  -8.791 0.4000000060
123383  16.780  -59.089  -8.911 0.4000000060
18479  16.370  -58.238  -9.307 0.4000000060
22272  16.495  -54.408  -15.811 0.3000000119
112662  17.309  -58.413  -9.053 0.4000000060
19355  15.695  -57.589  -9.698 0.3000000119
19375  16.046  -56.827  -9.914 0.3000000119
123642  16.400  -57.403  -9.574 0.4000000060
21246  15.547  -55.543  -10.857 0.3000000119
19376  15.153  -56.932  -10.236 0.3000000119
21255  15.186  -54.963  -11.172 0.3000000119
20303  16.840  -56.857  -9.723 0.4000000060
21245  16.285  -55.558  -10.632 0.3000000119
22203  15.997  -54.919  -11.028 0.3000000119
16951  17.190  -60.653  -8.648 0.4000000060
17697  17.306  -59.736  -8.717 0.4000000060
22217  15.670  -54.225  -11.248 0.3000000119
16183  19.865  -60.901  -9.070 0.3000000119
16224  20.069  -60.913  -11.237 0.4000000060
16950  18.533  -60.564  -8.579 0.4000000060
16961  20.444  -60.367  -9.478 0.5000000000
17695  19.376  -59.657  -8.665 0.5000000000
17703  20.567  -59.564  -9.291 0.5000000000
17722  21.253  -59.403  -11.249 0.6000000238
17732  19.902  -59.685  -12.325 0.4000000060
18468  18.034  -59.456  -8.649 0.4000000060
18476  20.601  -58.754  -9.224 0.5000000000
18485  21.995  -58.113  -10.809 0.6000000238
18495  22.045  -58.195  -11.679 0.6000000238
19350  21.030  -57.337  -9.591 0.6000000238
19385  22.991  -56.766  -12.175 0.6000000238
19404  20.903  -57.733  -13.572 0.5000000000
20299  20.488  -56.562  -9.708 0.6000000238
20313  22.358  -56.707  -10.637 0.6000000238
20318  15.758  -56.189  -10.438 0.3000000119
20368  21.380  -56.603  -14.119 0.5000000000
20370  19.543  -56.540  -14.969 0.4000000060
20371  18.001  -57.098  -14.946 0.4000000060
21228  20.017  -55.787  -10.032 0.6000000238
21244  17.075  -55.600  -10.428 0.4000000060
21253  23.952  -55.084  -11.855 0.6000000238
21268  23.264  -55.820  -12.860 0.6000000238
22267  21.145  -54.046  -15.304 0.8000000119
22268  20.448  -54.481  -15.333 0.6000000238
22269  19.736  -54.556  -15.424 0.6999999881
22270  18.930  -54.717  -15.466 0.6000000238
22271  18.082  -54.928  -15.500 0.5000000000
23077  22.281  -53.121  -10.567 0.8999999762
23080  19.780  -53.772  -10.961 0.6999999881
23119  24.316  -53.880  -13.057 0.8999999762
23910  20.691  -52.854  -11.047 0.6999999881
23921  20.723  -52.097  -11.261 0.6999999881
23975  23.088  -52.422  -15.136 1.0000000000
23976  22.156  -52.564  -15.445 0.8999999762
23982  16.209  -52.794  -16.258 0.4000000060
24774  17.570  -51.874  -11.598 0.5000000000
24823  24.326  -51.341  -15.064 1.0000000000
25607  24.342  -50.320  -11.534 0.8999999762
25608  23.225  -50.132  -11.414 0.8999999762
25609  22.243  -50.165  -11.558 0.8999999762
25677  15.367  -50.434  -17.625 0.5000000000
25687  17.598  -49.667  -17.773 0.6999999881
25688  16.612  -49.667  -17.941 0.6999999881
26414  26.529  -48.740  -13.606 0.8999999762
26453  23.513  -49.721  -16.883 1.0000000000
26455  21.782  -50.160  -17.042 0.8000000119
26466  19.706  -49.186  -17.732 0.8000000119
26479  16.950  -49.194  -18.830 0.5000000000
26491  16.288  -49.454  -19.287 0.5000000000
27251  18.436  -47.889  -12.925 0.4000000060
27267  26.942  -48.388  -14.251 0.8999999762
27325  18.203  -48.149  -18.929 0.6999999881
28113  24.382  -47.802  -12.318 1.0000000000
28114  23.616  -47.488  -12.381 1.0000000000
28174  27.455  -47.111  -14.843 0.8999999762
28189  24.144  -47.335  -17.342 0.8999999762
28196  23.436  -47.454  -17.662 0.8999999762
28197  22.674  -47.640  -18.021 0.8999999762
28217  23.525  -47.383  -19.928 0.3000000119
28222  22.278  -47.802  -20.301 0.3000000119
28225  19.939  -47.303  -20.054 0.4000000060
28227  18.766  -47.625  -19.417 0.5000000000
29051  23.088  -46.970  -12.620 0.8000000119
29133  18.438  -45.530  -18.548 0.8000000119
29140  18.213  -46.607  -18.945 0.6999999881
29909  22.431  -45.193  -12.773 0.6000000238
29957  26.968  -45.804  -15.921 1.0000000000
29976  24.194  -45.325  -17.505 1.0000000000
29988  23.785  -45.854  -19.704 0.4000000060
29989  18.242  -45.135  -18.958 0.6999999881
29998  20.997  -44.966  -19.923 0.6000000238
30785  25.068  -43.884  -17.609 1.0000000000
30790  19.771  -44.223  -18.129 0.8999999762
30791  18.757  -44.288  -17.907 0.8999999762
30793  18.300  -44.176  -18.001 0.8999999762
30808  23.002  -44.804  -19.978 0.6000000238
30810  21.142  -44.074  -19.899 0.8000000119
30821  26.543  -44.568  -21.535 0.4000000060
30822  25.803  -43.872  -21.534 0.5000000000
30837  25.450  -44.840  -23.360 0.5000000000
31511  26.229  -43.835  -12.358 0.6000000238
31515  21.820  -43.853  -12.983 0.5000000000
31584  25.910  -43.971  -17.141 1.0000000000
31592  18.969  -43.732  -18.122 0.8999999762
31605  19.452  -42.819  -18.854 0.8999999762
31635  24.907  -42.997  -21.464 0.5000000000
31653  24.976  -43.455  -22.920 0.5000000000
31667  25.987  -43.520  -23.820 0.5000000000
32401  23.835  -42.473  -12.317 0.4000000060
32481  26.561  -42.888  -17.335 1.0000000000
32513  22.290  -42.408  -20.424 0.8000000119
32547  25.260  -42.562  -22.746 0.6000000238
33443  28.020  -42.269  -16.830 0.8000000119
33460  25.518  -41.873  -17.856 1.0000000000
33464  21.268  -41.501  -18.700 0.8999999762
33488  20.402  -41.740  -19.000 0.8999999762
33542  27.303  -41.567  -23.747 0.6000000238
34378  26.655  -41.009  -12.479 0.5000000000
34457  29.760  -40.660  -16.458 0.6999999881
34488  23.765  -40.375  -18.532 1.0000000000
34489  22.164  -40.622  -18.692 0.8999999762
34503  21.414  -40.293  -19.503 0.8999999762
34546  24.837  -40.678  -21.940 0.8000000119
35390  30.460  -39.362  -14.508 0.6999999881
35433  29.885  -39.715  -17.622 0.8000000119
35445  26.208  -39.652  -18.866 1.0000000000
35449  22.451  -39.437  -19.215 0.8999999762
35450  21.717  -39.733  -19.383 0.8999999762
35520  26.081  -38.958  -23.174 0.6999999881
36241  23.903  -38.329  -12.819 0.4000000060
36295  29.833  -38.589  -18.813 0.8000000119
36298  21.827  -38.970  -19.686 0.8999999762
36312  25.244  -38.416  -19.810 1.0000000000
36327  24.790  -37.778  -20.271 1.0000000000
36328  22.119  -38.012  -20.559 0.8999999762
36342  29.590  -38.672  -22.189 0.6000000238
36354  24.282  -38.205  -22.536 0.8999999762
37186  25.904  -37.183  -13.443 0.4000000060
37256  29.641  -37.268  -19.562 0.8000000119
37262  22.811  -37.292  -20.551 0.8999999762
37272  28.167  -37.227  -20.136 0.8999999762
37273  27.300  -37.251  -20.353 1.0000000000
37308  28.955  -37.353  -22.607 0.6000000238
37310  23.933  -37.389  -22.441 0.8999999762
37321  26.240  -37.644  -23.582 0.6999999881
38263  27.216  -36.826  -13.959 0.4000000060
38316  32.141  -36.796  -17.687 0.6999999881
38351  22.794  -36.745  -21.087 0.8999999762
38366  23.518  -36.269  -21.605 0.8999999762
38367  22.972  -36.932  -21.517 0.8999999762
38383  23.649  -36.555  -22.175 0.8999999762
38393  27.314  -36.179  -23.307 0.6999999881
39315  32.599  -35.386  -16.435 0.5000000000
39331  32.249  -35.529  -18.584 0.6999999881
39376  28.389  -35.360  -22.664 0.6000000238
40314  31.228  -34.273  -19.707 0.6999999881
40315  30.409  -34.414  -20.045 0.8000000119
40317  28.253  -34.331  -20.624 0.8000000119
40324  27.539  -34.580  -20.767 0.8000000119
40365  27.237  -34.615  -22.977 0.6999999881
40367  26.140  -33.935  -23.121 0.6999999881
40368  25.518  -34.063  -23.124 0.8000000119
41225  29.063  -34.190  -20.489 0.8000000119
41238  25.138  -33.474  -21.569 1.0000000000
41239  24.485  -33.414  -21.803 1.0000000000
41249  24.165  -33.697  -21.992 0.8999999762
41265  24.140  -33.980  -22.134 0.8999999762
41276  25.040  -33.396  -23.143 0.8000000119
41277  24.551  -33.491  -22.599 0.8999999762
41996  27.689  -32.657  -15.741 0.3000000119
42035  34.149  -32.047  -17.890 0.3000000119
42054  30.013  -33.059  -20.554 0.8000000119
42069  27.151  -33.159  -21.168 0.8999999762
42070  26.310  -32.729  -21.366 0.8999999762
42943  24.441  -31.901  -22.016 1.0000000000
42948  24.348  -31.999  -22.245 1.0000000000
42959  28.094  -31.415  -23.201 0.6000000238
42962  25.465  -31.730  -23.628 0.6999999881
43743  28.240  -30.546  -16.668 0.3000000119
43825  25.389  -30.577  -21.716 0.8999999762
43826  24.522  -30.641  -21.954 1.0000000000
43827  24.020  -30.834  -22.316 1.0000000000
43848  25.396  -30.302  -24.109 0.8000000119
44779  27.155  -30.506  -21.547 0.8000000119
44794  29.693  -29.556  -21.785 0.6999999881
44795  28.910  -29.503  -21.760 0.8000000119
44796  28.029  -29.528  -21.726 0.8000000119
44799  24.686  -29.864  -21.943 0.8999999762
44814  27.613  -29.767  -23.764 0.6999999881
44816  23.019  -29.200  -23.403 0.8999999762
44822  27.181  -29.202  -24.127 0.6999999881
44823  26.134  -29.525  -24.179 0.6999999881
45829  35.357  -28.167  -20.076 0.3000000119
45841  34.375  -28.345  -21.383 0.4000000060
45842  33.568  -28.666  -21.780 0.4000000060
45843  32.725  -28.905  -22.063 0.5000000000
45850  23.310  -29.099  -22.759 0.8999999762
45864  26.856  -28.605  -22.318 0.8000000119
45868  22.941  -28.610  -23.269 0.8999999762
45890  24.740  -27.955  -24.909 0.6999999881
46861  32.607  -27.688  -22.868 0.5000000000
46862  31.734  -27.825  -23.007 0.4000000060
46863  30.903  -27.898  -23.049 0.5000000000
46868  23.109  -27.188  -23.355 0.8999999762
46869  22.524  -27.503  -23.531 0.8999999762
46881  30.517  -27.384  -23.393 0.6999999881
46885  22.111  -27.095  -23.949 0.8000000119
46894  22.204  -26.537  -24.231 0.8000000119
47859  24.071  -25.408  -24.087 0.8000000119
47899  26.946  -25.916  -26.194 0.6000000238
48801  28.236  -25.664  -24.213 0.6999999881
48816  29.465  -24.954  -24.642 0.8000000119
48839  26.259  -24.882  -26.142 0.6000000238
48853  29.051  -24.963  -27.072 0.6000000238
49663  36.170  -24.959  -21.632 0.3000000119
49696  25.971  -24.190  -25.457 0.6999999881
49697  25.257  -24.660  -25.013 0.8000000119
49728  27.081  -24.207  -26.726 0.6000000238
49729  26.154  -24.077  -26.055 0.6000000238
49744  28.498  -24.220  -27.215 0.6000000238
50589  32.329  -23.143  -25.221 0.4000000060
50602  26.902  -23.376  -26.638 0.6000000238
51517  26.750  -22.917  -25.785 0.8000000119
51526  34.105  -21.992  -25.324 0.3000000119
51527  33.256  -22.153  -25.376 0.3000000119
51531  28.733  -22.073  -26.133 0.6000000238
51532  28.142  -22.210  -25.880 0.6000000238
51542  27.790  -22.138  -26.834 0.6000000238
51544  26.980  -22.757  -26.481 0.6000000238
51549  28.732  -22.278  -27.594 0.6000000238
52475  30.491  -20.927  -28.433 0.6000000238
53392  31.546  -20.418  -26.362 0.4000000060
53393  30.506  -20.111  -26.623 0.6000000238
53422  29.081  -20.120  -27.903 0.6000000238
54375  29.137  -19.831  -27.834 0.6000000238
56261  31.419  -17.020  -29.199 0.4000000060
109026  26.531  -33.474  -21.241 0.8999999762
109146  32.508  -36.091  -16.658 0.5000000000
111011  24.044  -31.286  -22.544 1.0000000000
111193  29.937  -31.133  -21.303 0.8000000119
111641  20.898  -41.113  -13.335 0.3000000119
112386  23.270  -45.384  -17.862 0.8999999762
112629  27.788  -40.266  -23.960 0.6000000238
113012  19.154  -59.819  -12.694 0.4000000060
113193  20.233  -43.383  -19.663 0.8999999762
113421  24.398  -32.639  -22.688 0.8999999762
113539  27.482  -41.025  -12.666 0.5000000000
113899  27.849  -33.179  -20.999 0.8999999762
115359  23.766  -40.970  -12.461 0.4000000060
115601  20.592  -49.178  -17.683 0.8000000119
115904  21.214  -54.104  -10.445 0.6999999881
116306  28.142  -35.849  -20.450 0.8000000119
116547  27.090  -39.278  -24.031 0.6000000238
116622  25.580  -35.682  -21.135 1.0000000000
116889  25.079  -37.001  -23.178 0.8000000119
116923  25.164  -51.063  -11.867 0.8999999762
116926  27.390  -32.147  -23.176 0.6999999881
117024  26.687  -32.036  -23.393 0.6999999881
117434  27.041  -32.967  -15.583 0.3000000119
118948  25.743  -36.922  -23.402 0.6999999881
118949  26.870  -39.932  -23.712 0.6000000238
119143  19.441  -46.435  -19.813 0.6000000238
119619  26.429  -35.642  -20.925 0.8999999762
119679  22.893  -40.981  -12.534 0.4000000060
119949  31.179  -31.450  -21.027 0.6999999881
119994  24.618  -38.905  -22.516 0.8000000119
120067  26.858  -27.134  -23.166 0.8000000119
120286  20.726  -46.404  -13.152 0.5000000000
120466  27.765  -36.885  -23.451 0.6000000238
120467  28.429  -36.784  -22.924 0.6000000238
120497  30.389  -24.621  -27.549 0.5000000000
120751  19.597  -62.181  -11.074 0.3000000119
120886  17.777  -55.752  -10.295 0.5000000000
120955  29.126  -20.104  -28.104 0.6000000238
121084  24.785  -53.142  -12.260 0.8999999762
121385  21.375  -43.009  -18.451 0.8999999762
121443  26.623  -29.826  -21.671 0.8999999762
121550  30.528  -19.456  -28.956 0.6000000238
123299  21.595  -46.516  -20.027 0.5000000000
123455  20.182  -48.051  -20.254 0.4000000060
123508  24.866  -32.870  -21.714 1.0000000000
123701  34.990  -25.409  -22.846 0.4000000060
124436  24.732  -35.693  -21.275 1.0000000000
125192  25.888  -49.936  -14.846 1.0000000000
125909  26.035  -32.444  -23.424 0.6999999881
126002  19.604  -51.137  -16.744 0.8000000119
126395  21.809  -38.590  -20.566 0.8999999762
126504  29.135  -37.596  -19.643 0.8000000119
126544  24.511  -47.862  -17.080 1.0000000000
126639  30.098  -20.545  -26.575 0.6000000238
126685  35.522  -21.549  -24.803 0.3000000119
126889  20.691  -59.884  -11.457 0.4000000060
127167  24.425  -40.109  -21.908 0.8000000119
127200  22.344  -37.756  -20.379 0.8999999762
127298  26.425  -45.294  -16.344 1.0000000000
128492  28.267  -31.710  -16.215 0.3000000119
128599  23.765  -35.877  -21.595 0.8999999762
129470  26.255  -47.808  -16.194 1.0000000000
129486  27.502  -42.237  -23.794 0.5000000000
129711  22.147  -47.054  -20.122 0.3000000119
129894  33.988  -32.262  -18.814 0.4000000060
130200  22.570  -57.123  -12.528 0.6000000238
130701  25.178  -43.175  -12.256 0.6000000238
130901  27.347  -47.451  -14.511 1.0000000000
131199  25.868  -30.706  -16.614 0.3000000119
131258  24.203  -52.080  -11.349 0.8999999762
