#!ascii label  , from subject sub-v1s13x0050005_ses-1 vox2ras=TkReg
810
18573  19.113  -57.466  -19.396 0.6000000238
17014  10.081  -60.566  -15.789 0.6999999881
18550  9.620  -59.030  -17.075 0.6999999881
18609  14.347  -59.161  -20.897 0.8999999762
18608  15.254  -58.993  -20.986 0.8000000119
18606  16.921  -58.023  -21.195 0.8000000119
19462  19.064  -57.018  -19.613 0.6000000238
20420  20.197  -56.807  -18.257 0.6999999881
130112  22.035  -56.054  -17.426 0.6999999881
16246  10.541  -60.610  -15.417 0.6999999881
16257  11.576  -61.479  -15.331 0.6999999881
18542  9.886  -59.363  -15.855 0.6999999881
110950  10.010  -58.449  -16.599 0.6000000238
18579  10.434  -58.481  -18.532 0.6999999881
17780  10.818  -58.609  -19.347 0.6999999881
110865  12.743  -57.987  -19.721 0.8000000119
18576  13.789  -58.070  -19.519 0.8000000119
18588  14.617  -58.388  -20.360 0.8000000119
18587  15.650  -58.299  -20.739 0.8000000119
19489  17.357  -57.328  -21.280 0.6000000238
20421  19.440  -56.736  -18.627 0.6000000238
20419  20.680  -56.124  -18.038 0.6999999881
21325  23.424  -55.957  -16.911 0.6999999881
127318  11.283  -60.724  -15.092 0.5000000000
16245  12.182  -61.019  -14.852 0.6000000238
113175  11.076  -59.974  -14.845 0.4000000060
18530  10.031  -59.185  -15.159 0.6000000238
18549  9.913  -58.533  -15.854 0.5000000000
18563  11.235  -58.027  -17.905 0.6000000238
18577  12.198  -57.913  -18.728 0.8000000119
128878  13.176  -57.939  -18.840 0.6999999881
18575  14.881  -57.942  -19.120 0.6999999881
111514  16.499  -57.216  -19.133 0.6999999881
20423  18.233  -56.635  -19.038 0.5000000000
109269  19.941  -56.112  -18.126 0.6000000238
21337  21.028  -55.342  -17.881 0.6000000238
21326  22.517  -55.445  -17.389 0.6000000238
119186  25.061  -55.260  -17.007 0.5000000000
17000  13.007  -60.659  -14.549 0.5000000000
112475  12.999  -61.228  -14.905 0.6000000238
15465  13.656  -61.782  -15.207 0.6000000238
17001  11.961  -60.337  -14.564 0.5000000000
19439  10.342  -57.793  -16.144 0.5000000000
18548  11.675  -57.587  -17.094 0.6000000238
18546  13.611  -57.572  -17.033 0.6000000238
115097  15.643  -57.556  -18.393 0.6000000238
19450  16.169  -56.984  -18.116 0.5000000000
19463  17.281  -56.752  -19.018 0.5000000000
120038  18.727  -56.269  -18.308 0.6000000238
21338  20.303  -55.289  -17.846 0.6000000238
22292  22.607  -54.480  -17.575 0.5000000000
129324  24.833  -54.345  -17.255 0.5000000000
23158  27.116  -54.353  -17.600 0.5000000000
22289  25.596  -54.517  -17.300 0.5000000000
16243  14.552  -61.441  -14.787 0.5000000000
15463  15.277  -62.092  -14.848 0.5000000000
123554  11.794  -59.608  -14.120 0.5000000000
18528  11.187  -58.307  -14.099 0.4000000060
19410  11.502  -57.363  -14.392 0.3000000119
121753  10.763  -57.772  -14.636 0.4000000060
20388  10.856  -56.430  -15.619 0.3000000119
20356  11.116  -56.539  -14.912 0.3000000119
19438  10.954  -57.268  -16.518 0.5000000000
19436  12.776  -57.167  -16.851 0.5000000000
20410  14.478  -56.895  -16.975 0.5000000000
20407  17.470  -56.161  -18.080 0.5000000000
21341  18.103  -55.748  -17.883 0.6000000238
128154  19.298  -54.804  -17.700 0.6000000238
22303  21.398  -54.555  -17.716 0.5000000000
23161  24.230  -53.770  -17.517 0.5000000000
23159  26.139  -53.770  -17.627 0.5000000000
110882  15.024  -60.959  -14.388 0.5000000000
16996  14.647  -60.384  -14.284 0.5000000000
16997  13.699  -60.167  -14.279 0.5000000000
116056  13.446  -58.813  -13.724 0.4000000060
17743  12.602  -59.053  -13.722 0.5000000000
19409  12.537  -57.417  -14.080 0.4000000060
20355  12.004  -56.629  -14.567 0.3000000119
20387  10.887  -55.886  -16.106 0.3000000119
20411  12.992  -56.208  -17.078 0.4000000060
20409  15.513  -56.504  -17.518 0.5000000000
21330  16.029  -55.729  -17.860 0.4000000060
22304  20.646  -54.370  -17.678 0.5000000000
23177  21.940  -52.988  -18.010 0.5000000000
23163  22.625  -53.545  -17.791 0.5000000000
125738  26.942  -53.472  -17.856 0.5000000000
23173  26.292  -52.893  -18.162 0.4000000060
23160  25.118  -53.700  -17.576 0.5000000000
117429  15.761  -61.098  -14.179 0.5000000000
16995  15.533  -60.626  -14.177 0.5000000000
17741  14.377  -59.721  -14.103 0.5000000000
115393  14.179  -58.988  -13.884 0.4000000060
18520  13.878  -58.259  -13.874 0.4000000060
20354  12.977  -56.781  -14.351 0.3000000119
21306  11.873  -55.235  -15.324 0.3000000119
21317  11.245  -55.355  -16.926 0.4000000060
129603  12.805  -55.405  -17.540 0.4000000060
22295  14.007  -54.847  -18.455 0.4000000060
21331  13.956  -55.803  -17.606 0.4000000060
118329  15.038  -55.606  -17.927 0.4000000060
22293  16.325  -54.991  -18.117 0.5000000000
108523  17.837  -54.330  -17.879 0.5000000000
22306  18.894  -54.167  -17.776 0.6000000238
118430  23.912  -52.434  -18.687 0.4000000060
23175  24.489  -53.038  -18.043 0.5000000000
109937  16.077  -60.270  -14.006 0.4000000060
114772  15.129  -59.188  -14.092 0.4000000060
127603  15.800  -59.669  -14.093 0.4000000060
18519  14.724  -58.371  -14.087 0.4000000060
20353  13.903  -56.907  -14.372 0.4000000060
119295  12.414  -55.987  -14.738 0.4000000060
22276  11.503  -54.566  -15.991 0.4000000060
22283  11.385  -54.727  -16.861 0.4000000060
21332  11.839  -55.148  -17.405 0.4000000060
114040  12.636  -54.608  -18.074 0.4000000060
22294  15.283  -54.952  -18.417 0.5000000000
22307  16.680  -54.201  -18.354 0.5000000000
23181  18.281  -53.175  -18.269 0.6000000238
24013  21.319  -52.417  -18.494 0.5000000000
24030  22.509  -51.800  -19.417 0.4000000060
24011  23.007  -52.334  -18.745 0.4000000060
16993  17.010  -60.420  -13.652 0.4000000060
18518  16.096  -59.063  -14.147 0.4000000060
17739  16.534  -59.742  -14.012 0.4000000060
127048  15.896  -57.784  -14.478 0.4000000060
21305  13.136  -55.439  -14.881 0.4000000060
22282  11.650  -53.987  -16.683 0.4000000060
23165  12.228  -53.629  -18.324 0.4000000060
22309  14.424  -54.137  -19.066 0.4000000060
23183  16.011  -53.548  -18.954 0.5000000000
23182  17.009  -53.171  -18.694 0.4000000060
24014  19.834  -52.438  -18.478 0.6000000238
119066  17.264  -59.735  -13.834 0.4000000060
18517  17.015  -59.115  -14.174 0.4000000060
19419  16.478  -57.383  -14.709 0.4000000060
20352  14.807  -57.020  -14.522 0.4000000060
114565  15.008  -55.830  -15.060 0.4000000060
22259  14.431  -54.634  -15.479 0.4000000060
22274  13.508  -54.008  -15.704 0.5000000000
23148  12.575  -53.504  -16.386 0.4000000060
23156  12.052  -53.432  -17.394 0.3000000119
23185  12.747  -53.029  -19.012 0.3000000119
22310  13.096  -53.922  -18.954 0.4000000060
24016  17.826  -52.347  -18.900 0.4000000060
24015  18.879  -52.356  -18.600 0.5000000000
17738  17.856  -60.042  -13.376 0.4000000060
19420  15.662  -57.156  -14.667 0.4000000060
21303  15.736  -55.860  -15.243 0.4000000060
122460  15.195  -55.236  -15.376 0.3000000119
122612  14.448  -54.023  -15.813 0.3000000119
23155  13.024  -52.806  -16.986 0.3000000119
23164  12.602  -52.855  -18.099 0.3000000119
24019  14.557  -52.606  -19.876 0.3000000119
24035  17.591  -51.792  -19.482 0.4000000060
24873  19.324  -51.439  -19.464 0.4000000060
18525  17.610  -58.456  -14.348 0.3000000119
19418  17.340  -57.656  -14.656 0.3000000119
114129  17.149  -56.897  -15.027 0.3000000119
21302  16.464  -55.798  -15.358 0.3000000119
22258  16.084  -55.173  -15.523 0.3000000119
22273  15.384  -54.413  -15.776 0.3000000119
23984  14.218  -52.936  -16.442 0.4000000060
23996  14.178  -52.186  -16.985 0.4000000060
119127  13.050  -52.138  -17.735 0.3000000119
24859  13.533  -51.021  -18.665 0.3000000119
24036  15.684  -51.913  -20.092 0.3000000119
126156  16.723  -51.690  -19.942 0.4000000060
24874  18.349  -51.422  -19.518 0.4000000060
25720  21.259  -50.632  -20.344 0.4000000060
23983  15.164  -52.820  -16.297 0.4000000060
24840  14.766  -51.318  -17.316 0.4000000060
24849  13.590  -51.413  -17.881 0.4000000060
24858  13.974  -50.157  -18.890 0.3000000119
112501  16.210  -51.028  -20.274 0.4000000060
25723  17.538  -50.545  -19.943 0.4000000060
26501  19.952  -49.942  -20.156 0.4000000060
24892  18.170  -51.049  -19.752 0.4000000060
118371  20.425  -50.665  -20.158 0.4000000060
25690  14.609  -49.601  -18.511 0.4000000060
25711  15.764  -49.908  -19.919 0.5000000000
26503  17.818  -49.819  -19.734 0.4000000060
26502  18.934  -49.683  -19.871 0.4000000060
26499  21.665  -50.035  -20.573 0.3000000119
27343  20.730  -48.771  -20.440 0.3000000119
17801  18.110  -57.814  -20.993 0.6999999881
18589  13.563  -58.570  -20.272 0.8000000119
19476  17.990  -56.810  -20.692 0.6000000238
125321  15.211  -58.000  -20.189 0.6999999881
19477  17.134  -57.046  -20.722 0.6999999881
115076  24.154  -54.647  -17.173 0.6000000238
18529  10.408  -58.631  -14.634 0.4000000060
19422  10.318  -57.889  -15.310 0.4000000060
18562  12.257  -57.812  -17.650 0.6999999881
18561  14.145  -57.871  -17.399 0.6999999881
113026  12.736  -59.918  -14.180 0.5000000000
19452  14.421  -57.497  -17.096 0.5000000000
20395  11.312  -55.959  -16.633 0.4000000060
21328  17.225  -55.175  -17.818 0.6000000238
23179  20.199  -53.301  -17.799 0.5000000000
23180  19.287  -53.180  -17.952 0.6000000238
22260  13.373  -54.669  -15.272 0.3000000119
112697  15.002  -53.483  -19.460 0.4000000060
18516  17.984  -59.248  -13.934 0.4000000060
109697  13.455  -52.587  -19.438 0.3000000119
24037  14.533  -51.494  -19.928 0.3000000119
121531  16.689  -50.509  -20.137 0.3000000119
27342  21.402  -49.319  -20.572 0.3000000119
14667  16.138  -63.842  -18.810 0.6000000238
14666  16.991  -63.913  -18.050 0.6000000238
14646  20.867  -63.941  -17.137 0.6000000238
15495  21.691  -62.802  -17.837 0.6000000238
13859  14.748  -65.209  -18.965 0.5000000000
14681  15.373  -64.139  -19.135 0.6000000238
123926  14.811  -62.383  -20.788 0.6999999881
15538  15.838  -62.784  -19.243 0.6999999881
13844  15.814  -64.989  -18.691 0.6000000238
15522  17.323  -62.754  -17.911 0.6000000238
14650  17.723  -63.607  -17.631 0.6000000238
15499  18.912  -62.479  -17.637 0.6000000238
15498  19.693  -62.910  -17.676 0.6000000238
15496  20.973  -63.121  -17.660 0.6000000238
16304  21.526  -61.698  -19.517 0.6000000238
17070  22.722  -60.331  -20.739 0.6999999881
14698  13.841  -63.378  -19.902 0.6000000238
124722  12.803  -61.817  -21.537 0.6999999881
14682  14.354  -64.037  -19.375 0.5000000000
15549  13.948  -62.620  -20.792 0.6999999881
15540  14.597  -63.025  -20.064 0.6999999881
16307  15.849  -61.883  -20.035 0.6999999881
113555  16.466  -61.762  -18.971 0.6999999881
16270  18.065  -62.095  -17.795 0.5000000000
15537  20.884  -61.965  -19.141 0.6000000238
17058  21.267  -61.472  -19.315 0.6000000238
17071  22.237  -60.209  -20.565 0.6999999881
17828  22.305  -59.436  -20.703 0.6999999881
18624  23.249  -58.712  -21.706 0.6999999881
114283  23.291  -57.602  -22.175 0.6999999881
18680  30.309  -58.841  -27.964 0.4000000060
20480  28.706  -56.717  -25.718 0.5000000000
122145  27.350  -56.045  -24.244 0.6000000238
19521  26.227  -56.343  -23.632 0.6000000238
19507  24.050  -56.874  -22.515 0.6999999881
15553  10.470  -62.555  -19.529 0.5000000000
111375  10.953  -61.993  -20.082 0.5000000000
121269  10.733  -61.210  -20.259 0.6000000238
15552  11.513  -62.542  -20.424 0.5000000000
16316  12.235  -61.276  -21.423 0.6999999881
109341  12.169  -62.155  -21.131 0.5000000000
15551  12.238  -63.043  -20.493 0.6000000238
16324  13.107  -61.141  -21.709 0.6999999881
16314  14.574  -61.765  -21.539 0.6999999881
130853  15.084  -61.316  -21.562 0.6999999881
16288  17.245  -61.766  -18.232 0.6999999881
16268  19.555  -61.971  -17.717 0.6000000238
17033  20.979  -61.354  -18.489 0.6000000238
18585  22.398  -59.326  -20.104 0.6999999881
19487  22.545  -58.075  -21.334 0.6999999881
20450  23.846  -56.391  -22.151 0.6999999881
20467  25.367  -55.989  -23.328 0.6000000238
21370  24.738  -56.016  -22.716 0.6000000238
15490  7.832  -62.436  -17.057 0.5000000000
14686  7.979  -62.927  -18.220 0.4000000060
16308  9.996  -61.039  -19.045 0.5000000000
16290  8.427  -62.000  -17.496 0.5000000000
120753  10.476  -61.477  -19.597 0.5000000000
17063  9.931  -60.725  -19.051 0.6000000238
16318  10.255  -60.904  -19.866 0.6000000238
17834  12.007  -59.794  -20.647 0.6999999881
17078  10.832  -60.762  -20.471 0.6000000238
17076  12.539  -60.499  -21.296 0.6999999881
17074  14.832  -60.869  -21.737 0.6999999881
16306  16.733  -60.885  -19.642 0.6999999881
16287  17.907  -61.001  -17.965 0.6999999881
16269  18.773  -61.553  -17.666 0.6999999881
16266  20.640  -60.780  -17.609 0.6999999881
17776  22.221  -60.097  -18.429 0.6999999881
18584  22.834  -58.810  -19.904 0.8000000119
19485  23.398  -57.034  -20.912 0.6999999881
21397  27.746  -55.547  -24.189 0.5000000000
21386  26.442  -55.604  -23.338 0.6000000238
20449  24.594  -55.900  -22.020 0.6000000238
14641  7.925  -63.073  -16.739 0.4000000060
16264  8.496  -61.950  -17.134 0.6000000238
16271  8.843  -61.544  -17.519 0.6000000238
17038  9.201  -60.982  -17.811 0.6000000238
17036  9.957  -59.902  -18.925 0.6000000238
17804  10.528  -59.380  -19.580 0.6000000238
17833  12.827  -59.793  -20.910 0.6999999881
17075  13.546  -60.320  -21.508 0.6999999881
17073  16.039  -60.171  -21.306 0.6999999881
16313  15.944  -61.082  -20.881 0.6999999881
17072  16.793  -59.491  -21.024 0.8000000119
17059  17.352  -60.031  -20.154 0.8000000119
17768  19.137  -60.023  -17.511 0.6000000238
17764  22.074  -60.021  -17.473 0.6000000238
18583  23.651  -58.599  -19.382 0.8000000119
19474  23.104  -57.904  -20.434 0.6999999881
21410  29.059  -55.599  -25.066 0.5000000000
21385  27.310  -55.492  -23.475 0.6000000238
20448  25.564  -55.764  -21.762 0.6999999881
128436  28.286  -55.361  -23.937 0.6000000238
15487  9.454  -62.412  -16.321 0.5000000000
110404  9.851  -63.329  -16.536 0.4000000060
13826  11.137  -64.931  -17.135 0.4000000060
16263  8.848  -61.926  -16.812 0.5000000000
15489  7.959  -62.373  -16.950 0.5000000000
16260  9.256  -61.271  -16.886 0.6000000238
17770  9.590  -59.734  -17.463 0.6000000238
17781  9.915  -59.004  -18.899 0.6000000238
17803  11.408  -59.047  -20.023 0.6999999881
17831  14.917  -59.689  -21.336 0.8000000119
17830  16.253  -59.168  -21.147 0.8000000119
17779  18.079  -59.052  -20.013 0.6000000238
17777  19.362  -58.967  -17.771 0.6000000238
18557  22.442  -59.173  -16.918 0.6999999881
18569  24.374  -58.530  -18.441 0.6999999881
20429  26.880  -56.986  -19.589 0.6999999881
21368  27.011  -55.546  -22.623 0.6000000238
20439  26.236  -56.257  -20.676 0.6000000238
114639  28.042  -56.061  -20.817 0.6000000238
21384  28.122  -55.397  -23.495 0.6000000238
112362  28.716  -55.845  -21.469 0.6000000238
15481  10.999  -62.038  -15.801 0.5000000000
14632  10.429  -62.645  -16.178 0.5000000000
14639  11.386  -63.752  -16.547 0.5000000000
13814  12.535  -64.667  -16.605 0.5000000000
16258  9.986  -61.174  -15.863 0.5000000000
15482  10.072  -61.808  -15.975 0.5000000000
17755  9.815  -60.364  -16.329 0.6000000238
17829  17.212  -58.368  -21.158 0.6999999881
17800  18.671  -58.059  -19.827 0.6000000238
18559  21.135  -58.369  -17.337 0.6000000238
115069  22.956  -58.453  -16.711 0.6000000238
18555  24.968  -58.139  -17.810 0.6999999881
19446  24.617  -57.751  -17.099 0.6000000238
19471  26.365  -57.435  -18.965 0.6000000238
20438  27.418  -56.445  -20.228 0.6999999881
110895  29.030  -55.430  -23.553 0.5000000000
21354  29.773  -55.852  -20.497 0.4000000060
15480  12.055  -62.284  -15.744 0.5000000000
14630  12.580  -63.153  -16.087 0.5000000000
14637  13.045  -64.010  -16.306 0.5000000000
13812  14.322  -65.015  -16.067 0.5000000000
12964  14.900  -65.849  -15.993 0.5000000000
12200  15.561  -66.848  -15.854 0.5000000000
19449  21.126  -57.164  -17.658 0.6000000238
19448  22.907  -57.569  -16.738 0.6000000238
20402  25.228  -57.079  -17.219 0.4000000060
20418  27.176  -57.059  -18.045 0.5000000000
20416  28.305  -56.431  -18.741 0.4000000060
21355  28.986  -56.072  -20.157 0.4000000060
20437  28.315  -56.398  -19.680 0.5000000000
15479  13.094  -62.471  -15.658 0.6000000238
14629  13.545  -63.353  -15.916 0.5000000000
14628  14.457  -63.596  -15.682 0.5000000000
13803  15.223  -65.001  -15.735 0.5000000000
12963  15.901  -65.822  -15.628 0.5000000000
111589  16.517  -66.569  -15.352 0.5000000000
127174  16.831  -67.099  -14.900 0.4000000060
11485  16.470  -67.549  -13.732 0.5000000000
11480  16.372  -67.140  -13.142 0.4000000060
11481  15.497  -67.181  -12.998 0.4000000060
11487  15.023  -67.789  -13.459 0.4000000060
117789  24.147  -56.338  -16.788 0.6000000238
122058  25.819  -56.315  -17.218 0.4000000060
21336  28.000  -56.138  -17.987 0.4000000060
21348  28.956  -56.024  -19.147 0.4000000060
14613  15.100  -62.919  -15.256 0.5000000000
14627  15.432  -64.053  -15.427 0.4000000060
13802  16.173  -64.962  -15.370 0.4000000060
12962  16.828  -65.750  -15.193 0.5000000000
12940  17.668  -65.558  -13.743 0.4000000060
12179  17.386  -66.330  -13.781 0.5000000000
12172  17.044  -66.409  -12.897 0.4000000060
12168  16.604  -65.900  -12.148 0.5000000000
12180  16.936  -66.948  -13.544 0.5000000000
12914  15.788  -65.862  -11.705 0.3000000119
128449  15.127  -66.016  -12.021 0.3000000119
113624  14.777  -65.685  -11.207 0.3000000119
21323  25.955  -55.361  -17.200 0.4000000060
128316  15.780  -62.651  -14.807 0.5000000000
114542  16.017  -63.368  -14.976 0.5000000000
130781  17.068  -64.422  -14.535 0.4000000060
15454  16.040  -62.131  -14.425 0.4000000060
15462  16.462  -62.867  -14.454 0.4000000060
14612  16.769  -63.702  -14.500 0.4000000060
13772  18.198  -64.230  -12.812 0.4000000060
15453  16.906  -62.281  -13.931 0.4000000060
14596  17.887  -63.797  -13.387 0.4000000060
15444  17.466  -62.066  -13.379 0.4000000060
14590  18.377  -63.370  -12.667 0.4000000060
13755  18.449  -64.159  -12.152 0.4000000060
13742  18.451  -64.115  -11.333 0.4000000060
15443  18.072  -62.308  -12.861 0.4000000060
16994  16.393  -60.948  -13.848 0.3000000119
15442  18.685  -62.549  -12.134 0.4000000060
129275  18.712  -63.646  -11.132 0.4000000060
13724  18.565  -63.715  -10.527 0.4000000060
16990  17.170  -61.066  -13.443 0.4000000060
13704  18.072  -64.077  -9.942 0.4000000060
109044  18.209  -63.292  -8.758 0.4000000060
16989  17.866  -60.860  -12.985 0.3000000119
16232  18.323  -61.634  -12.466 0.4000000060
16226  19.127  -61.791  -11.721 0.4000000060
15436  19.163  -62.671  -11.387 0.4000000060
14573  19.007  -63.112  -10.109 0.4000000060
14562  18.507  -63.455  -9.482 0.4000000060
15428  19.419  -62.498  -9.735 0.3000000119
18572  19.664  -58.008  -18.340 0.6000000238
16259  9.618  -61.226  -16.364 0.5000000000
114035  22.030  -56.920  -17.230 0.6000000238
21321  27.493  -55.812  -17.641 0.4000000060
14647  19.914  -63.742  -17.303 0.6000000238
126278  22.659  -59.079  -21.454 0.6999999881
18602  22.581  -58.094  -20.811 0.6999999881
19549  28.987  -57.237  -26.055 0.5000000000
21418  29.127  -56.163  -25.733 0.5000000000
19544  27.888  -56.641  -24.704 0.5000000000
21412  27.942  -56.081  -24.738 0.4000000060
21399  26.205  -55.875  -23.540 0.6000000238
15541  9.189  -62.736  -18.795 0.5000000000
16305  17.187  -60.897  -18.868 0.6999999881
127727  26.012  -55.581  -22.610 0.6000000238
17062  10.405  -60.299  -19.750 0.6000000238
17021  20.088  -60.423  -17.390 0.6999999881
18570  23.551  -59.153  -18.209 0.8000000119
20440  25.009  -56.124  -21.015 0.6999999881
118639  8.893  -63.708  -16.744 0.4000000060
17778  18.517  -59.188  -18.490 0.6000000238
17766  20.912  -59.812  -17.175 0.6000000238
19460  25.031  -58.050  -18.599 0.6999999881
19473  24.265  -57.916  -19.674 0.6999999881
109895  29.585  -55.400  -24.304 0.5000000000
21417  30.483  -55.651  -25.749 0.5000000000
109093  27.697  -55.697  -21.830 0.6000000238
109373  19.081  -58.305  -18.753 0.6999999881
18558  21.654  -59.160  -17.027 0.6999999881
18556  23.357  -58.931  -16.932 0.6999999881
20428  27.714  -56.857  -19.193 0.6000000238
21367  27.918  -55.518  -22.649 0.6000000238
21366  29.728  -55.849  -21.617 0.6000000238
14631  11.488  -63.006  -16.187 0.5000000000
14638  12.129  -63.843  -16.434 0.5000000000
13813  13.429  -64.888  -16.365 0.4000000060
19445  25.385  -57.703  -17.631 0.6000000238
10820  15.352  -68.397  -13.880 0.3000000119
20401  26.681  -56.826  -17.658 0.5000000000
21335  28.618  -55.668  -18.347 0.4000000060
114463  17.167  -66.480  -14.708 0.5000000000
12173  15.976  -66.513  -12.432 0.4000000060
12174  14.860  -66.492  -12.525 0.4000000060
16233  17.649  -61.548  -13.135 0.4000000060
13918  39.567  -64.267  -22.795 0.3000000119
13893  39.955  -63.839  -21.965 0.3000000119
18637  32.615  -58.182  -22.510 0.4000000060
18643  34.429  -58.393  -24.045 0.4000000060
18635  34.858  -58.557  -22.388 0.4000000060
18634  35.567  -58.528  -22.888 0.4000000060
18646  31.947  -57.842  -23.096 0.4000000060
18618  31.402  -58.223  -21.646 0.4000000060
18595  30.217  -58.274  -20.725 0.4000000060
18596  29.149  -57.984  -20.940 0.5000000000
17794  28.568  -59.275  -19.458 0.5000000000
17823  27.868  -58.842  -20.051 0.5000000000
18667  33.399  -59.097  -25.284 0.4000000060
18644  33.535  -58.137  -23.805 0.5000000000
124188  31.916  -58.137  -22.295 0.5000000000
17052  27.043  -60.295  -18.854 0.5000000000
18655  34.335  -59.008  -24.979 0.5000000000
124857  34.121  -58.247  -23.305 0.5000000000
17874  35.314  -59.383  -24.935 0.5000000000
18642  35.382  -58.529  -23.732 0.4000000060
18633  36.314  -58.753  -23.452 0.4000000060
129533  36.224  -58.766  -22.613 0.4000000060
17859  36.832  -58.922  -22.773 0.4000000060
17814  37.272  -59.579  -20.537 0.3000000119
17043  38.361  -60.554  -19.631 0.4000000060
18669  31.053  -59.159  -25.636 0.4000000060
19531  30.466  -58.020  -24.583 0.4000000060
110031  29.463  -57.577  -23.327 0.4000000060
17885  31.741  -59.619  -25.981 0.4000000060
116701  31.722  -58.557  -24.856 0.4000000060
19530  31.210  -58.123  -24.456 0.4000000060
115606  29.782  -57.697  -22.411 0.4000000060
124042  29.204  -57.735  -21.887 0.5000000000
18597  28.127  -58.272  -20.795 0.5000000000
17884  32.779  -59.618  -25.847 0.4000000060
18668  32.540  -58.921  -25.182 0.4000000060
18645  32.736  -57.982  -23.454 0.4000000060
122543  28.301  -57.834  -21.526 0.5000000000
18598  27.189  -58.465  -20.800 0.5000000000
17824  26.922  -59.082  -20.074 0.5000000000
17795  25.842  -59.513  -20.209 0.6000000238
17825  24.524  -59.685  -20.759 0.6000000238
17054  25.508  -60.777  -19.172 0.6000000238
121042  24.207  -58.345  -21.825 0.6000000238
18601  24.030  -59.152  -21.433 0.6000000238
17055  24.533  -60.926  -19.592 0.5000000000
17873  36.763  -59.321  -24.147 0.4000000060
16303  22.224  -61.358  -19.865 0.5000000000
17858  37.594  -59.271  -22.428 0.4000000060
17857  38.542  -59.658  -22.464 0.4000000060
119198  38.063  -59.538  -20.757 0.4000000060
19518  28.944  -57.511  -24.380 0.4000000060
123662  28.598  -57.434  -23.605 0.5000000000
19492  27.665  -57.658  -22.298 0.5000000000
19504  27.046  -57.372  -22.965 0.5000000000
18599  26.174  -58.687  -20.921 0.5000000000
19505  26.273  -57.042  -23.160 0.5000000000
18600  25.064  -58.982  -21.206 0.6000000238
115039  24.816  -56.889  -22.792 0.6000000238
18623  25.349  -58.171  -21.788 0.6000000238
13946  38.920  -65.182  -24.624 0.3000000119
15547  41.553  -62.901  -20.245 0.3000000119
17840  41.233  -59.476  -21.283 0.3000000119
17894  31.523  -59.772  -27.086 0.4000000060
17895  30.564  -59.466  -27.464 0.4000000060
18675  29.863  -59.125  -27.184 0.4000000060
18658  30.043  -58.362  -25.319 0.4000000060
19533  28.985  -57.588  -25.333 0.4000000060
19519  28.032  -57.122  -24.243 0.5000000000
19534  28.311  -57.187  -25.016 0.4000000060
109067  26.815  -57.015  -23.561 0.5000000000
17797  23.831  -60.384  -20.458 0.6000000238
131121  23.119  -61.655  -19.432 0.5000000000
18676  29.594  -58.382  -26.597 0.4000000060
18638  30.600  -57.891  -22.067 0.4000000060
17053  26.124  -60.262  -19.300 0.5000000000
17069  40.425  -59.970  -19.964 0.3000000119
18670  30.050  -58.912  -26.073 0.4000000060
19503  28.910  -57.586  -22.762 0.5000000000
18621  27.447  -57.974  -21.546 0.5000000000
18622  26.453  -58.093  -21.682 0.6000000238
24017  16.769  -52.289  -19.422 0.3000000119
11486  15.830  -67.777  -13.489 0.3000000119
11492  16.501  -67.729  -14.557 0.5000000000
12191  17.011  -67.092  -14.186 0.5000000000
13789  17.047  -65.006  -14.894 0.5000000000
13804  13.915  -64.200  -16.053 0.5000000000
13815  10.727  -64.085  -16.839 0.4000000060
14561  18.940  -62.892  -9.398 0.4000000060
14582  18.979  -63.233  -10.927 0.4000000060
14583  18.767  -63.433  -11.698 0.4000000060
14597  17.220  -63.262  -13.960 0.4000000060
14626  16.444  -64.229  -15.009 0.5000000000
14640  8.844  -62.947  -16.492 0.5000000000
14642  7.448  -62.822  -17.017 0.4000000060
14685  8.382  -63.308  -18.748 0.4000000060
14699  13.079  -63.256  -20.183 0.6000000238
14709  40.394  -63.566  -21.117 0.3000000119
15452  17.723  -62.834  -13.393 0.4000000060
15464  14.552  -62.147  -15.175 0.5000000000
15466  12.585  -61.680  -15.289 0.6000000238
15478  14.079  -62.695  -15.515 0.5000000000
15483  9.397  -61.766  -16.380 0.5000000000
15488  8.615  -62.357  -16.639 0.5000000000
15497  20.255  -62.518  -17.917 0.6000000238
15500  18.240  -63.029  -17.610 0.6000000238
15520  21.493  -62.253  -18.888 0.6000000238
15521  20.918  -62.380  -18.358 0.6000000238
15523  16.523  -62.828  -18.452 0.6000000238
15539  15.295  -62.557  -20.140 0.6999999881
15542  8.579  -62.302  -18.128 0.5000000000
15548  15.370  -61.775  -21.064 0.6999999881
15550  12.971  -62.498  -21.070 0.6000000238
15554  10.061  -62.106  -18.895 0.5000000000
16234  16.992  -61.543  -13.647 0.4000000060
16238  16.288  -61.546  -14.090 0.5000000000
16239  15.513  -61.503  -14.452 0.5000000000
16240  14.083  -60.777  -14.510 0.5000000000
16244  13.648  -61.148  -14.769 0.6000000238
16267  20.070  -61.359  -17.731 0.6999999881
16272  8.254  -62.069  -17.163 0.5000000000
16286  20.500  -61.786  -18.247 0.6000000238
16289  9.318  -61.043  -18.301 0.6000000238
16302  24.166  -61.565  -19.173 0.5000000000
16309  8.878  -61.557  -17.885 0.5000000000
16315  13.576  -61.887  -21.654 0.6999999881
16317  11.393  -61.483  -20.826 0.6000000238
16323  14.035  -61.055  -21.901 0.6999999881
16988  18.712  -60.966  -12.233 0.4000000060
17002  10.472  -60.080  -15.335 0.6999999881
17003  10.171  -59.817  -15.580 0.6000000238
17020  21.318  -60.396  -17.547 0.6999999881
17022  18.722  -60.755  -17.698 0.6999999881
17023  9.519  -60.504  -17.074 0.6000000238
17024  9.126  -61.199  -17.346 0.6000000238
17034  18.354  -60.192  -17.968 0.6000000238
17035  17.835  -60.050  -18.809 0.6000000238
17037  9.538  -60.479  -18.286 0.6000000238
17056  22.310  -60.771  -20.326 0.6999999881
17057  21.747  -60.941  -19.921 0.6000000238
17060  16.566  -60.489  -20.649 0.6999999881
17061  11.074  -59.950  -20.355 0.6999999881
17077  11.617  -60.609  -21.016 0.6000000238
17081  15.343  -60.085  -21.476 0.8000000119
17082  14.502  -60.337  -21.678 0.8000000119
17740  15.240  -60.005  -14.111 0.4000000060
17742  13.499  -59.468  -13.935 0.5000000000
17744  11.712  -58.892  -13.850 0.4000000060
17747  10.995  -59.198  -14.170 0.4000000060
17748  10.438  -59.499  -14.871 0.6000000238
17759  9.761  -59.709  -16.690 0.6000000238
17763  22.762  -59.536  -17.600 0.8000000119
17765  21.735  -59.717  -17.086 0.6000000238
17767  19.976  -59.660  -17.359 0.6000000238
17769  9.637  -58.974  -18.045 0.6000000238
17775  27.636  -59.589  -19.293 0.5000000000
17782  9.633  -59.679  -18.202 0.6000000238
17796  25.098  -60.246  -19.882 0.6000000238
17798  22.671  -59.627  -18.961 0.8000000119
17799  22.169  -60.116  -19.757 0.6999999881
17802  12.547  -58.886  -20.242 0.6999999881
17813  38.736  -59.675  -20.243 0.4000000060
17822  28.776  -58.651  -20.138 0.5000000000
17826  23.201  -59.684  -21.257 0.6999999881
17827  22.457  -59.627  -21.107 0.6999999881
17832  13.513  -59.435  -20.848 0.8999999762
17848  22.341  -58.868  -21.261 0.6999999881
17860  35.642  -58.884  -21.972 0.4000000060
17868  37.221  -59.190  -23.392 0.4000000060
17886  30.680  -59.493  -26.611 0.4000000060
17893  33.095  -60.103  -26.509 0.4000000060
18521  13.018  -58.195  -13.762 0.4000000060
18522  12.092  -58.175  -13.835 0.5000000000
18526  16.572  -58.260  -14.394 0.4000000060
18527  15.596  -58.395  -14.255 0.4000000060
18541  9.972  -58.715  -15.285 0.5000000000
18547  12.686  -57.552  -17.101 0.6000000238
18560  20.357  -58.808  -17.497 0.6000000238
18564  10.192  -58.436  -17.517 0.6999999881
18571  20.342  -57.692  -17.941 0.6000000238
18574  15.949  -57.686  -19.992 0.6999999881
18578  11.230  -58.116  -18.994 0.6999999881
18586  18.830  -57.137  -20.574 0.6999999881
18590  11.748  -58.173  -19.657 0.8000000119
18603  22.377  -58.704  -20.756 0.6999999881
18604  18.245  -56.923  -21.274 0.6000000238
18605  17.639  -57.322  -21.361 0.6999999881
18607  16.098  -58.653  -21.049 0.8000000119
18617  32.324  -58.429  -21.691 0.4000000060
18619  30.677  -58.131  -21.326 0.4000000060
18620  29.968  -57.891  -21.526 0.4000000060
18625  22.719  -58.243  -21.619 0.6999999881
18654  35.906  -58.939  -24.309 0.4000000060
18656  33.516  -58.558  -24.623 0.4000000060
18657  30.732  -58.565  -25.131 0.4000000060
19406  15.181  -57.725  -14.343 0.4000000060
19407  14.350  -57.635  -14.166 0.4000000060
19408  13.468  -57.519  -14.032 0.4000000060
19421  10.784  -57.089  -15.103 0.4000000060
19432  10.617  -57.099  -15.827 0.4000000060
19437  11.892  -57.158  -16.767 0.5000000000
19444  25.995  -57.289  -17.628 0.6000000238
19447  23.651  -58.086  -16.768 0.6000000238
19451  15.217  -57.304  -17.474 0.5000000000
19453  10.710  -57.894  -16.931 0.5000000000
19457  27.156  -57.216  -18.677 0.5000000000
19458  26.598  -57.354  -18.159 0.5000000000
19459  25.778  -57.745  -18.243 0.6000000238
19461  19.564  -57.207  -18.681 0.6000000238
19464  14.820  -57.811  -17.739 0.6000000238
19472  25.388  -57.594  -19.260 0.6999999881
19475  18.636  -56.935  -20.372 0.6000000238
19478  16.592  -57.822  -21.041 0.8000000119
19484  24.591  -56.941  -20.377 0.6999999881
19486  22.748  -57.434  -21.303 0.6999999881
19488  17.749  -56.968  -21.375 0.6000000238
19491  28.476  -57.672  -22.211 0.5000000000
19493  26.763  -57.648  -22.407 0.5000000000
19494  25.626  -57.426  -22.585 0.5000000000
19495  24.491  -57.501  -22.368 0.6000000238
19496  22.685  -57.354  -21.922 0.6999999881
19502  30.394  -57.654  -22.986 0.4000000060
19506  25.438  -56.565  -23.163 0.6000000238
19515  31.937  -57.912  -24.043 0.4000000060
19516  31.058  -57.775  -23.676 0.4000000060
19517  30.007  -57.697  -23.944 0.4000000060
19520  27.144  -56.623  -24.085 0.5000000000
19532  29.637  -57.893  -24.908 0.4000000060
19541  29.562  -58.153  -25.771 0.4000000060
19542  29.249  -57.644  -26.006 0.4000000060
19543  28.542  -57.169  -25.571 0.4000000060
20373  16.272  -56.542  -15.067 0.4000000060
20374  15.317  -56.440  -14.874 0.4000000060
20375  14.305  -56.190  -14.756 0.4000000060
20376  13.374  -56.272  -14.608 0.3000000119
20393  13.585  -57.084  -16.854 0.5000000000
20394  12.367  -56.563  -16.823 0.4000000060
20396  11.006  -56.550  -16.365 0.3000000119
20400  27.359  -56.483  -17.770 0.4000000060
20403  24.537  -56.906  -16.903 0.6000000238
20404  23.752  -57.025  -16.729 0.6000000238
20405  22.742  -56.469  -17.013 0.6000000238
20406  21.418  -56.160  -17.738 0.6999999881
20408  16.650  -56.367  -17.963 0.5000000000
20412  11.776  -55.818  -17.030 0.4000000060
20417  27.692  -56.796  -18.352 0.5000000000
20422  18.906  -56.798  -19.053 0.6000000238
20430  25.806  -56.958  -19.985 0.6999999881
20441  23.939  -56.380  -21.454 0.6000000238
20442  23.051  -56.746  -21.796 0.6999999881
20451  23.251  -56.807  -22.282 0.6999999881
20456  24.715  -56.415  -22.891 0.6000000238
20457  24.114  -56.511  -22.477 0.6999999881
20466  26.704  -56.011  -23.947 0.6000000238
20481  28.230  -56.650  -25.206 0.5000000000
20485  29.271  -56.864  -26.251 0.5000000000
21304  14.298  -55.349  -15.113 0.4000000060
21313  11.216  -55.297  -16.195 0.4000000060
21322  26.757  -55.888  -17.397 0.4000000060
21324  24.845  -56.251  -16.897 0.6000000238
21327  21.701  -55.390  -17.700 0.6000000238
21329  16.805  -55.722  -17.830 0.4000000060
21334  29.298  -55.236  -18.730 0.4000000060
21339  19.272  -56.187  -18.211 0.6000000238
21340  18.850  -55.288  -17.774 0.6000000238
21347  29.644  -55.601  -19.520 0.4000000060
21356  26.838  -55.812  -21.510 0.6000000238
21369  25.196  -55.692  -22.570 0.6000000238
21396  28.590  -55.435  -24.301 0.6000000238
21398  26.909  -55.741  -23.859 0.6000000238
21400  25.567  -55.715  -23.154 0.6000000238
21409  30.049  -55.477  -25.075 0.5000000000
21411  28.288  -55.703  -24.713 0.5000000000
21419  28.472  -56.110  -25.251 0.4000000060
22275  12.324  -54.109  -15.790 0.4000000060
22288  26.471  -54.841  -17.378 0.4000000060
22290  24.158  -55.563  -16.907 0.6999999881
22291  23.350  -55.024  -17.257 0.6000000238
22296  11.701  -54.190  -17.558 0.4000000060
22302  21.919  -53.953  -17.716 0.5000000000
22305  19.761  -54.336  -17.681 0.6000000238
22308  15.639  -54.217  -18.772 0.5000000000
23146  14.855  -53.545  -16.069 0.4000000060
23147  13.766  -53.419  -16.150 0.4000000060
23162  23.373  -54.064  -17.482 0.5000000000
23174  25.422  -53.020  -18.105 0.5000000000
23176  23.448  -53.073  -17.989 0.5000000000
23178  21.136  -53.381  -17.773 0.5000000000
23184  13.796  -53.307  -19.435 0.4000000060
24001  13.009  -52.036  -18.649 0.3000000119
24012  22.151  -52.299  -18.697 0.4000000060
24018  15.806  -52.851  -19.519 0.4000000060
24020  13.714  -51.779  -19.489 0.3000000119
24034  18.584  -51.792  -19.163 0.4000000060
24038  13.910  -50.957  -19.365 0.3000000119
24848  14.074  -50.418  -18.052 0.4000000060
24872  20.241  -51.480  -19.649 0.4000000060
24875  17.342  -51.227  -19.988 0.4000000060
24876  15.136  -50.733  -20.104 0.3000000119
24877  14.346  -50.558  -19.589 0.3000000119
24889  20.793  -51.108  -20.031 0.4000000060
24890  19.927  -51.155  -19.848 0.4000000060
24891  19.018  -51.110  -19.643 0.4000000060
25700  14.685  -49.774  -19.396 0.3000000119
25710  16.796  -49.923  -19.781 0.4000000060
25721  19.499  -50.616  -19.934 0.4000000060
25722  18.519  -50.536  -19.786 0.4000000060
26500  20.842  -49.867  -20.436 0.3000000119
109168  20.366  -63.282  -17.553 0.6000000238
109899  14.081  -58.035  -18.251 0.6999999881
110086  9.447  -60.460  -17.673 0.6000000238
110179  29.714  -55.734  -25.602 0.5000000000
110295  32.694  -58.250  -24.365 0.4000000060
110400  9.371  -61.681  -18.370 0.5000000000
110594  31.245  -57.852  -22.602 0.4000000060
110847  15.421  -60.862  -21.481 0.6999999881
111408  22.623  -52.809  -18.226 0.5000000000
111713  11.672  -64.414  -16.774 0.5000000000
111834  19.435  -61.008  -17.579 0.6999999881
112376  27.786  -57.405  -23.276 0.5000000000
112543  15.202  -63.345  -19.518 0.6000000238
112605  34.665  -59.803  -25.610 0.5000000000
112763  24.182  -58.522  -17.358 0.6999999881
114388  11.275  -55.845  -15.261 0.3000000119
114569  23.181  -61.057  -20.051 0.5000000000
114626  35.094  -58.798  -24.401 0.4000000060
114873  27.206  -52.637  -18.146 0.4000000060
114880  20.603  -52.606  -18.262 0.5000000000
115055  40.877  -59.613  -20.583 0.3000000119
115199  19.241  -64.270  -17.212 0.6000000238
115332  22.086  -58.185  -16.894 0.6000000238
116020  10.643  -61.263  -15.508 0.5000000000
116073  17.499  -58.922  -20.825 0.6999999881
116511  38.226  -59.468  -21.612 0.4000000060
117093  34.792  -58.350  -23.177 0.4000000060
117949  39.255  -64.679  -23.680 0.3000000119
119112  10.800  -63.379  -16.445 0.5000000000
119275  26.728  -59.715  -19.490 0.5000000000
119489  11.860  -56.717  -16.727 0.4000000060
121416  15.590  -59.363  -21.196 0.8000000119
122023  21.545  -60.762  -18.825 0.6000000238
122173  32.284  -59.945  -26.516 0.4000000060
123781  19.606  -55.353  -17.820 0.6000000238
124977  9.712  -59.048  -16.343 0.6999999881
125546  20.227  -49.294  -20.295 0.3000000119
125593  12.391  -54.746  -15.366 0.4000000060
126138  16.854  -62.253  -18.330 0.6000000238
126895  22.012  -54.797  -17.712 0.6000000238
126918  14.660  -64.368  -15.808 0.5000000000
127258  16.293  -61.232  -19.985 0.6999999881
127373  13.236  -57.896  -17.741 0.6999999881
128342  15.646  -63.487  -19.171 0.6000000238
128453  28.802  -57.767  -21.609 0.5000000000
128468  19.602  -49.221  -20.109 0.4000000060
128540  28.146  -56.955  -25.199 0.5000000000
128747  21.009  -59.056  -17.259 0.6999999881
130139  31.762  -59.077  -25.396 0.4000000060
131067  14.203  -59.817  -21.357 0.8999999762
