#!ascii label  , from subject sub-v1s13x0050005_ses-1 vox2ras=TkReg
1606
30862  42.474  -44.360  -25.940 0.6000000238
30039  41.111  -45.173  -25.109 0.5000000000
33551  42.261  -41.927  -25.810 0.6999999881
32574  43.127  -42.360  -26.404 0.6000000238
33558  43.187  -41.506  -26.435 0.6000000238
129975  43.278  -40.795  -26.500 0.6000000238
31678  41.595  -43.193  -25.431 0.6999999881
31677  42.435  -43.546  -25.955 0.6000000238
127952  43.011  -43.059  -26.351 0.5000000000
31683  43.482  -43.666  -26.692 0.5000000000
32573  44.196  -42.997  -27.384 0.5000000000
33557  44.346  -41.946  -27.227 0.6000000238
117941  44.316  -41.005  -27.270 0.6000000238
30857  41.094  -43.756  -25.099 0.5000000000
30863  41.492  -44.456  -25.343 0.5000000000
30037  43.188  -45.109  -26.336 0.6000000238
33563  45.824  -41.358  -28.070 0.6000000238
30031  40.691  -45.843  -24.885 0.5000000000
30032  39.931  -45.816  -24.489 0.5000000000
36376  42.548  -38.318  -26.027 0.6000000238
129751  41.393  -40.852  -25.401 0.6000000238
34572  41.792  -40.216  -25.628 0.6999999881
35530  42.392  -39.378  -25.946 0.6000000238
34571  42.825  -40.241  -26.226 0.6000000238
127091  43.535  -39.741  -26.599 0.6000000238
32569  41.502  -42.377  -25.350 0.6000000238
33552  41.472  -41.553  -25.378 0.6999999881
35536  44.987  -39.718  -27.520 0.6000000238
32564  40.796  -42.898  -24.853 0.5000000000
32570  40.805  -41.958  -24.910 0.5000000000
30858  40.731  -44.435  -24.833 0.5000000000
35543  46.410  -39.421  -28.226 0.6000000238
30859  40.037  -44.393  -24.367 0.5000000000
115717  46.325  -39.913  -28.572 0.6000000238
129885  48.010  -39.205  -29.173 0.6999999881
35547  46.579  -39.873  -29.090 0.6000000238
37351  47.292  -38.438  -29.326 0.6999999881
114994  45.725  -39.912  -29.157 0.6000000238
35548  45.013  -39.707  -29.184 0.6000000238
121040  42.732  -40.198  -28.552 0.6000000238
128955  43.670  -39.381  -28.776 0.6000000238
34585  38.247  -40.311  -27.173 0.5000000000
35540  37.117  -40.290  -26.233 0.6999999881
35539  37.706  -40.184  -26.712 0.6000000238
35534  36.987  -39.643  -25.491 0.8000000119
34579  35.911  -41.205  -26.097 0.6999999881
37335  42.910  -37.381  -26.134 0.6999999881
35531  41.265  -39.428  -25.388 0.6999999881
36377  41.566  -38.506  -25.499 0.6000000238
36381  43.600  -38.257  -26.578 0.6999999881
37341  43.858  -37.512  -26.620 0.6999999881
33553  40.782  -41.142  -25.013 0.6000000238
35532  40.444  -39.389  -24.938 0.6000000238
37340  44.914  -37.185  -27.189 0.8000000119
34553  39.358  -40.858  -23.872 0.5000000000
34566  39.779  -40.599  -24.369 0.5000000000
36380  44.846  -38.303  -27.276 0.6000000238
124864  39.772  -42.216  -24.124 0.5000000000
32565  40.287  -42.307  -24.484 0.5000000000
38419  46.639  -37.036  -27.771 0.8000000119
37346  46.481  -38.428  -27.873 0.6000000238
30021  39.587  -45.069  -24.193 0.5000000000
38418  47.654  -36.833  -28.549 0.8000000119
38422  47.585  -36.257  -29.052 0.8000000119
36383  47.535  -39.172  -28.446 0.6999999881
37352  45.636  -37.191  -29.297 0.6999999881
121627  47.236  -37.229  -29.328 0.6999999881
37353  42.817  -37.559  -28.606 0.6999999881
117978  43.690  -36.630  -29.056 0.6999999881
117878  45.975  -38.550  -29.296 0.6999999881
37347  41.385  -37.313  -28.213 0.6000000238
111590  42.341  -39.264  -28.389 0.6000000238
36390  43.626  -38.800  -28.760 0.6000000238
112293  40.300  -37.767  -27.639 0.6999999881
35544  40.826  -39.249  -27.840 0.6999999881
36391  42.157  -38.277  -28.332 0.6000000238
36387  39.161  -38.537  -26.956 0.6999999881
116067  39.408  -39.891  -27.618 0.6000000238
35533  37.673  -39.515  -26.203 0.8000000119
35538  38.464  -39.398  -26.790 0.8000000119
129911  38.811  -39.887  -27.337 0.6000000238
36379  37.623  -38.654  -25.691 0.8999999762
33549  34.866  -41.198  -25.044 0.6999999881
34575  35.697  -40.820  -25.447 0.6999999881
128434  42.814  -36.775  -25.667 0.6000000238
38406  43.717  -36.173  -25.548 0.6999999881
39394  45.079  -35.436  -25.127 0.6999999881
37336  41.946  -37.397  -25.463 0.6000000238
38405  45.384  -35.324  -25.920 0.6000000238
37328  40.869  -37.229  -24.313 0.4000000060
36378  40.815  -38.735  -25.133 0.6000000238
37327  41.457  -37.073  -24.821 0.6000000238
38413  43.917  -36.572  -26.301 0.6999999881
36369  40.236  -38.565  -24.670 0.6000000238
38412  45.491  -35.984  -27.016 0.8000000119
115268  39.356  -39.913  -24.053 0.4000000060
121350  40.011  -40.031  -24.672 0.6000000238
38411  47.122  -35.539  -27.683 0.8000000119
32555  39.254  -42.577  -23.653 0.4000000060
39414  47.533  -35.214  -28.704 0.8000000119
31660  39.333  -43.455  -23.751 0.5000000000
38424  44.548  -35.778  -29.214 0.8000000119
39418  42.218  -34.727  -28.873 0.8000000119
38425  42.953  -35.445  -29.123 0.6999999881
38423  46.353  -36.042  -29.321 0.8000000119
37348  40.422  -36.537  -28.060 0.8000000119
117478  42.215  -36.359  -28.687 0.6999999881
38420  39.704  -35.776  -28.015 0.8999999762
37354  41.188  -36.132  -28.466 0.6999999881
37349  39.697  -36.932  -27.463 0.8999999762
121444  39.604  -37.861  -27.213 0.6000000238
37343  38.100  -37.834  -26.034 0.8999999762
117767  38.637  -38.219  -26.511 0.8999999762
34555  35.218  -40.086  -23.688 0.8000000119
34569  34.136  -41.049  -23.529 0.8000000119
34567  35.568  -40.306  -24.593 0.8000000119
33550  34.213  -41.458  -24.293 0.8000000119
35526  36.366  -39.462  -24.668 0.8000000119
35535  36.221  -40.186  -25.215 0.6999999881
39393  45.779  -34.736  -24.511 0.6000000238
38407  42.404  -36.569  -25.041 0.6000000238
38400  43.585  -36.012  -24.985 0.5000000000
38389  41.988  -36.504  -23.585 0.4000000060
38401  41.647  -36.682  -24.303 0.5000000000
112234  42.809  -36.299  -24.361 0.6000000238
37316  40.421  -37.333  -23.757 0.5000000000
39405  46.383  -34.821  -26.676 0.6999999881
37304  39.923  -37.390  -22.380 0.5000000000
36370  39.679  -38.461  -24.084 0.6000000238
35504  38.984  -38.583  -22.617 0.4000000060
120777  39.393  -37.969  -22.773 0.4000000060
40400  44.908  -34.028  -27.347 0.8000000119
40388  46.965  -34.330  -27.738 0.8000000119
35505  38.513  -39.510  -22.436 0.4000000060
40409  44.455  -34.559  -28.499 0.8000000119
40399  45.670  -34.234  -27.983 0.8000000119
38417  47.541  -35.604  -28.481 0.8000000119
33538  38.854  -41.941  -23.326 0.3000000119
40411  41.565  -34.387  -28.670 0.8000000119
40410  42.662  -34.540  -28.716 0.8000000119
39417  43.595  -35.002  -29.003 0.8000000119
40412  40.833  -33.981  -28.651 0.8000000119
39411  39.659  -34.618  -28.474 0.8999999762
38427  40.566  -35.206  -28.528 0.8999999762
115087  39.115  -35.094  -28.082 0.8999999762
38421  39.003  -36.126  -27.296 0.8999999762
39406  38.500  -34.906  -27.765 0.8999999762
37342  38.540  -36.991  -26.512 0.8999999762
34556  34.623  -40.448  -23.270 0.8000000119
129001  33.765  -41.290  -22.925 0.8000000119
38415  37.815  -36.733  -26.140 0.8999999762
37338  37.523  -37.523  -25.518 0.8999999762
35517  35.799  -39.438  -23.939 0.8000000119
36371  37.011  -38.355  -24.870 0.8000000119
38388  44.670  -35.743  -24.273 0.6000000238
39382  45.722  -35.148  -23.860 0.6000000238
39381  45.531  -34.762  -23.624 0.6000000238
38387  45.266  -35.856  -23.599 0.6000000238
38375  42.464  -36.624  -22.964 0.4000000060
112959  43.207  -36.322  -23.764 0.4000000060
39400  45.926  -34.367  -25.229 0.6999999881
38376  41.301  -36.725  -22.861 0.4000000060
121563  45.935  -34.272  -26.040 0.6999999881
119723  40.702  -36.953  -22.326 0.5000000000
37303  40.474  -37.107  -23.046 0.4000000060
40378  45.412  -33.812  -25.614 0.6999999881
37288  40.505  -37.183  -21.605 0.5000000000
124551  43.568  -33.524  -25.223 0.8000000119
111374  44.958  -33.673  -26.341 0.8000000119
108850  41.816  -34.232  -26.964 0.8000000119
40391  43.857  -34.049  -26.852 0.8000000119
109456  40.131  -33.487  -28.123 0.8000000119
39421  39.586  -33.756  -28.494 0.8999999762
39420  40.381  -34.210  -28.640 0.8999999762
40405  38.747  -33.289  -28.229 0.8999999762
38414  38.162  -35.791  -26.854 0.8999999762
36362  35.172  -38.613  -22.954 0.8000000119
38408  37.229  -36.633  -25.751 1.0000000000
36361  35.689  -38.618  -23.499 0.8000000119
37339  36.899  -37.058  -25.101 1.0000000000
37330  36.351  -37.490  -24.425 0.8000000119
39372  45.133  -35.041  -22.837 0.6000000238
40343  44.658  -34.214  -23.242 0.6999999881
37301  44.618  -37.123  -23.011 0.4000000060
38374  44.313  -36.412  -23.436 0.4000000060
37287  41.257  -37.217  -21.488 0.5000000000
37302  43.451  -37.425  -22.604 0.4000000060
111005  44.707  -33.454  -25.127 0.8000000119
40380  42.998  -34.070  -26.297 0.8000000119
40381  40.601  -34.012  -27.123 0.8000000119
40392  42.427  -34.212  -27.571 0.8000000119
40382  39.562  -33.866  -26.616 0.8000000119
40393  41.121  -33.839  -28.027 0.8000000119
40404  39.610  -33.359  -28.323 0.8999999762
39413  38.266  -33.979  -28.155 0.8999999762
41289  38.127  -32.821  -27.710 0.8999999762
39407  37.665  -34.564  -27.455 1.0000000000
38416  37.218  -35.686  -26.485 1.0000000000
39408  36.886  -34.688  -27.004 1.0000000000
37331  35.809  -37.783  -23.760 0.8000000119
34541  34.501  -40.044  -22.570 0.8000000119
38409  36.601  -36.166  -25.713 1.0000000000
38403  35.553  -36.850  -24.212 0.8000000119
38402  36.153  -36.560  -24.943 0.8000000119
39359  45.143  -35.978  -22.709 0.6000000238
38386  45.370  -35.624  -23.308 0.6000000238
40357  45.100  -33.953  -23.968 0.6999999881
121108  43.649  -33.755  -22.937 0.6999999881
37300  44.917  -37.281  -22.659 0.5000000000
38373  45.162  -36.466  -23.170 0.5000000000
110039  43.906  -33.531  -23.612 0.8000000119
114770  42.770  -33.856  -22.376 0.8000000119
125275  43.396  -36.816  -22.904 0.4000000060
40371  44.130  -33.387  -24.402 0.8000000119
35503  45.100  -38.693  -22.753 0.4000000060
36349  44.724  -38.039  -22.675 0.4000000060
110572  41.949  -34.266  -25.660 0.8000000119
40372  42.670  -33.389  -24.440 0.8000000119
41285  38.772  -32.899  -27.966 0.8999999762
40383  38.746  -33.782  -26.056 0.8000000119
40406  37.880  -33.397  -27.882 1.0000000000
40407  37.489  -32.899  -27.448 1.0000000000
41287  37.622  -32.568  -27.218 1.0000000000
39402  35.586  -34.790  -26.014 1.0000000000
37332  35.153  -37.351  -23.473 0.8999999762
36351  34.624  -38.542  -22.377 0.8000000119
38377  34.500  -36.916  -22.961 0.8999999762
127077  35.508  -36.176  -24.866 1.0000000000
110984  34.930  -36.106  -24.400 1.0000000000
38404  34.889  -36.646  -23.756 1.0000000000
40385  35.133  -34.112  -25.848 1.0000000000
41283  35.211  -33.365  -25.705 1.0000000000
40386  34.268  -34.023  -25.551 1.0000000000
42107  35.166  -32.633  -25.318 1.0000000000
39360  44.430  -35.458  -22.127 0.6999999881
39361  43.542  -35.061  -21.613 0.6999999881
39346  42.771  -35.148  -20.840 0.6999999881
38359  44.606  -36.353  -21.982 0.6000000238
40334  43.913  -34.524  -22.376 0.6999999881
38358  45.040  -36.861  -22.589 0.6000000238
37284  44.999  -37.722  -22.473 0.5000000000
40336  41.891  -33.879  -21.539 0.8000000119
36333  45.110  -38.412  -22.549 0.4000000060
40344  42.848  -33.358  -23.089 0.8000000119
40359  41.893  -33.344  -23.610 0.8000000119
40373  41.273  -34.069  -24.504 0.8000000119
114510  40.439  -34.369  -25.617 0.8000000119
128103  39.430  -34.322  -25.449 0.8000000119
124601  38.238  -32.818  -26.687 0.8999999762
40363  37.810  -33.847  -24.574 0.8000000119
41286  38.084  -32.651  -27.410 0.8999999762
40384  38.017  -33.399  -25.643 1.0000000000
41278  37.387  -32.791  -25.229 1.0000000000
42105  37.001  -32.107  -25.715 1.0000000000
42101  36.870  -32.332  -24.595 1.0000000000
41288  36.988  -32.579  -27.011 1.0000000000
42092  36.526  -31.855  -23.878 1.0000000000
131152  36.634  -32.405  -26.399 1.0000000000
42964  36.174  -31.195  -24.090 1.0000000000
41282  36.000  -32.538  -25.810 1.0000000000
39396  34.341  -35.341  -24.558 1.0000000000
39383  34.429  -36.019  -23.666 1.0000000000
42103  35.932  -31.966  -25.204 1.0000000000
39403  34.643  -34.813  -25.444 1.0000000000
40376  33.928  -34.612  -24.979 1.0000000000
41284  33.743  -33.352  -25.365 1.0000000000
42969  34.991  -31.899  -24.854 1.0000000000
42108  34.100  -32.586  -25.256 1.0000000000
124459  42.797  -36.059  -20.172 0.6999999881
40335  42.760  -34.501  -21.596 0.6999999881
38345  43.866  -36.703  -21.061 0.5000000000
39345  43.666  -35.796  -21.289 0.6999999881
37285  44.808  -37.216  -21.950 0.6000000238
37267  44.961  -37.997  -21.922 0.5000000000
41255  41.853  -33.470  -22.361 0.8000000119
41269  41.303  -33.520  -22.822 0.6999999881
40360  40.655  -34.023  -23.543 0.8000000119
40374  39.919  -34.452  -24.530 0.8000000119
40375  38.681  -34.349  -24.721 0.6999999881
42083  38.148  -32.953  -22.044 0.8000000119
42079  38.101  -32.269  -21.723 0.8000000119
43802  38.630  -30.859  -21.023 0.8000000119
41270  37.378  -33.386  -24.022 0.8999999762
41259  37.677  -33.395  -22.980 0.8000000119
42084  37.644  -32.075  -22.125 0.8000000119
112174  37.040  -32.648  -23.445 1.0000000000
117522  37.447  -32.637  -22.649 0.8999999762
43818  38.045  -30.502  -21.582 0.8000000119
42955  36.872  -31.864  -22.826 0.8999999762
42102  36.373  -31.834  -24.881 1.0000000000
42106  36.661  -32.181  -25.793 1.0000000000
43843  35.786  -30.649  -24.119 1.0000000000
42109  33.380  -32.750  -25.211 1.0000000000
119719  36.323  -29.940  -23.217 1.0000000000
42966  34.042  -31.622  -24.929 1.0000000000
43833  35.905  -30.000  -23.702 1.0000000000
44812  35.636  -29.335  -23.916 1.0000000000
44817  34.900  -29.387  -24.308 1.0000000000
38332  43.216  -37.068  -19.965 0.6999999881
121737  42.437  -36.628  -19.144 0.6999999881
38333  42.053  -35.896  -19.234 0.6999999881
39347  41.960  -35.096  -19.793 0.6999999881
40323  41.975  -34.430  -20.715 0.6999999881
37268  44.178  -37.571  -20.934 0.5000000000
36321  44.417  -38.374  -20.779 0.5000000000
41231  41.166  -33.685  -20.531 0.8000000119
41245  41.208  -33.633  -21.462 0.6999999881
40345  40.079  -34.041  -22.634 0.6999999881
41256  40.739  -33.636  -21.978 0.6999999881
41257  39.703  -33.733  -21.900 0.6999999881
40346  39.039  -34.129  -22.570 0.6999999881
40362  38.204  -34.159  -23.498 0.6999999881
42078  38.550  -32.442  -21.315 0.8000000119
43801  39.117  -31.026  -20.480 0.8000000119
42932  38.802  -31.667  -20.850 0.8000000119
110285  39.161  -30.219  -20.584 0.8000000119
44775  38.630  -30.138  -21.182 0.8000000119
43829  37.326  -31.035  -22.214 1.0000000000
44788  38.288  -29.619  -21.556 0.8000000119
126481  36.463  -31.315  -23.396 1.0000000000
42952  36.654  -31.077  -22.855 1.0000000000
43832  36.280  -30.629  -23.432 1.0000000000
44811  36.208  -29.314  -23.478 1.0000000000
129135  34.022  -30.849  -24.733 1.0000000000
42970  33.236  -31.938  -25.085 1.0000000000
45871  36.018  -28.571  -23.755 1.0000000000
43845  34.463  -30.176  -24.519 1.0000000000
46877  35.708  -27.888  -24.116 1.0000000000
38324  41.925  -36.158  -18.433 0.6999999881
40312  41.319  -34.475  -19.038 0.6000000238
114207  41.491  -34.281  -19.923 0.6000000238
41218  41.026  -33.757  -19.454 0.6000000238
41232  40.310  -33.214  -20.349 0.6999999881
113964  40.666  -33.325  -19.795 0.6999999881
41233  39.774  -33.200  -20.804 0.6999999881
41247  39.530  -33.390  -21.347 0.6999999881
42931  39.417  -31.696  -20.169 0.8000000119
41248  38.902  -33.535  -21.805 0.6999999881
42063  39.097  -32.325  -20.728 0.8000000119
44766  39.667  -29.809  -19.875 0.8000000119
44774  39.488  -29.493  -20.523 0.8000000119
45839  39.502  -28.657  -21.557 0.8000000119
44804  37.894  -28.891  -21.843 0.8000000119
45840  38.782  -28.887  -21.657 0.8000000119
43830  36.713  -30.329  -22.725 1.0000000000
45855  38.407  -28.362  -21.891 0.6999999881
45857  37.214  -28.765  -22.476 1.0000000000
46857  38.526  -27.745  -22.127 0.8999999762
45869  37.141  -27.902  -22.814 1.0000000000
45870  36.611  -28.602  -23.187 1.0000000000
46875  37.174  -27.117  -23.059 1.0000000000
42110  33.001  -32.399  -25.118 1.0000000000
46876  36.477  -27.653  -23.550 1.0000000000
44818  34.077  -29.438  -24.797 1.0000000000
125096  33.277  -31.011  -24.955 1.0000000000
45874  35.350  -28.646  -24.178 1.0000000000
39330  41.614  -35.342  -18.667 0.6999999881
41219  40.604  -33.114  -19.043 0.6000000238
42061  40.237  -32.778  -19.653 0.6999999881
42062  39.686  -32.631  -20.323 0.6999999881
42077  39.135  -33.006  -21.086 0.6999999881
42923  39.834  -31.394  -19.510 0.8000000119
43793  39.603  -30.703  -19.815 0.6999999881
44765  40.262  -29.401  -19.322 0.6999999881
45827  40.304  -28.406  -20.476 0.6999999881
45838  40.122  -28.303  -21.410 0.6999999881
46856  39.466  -27.597  -22.201 0.8000000119
46845  39.938  -28.095  -21.999 0.6999999881
45856  37.773  -28.118  -22.196 0.8999999762
46858  37.808  -27.319  -22.507 1.0000000000
44827  33.237  -29.465  -25.370 1.0000000000
45875  34.568  -28.664  -24.611 1.0000000000
46891  35.989  -27.004  -24.208 1.0000000000
40302  41.331  -34.634  -17.980 0.6000000238
116090  40.977  -33.694  -18.358 0.6000000238
41205  40.974  -33.196  -17.641 0.6000000238
41210  40.677  -32.827  -18.245 0.6000000238
42049  40.352  -32.311  -18.888 0.6000000238
42050  39.911  -32.091  -19.591 0.6000000238
42922  40.141  -31.640  -19.077 0.6999999881
115989  40.016  -30.107  -19.255 0.6999999881
124534  40.533  -28.588  -19.572 0.6999999881
44773  39.929  -29.079  -20.067 0.6999999881
46817  40.869  -27.801  -19.961 0.6999999881
46834  40.659  -27.706  -20.932 0.6999999881
46844  40.526  -27.727  -21.853 0.6999999881
47829  47.749  -26.868  -23.008 0.3000000119
46855  40.358  -27.399  -22.377 0.6999999881
47862  48.697  -27.057  -24.222 0.3000000119
128804  30.752  -34.288  -22.047 0.8999999762
47836  38.687  -26.968  -22.423 1.0000000000
42093  32.216  -31.982  -23.707 1.0000000000
111803  32.750  -30.903  -24.981 1.0000000000
42967  32.363  -31.570  -24.434 1.0000000000
48794  37.550  -25.601  -23.676 1.0000000000
47869  36.155  -26.057  -24.425 1.0000000000
128818  35.040  -28.066  -24.466 1.0000000000
43851  33.587  -30.210  -24.950 1.0000000000
46892  35.177  -27.350  -24.614 1.0000000000
39313  41.636  -34.655  -17.191 0.6000000238
41204  41.323  -33.894  -17.324 0.6000000238
42033  41.308  -33.092  -17.017 0.6000000238
130937  41.341  -32.532  -16.953 0.6000000238
42881  41.409  -31.850  -16.946 0.6000000238
42906  40.843  -31.597  -17.686 0.6999999881
43765  41.299  -30.917  -17.280 0.6999999881
42042  40.601  -32.143  -18.140 0.6000000238
43766  40.726  -30.793  -18.049 0.6999999881
43761  45.265  -30.943  -17.888 0.3000000119
44757  40.612  -29.900  -18.523 0.6999999881
45802  40.849  -28.917  -18.738 0.6999999881
47830  46.908  -26.494  -22.407 0.4000000060
47844  47.936  -26.486  -23.791 0.4000000060
48786  47.283  -26.044  -24.135 0.4000000060
39374  30.045  -35.490  -21.989 0.6999999881
40350  30.000  -34.570  -22.200 0.6999999881
45908  47.686  -29.130  -28.942 0.3000000119
47863  47.944  -26.643  -24.641 0.3000000119
47833  41.089  -27.045  -22.825 0.6999999881
42086  31.111  -32.593  -22.555 0.8999999762
46925  47.952  -29.140  -28.239 0.3000000119
47876  47.611  -27.313  -25.818 0.3000000119
47835  39.673  -26.879  -22.559 0.8000000119
42956  31.718  -31.262  -23.920 0.8999999762
46899  47.377  -28.342  -27.307 0.3000000119
47851  39.013  -26.205  -22.803 0.8000000119
48793  38.505  -25.541  -23.315 1.0000000000
43852  32.757  -30.096  -25.352 1.0000000000
46893  34.297  -27.835  -25.061 1.0000000000
48809  36.816  -25.627  -24.142 1.0000000000
47870  35.371  -26.450  -24.866 1.0000000000
48811  35.602  -25.584  -25.226 1.0000000000
43738  41.885  -31.103  -16.733 0.6999999881
42904  44.687  -31.402  -17.286 0.3000000119
44731  41.274  -30.106  -17.683 0.6999999881
44756  41.337  -29.296  -18.022 0.6999999881
43783  44.845  -30.218  -18.118 0.4000000060
45817  41.183  -28.116  -19.089 0.6999999881
128727  45.240  -29.875  -18.609 0.3000000119
44754  44.559  -29.467  -18.274 0.5000000000
121762  41.627  -27.429  -19.525 0.6999999881
45797  45.101  -29.162  -18.809 0.5000000000
46833  41.415  -27.066  -20.489 0.6999999881
46842  46.255  -27.222  -21.115 0.4000000060
47812  45.050  -26.406  -20.501 0.6000000238
47822  45.619  -26.335  -21.191 0.5000000000
46843  41.097  -27.245  -21.574 0.6999999881
46841  46.952  -27.699  -21.661 0.3000000119
46928  45.481  -27.804  -28.525 0.4000000060
48776  46.341  -25.583  -22.907 0.4000000060
46854  40.944  -27.338  -22.259 0.6999999881
41263  29.520  -33.746  -22.452 0.6999999881
111202  46.549  -27.999  -29.205 0.4000000060
47845  47.180  -25.981  -23.345 0.4000000060
48787  46.455  -25.644  -23.779 0.4000000060
39375  29.241  -35.368  -22.335 0.6000000238
110660  47.209  -28.677  -29.031 0.3000000119
46926  47.158  -28.771  -28.473 0.3000000119
46927  46.363  -28.182  -28.675 0.4000000060
129422  47.203  -26.520  -24.904 0.4000000060
47864  46.509  -26.117  -24.635 0.4000000060
47834  40.451  -26.864  -22.777 0.6999999881
47848  41.517  -26.613  -23.388 0.6999999881
41262  30.662  -33.604  -22.263 0.6999999881
46912  46.483  -28.235  -27.685 0.4000000060
47877  46.493  -26.927  -25.664 0.4000000060
117513  45.826  -26.435  -25.183 0.4000000060
47850  39.999  -26.273  -22.955 0.8000000119
47891  46.769  -27.696  -26.641 0.3000000119
48791  40.409  -25.767  -23.475 0.8000000119
43853  32.329  -30.240  -25.253 1.0000000000
48792  39.507  -25.556  -23.261 0.8999999762
46900  34.533  -26.851  -25.397 1.0000000000
48810  36.352  -25.166  -24.764 1.0000000000
49688  37.254  -24.759  -24.361 1.0000000000
47882  34.859  -25.989  -25.845 1.0000000000
46901  33.756  -27.281  -26.048 1.0000000000
48824  35.336  -25.383  -26.330 1.0000000000
42880  42.242  -31.813  -16.528 0.6000000238
43737  42.700  -31.008  -16.703 0.6000000238
43764  42.045  -30.270  -17.023 0.6000000238
44729  42.541  -29.573  -17.450 0.6999999881
42905  43.723  -31.134  -16.935 0.5000000000
43763  43.254  -30.233  -17.205 0.6000000238
44730  41.838  -29.608  -17.519 0.6999999881
43762  44.323  -30.600  -17.494 0.5000000000
44727  44.050  -29.817  -17.719 0.4000000060
45801  41.605  -28.520  -18.345 0.6999999881
44755  43.787  -29.115  -17.976 0.6000000238
45800  42.474  -28.361  -18.196 0.6999999881
45798  44.292  -28.684  -18.453 0.6000000238
46795  42.016  -27.830  -18.752 0.6999999881
45816  44.794  -28.252  -18.988 0.6000000238
46813  45.256  -27.810  -19.639 0.6000000238
46832  42.073  -26.813  -19.834 0.6999999881
47815  42.292  -26.280  -20.555 0.6999999881
46830  45.687  -27.306  -20.428 0.5000000000
47823  44.657  -25.795  -21.065 0.6000000238
47813  44.283  -26.138  -20.321 0.6000000238
47816  41.660  -26.620  -21.297 0.6000000238
47907  44.447  -27.224  -28.517 0.4000000060
47831  46.027  -25.851  -22.062 0.4000000060
48763  43.756  -25.689  -20.981 0.6000000238
46929  45.035  -27.554  -28.778 0.4000000060
48777  45.539  -25.429  -22.599 0.5000000000
47826  41.561  -26.902  -22.277 0.6999999881
46913  45.650  -27.917  -27.821 0.4000000060
48788  45.548  -25.419  -23.374 0.4000000060
48806  45.524  -25.833  -24.417 0.4000000060
130223  41.723  -26.875  -23.008 0.6999999881
42095  30.453  -31.900  -22.750 0.8999999762
42087  30.024  -32.810  -22.495 0.6999999881
47878  45.541  -26.946  -26.004 0.4000000060
47849  40.816  -26.527  -23.237 0.6999999881
47892  45.971  -27.597  -26.788 0.4000000060
130402  31.580  -30.289  -24.885 0.8999999762
49674  39.070  -24.829  -23.671 0.8999999762
44829  32.040  -29.642  -25.710 0.8999999762
110440  33.408  -28.056  -25.792 1.0000000000
44828  32.484  -29.313  -25.784 1.0000000000
49675  38.147  -24.813  -23.846 1.0000000000
113232  37.520  -23.912  -25.029 1.0000000000
46902  33.246  -27.661  -26.564 1.0000000000
49689  36.727  -24.416  -25.294 1.0000000000
50626  38.138  -23.619  -27.899 0.8999999762
49725  37.158  -24.330  -27.316 1.0000000000
49709  36.545  -24.494  -26.470 1.0000000000
48834  35.510  -25.720  -27.688 1.0000000000
47883  34.288  -26.530  -26.914 1.0000000000
49726  36.519  -24.834  -27.532 1.0000000000
49727  36.162  -25.435  -28.251 1.0000000000
48848  35.642  -26.102  -28.793 0.8999999762
125330  36.636  -24.884  -28.104 1.0000000000
115858  36.282  -25.293  -28.593 0.8999999762
44728  43.322  -29.523  -17.610 0.6000000238
45773  42.928  -28.963  -17.823 0.6999999881
45799  43.413  -28.438  -18.261 0.6999999881
46794  42.972  -27.766  -18.625 0.6999999881
46793  43.933  -27.867  -18.653 0.6000000238
46814  44.398  -27.366  -19.235 0.6000000238
46816  42.503  -27.240  -19.216 0.6999999881
46815  43.467  -27.164  -19.071 0.6999999881
47798  42.910  -26.609  -19.701 0.6000000238
47814  43.341  -26.065  -20.298 0.6000000238
47824  42.951  -25.775  -20.973 0.6000000238
48860  44.827  -26.340  -29.704 0.3000000119
46831  44.825  -26.852  -19.862 0.6000000238
47825  42.343  -26.145  -21.675 0.6000000238
47925  44.492  -26.298  -29.688 0.4000000060
48866  44.376  -25.812  -29.846 0.4000000060
48769  44.157  -25.478  -21.799 0.6000000238
48770  43.260  -25.677  -21.692 0.6000000238
48779  43.590  -25.638  -22.548 0.5000000000
111719  42.233  -26.563  -22.730 0.6000000238
48789  44.659  -25.639  -23.825 0.4000000060
110959  44.027  -27.198  -27.453 0.5000000000
47866  44.469  -26.221  -24.730 0.4000000060
123707  42.142  -26.620  -23.452 0.6000000238
47894  44.375  -27.187  -26.771 0.5000000000
114096  44.822  -26.918  -26.176 0.4000000060
48790  41.204  -26.064  -23.781 0.6000000238
47879  44.156  -26.722  -25.718 0.4000000060
43834  31.167  -30.500  -24.287 0.8999999762
49673  40.006  -24.921  -23.698 0.8999999762
125898  40.827  -25.257  -24.073 0.8000000119
44830  31.388  -29.477  -25.604 0.8999999762
44833  32.007  -28.993  -26.181 0.8999999762
45898  32.160  -28.361  -26.563 0.8999999762
45885  32.395  -28.745  -26.170 0.8999999762
125824  37.964  -24.200  -24.395 1.0000000000
49708  37.263  -23.991  -26.058 1.0000000000
48835  35.031  -26.403  -28.189 0.8999999762
124082  36.520  -24.766  -28.374 1.0000000000
49751  36.019  -25.218  -28.946 1.0000000000
49739  36.036  -25.744  -28.921 0.8999999762
113626  37.407  -23.315  -28.273 1.0000000000
50628  36.253  -24.243  -28.552 0.8999999762
49735  45.295  -25.107  -28.857 0.3000000119
48865  44.687  -25.575  -29.751 0.3000000119
49755  44.026  -25.129  -29.982 0.3000000119
48771  42.840  -26.002  -22.372 0.6000000238
48846  43.578  -25.984  -28.868 0.5000000000
48867  43.970  -25.706  -29.803 0.4000000060
47847  43.809  -25.776  -23.466 0.5000000000
47846  43.929  -26.068  -24.222 0.5000000000
120778  43.218  -26.336  -24.134 0.5000000000
47832  42.881  -26.272  -23.252 0.5000000000
47908  43.786  -26.739  -28.143 0.5000000000
124876  43.456  -26.663  -27.044 0.5000000000
109693  43.622  -26.466  -24.901 0.5000000000
47867  41.957  -26.316  -24.050 0.6000000238
47895  43.726  -26.885  -26.423 0.5000000000
48808  41.598  -25.662  -24.425 0.6999999881
48833  42.892  -26.015  -26.633 0.5000000000
47881  43.181  -26.495  -26.002 0.5000000000
49684  41.266  -24.757  -24.804 0.6000000238
49685  40.412  -24.420  -24.427 0.8999999762
50565  39.204  -23.731  -24.803 0.8999999762
49687  38.702  -24.182  -24.220 0.8999999762
50586  38.883  -23.511  -25.640 0.8999999762
50613  37.923  -23.806  -27.569 0.8999999762
50601  37.787  -23.822  -26.730 0.8999999762
50600  38.592  -23.610  -26.821 0.8999999762
47896  34.292  -26.752  -28.383 0.8999999762
45897  32.732  -28.149  -26.444 0.8999999762
129709  37.689  -23.761  -28.018 0.8000000119
46930  33.476  -27.011  -28.240 0.8999999762
49740  35.477  -26.015  -29.267 0.8999999762
48849  35.013  -26.621  -29.066 0.8999999762
49736  44.889  -24.368  -28.301 0.3000000119
49748  44.503  -24.699  -29.449 0.3000000119
50620  44.299  -23.850  -28.847 0.4000000060
50608  43.963  -23.193  -27.982 0.3000000119
50634  43.822  -24.248  -29.665 0.3000000119
50621  43.580  -23.430  -29.128 0.4000000060
128637  43.572  -25.010  -29.826 0.4000000060
127332  43.037  -25.424  -28.456 0.4000000060
109394  42.883  -26.529  -24.894 0.5000000000
109365  42.569  -26.450  -24.032 0.5000000000
48847  43.230  -26.039  -27.746 0.5000000000
47880  43.471  -26.604  -25.598 0.5000000000
130978  42.437  -26.341  -24.413 0.5000000000
48821  42.628  -25.990  -25.567 0.5000000000
48807  42.288  -26.045  -24.719 0.5000000000
49705  42.376  -25.117  -26.178 0.5000000000
48822  42.004  -25.324  -25.206 0.5000000000
49706  41.660  -24.432  -25.739 0.6000000238
50609  41.299  -23.668  -27.410 0.6999999881
49707  40.748  -23.842  -25.376 0.6999999881
129537  39.947  -23.846  -24.789 0.6999999881
50599  40.401  -23.375  -26.643 0.6999999881
113238  39.425  -23.412  -26.404 0.8000000119
50585  39.771  -23.528  -25.542 0.8000000119
123666  32.460  -27.801  -26.949 0.8999999762
112899  39.051  -23.160  -28.365 0.6999999881
47909  34.127  -26.841  -29.002 0.8999999762
48862  34.751  -26.433  -29.308 0.8999999762
114586  36.968  -22.421  -28.334 1.0000000000
51547  43.430  -22.564  -28.341 0.3000000119
52466  43.107  -21.858  -27.575 0.3000000119
112191  43.444  -24.524  -29.714 0.4000000060
48868  43.141  -24.565  -29.611 0.4000000060
50635  43.203  -23.809  -29.636 0.4000000060
51553  42.903  -22.881  -29.339 0.4000000060
49723  42.645  -25.077  -27.458 0.4000000060
128150  42.750  -24.259  -29.556 0.4000000060
50636  42.521  -23.525  -29.585 0.4000000060
49737  42.590  -24.771  -28.690 0.4000000060
49738  42.039  -24.239  -28.029 0.4000000060
49724  41.956  -24.270  -26.799 0.5000000000
50610  40.391  -23.412  -28.095 0.6000000238
50611  39.435  -23.420  -27.611 0.8000000119
114007  39.220  -23.373  -28.194 0.6999999881
51556  38.271  -23.291  -28.161 0.6999999881
117641  35.280  -25.016  -29.243 0.8999999762
49752  34.675  -25.623  -29.340 0.8999999762
118575  36.687  -21.484  -28.325 0.8999999762
115425  35.952  -22.095  -28.347 0.8000000119
50629  34.933  -23.880  -28.762 0.8000000119
53417  36.536  -20.631  -28.341 0.8000000119
52467  42.859  -21.310  -27.044 0.3000000119
52469  42.905  -22.051  -28.380 0.3000000119
109811  43.209  -21.315  -27.938 0.4000000060
52470  42.341  -22.068  -28.911 0.4000000060
51566  42.065  -22.813  -29.584 0.5000000000
49750  42.023  -24.156  -29.031 0.5000000000
124166  41.635  -23.451  -29.597 0.5000000000
51567  41.170  -22.785  -29.654 0.5000000000
50622  41.223  -23.799  -28.686 0.5000000000
50638  40.713  -23.408  -29.518 0.5000000000
50637  41.307  -23.766  -29.318 0.5000000000
50623  40.316  -23.554  -29.042 0.6000000238
125659  39.681  -23.370  -28.491 0.6999999881
51554  39.998  -23.315  -29.265 0.6999999881
51555  39.483  -22.944  -28.804 0.6999999881
52471  39.363  -22.010  -28.870 0.6999999881
52472  38.552  -22.303  -28.432 0.6999999881
124322  39.470  -21.056  -28.884 0.6999999881
52473  37.525  -21.791  -28.331 0.8000000119
54378  39.193  -20.059  -28.867 0.6999999881
52459  42.989  -21.957  -26.866 0.3000000119
113961  43.248  -20.496  -27.007 0.3000000119
53400  44.022  -19.893  -27.030 0.4000000060
53409  43.436  -20.760  -27.443 0.3000000119
53414  43.712  -20.612  -28.035 0.4000000060
53415  42.937  -21.238  -28.379 0.4000000060
53423  43.311  -20.337  -28.625 0.3000000119
52478  41.648  -21.934  -29.288 0.5000000000
54386  42.428  -19.987  -29.249 0.3000000119
52479  40.841  -21.832  -29.517 0.5000000000
51568  40.352  -22.768  -29.590 0.6999999881
51569  39.804  -22.693  -29.302 0.6999999881
50625  38.917  -23.415  -28.067 0.6999999881
52480  40.019  -21.693  -29.306 0.6999999881
53426  39.845  -20.512  -29.257 0.6000000238
54372  44.614  -19.418  -27.108 0.3000000119
54376  44.263  -19.687  -27.982 0.3000000119
55337  44.634  -18.790  -27.329 0.3000000119
55338  44.029  -18.786  -27.909 0.3000000119
56239  44.029  -16.838  -27.070 0.3000000119
54377  43.231  -19.348  -28.447 0.3000000119
127906  43.056  -18.184  -28.133 0.4000000060
53425  40.625  -20.741  -29.382 0.5000000000
124615  41.799  -19.450  -29.216 0.5000000000
55339  41.826  -18.054  -28.685 0.5000000000
55348  41.210  -18.979  -29.269 0.6000000238
54388  40.364  -19.737  -29.512 0.6000000238
53402  41.519  -20.001  -26.380 0.4000000060
55324  42.100  -19.120  -26.454 0.3000000119
55323  43.526  -18.826  -26.468 0.3000000119
119057  42.728  -18.010  -26.353 0.3000000119
55322  44.328  -18.383  -26.712 0.3000000119
117091  43.831  -17.687  -26.583 0.3000000119
55333  44.330  -17.737  -26.911 0.3000000119
56227  43.865  -16.710  -26.849 0.3000000119
57111  43.407  -16.377  -27.473 0.3000000119
56244  42.563  -17.096  -28.314 0.4000000060
57113  42.270  -16.079  -28.416 0.4000000060
56245  41.611  -16.918  -28.895 0.4000000060
119122  40.749  -17.895  -29.362 0.5000000000
55349  40.265  -18.899  -29.561 0.6000000238
121453  37.031  -19.159  -28.405 0.6999999881
121209  35.203  -21.171  -28.443 0.8000000119
54365  40.874  -19.429  -26.509 0.4000000060
116604  41.191  -18.472  -26.693 0.3000000119
126130  42.062  -17.345  -26.462 0.3000000119
57090  43.156  -15.954  -26.835 0.3000000119
57980  42.345  -15.250  -27.550 0.4000000060
57990  41.705  -15.100  -28.311 0.4000000060
57996  40.904  -15.048  -28.967 0.4000000060
120395  40.708  -16.642  -29.383 0.4000000060
55357  39.756  -18.294  -29.994 0.5000000000
56254  39.818  -16.201  -29.793 0.4000000060
55350  39.614  -19.157  -29.640 0.6000000238
56253  40.130  -17.286  -29.811 0.4000000060
54379  38.502  -19.105  -29.042 0.6999999881
55358  39.011  -18.172  -30.283 0.4000000060
56255  38.323  -17.938  -30.253 0.4000000060
55352  37.946  -18.314  -29.846 0.6000000238
56246  37.173  -17.876  -29.285 0.5000000000
55340  37.573  -18.635  -28.774 0.6000000238
120034  36.353  -19.768  -28.411 0.6999999881
125457  36.224  -18.969  -28.511 0.6999999881
128863  40.321  -19.428  -26.120 0.3000000119
56229  41.127  -17.370  -26.708 0.3000000119
57091  41.997  -16.293  -26.689 0.3000000119
57962  41.201  -15.510  -27.295 0.3000000119
57981  41.512  -15.019  -27.717 0.4000000060
57991  40.821  -14.785  -28.363 0.3000000119
58889  39.864  -14.815  -28.676 0.3000000119
57997  40.119  -15.166  -29.267 0.3000000119
57992  39.033  -15.183  -29.180 0.3000000119
127516  38.837  -17.431  -30.310 0.4000000060
57118  39.038  -15.872  -30.056 0.3000000119
57999  38.454  -15.620  -29.809 0.3000000119
56263  38.345  -16.963  -30.309 0.3000000119
57126  37.818  -16.365  -30.181 0.3000000119
56256  37.628  -17.322  -30.067 0.3000000119
56257  36.833  -17.158  -29.663 0.4000000060
55341  36.699  -18.386  -28.701 0.5000000000
54381  35.324  -19.379  -28.598 0.5000000000
55313  39.403  -18.365  -26.194 0.3000000119
56230  40.018  -18.048  -26.944 0.3000000119
129762  39.578  -17.493  -27.061 0.3000000119
57093  39.253  -17.075  -27.292 0.3000000119
57106  39.925  -15.944  -27.572 0.3000000119
57983  38.539  -15.604  -28.570 0.3000000119
57993  37.981  -15.459  -29.344 0.3000000119
58004  38.012  -15.902  -30.135 0.3000000119
57119  37.018  -16.438  -29.948 0.3000000119
56247  36.350  -17.604  -29.154 0.4000000060
55342  35.656  -18.270  -28.796 0.5000000000
56248  35.538  -17.394  -29.198 0.5000000000
55343  34.562  -18.534  -28.900 0.5000000000
56213  38.787  -17.835  -26.080 0.3000000119
56231  39.081  -17.701  -26.753 0.3000000119
122048  38.549  -16.946  -26.946 0.3000000119
57107  38.803  -16.400  -27.766 0.3000000119
57984  37.674  -15.478  -28.600 0.3000000119
124203  35.978  -16.604  -29.715 0.4000000060
56249  34.727  -17.629  -29.112 0.4000000060
56258  34.832  -16.723  -29.374 0.4000000060
55353  33.747  -17.756  -29.181 0.4000000060
57061  39.597  -17.229  -24.151 0.3000000119
56200  38.998  -17.884  -25.237 0.3000000119
57963  37.877  -16.152  -26.764 0.3000000119
57094  38.087  -16.155  -27.738 0.3000000119
57985  36.883  -14.908  -28.484 0.3000000119
58000  37.372  -15.732  -29.896 0.3000000119
112322  36.288  -15.116  -29.875 0.3000000119
120901  36.311  -15.768  -30.026 0.3000000119
57062  38.858  -16.903  -24.749 0.3000000119
57063  38.464  -16.468  -25.246 0.3000000119
57934  38.576  -15.574  -24.809 0.3000000119
57076  38.277  -16.820  -26.155 0.3000000119
58871  37.494  -15.312  -26.828 0.3000000119
59742  37.477  -14.422  -26.424 0.3000000119
57108  37.551  -15.543  -27.656 0.3000000119
58872  37.113  -14.733  -27.326 0.3000000119
57994  37.075  -15.243  -29.394 0.3000000119
57948  38.080  -15.921  -25.662 0.3000000119
58845  38.296  -14.883  -25.177 0.3000000119
113102  38.003  -14.156  -25.600 0.3000000119
58858  37.709  -15.228  -26.025 0.3000000119
57986  36.201  -14.591  -29.498 0.3000000119
59721  38.670  -13.788  -24.788 0.3000000119
59731  38.301  -13.343  -25.391 0.4000000060
113063  37.790  -13.318  -26.072 0.3000000119
59743  36.993  -13.642  -27.030 0.3000000119
60609  37.949  -12.337  -26.024 0.4000000060
127304  38.271  -12.750  -25.560 0.4000000060
60610  37.350  -12.671  -26.678 0.4000000060
59730  38.654  -12.812  -24.950 0.3000000119
61533  38.074  -11.485  -25.993 0.4000000060
39401  36.371  -35.249  -26.342 1.0000000000
40397  36.018  -33.329  -26.407 1.0000000000
38410  35.840  -35.803  -25.566 0.8999999762
114979  37.746  -22.651  -28.314 0.6999999881
125257  37.229  -20.980  -28.292 0.8000000119
119907  37.350  -20.115  -28.320 0.8000000119
116717  38.338  -20.078  -28.408 0.6999999881
116616  42.259  -41.020  -25.878 0.6000000238
129201  44.624  -38.967  -27.210 0.6000000238
31673  40.410  -43.704  -24.562 0.5000000000
31674  39.819  -43.763  -24.157 0.5000000000
37337  40.912  -37.855  -24.936 0.6000000238
37350  39.174  -37.434  -26.880 0.8999999762
35516  38.826  -40.246  -23.324 0.4000000060
36360  39.313  -38.510  -23.374 0.5000000000
34554  38.828  -41.188  -23.297 0.4000000060
39399  46.254  -34.359  -26.868 0.6999999881
38426  41.697  -35.248  -28.780 0.8999999762
39392  45.687  -34.532  -24.155 0.6999999881
37317  39.797  -37.729  -23.432 0.5000000000
37289  39.784  -37.492  -21.581 0.5000000000
40379  44.369  -33.554  -25.831 0.8000000119
34540  38.355  -40.657  -22.652 0.4000000060
40401  43.276  -34.254  -28.082 0.8000000119
40370  45.410  -33.986  -24.728 0.6999999881
38360  42.229  -37.023  -22.262 0.4000000060
40394  39.525  -33.240  -27.817 0.8000000119
36348  45.000  -38.193  -22.554 0.4000000060
36335  43.657  -38.291  -22.333 0.4000000060
41254  42.189  -33.228  -23.130 0.8000000119
39409  36.389  -34.182  -26.840 1.0000000000
39395  35.103  -35.558  -25.173 1.0000000000
42111  37.149  -32.330  -26.552 1.0000000000
124225  34.914  -30.967  -24.491 1.0000000000
43844  35.278  -30.100  -24.136 1.0000000000
129705  38.675  -33.050  -21.535 0.8000000119
44806  36.700  -29.448  -22.853 1.0000000000
44787  39.108  -29.432  -21.191 0.8000000119
44805  37.394  -29.789  -22.114 1.0000000000
47852  37.887  -26.401  -22.955 1.0000000000
47868  36.826  -26.479  -23.663 1.0000000000
42034  40.958  -32.457  -17.486 0.6000000238
42916  40.448  -31.543  -18.456 0.6999999881
45826  46.059  -28.468  -20.149 0.4000000060
41261  31.752  -33.270  -22.321 1.0000000000
42968  31.984  -30.871  -24.710 1.0000000000
47821  46.370  -26.667  -21.649 0.4000000060
48823  35.940  -24.850  -25.751 1.0000000000
45815  45.596  -28.865  -19.467 0.4000000060
46914  44.826  -27.588  -27.868 0.4000000060
47893  45.147  -27.433  -26.908 0.4000000060
49710  35.897  -24.979  -27.014 1.0000000000
48778  44.631  -25.361  -22.781 0.5000000000
51558  35.538  -23.258  -28.491 0.8000000119
123547  41.286  -23.757  -26.339 0.6000000238
53416  38.856  -21.054  -28.485 0.6999999881
126602  39.609  -19.751  -29.348 0.6999999881
118009  39.136  -18.811  -30.045 0.6000000238
125348  39.532  -15.482  -28.182 0.3000000119
116010  41.318  -39.994  -28.058 0.5000000000
34582  40.591  -40.522  -27.897 0.5000000000
36385  40.322  -38.658  -27.626 0.5000000000
33564  41.638  -41.722  -28.270 0.5000000000
33565  40.345  -41.378  -27.835 0.5000000000
32592  43.063  -42.205  -28.882 0.5000000000
33572  42.909  -41.070  -28.772 0.5000000000
34591  41.524  -40.819  -28.169 0.5000000000
115771  44.564  -42.316  -29.467 0.5000000000
32595  46.443  -42.233  -29.467 0.4000000060
111250  45.726  -40.745  -29.423 0.5000000000
33561  47.460  -41.892  -28.992 0.4000000060
34589  46.670  -40.180  -29.190 0.5000000000
34588  47.030  -40.910  -29.455 0.5000000000
35494  30.725  -39.293  -21.130 0.6999999881
120375  30.249  -40.043  -21.202 0.6999999881
36339  32.335  -38.447  -20.785 0.8000000119
37306  33.678  -37.602  -21.454 0.8000000119
35492  32.827  -39.304  -20.839 0.8000000119
37305  34.327  -37.683  -22.177 0.8999999762
36341  30.289  -38.555  -21.585 0.6999999881
37290  32.871  -37.545  -20.949 0.8999999762
38363  32.510  -36.670  -21.110 0.8999999762
38378  33.959  -36.802  -22.006 0.8999999762
38391  34.041  -35.991  -22.680 0.8999999762
113286  30.280  -37.013  -21.613 0.6000000238
118227  31.041  -37.018  -21.302 0.8000000119
38362  33.306  -36.759  -21.382 0.8999999762
39373  33.631  -35.158  -22.354 0.8999999762
40377  33.580  -34.287  -24.121 0.8999999762
40387  33.550  -33.890  -25.081 0.8999999762
39311  43.235  -35.535  -16.516 0.5000000000
127140  42.575  -35.544  -16.769 0.5000000000
39312  42.045  -35.181  -16.919 0.5000000000
38313  42.576  -36.702  -17.509 0.6000000238
38314  42.090  -36.290  -17.768 0.5000000000
39322  41.727  -35.518  -17.683 0.5000000000
38323  42.365  -36.870  -18.261 0.6000000238
38379  30.116  -36.263  -21.823 0.6000000238
39364  31.426  -35.678  -21.500 0.8999999762
39362  33.021  -35.196  -21.656 0.8999999762
37291  31.769  -37.471  -20.958 0.8999999762
130278  33.285  -34.531  -22.115 0.8999999762
40364  33.504  -34.353  -22.877 0.8999999762
116955  33.247  -33.588  -24.495 0.8999999762
41193  43.078  -33.944  -16.297 0.5000000000
41194  42.405  -33.383  -16.401 0.5000000000
40284  41.943  -34.442  -16.694 0.5000000000
41195  41.756  -33.702  -16.666 0.5000000000
40282  43.605  -34.747  -16.364 0.5000000000
40283  42.639  -34.789  -16.485 0.5000000000
40349  31.448  -34.091  -21.943 0.8999999762
39365  30.664  -35.740  -21.702 0.6999999881
40338  32.082  -34.809  -21.623 0.8999999762
40337  32.833  -34.411  -21.861 0.8999999762
41271  33.147  -33.540  -23.388 0.8999999762
41280  32.919  -33.096  -24.322 0.8999999762
124971  43.079  -33.182  -16.351 0.5000000000
42017  41.794  -32.718  -16.574 0.5000000000
111711  43.819  -33.348  -16.406 0.5000000000
115149  43.981  -34.052  -16.369 0.5000000000
40348  32.365  -33.894  -22.025 0.8999999762
41272  32.617  -32.754  -23.543 0.8999999762
42104  32.728  -32.371  -24.599 0.8999999762
42016  42.681  -32.592  -16.419 0.5000000000
42015  43.555  -32.600  -16.484 0.5000000000
42879  43.175  -31.833  -16.573 0.5000000000
42014  44.489  -32.725  -16.642 0.5000000000
42878  44.129  -31.946  -16.763 0.4000000060
42096  29.395  -32.119  -22.672 0.6000000238
43836  29.046  -30.623  -23.384 0.6000000238
43835  30.207  -30.472  -23.678 0.8000000119
43847  29.640  -29.817  -24.039 0.6999999881
44820  29.202  -29.195  -24.478 0.6999999881
45876  28.786  -28.591  -24.822 0.6999999881
45887  28.336  -28.070  -25.132 0.6999999881
43846  30.475  -29.979  -24.386 0.8000000119
43855  31.071  -29.837  -25.027 0.8000000119
44819  30.170  -29.414  -24.778 0.6999999881
44832  29.786  -28.813  -25.108 0.6999999881
116998  29.355  -28.265  -25.346 0.6999999881
125779  29.803  -28.015  -25.702 0.6999999881
46920  29.765  -27.542  -26.009 0.6999999881
45900  31.058  -28.536  -26.063 0.8000000119
112359  31.216  -27.972  -26.451 0.8000000119
44834  31.541  -29.044  -25.990 0.8000000119
47897  30.658  -26.581  -26.760 0.6999999881
46918  31.400  -27.281  -26.886 0.6999999881
47911  32.229  -27.143  -27.546 0.8000000119
45899  31.664  -28.490  -26.391 0.8000000119
47912  31.565  -26.523  -27.356 0.6999999881
48851  32.435  -26.567  -27.999 0.8000000119
49741  31.992  -25.000  -27.965 0.6000000238
46931  32.708  -27.326  -27.551 0.8000000119
47910  33.015  -26.987  -28.221 0.8000000119
49753  33.588  -24.859  -28.657 0.6000000238
49754  32.605  -24.580  -28.226 0.6000000238
50631  32.638  -23.585  -28.300 0.6000000238
48864  33.000  -25.602  -28.512 0.8000000119
51560  34.072  -23.287  -28.538 0.6000000238
113986  33.121  -22.743  -28.460 0.6000000238
48863  33.974  -26.169  -29.110 0.8000000119
50630  34.388  -24.428  -28.891 0.6999999881
115424  34.869  -22.082  -28.450 0.6000000238
118573  34.213  -21.120  -28.606 0.6999999881
115423  33.811  -22.072  -28.531 0.6000000238
53418  34.672  -20.275  -28.614 0.6000000238
51559  34.624  -22.898  -28.488 0.6999999881
118574  35.991  -21.140  -28.344 0.6999999881
112404  45.651  -43.495  -28.429 0.4000000060
33562  47.017  -41.745  -28.677 0.5000000000
34576  45.880  -40.341  -28.239 0.5000000000
34590  44.744  -40.334  -29.215 0.5000000000
129206  33.913  -34.859  -24.336 0.8999999762
44835  30.996  -28.993  -25.810 0.8000000119
32581  41.642  -42.612  -28.336 0.5000000000
33570  45.569  -41.699  -29.554 0.5000000000
38301  42.893  -36.225  -16.897 0.5000000000
44831  30.641  -29.187  -25.413 0.8000000119
45886  30.335  -28.544  -25.645 0.6999999881
46917  31.967  -27.837  -26.978 0.8000000119
126747  31.752  -25.788  -27.727 0.6999999881
125331  32.512  -25.962  -28.197 0.6999999881
36320  45.178  -38.773  -21.871 0.4000000060
35457  44.968  -39.768  -20.175 0.4000000060
36304  44.532  -39.149  -20.273 0.4000000060
36305  43.891  -38.517  -19.676 0.5000000000
35456  45.615  -40.135  -19.742 0.4000000060
36283  43.618  -38.098  -18.241 0.5000000000
37254  42.840  -37.439  -18.964 0.5000000000
36293  43.963  -38.772  -18.911 0.5000000000
36292  44.726  -38.914  -18.518 0.4000000060
35437  46.058  -39.560  -18.862 0.4000000060
35438  45.185  -39.502  -19.076 0.4000000060
130993  44.559  -39.296  -19.316 0.4000000060
35455  46.475  -40.143  -19.475 0.4000000060
38312  43.276  -37.004  -17.191 0.5000000000
36291  45.615  -38.941  -18.321 0.4000000060
36319  49.166  -38.925  -20.040 0.4000000060
35454  47.814  -39.527  -19.319 0.4000000060
35436  47.051  -39.425  -18.866 0.4000000060
35453  48.467  -39.614  -19.841 0.4000000060
37233  43.770  -37.672  -17.591 0.5000000000
37232  44.689  -37.675  -17.412 0.5000000000
36281  45.161  -38.320  -17.844 0.4000000060
39335  51.988  -35.392  -19.978 0.3000000119
38343  51.794  -36.453  -20.753 0.3000000119
36289  47.413  -38.527  -18.488 0.4000000060
38342  52.259  -36.328  -21.256 0.3000000119
37264  51.435  -37.055  -20.788 0.3000000119
37265  50.782  -37.281  -20.308 0.3000000119
37266  50.099  -37.625  -19.933 0.3000000119
36301  49.382  -38.154  -19.658 0.4000000060
36302  48.560  -38.743  -19.357 0.4000000060
36303  47.842  -38.891  -18.904 0.4000000060
37283  50.932  -37.688  -20.906 0.3000000119
36318  50.402  -38.373  -20.864 0.3000000119
126402  49.863  -38.318  -20.293 0.4000000060
38311  44.202  -37.019  -16.991 0.4000000060
36280  46.116  -38.209  -17.837 0.4000000060
37231  45.655  -37.558  -17.425 0.4000000060
40311  51.732  -34.994  -19.215 0.3000000119
39326  51.151  -35.369  -18.808 0.3000000119
38330  51.607  -36.063  -20.150 0.3000000119
38331  51.026  -36.311  -19.568 0.3000000119
128494  50.010  -36.852  -19.076 0.3000000119
37251  49.616  -37.367  -19.245 0.4000000060
37252  48.929  -37.950  -19.137 0.4000000060
36288  48.230  -38.134  -18.715 0.4000000060
38344  51.223  -36.678  -20.191 0.3000000119
37250  50.476  -36.938  -19.600 0.3000000119
39318  49.225  -35.426  -17.512 0.3000000119
39319  48.330  -35.584  -17.324 0.3000000119
38307  47.965  -36.345  -17.633 0.4000000060
39320  47.442  -35.730  -17.107 0.4000000060
113745  47.054  -36.558  -17.357 0.4000000060
38309  46.122  -36.743  -17.145 0.4000000060
39317  50.058  -35.207  -17.785 0.3000000119
39328  49.723  -35.920  -18.218 0.3000000119
39329  48.875  -36.165  -17.892 0.3000000119
38322  48.504  -36.897  -18.151 0.4000000060
38308  47.594  -37.231  -17.871 0.4000000060
117053  46.606  -37.390  -17.581 0.4000000060
38321  49.434  -36.714  -18.599 0.4000000060
115181  48.187  -37.497  -18.336 0.4000000060
37243  47.006  -38.007  -18.036 0.4000000060
38320  50.327  -36.360  -18.938 0.3000000119
37242  48.831  -37.417  -18.693 0.4000000060
116167  47.691  -37.867  -18.288 0.4000000060
40281  44.676  -34.622  -16.450 0.4000000060
121305  45.502  -34.773  -16.563 0.4000000060
39310  44.164  -35.521  -16.416 0.4000000060
38300  43.717  -36.312  -16.659 0.4000000060
39307  46.923  -35.011  -16.715 0.3000000119
39308  45.997  -35.277  -16.677 0.4000000060
38298  45.620  -36.110  -16.755 0.4000000060
38299  44.668  -36.251  -16.627 0.4000000060
38297  46.544  -35.918  -16.908 0.4000000060
38310  45.173  -36.917  -16.986 0.4000000060
46921  28.961  -27.079  -26.042 0.6000000238
50632  31.782  -23.875  -28.061 0.5000000000
108770  31.182  -25.036  -27.664 0.5000000000
49742  31.042  -24.185  -27.816 0.5000000000
51561  32.107  -22.398  -28.457 0.5000000000
52474  32.540  -21.482  -28.673 0.5000000000
118241  33.526  -20.144  -28.910 0.5000000000
54382  34.170  -19.397  -28.852 0.4000000060
58891  36.109  -14.036  -28.854 0.3000000119
59759  35.480  -13.233  -29.189 0.3000000119
60640  34.772  -12.531  -29.385 0.3000000119
60621  36.628  -12.755  -27.469 0.3000000119
59758  36.278  -13.394  -28.099 0.3000000119
60622  35.842  -12.606  -28.534 0.3000000119
110387  34.259  -11.721  -29.464 0.3000000119
61534  37.519  -11.836  -26.598 0.3000000119
129886  37.017  -12.152  -27.144 0.3000000119
120604  36.334  -12.013  -27.871 0.3000000119
119464  35.344  -11.874  -28.908 0.3000000119
61570  33.943  -10.930  -29.799 0.3000000119
61551  33.562  -11.334  -29.117 0.3000000119
119646  36.953  -11.477  -27.276 0.3000000119
61550  36.101  -11.148  -28.200 0.3000000119
62436  35.577  -10.411  -28.810 0.3000000119
61569  34.900  -11.144  -29.325 0.3000000119
61578  33.617  -10.551  -29.740 0.3000000119
62424  37.201  -10.134  -27.128 0.3000000119
121642  36.893  -10.784  -27.395 0.3000000119
62435  36.439  -10.253  -27.870 0.3000000119
131198  35.254  -9.816  -29.301 0.3000000119
62450  34.572  -10.387  -29.651 0.3000000119
63369  33.611  -9.235  -30.065 0.3000000119
63333  37.860  -9.969  -26.451 0.3000000119
64195  36.300  -8.731  -28.333 0.3000000119
63354  34.399  -9.559  -29.838 0.3000000119
118469  37.427  -9.431  -26.939 0.3000000119
63343  36.778  -9.448  -27.608 0.3000000119
115740  36.500  -7.939  -28.088 0.3000000119
64184  37.238  -8.528  -27.240 0.3000000119
65061  37.067  -7.507  -27.459 0.3000000119
65051  37.599  -7.785  -26.809 0.3000000119
125094  47.179  -40.070  -19.417 0.4000000060
35475  45.325  -39.581  -21.585 0.4000000060
34495  46.901  -40.680  -20.014 0.4000000060
34496  46.110  -40.677  -20.484 0.4000000060
35473  49.724  -39.160  -20.705 0.4000000060
35474  49.034  -39.654  -20.330 0.4000000060
34494  47.714  -40.295  -19.826 0.4000000060
39358  52.806  -35.986  -21.584 0.3000000119
38356  52.620  -36.570  -21.912 0.3000000119
37282  51.566  -37.497  -21.456 0.3000000119
36332  51.051  -38.310  -21.516 0.3000000119
39344  52.250  -35.814  -20.775 0.3000000119
40300  51.423  -34.658  -18.464 0.3000000119
130596  51.089  -34.377  -17.834 0.3000000119
114445  45.419  -34.164  -16.588 0.4000000060
40280  46.180  -34.365  -16.650 0.4000000060
40294  47.846  -34.996  -16.815 0.3000000119
40293  48.719  -34.860  -16.920 0.3000000119
41192  44.823  -33.598  -16.564 0.4000000060
46903  28.921  -27.698  -25.618 0.6000000238
62416  38.246  -10.618  -25.898 0.3000000119
118844  37.977  -9.070  -26.421 0.3000000119
64183  37.999  -8.231  -26.400 0.3000000119
65037  38.466  -7.754  -25.798 0.3000000119
40310  52.371  -34.603  -19.648 0.3000000119
37253  43.578  -37.874  -19.818 0.5000000000
39336  51.399  -35.692  -19.485 0.3000000119
39309  45.116  -35.446  -16.537 0.4000000060
62423  37.554  -10.902  -26.647 0.3000000119
62451  33.710  -10.181  -30.024 0.3000000119
63344  35.987  -9.612  -28.497 0.3000000119
64202  35.365  -9.017  -29.286 0.3000000119
65050  38.046  -7.574  -26.354 0.3000000119
35487  45.175  -39.259  -22.473 0.3000000119
33556  34.308  -42.013  -24.978 0.6000000238
32557  33.817  -42.250  -24.232 0.6999999881
31663  32.813  -43.656  -23.511 0.6999999881
34497  45.519  -40.234  -21.098 0.3000000119
36337  38.807  -38.519  -21.701 0.3000000119
32545  31.801  -43.180  -21.700 0.6999999881
36334  44.671  -38.803  -22.652 0.3000000119
31648  32.354  -43.349  -22.506 0.6999999881
32558  33.210  -42.634  -23.211 0.6999999881
35488  44.846  -39.465  -22.568 0.3000000119
35486  45.455  -40.068  -22.265 0.3000000119
33493  47.102  -41.775  -21.308 0.3000000119
34510  45.784  -40.639  -21.878 0.3000000119
33492  48.037  -41.574  -20.865 0.3000000119
34508  47.454  -41.105  -20.462 0.3000000119
34509  46.440  -41.247  -21.156 0.3000000119
37271  39.972  -37.500  -20.933 0.3000000119
32525  31.997  -41.909  -20.975 0.6999999881
35489  43.819  -39.145  -22.136 0.3000000119
37286  42.181  -37.676  -21.626 0.3000000119
116278  32.501  -42.464  -21.907 0.6999999881
33540  33.308  -41.803  -22.548 0.6999999881
34525  45.366  -40.128  -22.475 0.3000000119
34524  45.551  -40.611  -22.299 0.3000000119
34523  45.858  -41.135  -22.217 0.3000000119
33507  48.462  -42.066  -21.473 0.3000000119
37270  40.576  -37.417  -20.977 0.4000000060
33516  31.386  -41.369  -20.691 0.6999999881
36322  42.632  -38.645  -21.341 0.3000000119
35476  43.848  -39.943  -21.738 0.3000000119
34543  33.096  -40.704  -21.253 0.6999999881
33529  33.517  -41.073  -22.143 0.6999999881
34507  48.447  -40.522  -20.362 0.3000000119
33506  49.344  -41.769  -21.591 0.3000000119
34522  48.907  -41.156  -20.972 0.3000000119
33515  32.287  -41.052  -20.827 0.6999999881
35491  33.614  -39.289  -21.370 0.6999999881
129121  44.847  -41.542  -21.928 0.3000000119
34526  44.409  -40.639  -21.883 0.3000000119
34542  33.816  -40.204  -21.845 0.6999999881
34521  49.693  -40.748  -21.308 0.3000000119
35477  42.850  -39.649  -20.992 0.3000000119
36352  34.023  -38.473  -21.681 0.6999999881
34506  49.333  -40.162  -20.766 0.3000000119
41191  45.813  -33.564  -16.726 0.3000000119
33554  35.275  -41.394  -25.758 0.5000000000
30847  32.404  -44.550  -23.790 0.6999999881
31675  33.783  -43.494  -25.249 0.6000000238
30860  32.795  -44.945  -24.609 0.6000000238
32572  34.251  -42.649  -25.557 0.6000000238
31650  30.428  -44.037  -21.873 0.6999999881
31631  30.959  -43.365  -21.295 0.6999999881
36336  39.355  -37.896  -21.184 0.3000000119
32527  30.635  -42.707  -20.819 0.6999999881
34532  30.757  -40.766  -20.813 0.6999999881
36323  41.673  -38.179  -20.765 0.4000000060
37269  41.099  -37.634  -20.803 0.4000000060
35493  31.772  -39.458  -20.698 0.6999999881
35478  41.731  -39.072  -20.259 0.3000000119
34512  42.037  -40.289  -19.992 0.3000000119
34531  31.634  -40.479  -20.657 0.6999999881
32566  33.479  -43.125  -24.283 0.6000000238
34511  43.025  -40.789  -20.693 0.3000000119
36306  40.936  -38.254  -20.173 0.3000000119
33568  37.411  -41.491  -27.360 0.5000000000
32585  37.304  -42.452  -27.347 0.5000000000
117821  40.229  -39.888  -27.812 0.4000000060
26494  31.528  -49.697  -20.335 0.4000000060
25706  30.490  -50.128  -19.127 0.5000000000
34584  38.889  -40.537  -27.554 0.4000000060
34586  37.560  -40.789  -27.100 0.5000000000
24855  28.470  -51.319  -18.319 0.4000000060
24856  27.846  -51.893  -18.234 0.4000000060
26484  31.150  -49.829  -19.679 0.5000000000
33560  35.357  -41.910  -26.328 0.4000000060
115480  26.867  -51.592  -18.631 0.4000000060
24008  26.386  -52.222  -18.537 0.4000000060
120272  28.340  -50.628  -18.432 0.4000000060
26485  30.749  -49.341  -19.503 0.5000000000
25695  29.596  -50.034  -18.686 0.4000000060
125068  31.076  -49.160  -21.414 0.5000000000
121052  29.302  -49.010  -23.969 0.4000000060
30034  32.518  -45.819  -24.652 0.4000000060
29176  30.814  -47.340  -24.338 0.4000000060
31681  33.529  -44.523  -25.146 0.4000000060
24010  24.803  -52.466  -18.697 0.4000000060
24871  21.139  -51.433  -19.785 0.4000000060
25697  27.904  -50.063  -18.514 0.4000000060
25718  22.738  -50.621  -20.419 0.4000000060
26486  30.132  -49.216  -19.068 0.5000000000
26475  29.281  -49.173  -18.650 0.4000000060
26489  24.290  -49.832  -19.958 0.4000000060
27329  30.637  -48.530  -19.813 0.5000000000
114911  25.828  -47.766  -19.154 0.4000000060
27331  25.251  -48.495  -19.460 0.4000000060
27347  30.279  -49.036  -21.949 0.5000000000
27348  29.267  -48.899  -22.560 0.5000000000
28214  26.602  -46.873  -19.007 0.4000000060
29146  26.066  -46.024  -19.215 0.4000000060
123986  28.984  -49.242  -23.447 0.5000000000
28238  29.087  -48.495  -24.016 0.6000000238
30035  31.559  -46.397  -24.331 0.5000000000
24032  20.591  -51.957  -19.138 0.4000000060
24870  22.015  -51.393  -19.878 0.4000000060
24857  25.945  -51.707  -19.031 0.4000000060
24886  23.145  -51.104  -20.202 0.4000000060
27321  29.783  -48.207  -19.192 0.5000000000
26476  28.391  -49.192  -18.494 0.4000000060
26488  25.076  -49.810  -19.669 0.4000000060
28210  30.281  -47.709  -20.163 0.5000000000
28206  26.572  -47.838  -18.881 0.4000000060
127309  25.383  -49.166  -19.469 0.4000000060
28220  30.203  -48.033  -21.282 0.5000000000
28239  28.666  -48.392  -23.680 0.5000000000
29985  26.466  -45.207  -19.618 0.4000000060
29169  29.692  -47.608  -24.117 0.6000000238
30025  31.056  -45.840  -23.590 0.6000000238
24869  22.821  -51.452  -19.935 0.4000000060
25698  26.988  -50.260  -18.815 0.4000000060
24868  23.918  -51.112  -19.954 0.4000000060
25708  25.571  -50.385  -19.458 0.4000000060
27324  26.998  -48.468  -18.686 0.4000000060
28221  29.733  -47.195  -20.761 0.5000000000
28205  27.389  -47.476  -18.833 0.4000000060
28230  29.117  -47.833  -21.965 0.5000000000
29145  27.034  -45.809  -19.333 0.4000000060
30848  31.495  -45.001  -23.232 0.6000000238
125214  30.231  -46.101  -23.508 0.6000000238
30026  29.405  -46.741  -23.949 0.6000000238
123509  24.261  -52.041  -19.189 0.4000000060
24867  25.352  -51.153  -19.465 0.4000000060
26478  26.576  -49.424  -18.938 0.4000000060
26487  25.814  -49.616  -19.323 0.4000000060
28211  29.621  -47.251  -19.751 0.5000000000
27322  29.015  -47.622  -19.025 0.5000000000
28204  28.325  -47.136  -19.096 0.5000000000
28212  29.028  -46.908  -19.503 0.5000000000
110737  28.540  -46.384  -19.729 0.5000000000
28231  28.297  -47.496  -22.629 0.5000000000
29160  28.929  -46.843  -21.360 0.5000000000
29152  28.558  -46.112  -20.762 0.5000000000
28213  27.668  -46.502  -19.214 0.4000000060
28240  28.242  -47.705  -23.420 0.6000000238
29144  27.955  -45.555  -20.005 0.5000000000
29993  27.380  -44.965  -20.852 0.4000000060
31664  31.955  -44.177  -22.878 0.6000000238
30849  30.526  -45.386  -23.005 0.6000000238
29171  27.856  -46.831  -23.606 0.6000000238
29165  27.635  -46.987  -23.132 0.5000000000
30014  29.433  -45.759  -23.584 0.6000000238
29161  28.021  -46.590  -22.090 0.5000000000
30834  29.921  -44.884  -22.576 0.6000000238
31649  31.435  -43.799  -22.063 0.6000000238
33531  29.105  -41.953  -22.453 0.5000000000
31633  29.430  -42.783  -22.074 0.6000000238
31665  27.751  -43.825  -24.038 0.5000000000
32528  29.946  -42.554  -21.073 0.6000000238
30836  28.595  -44.193  -23.604 0.6000000238
30852  26.641  -45.422  -24.092 0.5000000000
30029  26.038  -45.498  -23.712 0.5000000000
118044  28.351  -46.540  -23.980 0.6000000238
29166  27.112  -46.334  -23.523 0.5000000000
29992  27.800  -45.678  -21.432 0.5000000000
30005  26.917  -45.428  -22.182 0.5000000000
30006  26.064  -45.232  -22.921 0.5000000000
34533  29.901  -40.923  -21.410 0.5000000000
119546  29.485  -40.090  -22.067 0.5000000000
120754  31.006  -40.000  -20.747 0.6000000238
33517  30.436  -41.810  -20.781 0.6000000238
30851  27.739  -45.036  -24.227 0.6000000238
30015  26.517  -45.914  -23.298 0.5000000000
31632  30.067  -43.328  -21.347 0.6000000238
31651  29.462  -43.957  -22.473 0.6000000238
131250  35.870  -42.833  -27.160 0.4000000060
32571  34.720  -42.592  -26.189 0.4000000060
34578  36.611  -40.919  -26.430 0.5000000000
113673  36.149  -41.529  -26.713 0.4000000060
30835  28.939  -44.939  -23.516 0.6000000238
33566  39.301  -41.763  -27.639 0.5000000000
31695  36.819  -43.108  -27.186 0.5000000000
111234  38.290  -41.911  -27.532 0.5000000000
32575  36.391  -42.639  -27.226 0.5000000000
26495  31.152  -49.119  -20.098 0.5000000000
118829  27.606  -50.962  -18.541 0.4000000060
131331  26.931  -50.937  -18.817 0.4000000060
26496  23.650  -49.693  -20.211 0.4000000060
28215  25.031  -47.716  -19.460 0.4000000060
24866  26.292  -50.903  -19.138 0.4000000060
26477  27.466  -49.275  -18.572 0.4000000060
24029  23.436  -51.842  -19.407 0.4000000060
30027  27.364  -46.068  -24.008 0.6000000238
24888  21.608  -51.060  -20.163 0.3000000119
27332  24.509  -48.390  -19.729 0.3000000119
25719  22.002  -50.655  -20.441 0.3000000119
120072  24.802  -47.034  -19.423 0.3000000119
27340  23.228  -49.024  -20.283 0.3000000119
27333  23.764  -48.254  -20.010 0.3000000119
27341  22.468  -48.684  -20.438 0.3000000119
24009  25.654  -52.362  -18.659 0.4000000060
24027  24.989  -51.858  -19.295 0.4000000060
24028  24.097  -51.586  -19.587 0.4000000060
24031  21.606  -51.821  -19.316 0.4000000060
24033  19.580  -51.844  -19.153 0.4000000060
24865  29.861  -50.908  -18.738 0.5000000000
24887  22.379  -51.080  -20.230 0.4000000060
25696  28.743  -49.986  -18.489 0.4000000060
25707  26.252  -50.135  -19.177 0.4000000060
25709  24.630  -50.599  -19.809 0.4000000060
25717  23.633  -50.461  -20.214 0.4000000060
26497  23.041  -49.917  -20.440 0.3000000119
26498  22.340  -50.055  -20.562 0.3000000119
27323  28.080  -48.190  -18.608 0.4000000060
27330  26.050  -48.693  -19.125 0.4000000060
27338  30.934  -48.590  -20.833 0.5000000000
27339  24.018  -49.078  -19.966 0.4000000060
27351  29.626  -49.511  -23.053 0.5000000000
27352  28.870  -49.051  -23.792 0.6000000238
28216  24.285  -47.579  -19.702 0.3000000119
28234  28.565  -48.574  -23.185 0.5000000000
28246  30.081  -48.303  -24.160 0.4000000060
29143  29.219  -46.624  -20.227 0.5000000000
29162  27.201  -46.273  -22.750 0.5000000000
29170  28.679  -47.552  -23.815 0.6000000238
29172  40.311  -46.510  -24.781 0.5000000000
29984  27.209  -45.130  -19.933 0.4000000060
30028  26.588  -45.981  -23.842 0.5000000000
30036  30.465  -46.684  -23.969 0.6000000238
30038  42.048  -45.159  -25.620 0.5000000000
30041  32.373  -46.497  -24.732 0.4000000060
30833  30.947  -44.607  -22.446 0.6000000238
30845  39.367  -44.278  -23.901 0.5000000000
30850  28.293  -45.740  -24.070 0.6000000238
30861  31.953  -45.406  -24.063 0.6999999881
30869  36.095  -44.107  -26.683 0.5000000000
31652  28.763  -43.284  -23.176 0.6000000238
31676  33.203  -44.083  -24.440 0.6000000238
31679  34.300  -43.336  -25.998 0.4000000060
31682  44.868  -43.986  -27.811 0.5000000000
31684  36.830  -43.796  -26.975 0.5000000000
31686  35.378  -43.107  -26.975 0.4000000060
32526  31.523  -42.691  -21.068 0.6999999881
32546  28.812  -42.452  -22.918 0.5000000000
32568  42.259  -42.739  -25.833 0.6000000238
32576  35.790  -42.321  -26.979 0.4000000060
32578  47.344  -42.164  -29.110 0.4000000060
32580  45.893  -42.485  -28.291 0.5000000000
32586  36.597  -41.878  -27.215 0.5000000000
32587  47.295  -41.316  -29.685 0.4000000060
32588  47.328  -41.801  -29.436 0.4000000060
32593  47.259  -41.389  -29.672 0.4000000060
32594  47.342  -42.234  -29.300 0.4000000060
33518  29.625  -41.847  -21.626 0.6000000238
33530  32.831  -41.525  -21.553 0.6999999881
33537  39.357  -41.710  -23.785 0.5000000000
33539  33.750  -41.733  -23.497 0.6999999881
33548  40.047  -41.447  -24.419 0.5000000000
33555  34.785  -41.941  -25.666 0.6000000238
33559  36.883  -41.180  -26.956 0.5000000000
33567  38.144  -41.016  -27.442 0.4000000060
33569  47.238  -41.460  -29.613 0.4000000060
33571  44.350  -41.324  -29.350 0.5000000000
33573  46.642  -40.999  -29.538 0.5000000000
34529  33.242  -39.963  -21.069 0.6999999881
34530  32.524  -40.184  -20.734 0.6999999881
34544  29.106  -41.034  -22.470 0.5000000000
34557  34.083  -40.721  -22.713 0.8000000119
34565  40.296  -40.707  -24.708 0.5000000000
34568  34.726  -40.750  -24.111 0.8000000119
34573  40.821  -40.270  -25.136 0.6000000238
34574  36.445  -40.558  -25.818 0.6999999881
34577  44.118  -40.266  -27.021 0.6000000238
34580  47.125  -40.765  -29.611 0.4000000060
34581  47.123  -40.941  -28.776 0.5000000000
34583  39.764  -40.535  -27.748 0.4000000060
34587  47.154  -40.869  -29.806 0.4000000060
34592  46.995  -41.095  -29.623 0.4000000060
35506  34.841  -39.332  -22.703 0.8000000119
35507  34.279  -39.336  -22.064 0.6999999881
35515  38.988  -39.309  -23.325 0.4000000060
35518  35.315  -39.359  -23.287 0.8000000119
35525  39.761  -39.234  -24.448 0.6000000238
35537  43.551  -39.072  -26.594 0.6000000238
35541  48.141  -39.174  -28.831 0.6999999881
35542  47.714  -39.652  -28.918 0.6999999881
35545  39.897  -39.265  -27.587 0.5000000000
35546  39.214  -39.293  -27.291 0.6000000238
36282  44.260  -38.309  -18.022 0.4000000060
36290  46.550  -38.802  -18.336 0.4000000060
36338  33.280  -38.432  -21.045 0.8000000119
36340  31.252  -38.492  -21.035 0.6999999881
36350  39.321  -37.912  -22.029 0.5000000000
36372  36.269  -38.533  -24.109 0.8000000119
36382  38.117  -38.778  -26.242 0.8000000119
36384  41.156  -38.428  -27.956 0.6999999881
36386  39.723  -38.600  -27.343 0.6000000238
36388  47.105  -39.472  -29.288 0.6999999881
36389  45.576  -39.359  -29.212 0.6999999881
37234  42.954  -37.558  -18.004 0.5000000000
37244  43.359  -38.106  -18.879 0.5000000000
37318  35.421  -38.015  -23.238 0.8000000119
37319  34.912  -37.832  -22.820 0.8000000119
37329  40.233  -37.837  -24.257 0.6000000238
37344  47.936  -38.146  -29.056 0.8000000119
37345  47.686  -38.383  -28.433 0.6999999881
38357  52.006  -36.840  -21.345 0.3000000119
38361  41.358  -36.899  -22.165 0.4000000060
38364  31.653  -36.494  -21.241 0.8999999762
38365  30.855  -36.367  -21.507 0.6000000238
38372  45.234  -36.441  -22.989 0.6000000238
38390  41.028  -36.812  -23.630 0.4000000060
39321  42.276  -35.929  -17.221 0.5000000000
39327  50.488  -35.646  -18.503 0.3000000119
39337  50.894  -35.922  -19.074 0.3000000119
39363  32.311  -35.799  -21.358 0.8999999762
39397  33.912  -35.145  -23.524 0.8999999762
39398  46.632  -34.311  -27.305 0.8000000119
39404  46.839  -34.576  -27.382 0.6999999881
39410  47.357  -34.884  -28.114 0.8000000119
39412  38.898  -34.189  -28.437 0.8999999762
39415  46.920  -35.196  -29.067 0.8000000119
39416  45.341  -35.181  -29.029 0.8000000119
39419  41.207  -34.418  -28.737 0.8000000119
40301  50.805  -34.987  -18.108 0.3000000119
40339  30.911  -34.925  -21.790 0.6999999881
40347  33.069  -33.899  -22.351 0.8999999762
40351  28.934  -34.577  -22.486 0.6000000238
40358  42.936  -33.187  -23.704 0.8000000119
40361  39.370  -34.430  -23.517 0.8000000119
40389  46.226  -34.159  -27.339 0.8000000119
40390  45.711  -33.970  -26.472 0.6999999881
40395  38.782  -33.000  -27.285 0.8000000119
40396  37.137  -33.762  -27.411 1.0000000000
40398  47.112  -34.673  -28.428 0.8000000119
40402  41.613  -34.155  -28.516 0.8000000119
40403  40.459  -33.728  -28.494 0.8000000119
40408  46.082  -34.650  -28.565 0.8000000119
40413  40.180  -33.682  -28.459 0.8000000119
41246  40.340  -33.440  -21.170 0.6999999881
41258  38.377  -33.734  -22.543 0.8000000119
41260  32.596  -33.231  -22.654 0.8999999762
41279  33.144  -33.113  -25.076 0.8999999762
41281  37.599  -32.434  -26.509 1.0000000000
42085  32.045  -32.523  -22.878 1.0000000000
42094  31.444  -31.830  -23.100 0.8999999762
42947  38.135  -31.554  -21.524 0.8000000119
42957  30.834  -31.145  -23.390 0.8999999762
42958  29.814  -31.267  -23.070 0.8000000119
42965  35.729  -31.359  -24.544 1.0000000000
42971  32.696  -31.538  -24.865 1.0000000000
42972  32.351  -30.687  -24.975 1.0000000000
43792  40.209  -30.850  -18.956 0.6999999881
43854  31.859  -30.131  -25.254 0.8999999762
45774  42.074  -28.964  -17.745 0.6999999881
45828  39.736  -28.901  -20.908 0.8000000119
45854  39.158  -28.252  -21.904 0.6999999881
45883  33.756  -28.703  -25.220 1.0000000000
45884  32.957  -28.774  -25.801 1.0000000000
45901  30.489  -28.012  -26.009 0.6999999881
46915  33.589  -27.098  -27.321 1.0000000000
46916  32.998  -27.494  -27.234 0.8999999762
46919  30.567  -27.409  -26.395 0.6999999881
46936  45.709  -27.576  -29.108 0.4000000060
47797  43.915  -26.588  -19.630 0.6999999881
47865  45.046  -26.477  -25.368 0.4000000060
47898  29.767  -26.837  -26.380 0.6000000238
47923  44.201  -26.571  -29.179 0.4000000060
48768  45.110  -25.511  -21.875 0.5000000000
48850  33.276  -26.605  -28.672 0.8000000119
48852  30.750  -25.620  -27.253 0.5000000000
48861  43.227  -25.130  -29.392 0.4000000060
49686  39.562  -24.256  -24.201 0.8999999762
49749  42.667  -24.457  -29.380 0.4000000060
49756  42.888  -24.119  -29.663 0.4000000060
49757  42.246  -23.966  -29.504 0.4000000060
50566  38.352  -23.708  -24.902 1.0000000000
50587  38.023  -23.611  -25.790 1.0000000000
50612  38.661  -23.563  -27.838 0.6999999881
50614  37.255  -24.177  -27.960 1.0000000000
50624  39.633  -23.288  -28.535 0.6999999881
50627  37.008  -24.050  -28.290 1.0000000000
51557  36.542  -23.263  -28.386 1.0000000000
53413  44.114  -20.089  -27.433 0.4000000060
53424  42.320  -21.046  -28.827 0.3000000119
54362  44.359  -19.156  -26.778 0.3000000119
54363  43.467  -19.770  -26.769 0.4000000060
54380  37.777  -19.389  -28.493 0.8000000119
54387  41.416  -19.938  -29.517 0.5000000000
54389  39.132  -19.247  -29.627 0.6000000238
55312  39.830  -19.049  -25.791 0.3000000119
55321  44.661  -18.607  -26.941 0.3000000119
55347  42.213  -18.975  -28.787 0.5000000000
55351  38.683  -18.668  -30.070 0.4000000060
56214  38.605  -17.401  -26.313 0.3000000119
56228  43.049  -16.905  -26.564 0.3000000119
56243  43.495  -17.058  -27.749 0.4000000060
56262  39.461  -17.335  -30.136 0.4000000060
57075  38.565  -17.295  -25.665 0.3000000119
57089  43.505  -16.052  -27.031 0.3000000119
57092  40.398  -16.805  -27.064 0.3000000119
57105  42.970  -15.518  -27.131 0.4000000060
57112  43.046  -16.369  -28.027 0.4000000060
57116  41.390  -15.786  -28.999 0.4000000060
57117  40.557  -15.705  -29.296 0.4000000060
57124  39.025  -16.590  -30.217 0.4000000060
57125  38.464  -16.153  -30.206 0.3000000119
57961  42.316  -15.450  -27.149 0.4000000060
57979  42.872  -15.686  -27.687 0.4000000060
57982  40.541  -14.943  -27.934 0.4000000060
57998  39.359  -15.398  -29.489 0.3000000119
58903  40.973  -14.783  -28.637 0.3000000119
58908  40.402  -14.747  -28.819 0.3000000119
58909  39.754  -14.807  -29.039 0.3000000119
110330  31.664  -23.012  -28.344 0.5000000000
111699  40.346  -45.122  -24.618 0.5000000000
111703  33.554  -35.962  -21.802 0.8999999762
111927  34.473  -33.270  -25.499 1.0000000000
112021  39.978  -42.993  -24.189 0.5000000000
112478  50.418  -37.828  -20.465 0.3000000119
112711  39.387  -41.081  -27.673 0.5000000000
113670  41.767  -43.858  -25.536 0.6999999881
114252  23.461  -51.425  -19.869 0.4000000060
114941  24.593  -51.279  -19.665 0.4000000060
115358  22.022  -49.350  -20.596 0.3000000119
116673  30.705  -37.735  -21.395 0.6999999881
117449  38.016  -21.011  -28.269 0.8000000119
117579  22.614  -49.423  -20.491 0.3000000119
118428  44.442  -38.024  -29.056 0.6000000238
118476  31.156  -42.146  -20.659 0.6999999881
118645  24.742  -49.151  -19.709 0.4000000060
119214  44.207  -17.895  -27.380 0.3000000119
119354  41.514  -20.881  -29.213 0.4000000060
119453  33.003  -36.046  -21.354 0.8999999762
119488  25.565  -46.940  -19.220 0.4000000060
119561  38.849  -16.106  -24.549 0.3000000119
119817  23.025  -48.048  -20.263 0.3000000119
119826  44.019  -39.795  -28.923 0.6000000238
119975  42.310  -34.063  -16.434 0.5000000000
120297  35.661  -20.390  -28.439 0.6999999881
120635  28.926  -48.452  -18.671 0.5000000000
120701  47.661  -42.153  -21.562 0.3000000119
122618  34.972  -39.911  -23.060 0.8000000119
124291  36.797  -33.217  -27.153 1.0000000000
125228  28.909  -31.534  -22.949 0.6000000238
125516  35.622  -24.400  -28.787 0.8999999762
125790  37.175  -40.682  -26.695 0.6000000238
126014  33.572  -23.773  -28.497 0.6000000238
126276  46.555  -34.274  -28.027 0.8000000119
126407  38.773  -41.240  -27.582 0.5000000000
126427  26.900  -44.650  -24.279 0.5000000000
126846  34.888  -25.895  -26.973 1.0000000000
127639  39.355  -39.084  -23.901 0.5000000000
128030  31.339  -49.182  -20.754 0.4000000060
128323  33.883  -42.665  -24.926 0.6000000238
128710  30.601  -48.130  -20.491 0.5000000000
128973  33.314  -21.025  -28.764 0.5000000000
129443  42.957  -43.992  -26.327 0.6000000238
129566  41.639  -34.187  -16.902 0.5000000000
129861  33.552  -26.925  -28.665 0.8999999762
131217  44.639  -18.235  -27.037 0.3000000119
