#!ascii label  , from subject sub-v1s13x0050005_ses-1 vox2ras=TkReg
1027
17867  38.114  -59.694  -23.401 0.3000000119
21415  32.155  -55.647  -26.300 0.6000000238
23221  33.778  -53.453  -23.552 0.6999999881
23215  33.040  -53.618  -22.294 0.6999999881
108604  37.531  -59.611  -24.039 0.4000000060
17117  32.526  -60.108  -27.217 0.4000000060
111312  38.297  -60.715  -25.242 0.5000000000
17096  38.900  -60.654  -24.652 0.5000000000
124084  32.517  -56.040  -26.809 0.6999999881
22361  32.630  -55.052  -25.548 0.6999999881
22367  33.003  -55.123  -26.079 0.5000000000
23230  34.058  -53.951  -25.272 0.6000000238
22355  33.800  -53.921  -24.427 0.6000000238
23226  34.206  -53.135  -24.059 0.6999999881
23214  33.591  -52.999  -22.836 0.6999999881
110810  36.231  -59.726  -24.862 0.5000000000
17124  32.914  -60.255  -27.993 0.4000000060
17097  37.281  -60.144  -24.807 0.6000000238
17904  31.652  -59.206  -28.123 0.4000000060
19553  31.850  -58.057  -28.178 0.5000000000
110935  37.068  -60.920  -26.480 0.6000000238
19554  30.884  -58.031  -28.146 0.6000000238
20491  32.491  -56.587  -27.378 0.6000000238
17105  37.636  -60.804  -25.857 0.6000000238
21431  33.194  -55.992  -27.053 0.6000000238
22360  33.537  -54.595  -25.745 0.6000000238
23229  34.635  -53.339  -25.509 0.6000000238
24913  35.346  -51.860  -25.632 0.6999999881
23225  34.398  -53.219  -24.786 0.6999999881
24909  34.766  -51.542  -24.959 0.6999999881
24062  34.402  -52.311  -24.340 0.6999999881
24899  33.596  -52.088  -22.879 0.6999999881
116514  35.205  -50.828  -25.402 0.6999999881
25738  34.588  -50.519  -24.762 0.6999999881
24910  34.251  -51.266  -24.203 0.6999999881
128526  35.339  -49.264  -25.459 0.6999999881
17882  35.592  -60.084  -25.532 0.5000000000
17107  34.047  -60.222  -26.413 0.5000000000
17883  33.724  -59.645  -25.761 0.5000000000
17903  32.074  -59.524  -28.138 0.4000000060
110936  35.871  -60.582  -26.237 0.5000000000
19560  32.834  -58.214  -28.374 0.5000000000
19552  32.603  -57.282  -27.967 0.6000000238
16355  37.414  -61.619  -27.454 0.6000000238
16356  36.633  -61.604  -27.831 0.5000000000
16366  36.070  -61.632  -29.275 0.5000000000
21430  33.689  -55.396  -26.786 0.6999999881
22365  34.490  -54.250  -26.343 0.6000000238
21422  33.036  -55.505  -26.509 0.6999999881
24071  35.551  -52.614  -26.077 0.6000000238
23236  34.961  -53.478  -26.103 0.6000000238
24918  36.006  -51.755  -26.260 0.6000000238
24066  35.100  -52.763  -25.695 0.6000000238
124695  36.174  -50.799  -26.291 0.6000000238
25744  35.711  -50.134  -25.760 0.6999999881
24904  33.597  -51.139  -23.434 0.6999999881
26531  36.899  -48.909  -26.463 0.6000000238
25739  33.797  -50.235  -24.056 0.6999999881
26525  35.903  -49.238  -25.785 0.6999999881
17902  33.491  -60.020  -29.051 0.4000000060
17106  34.973  -60.411  -26.273 0.5000000000
130319  34.108  -60.723  -27.772 0.4000000060
18686  33.090  -59.208  -28.750 0.5000000000
20497  33.639  -57.360  -28.249 0.6000000238
109730  34.694  -61.160  -28.053 0.4000000060
20490  33.347  -56.568  -27.650 0.6000000238
17122  35.739  -61.463  -27.877 0.4000000060
17135  34.649  -61.029  -29.419 0.4000000060
17128  35.254  -61.409  -29.430 0.4000000060
17134  35.274  -60.897  -29.757 0.4000000060
21429  34.850  -55.351  -27.315 0.6999999881
23244  35.120  -54.082  -26.649 0.6000000238
23235  35.663  -53.276  -26.506 0.6000000238
24917  36.526  -51.344  -26.749 0.6000000238
24070  36.027  -52.549  -26.461 0.6000000238
25757  36.662  -50.573  -26.724 0.6000000238
25734  33.088  -50.345  -23.496 0.6999999881
26526  34.579  -48.708  -25.068 0.6999999881
111266  36.014  -48.592  -25.755 0.6000000238
27366  35.302  -48.396  -25.443 0.6000000238
17136  34.034  -60.628  -29.056 0.4000000060
18685  34.002  -59.364  -29.123 0.4000000060
20489  34.952  -56.105  -27.814 0.6999999881
17908  34.480  -60.356  -29.455 0.4000000060
21428  35.570  -55.339  -27.550 0.8000000119
125843  36.052  -61.235  -29.722 0.5000000000
22373  35.290  -54.694  -27.133 0.6999999881
24076  36.355  -53.002  -26.844 0.6000000238
24924  36.919  -51.085  -27.131 0.5000000000
111845  36.928  -51.766  -27.251 0.6000000238
25735  32.111  -50.054  -23.363 0.6999999881
28263  38.449  -47.545  -27.118 0.6000000238
26539  37.494  -49.050  -26.849 0.6000000238
26517  33.612  -48.633  -24.630 0.8000000119
25740  32.858  -49.667  -23.803 0.8000000119
28264  37.624  -47.539  -26.716 0.6000000238
27372  36.492  -48.263  -26.056 0.6000000238
118130  34.587  -58.424  -29.129 0.5000000000
123756  34.292  -57.727  -28.740 0.6000000238
18684  35.678  -58.348  -29.336 0.5000000000
20500  38.049  -57.669  -29.404 0.6999999881
18683  36.720  -58.721  -29.653 0.4000000060
131298  35.948  -54.695  -27.419 0.6999999881
23242  36.789  -53.502  -27.389 0.6999999881
24923  37.482  -51.276  -27.616 0.6000000238
24074  37.437  -52.223  -27.822 0.6000000238
25755  38.404  -50.126  -27.637 0.6000000238
26512  31.844  -49.418  -23.770 0.6000000238
27379  38.004  -48.313  -26.980 0.6000000238
115890  34.436  -47.720  -25.146 0.6999999881
27367  33.748  -47.820  -24.882 0.6999999881
29197  38.083  -46.819  -26.951 0.6999999881
29187  37.257  -46.735  -26.500 0.6999999881
28258  35.406  -47.253  -25.524 0.6999999881
130626  36.597  -56.832  -28.738 0.5000000000
20496  35.518  -56.817  -28.417 0.6000000238
127644  34.592  -57.009  -28.314 0.6000000238
21433  39.164  -56.118  -29.686 0.6999999881
20495  37.789  -56.796  -29.202 0.6000000238
21435  36.390  -55.209  -27.827 0.6999999881
21440  39.540  -56.982  -29.887 0.6999999881
19561  38.980  -57.578  -29.590 0.6999999881
22371  37.304  -54.009  -28.004 0.6999999881
23241  37.410  -53.138  -27.851 0.6999999881
114378  38.334  -50.992  -27.909 0.5000000000
24081  38.180  -51.897  -28.206 0.6000000238
26520  30.112  -49.342  -23.663 0.5000000000
115836  39.181  -48.907  -27.628 0.6000000238
26537  39.114  -49.643  -27.779 0.6000000238
27361  31.840  -48.247  -24.365 0.6000000238
120397  30.933  -48.242  -24.261 0.5000000000
28262  39.309  -47.499  -27.480 0.6000000238
27378  38.852  -48.284  -27.370 0.6000000238
118577  34.861  -45.982  -25.566 0.6000000238
28250  33.405  -46.860  -24.969 0.5000000000
115783  33.552  -45.931  -25.096 0.5000000000
29196  38.856  -46.804  -27.285 0.6999999881
116135  38.474  -46.250  -27.145 0.6999999881
30053  37.804  -46.048  -26.844 0.6999999881
30044  36.800  -45.738  -26.394 0.6999999881
114055  35.983  -44.944  -26.239 0.5000000000
30052  38.444  -45.556  -27.177 0.6999999881
30878  37.601  -44.230  -27.014 0.6000000238
22381  37.148  -54.925  -28.272 0.6000000238
21434  37.982  -55.668  -29.110 0.6999999881
115900  36.981  -55.903  -28.447 0.6000000238
22377  40.982  -54.834  -30.090 0.6999999881
23250  37.907  -53.656  -28.564 0.6999999881
24922  39.150  -51.592  -28.337 0.6999999881
24082  38.077  -52.822  -28.392 0.6999999881
25754  39.311  -50.584  -28.069 0.6000000238
27362  29.952  -48.954  -23.931 0.4000000060
125834  39.777  -49.911  -28.039 0.5000000000
30040  33.005  -46.068  -24.900 0.4000000060
111889  40.052  -46.060  -27.727 0.6000000238
30046  35.135  -45.104  -25.957 0.5000000000
29190  34.242  -45.931  -25.353 0.5000000000
30868  36.846  -44.668  -26.681 0.5000000000
112552  35.524  -43.720  -26.827 0.4000000060
110526  39.081  -45.230  -27.420 0.6000000238
31693  39.033  -43.669  -27.455 0.6999999881
112655  38.183  -43.759  -27.212 0.6000000238
32584  38.244  -42.953  -27.328 0.5000000000
113847  39.597  -54.662  -29.542 0.6000000238
23248  40.000  -53.718  -29.435 0.6999999881
121355  38.489  -54.231  -29.092 0.6999999881
23246  42.801  -54.174  -30.118 0.6999999881
23247  41.379  -53.936  -29.938 0.6999999881
131355  39.159  -52.633  -28.728 0.6000000238
24928  39.898  -52.125  -28.747 0.6000000238
27376  40.693  -48.903  -28.152 0.6000000238
26536  40.484  -49.701  -28.208 0.5000000000
119470  39.813  -49.206  -27.927 0.6000000238
29194  40.675  -46.541  -27.900 0.6000000238
28261  40.278  -47.368  -27.812 0.6000000238
30871  34.712  -44.478  -26.145 0.4000000060
30872  34.232  -44.634  -25.743 0.5000000000
31680  33.997  -44.150  -25.731 0.4000000060
30051  39.877  -45.368  -27.682 0.6000000238
32577  35.148  -42.611  -26.686 0.4000000060
31692  39.920  -43.968  -27.657 0.6000000238
32583  39.116  -42.638  -27.535 0.5000000000
24079  41.743  -53.060  -29.655 0.6999999881
24080  40.424  -52.912  -29.235 0.6000000238
24078  43.161  -53.248  -29.771 0.6999999881
24927  41.923  -52.094  -29.203 0.6000000238
114989  40.791  -52.275  -29.019 0.6000000238
24077  44.133  -53.130  -29.339 0.6999999881
24920  41.444  -51.015  -28.696 0.5000000000
28268  42.213  -47.771  -28.423 0.6000000238
121184  41.965  -48.740  -28.446 0.6000000238
116920  41.409  -47.149  -28.142 0.6000000238
29193  41.914  -46.318  -28.303 0.5000000000
30050  41.031  -45.650  -28.075 0.6000000238
31691  40.682  -43.716  -27.904 0.6000000238
110370  40.010  -42.354  -27.708 0.5000000000
25759  44.173  -51.207  -29.247 0.6999999881
115316  42.929  -51.556  -29.154 0.6999999881
26544  42.588  -49.609  -28.705 0.6000000238
27383  43.018  -48.307  -28.654 0.5000000000
112265  43.520  -46.074  -28.785 0.6000000238
28267  43.629  -47.593  -28.720 0.6000000238
30881  43.159  -44.437  -28.879 0.6000000238
115930  41.664  -44.157  -28.367 0.6000000238
121517  40.817  -42.201  -27.960 0.5000000000
17125  38.584  -60.753  -29.008 0.5000000000
17132  38.190  -59.999  -29.540 0.5000000000
17901  38.829  -60.036  -28.740 0.5000000000
17905  38.636  -59.771  -29.247 0.5000000000
18681  38.905  -58.372  -29.356 0.6999999881
20486  40.894  -57.081  -29.137 0.6999999881
19556  39.449  -57.912  -29.303 0.5000000000
19550  39.558  -57.815  -28.855 0.5000000000
21438  41.372  -56.395  -29.955 0.6999999881
20498  40.830  -57.028  -29.739 0.6999999881
22383  41.858  -55.750  -30.149 0.6999999881
17866  38.968  -60.076  -23.198 0.3000000119
24058  34.004  -52.642  -23.516 0.6999999881
125072  33.436  -54.483  -25.140 0.6000000238
116352  34.037  -51.895  -23.654 0.6999999881
24905  32.802  -50.701  -23.069 0.6999999881
17906  36.813  -59.619  -29.832 0.6000000238
117648  37.688  -49.862  -27.191 0.6000000238
28257  36.085  -47.375  -25.739 0.6999999881
27360  32.806  -47.984  -24.646 0.6000000238
30045  35.756  -45.840  -25.876 0.6999999881
29180  34.325  -46.429  -25.315 0.6000000238
28251  32.710  -46.937  -24.839 0.5000000000
28245  31.313  -47.580  -24.452 0.5000000000
31694  37.498  -43.377  -27.163 0.5000000000
25753  40.354  -50.460  -28.321 0.5000000000
118568  43.404  -52.466  -29.474 0.6999999881
26535  41.470  -49.594  -28.453 0.5000000000
30049  42.099  -44.963  -28.500 0.6000000238
31690  41.542  -43.400  -28.307 0.6000000238
25752  42.467  -50.481  -28.821 0.6000000238
128888  42.475  -45.637  -28.525 0.6000000238
120985  43.954  -50.145  -29.109 0.5000000000
22370  41.964  -55.659  -28.314 0.6000000238
24065  39.652  -52.397  -25.141 0.6000000238
24912  39.378  -51.181  -24.848 0.4000000060
23233  41.557  -53.962  -26.718 0.5000000000
120815  29.969  -57.154  -26.915 0.5000000000
24906  38.886  -51.866  -24.584 0.4000000060
20484  31.764  -56.468  -26.978 0.5000000000
21417  30.483  -55.651  -25.749 0.5000000000
23234  40.394  -54.184  -26.172 0.5000000000
26516  38.735  -49.720  -24.525 0.4000000060
21423  30.923  -56.155  -26.472 0.5000000000
21408  30.975  -55.429  -25.092 0.5000000000
24064  40.766  -52.299  -25.693 0.6000000238
21416  31.475  -55.483  -25.730 0.5000000000
21425  42.387  -56.084  -29.311 0.6000000238
27353  37.902  -48.266  -23.923 0.4000000060
27354  37.052  -48.346  -23.408 0.4000000060
24911  40.344  -51.481  -25.393 0.4000000060
21383  29.849  -55.699  -22.583 0.5000000000
23227  40.643  -53.191  -25.860 0.5000000000
21395  30.619  -55.433  -24.327 0.5000000000
123868  30.712  -55.741  -22.454 0.5000000000
22362  42.413  -54.801  -27.842 0.6000000238
23240  43.504  -54.634  -28.613 0.6000000238
21437  42.276  -56.063  -29.861 0.6000000238
22356  32.931  -54.664  -24.607 0.5000000000
21364  31.280  -55.679  -21.942 0.5000000000
21365  30.608  -55.792  -21.745 0.4000000060
23232  42.763  -53.852  -27.522 0.5000000000
24068  41.894  -52.844  -26.443 0.5000000000
24067  43.377  -53.063  -27.453 0.6000000238
24073  44.294  -53.234  -28.468 0.6000000238
22368  43.606  -54.962  -29.399 0.6000000238
24072  44.475  -53.209  -28.994 0.6000000238
22375  43.196  -55.084  -29.952 0.6000000238
25736  39.395  -50.220  -24.906 0.4000000060
119707  38.314  -48.953  -24.260 0.4000000060
22341  32.564  -54.522  -22.080 0.5000000000
125627  31.369  -55.511  -21.202 0.5000000000
21346  30.519  -55.238  -19.802 0.4000000060
108519  32.784  -54.373  -22.957 0.6000000238
21353  30.614  -55.683  -20.796 0.4000000060
24063  41.414  -51.690  -25.920 0.6000000238
25749  43.335  -51.009  -26.572 0.6000000238
116168  44.153  -51.737  -27.173 0.6000000238
24914  45.189  -51.804  -28.014 0.6000000238
28236  37.590  -47.616  -23.629 0.4000000060
129003  32.225  -54.497  -20.771 0.5000000000
22314  31.209  -54.470  -19.700 0.4000000060
22299  29.497  -54.301  -18.491 0.4000000060
128359  40.579  -50.148  -25.462 0.6000000238
26524  39.990  -49.800  -25.255 0.4000000060
25741  41.982  -50.911  -26.065 0.6000000238
25742  40.916  -50.808  -25.607 0.6000000238
24916  42.887  -51.956  -26.666 0.5000000000
26529  44.079  -50.175  -26.715 0.6000000238
26530  42.458  -50.090  -26.154 0.5000000000
128820  45.151  -51.943  -28.740 0.6000000238
29168  36.928  -46.553  -22.981 0.4000000060
27359  38.685  -48.155  -24.363 0.4000000060
118553  32.620  -53.206  -20.990 0.6000000238
23189  31.624  -53.635  -19.711 0.5000000000
22300  28.765  -54.665  -18.116 0.5000000000
27365  39.992  -48.892  -25.134 0.4000000060
27358  39.526  -48.077  -24.764 0.4000000060
27364  40.967  -48.621  -25.438 0.5000000000
27363  42.055  -48.304  -25.731 0.5000000000
26521  42.881  -49.217  -26.160 0.5000000000
25748  44.649  -51.192  -27.196 0.6000000238
25747  45.451  -50.766  -27.734 0.6000000238
110398  45.031  -51.678  -29.083 0.6000000238
118727  38.374  -45.925  -23.649 0.4000000060
29167  37.757  -46.671  -23.533 0.4000000060
130530  37.874  -45.985  -23.414 0.4000000060
30011  37.381  -45.164  -22.897 0.4000000060
116777  32.983  -51.741  -22.079 0.6000000238
29174  38.700  -46.620  -24.029 0.4000000060
28235  38.283  -47.443  -23.989 0.4000000060
126802  31.863  -52.871  -19.860 0.6000000238
23169  30.422  -52.883  -18.784 0.5000000000
23171  28.906  -53.653  -18.091 0.4000000060
28242  39.945  -47.263  -24.770 0.4000000060
26522  41.687  -49.286  -25.740 0.5000000000
115250  44.086  -49.179  -26.590 0.5000000000
27369  44.740  -48.516  -26.903 0.6000000238
26534  46.158  -50.109  -28.305 0.6000000238
25751  45.839  -49.987  -28.925 0.6000000238
30846  38.015  -44.628  -23.115 0.4000000060
129022  32.690  -51.682  -21.243 0.6000000238
24043  32.348  -52.286  -20.494 0.6000000238
24026  30.992  -51.994  -19.114 0.5000000000
114873  27.206  -52.637  -18.146 0.5000000000
30033  39.146  -45.827  -24.079 0.4000000060
27357  40.376  -47.968  -25.151 0.4000000060
28241  40.824  -47.150  -25.159 0.5000000000
29177  42.313  -46.654  -25.718 0.5000000000
27368  45.785  -48.642  -27.657 0.5000000000
30830  37.308  -44.336  -22.611 0.4000000060
24884  32.343  -51.098  -20.750 0.6000000238
24863  31.449  -51.198  -19.595 0.5000000000
24865  29.861  -50.908  -18.738 0.5000000000
28248  41.752  -47.355  -25.502 0.5000000000
28247  42.840  -47.453  -26.050 0.4000000060
28254  45.345  -47.782  -27.462 0.4000000060
27375  46.180  -48.589  -28.305 0.4000000060
26541  45.864  -49.194  -29.046 0.6000000238
27382  44.269  -48.430  -28.895 0.4000000060
31646  37.478  -43.355  -22.435 0.4000000060
30022  38.750  -45.017  -23.635 0.4000000060
128051  32.119  -50.445  -22.941 0.6000000238
121365  31.363  -50.081  -23.108 0.5000000000
115176  31.909  -50.871  -20.138 0.5000000000
24864  30.675  -51.095  -19.111 0.5000000000
24854  29.043  -50.746  -18.441 0.4000000060
25704  31.552  -50.376  -19.918 0.4000000060
29178  41.575  -45.980  -25.371 0.5000000000
121323  42.710  -45.863  -25.989 0.6000000238
29184  45.779  -47.369  -28.041 0.4000000060
28260  45.704  -47.720  -28.374 0.4000000060
28266  44.889  -47.618  -28.829 0.4000000060
117539  44.951  -45.914  -27.599 0.5000000000
26508  31.147  -50.032  -22.733 0.5000000000
120690  31.483  -50.045  -22.056 0.6000000238
26509  30.782  -49.650  -22.330 0.4000000060
129958  45.285  -45.754  -28.874 0.5000000000
30867  43.826  -44.432  -26.939 0.5000000000
121499  43.807  -45.703  -26.687 0.5000000000
29192  45.446  -46.165  -28.586 0.5000000000
117198  38.817  -43.156  -23.353 0.4000000060
111494  42.474  -43.813  -28.686 0.5000000000
30055  44.988  -45.840  -29.104 0.4000000060
30866  45.351  -44.716  -28.394 0.5000000000
30043  44.533  -45.186  -27.433 0.5000000000
27356  29.412  -49.305  -23.688 0.4000000060
32591  44.222  -43.137  -29.413 0.4000000060
32590  45.731  -42.902  -29.550 0.4000000060
30056  43.970  -45.225  -29.101 0.5000000000
30880  44.788  -44.475  -29.301 0.5000000000
126984  45.565  -44.652  -28.937 0.5000000000
30879  45.649  -44.320  -29.087 0.5000000000
30874  45.856  -44.129  -28.959 0.5000000000
31689  46.399  -43.203  -28.990 0.5000000000
32579  47.147  -42.275  -28.969 0.4000000060
22349  32.286  -54.903  -23.858 0.5000000000
23206  32.704  -53.869  -21.489 0.6000000238
22357  31.953  -55.183  -24.917 0.6000000238
24056  33.177  -52.664  -22.165 0.6000000238
129462  30.810  -57.532  -27.878 0.5000000000
26513  30.996  -49.597  -23.527 0.5000000000
26542  45.071  -49.479  -29.197 0.6000000238
27381  45.285  -48.573  -29.007 0.4000000060
21382  30.364  -55.572  -23.362 0.5000000000
21394  31.414  -55.421  -23.579 0.5000000000
21381  31.396  -55.600  -22.646 0.5000000000
22321  31.338  -55.112  -20.369 0.4000000060
22315  29.966  -54.805  -19.095 0.4000000060
114724  41.344  -50.100  -25.713 0.6000000238
22320  31.940  -54.346  -20.283 0.6000000238
23191  30.194  -53.934  -18.821 0.4000000060
28243  39.105  -47.346  -24.405 0.4000000060
24896  32.815  -52.455  -21.417 0.6000000238
23196  32.196  -53.408  -20.303 0.6000000238
111075  31.279  -52.874  -19.340 0.5000000000
23172  27.935  -53.799  -17.783 0.5000000000
22301  27.939  -55.127  -17.757 0.5000000000
24007  28.296  -52.829  -18.042 0.5000000000
24885  31.989  -51.504  -20.095 0.5000000000
24005  29.569  -52.439  -18.371 0.5000000000
24853  30.148  -51.816  -18.707 0.5000000000
28255  44.245  -47.540  -26.696 0.5000000000
24006  28.753  -52.139  -18.169 0.5000000000
29179  40.945  -46.435  -25.104 0.5000000000
25727  32.037  -50.376  -21.458 0.6000000238
28265  45.427  -47.710  -28.698 0.3000000119
32589  46.768  -42.584  -29.215 0.4000000060
117483  37.107  -67.157  -22.811 0.3000000119
11578  37.848  -67.487  -24.040 0.3000000119
11562  38.089  -67.351  -23.035 0.3000000119
11590  41.588  -67.326  -25.016 0.3000000119
11577  39.224  -67.607  -24.483 0.3000000119
11575  40.853  -67.519  -24.269 0.3000000119
12339  41.192  -66.996  -25.558 0.3000000119
12338  42.078  -67.061  -25.240 0.3000000119
12273  44.501  -66.445  -23.041 0.3000000119
11573  43.024  -67.297  -24.084 0.3000000119
13071  43.644  -66.243  -24.683 0.3000000119
13073  42.433  -66.656  -25.124 0.3000000119
12297  43.990  -66.790  -23.465 0.3000000119
13913  45.884  -64.317  -23.246 0.3000000119
13050  44.918  -65.808  -23.638 0.3000000119
13931  44.504  -65.297  -24.163 0.4000000060
13932  43.840  -65.142  -24.249 0.4000000060
13915  43.272  -64.473  -23.425 0.4000000060
14732  42.652  -63.936  -22.483 0.3000000119
15560  46.576  -62.117  -22.453 0.3000000119
15561  46.251  -62.523  -22.502 0.4000000060
15562  45.624  -62.933  -22.644 0.4000000060
13914  44.358  -64.439  -23.657 0.4000000060
15559  47.055  -62.132  -22.586 0.3000000119
14706  43.853  -63.371  -22.085 0.4000000060
17083  48.206  -60.196  -22.588 0.4000000060
16326  47.449  -60.963  -22.639 0.4000000060
14707  42.951  -63.498  -21.783 0.4000000060
15545  43.861  -62.248  -20.852 0.3000000119
16327  47.002  -60.861  -22.496 0.4000000060
16328  46.516  -61.638  -22.240 0.3000000119
15557  45.833  -62.116  -21.987 0.4000000060
17850  48.234  -59.316  -22.688 0.4000000060
16311  45.018  -60.871  -20.998 0.5000000000
15558  44.875  -62.380  -21.651 0.4000000060
17104  38.650  -61.643  -26.358 0.5000000000
119263  48.933  -58.603  -22.653 0.4000000060
124387  44.105  -62.819  -21.575 0.4000000060
17865  39.767  -60.320  -23.117 0.3000000119
17094  40.726  -61.324  -24.717 0.4000000060
119281  42.575  -59.501  -21.208 0.3000000119
19548  29.670  -58.291  -27.369 0.4000000060
124585  29.385  -57.671  -26.573 0.4000000060
17133  36.950  -60.981  -29.738 0.4000000060
17126  37.845  -60.815  -29.478 0.4000000060
16361  37.386  -61.779  -28.309 0.4000000060
17085  46.986  -59.979  -22.238 0.4000000060
16321  46.483  -60.606  -21.852 0.3000000119
16322  45.865  -61.225  -21.533 0.5000000000
16360  38.499  -61.917  -28.335 0.4000000060
109105  38.549  -62.148  -27.614 0.4000000060
18628  48.218  -58.387  -22.963 0.4000000060
17095  39.770  -61.337  -25.020 0.4000000060
128438  44.447  -61.554  -20.884 0.4000000060
129978  40.090  -62.106  -25.978 0.5000000000
16312  43.513  -61.398  -20.381 0.5000000000
17093  41.641  -61.244  -24.804 0.4000000060
17864  40.638  -60.276  -23.072 0.4000000060
17839  43.342  -59.457  -21.247 0.3000000119
17087  41.132  -60.732  -23.910 0.4000000060
21424  29.917  -56.253  -26.138 0.4000000060
18689  37.727  -59.200  -29.723 0.4000000060
17851  47.248  -59.069  -22.423 0.4000000060
16359  39.449  -62.568  -28.229 0.4000000060
16354  39.477  -62.605  -27.360 0.5000000000
18612  46.309  -58.689  -22.165 0.4000000060
17836  46.216  -59.504  -21.766 0.4000000060
114122  40.156  -62.544  -26.962 0.5000000000
19510  47.582  -56.807  -24.056 0.4000000060
19500  46.706  -57.547  -23.399 0.4000000060
18630  45.744  -58.245  -22.488 0.4000000060
18614  44.818  -58.850  -21.821 0.5000000000
18631  44.650  -58.455  -22.663 0.5000000000
16353  40.952  -62.419  -27.499 0.5000000000
18632  43.903  -59.017  -21.894 0.5000000000
16335  41.209  -61.807  -25.605 0.4000000060
116328  42.907  -59.293  -22.123 0.4000000060
17862  42.607  -59.721  -23.285 0.4000000060
17863  41.579  -60.060  -23.144 0.4000000060
17092  42.632  -61.072  -25.096 0.4000000060
17121  39.217  -61.102  -28.574 0.4000000060
17899  39.175  -60.184  -28.021 0.3000000119
19501  45.698  -57.755  -23.430 0.4000000060
108653  40.226  -62.752  -28.010 0.4000000060
21335  28.618  -55.668  -18.347 0.4000000060
19535  46.500  -56.467  -25.429 0.4000000060
19511  46.554  -57.126  -24.267 0.4000000060
18640  44.974  -58.225  -23.860 0.5000000000
18641  44.063  -58.809  -23.310 0.5000000000
16358  41.119  -62.140  -28.130 0.5000000000
16352  41.915  -62.100  -27.750 0.4000000060
19523  46.327  -57.093  -25.316 0.4000000060
17861  43.576  -59.511  -23.801 0.4000000060
17102  42.133  -61.717  -25.864 0.4000000060
17871  43.119  -60.326  -24.387 0.4000000060
17101  43.137  -61.461  -26.311 0.4000000060
18678  39.049  -59.285  -28.277 0.4000000060
17898  39.911  -61.203  -28.347 0.3000000119
18639  45.850  -57.727  -24.735 0.4000000060
18648  45.356  -58.537  -25.218 0.4000000060
17112  40.827  -61.838  -28.381 0.3000000119
18647  45.715  -57.808  -25.958 0.4000000060
18659  45.533  -58.191  -26.702 0.4000000060
18649  44.503  -59.028  -24.365 0.4000000060
17869  44.840  -59.409  -25.630 0.5000000000
20477  45.975  -56.664  -25.891 0.4000000060
19536  45.678  -57.446  -26.597 0.4000000060
17877  44.391  -60.316  -26.149 0.4000000060
17100  44.019  -61.114  -26.817 0.4000000060
16351  42.852  -61.844  -28.003 0.4000000060
20487  39.985  -57.419  -28.592 0.4000000060
13938  37.878  -64.702  -24.022 0.3000000119
13020  45.699  -65.491  -21.965 0.3000000119
130505  46.868  -63.413  -22.855 0.3000000119
16325  48.250  -60.933  -22.391 0.4000000060
19498  49.046  -57.554  -23.061 0.4000000060
19499  48.031  -57.510  -23.455 0.4000000060
20459  48.717  -55.741  -24.144 0.4000000060
20470  47.336  -55.720  -24.918 0.4000000060
17892  39.674  -59.973  -27.427 0.3000000119
20472  45.793  -55.979  -25.538 0.4000000060
115639  39.051  -58.571  -27.649 0.4000000060
17891  41.038  -60.782  -27.746 0.4000000060
20478  45.335  -56.819  -26.236 0.4000000060
19545  45.167  -58.152  -27.042 0.4000000060
18671  44.501  -58.893  -27.345 0.4000000060
17108  44.151  -60.322  -27.669 0.4000000060
17897  43.285  -60.923  -28.238 0.3000000119
16357  42.280  -61.762  -28.033 0.4000000060
19537  44.990  -57.511  -26.917 0.4000000060
16345  39.512  -62.098  -26.184 0.4000000060
21427  40.438  -56.767  -28.188 0.4000000060
11593  38.747  -67.668  -25.174 0.3000000119
11561  39.081  -67.351  -23.350 0.3000000119
11591  40.601  -67.318  -25.382 0.3000000119
127653  36.767  -64.802  -25.378 0.3000000119
13937  38.446  -64.560  -23.578 0.3000000119
11589  42.469  -67.290  -24.652 0.3000000119
13036  45.612  -65.246  -23.053 0.3000000119
12335  43.962  -66.379  -24.456 0.4000000060
13933  42.927  -65.091  -24.092 0.4000000060
122499  45.105  -64.767  -23.657 0.3000000119
14728  46.596  -62.742  -22.646 0.3000000119
14730  45.265  -63.770  -23.365 0.4000000060
14705  44.768  -63.177  -22.513 0.4000000060
16320  47.748  -61.607  -22.316 0.3000000119
18611  49.276  -58.773  -22.062 0.4000000060
17837  45.069  -59.545  -21.317 0.4000000060
17808  43.687  -59.859  -20.680 0.5000000000
17807  44.386  -59.862  -20.823 0.5000000000
20460  48.024  -56.085  -24.448 0.4000000060
17870  44.094  -59.993  -24.906 0.4000000060
17109  44.046  -61.108  -27.700 0.4000000060
21414  38.571  -55.976  -25.401 0.4000000060
21413  39.081  -55.537  -26.014 0.4000000060
22354  38.252  -54.580  -24.431 0.4000000060
23228  38.986  -53.212  -24.888 0.3000000119
113093  39.634  -53.570  -25.439 0.5000000000
22364  40.012  -55.127  -26.601 0.4000000060
124777  41.186  -54.910  -27.150 0.4000000060
24894  41.086  -50.544  -21.088 0.3000000119
128123  40.137  -51.283  -21.113 0.3000000119
25724  36.234  -50.854  -21.643 0.3000000119
25733  36.571  -50.191  -22.941 0.3000000119
26511  36.811  -49.330  -23.281 0.3000000119
26510  37.999  -49.627  -24.110 0.3000000119
24042  38.257  -51.533  -20.789 0.3000000119
24882  37.469  -51.484  -20.909 0.3000000119
25725  35.926  -50.045  -21.387 0.3000000119
24880  41.144  -50.447  -20.746 0.3000000119
24881  39.904  -49.915  -20.207 0.3000000119
26506  36.201  -49.494  -22.635 0.3000000119
121845  36.266  -47.974  -22.787 0.3000000119
24883  37.437  -50.450  -20.580 0.3000000119
26504  35.595  -49.266  -21.175 0.3000000119
27349  35.872  -48.787  -22.387 0.3000000119
26483  36.998  -48.748  -19.699 0.3000000119
25715  36.228  -49.497  -20.565 0.3000000119
28229  34.818  -47.181  -21.058 0.3000000119
27337  35.485  -48.144  -20.077 0.3000000119
28209  34.700  -47.031  -20.283 0.3000000119
26492  38.052  -48.965  -19.743 0.3000000119
120802  35.574  -48.078  -22.137 0.3000000119
29164  35.521  -46.515  -22.027 0.3000000119
30012  36.698  -45.724  -22.645 0.3000000119
27336  36.308  -48.297  -19.562 0.3000000119
28228  35.197  -47.907  -21.424 0.3000000119
30819  35.485  -44.724  -21.477 0.3000000119
28208  35.155  -47.507  -19.727 0.3000000119
29991  34.521  -45.711  -20.447 0.3000000119
30004  34.718  -45.914  -21.090 0.3000000119
30806  34.526  -44.848  -20.234 0.3000000119
31647  36.776  -43.839  -22.181 0.3000000119
30832  36.124  -45.085  -22.154 0.3000000119
30818  36.175  -44.247  -21.847 0.3000000119
32543  37.200  -42.449  -21.996 0.3000000119
31645  38.248  -43.248  -22.923 0.3000000119
33513  37.325  -41.594  -21.690 0.3000000119
32542  37.926  -42.526  -22.566 0.3000000119
121589  38.307  -41.689  -22.752 0.3000000119
24059  38.644  -52.602  -24.494 0.3000000119
118859  38.823  -54.071  -24.982 0.4000000060
25732  37.344  -50.045  -23.634 0.3000000119
29163  36.203  -46.518  -22.528 0.3000000119
22359  38.607  -55.037  -25.171 0.5000000000
24041  39.410  -50.790  -20.622 0.3000000119
26507  35.746  -49.482  -21.951 0.3000000119
24903  36.541  -51.088  -22.491 0.3000000119
24902  37.032  -51.530  -23.178 0.3000000119
24901  37.577  -50.948  -23.715 0.3000000119
25714  36.582  -50.294  -20.790 0.3000000119
115054  37.464  -49.662  -20.309 0.3000000119
27346  35.278  -48.508  -20.921 0.3000000119
29983  34.447  -45.482  -19.602 0.3000000119
30796  34.431  -44.522  -19.286 0.3000000119
119671  35.226  -47.189  -21.706 0.3000000119
117908  34.853  -46.827  -19.390 0.3000000119
30820  34.794  -45.185  -21.012 0.3000000119
17890  41.958  -60.564  -27.947 0.3000000119
17878  42.232  -59.548  -27.193 0.4000000060
117317  42.072  -57.229  -24.755 0.4000000060
18650  42.100  -57.891  -25.469 0.4000000060
17880  40.265  -59.650  -26.855 0.3000000119
19526  41.311  -57.440  -24.650 0.4000000060
19513  40.759  -57.013  -23.990 0.3000000119
18664  40.580  -58.772  -25.982 0.4000000060
19527  40.343  -57.548  -24.595 0.4000000060
20464  39.216  -56.707  -23.696 0.3000000119
18665  39.724  -58.683  -25.979 0.3000000119
18652  39.988  -58.110  -25.268 0.4000000060
20465  38.542  -56.208  -23.898 0.4000000060
20479  38.734  -56.953  -25.745 0.3000000119
19529  38.717  -57.000  -25.038 0.4000000060
21406  38.335  -55.403  -24.580 0.4000000060
18666  39.114  -58.424  -26.180 0.3000000119
21421  38.867  -56.493  -26.370 0.3000000119
20482  39.317  -57.019  -27.460 0.3000000119
19547  38.913  -57.978  -26.619 0.3000000119
19528  39.286  -57.436  -24.692 0.4000000060
18663  41.583  -58.725  -26.148 0.4000000060
16319  48.574  -61.192  -21.745 0.3000000119
18672  44.057  -58.930  -27.682 0.3000000119
119074  47.988  -62.018  -19.211 0.3000000119
15525  48.320  -61.969  -19.889 0.3000000119
17064  49.097  -60.650  -20.891 0.3000000119
17079  48.910  -60.275  -21.959 0.3000000119
18662  42.676  -58.566  -26.665 0.3000000119
19546  44.528  -58.245  -27.261 0.3000000119
118647  49.089  -60.521  -18.843 0.3000000119
110115  49.345  -59.333  -20.223 0.3000000119
17039  49.321  -60.261  -19.882 0.3000000119
18610  49.385  -58.258  -21.768 0.3000000119
19497  49.293  -57.051  -22.493 0.3000000119
17772  48.376  -59.654  -18.114 0.3000000119
18580  49.035  -58.956  -19.639 0.3000000119
18565  48.752  -59.398  -18.879 0.3000000119
18592  49.224  -58.451  -20.491 0.3000000119
18626  49.356  -57.713  -21.903 0.3000000119
18581  47.650  -58.290  -19.127 0.3000000119
19465  48.541  -58.089  -19.882 0.3000000119
18591  49.360  -58.014  -21.305 0.3000000119
19479  49.006  -57.648  -20.848 0.3000000119
21371  48.989  -55.281  -23.436 0.3000000119
21401  47.994  -54.777  -24.413 0.3000000119
21403  46.295  -55.041  -24.915 0.3000000119
18566  47.956  -58.925  -18.545 0.3000000119
21357  48.988  -55.582  -22.742 0.3000000119
20444  48.590  -56.063  -21.920 0.3000000119
22330  48.560  -54.769  -23.698 0.3000000119
19539  43.308  -57.731  -26.338 0.3000000119
19466  47.490  -57.633  -19.751 0.3000000119
18582  46.654  -57.886  -19.112 0.3000000119
19480  48.228  -57.297  -20.513 0.3000000119
20432  47.934  -56.594  -21.107 0.3000000119
21372  48.562  -54.851  -23.207 0.3000000119
121270  46.695  -54.386  -24.418 0.3000000119
20473  44.780  -56.184  -25.336 0.3000000119
19524  44.199  -57.001  -26.135 0.3000000119
127280  42.471  -56.775  -24.490 0.3000000119
17888  43.744  -59.934  -27.891 0.3000000119
20433  46.795  -56.469  -21.046 0.3000000119
21358  48.204  -55.240  -22.499 0.3000000119
22351  47.342  -54.312  -24.148 0.3000000119
21404  45.319  -55.160  -24.823 0.3000000119
113337  49.365  -59.780  -20.979 0.3000000119
16291  48.977  -61.091  -19.417 0.3000000119
129669  49.112  -60.852  -20.134 0.3000000119
11572  43.110  -67.097  -24.545 0.3000000119
11576  39.940  -67.583  -24.386 0.3000000119
12318  44.302  -66.456  -23.910 0.3000000119
12319  43.674  -66.940  -24.156 0.4000000060
12336  43.403  -66.699  -24.622 0.3000000119
12337  42.829  -66.963  -24.938 0.3000000119
13037  45.104  -65.967  -22.511 0.3000000119
13058  44.424  -65.976  -24.285 0.4000000060
13059  44.047  -65.802  -24.572 0.3000000119
13060  43.461  -65.790  -24.660 0.3000000119
13072  43.133  -66.451  -24.858 0.3000000119
13912  46.727  -64.151  -22.897 0.3000000119
14689  43.215  -62.912  -21.038 0.3000000119
14727  47.223  -62.997  -22.378 0.3000000119
14729  46.169  -63.381  -23.035 0.3000000119
14731  43.577  -63.877  -22.776 0.4000000060
15502  48.447  -61.497  -18.808 0.3000000119
15526  47.723  -62.652  -19.873 0.3000000119
15556  47.738  -62.411  -21.783 0.3000000119
16310  48.698  -61.427  -20.624 0.3000000119
16336  40.485  -61.764  -25.498 0.5000000000
16341  43.467  -61.575  -27.517 0.4000000060
16342  42.495  -61.812  -27.055 0.4000000060
16343  41.572  -62.124  -26.757 0.4000000060
16344  40.746  -62.250  -26.371 0.5000000000
16350  43.451  -61.379  -28.091 0.4000000060
16362  36.336  -61.704  -28.547 0.5000000000
16363  35.366  -61.576  -28.767 0.4000000060
16364  39.239  -61.850  -28.582 0.4000000060
16365  38.284  -61.387  -28.922 0.4000000060
16367  36.665  -61.365  -29.470 0.5000000000
17065  44.144  -60.531  -20.582 0.5000000000
17080  45.601  -60.271  -21.272 0.5000000000
17084  47.567  -60.088  -22.543 0.4000000060
17086  42.091  -60.518  -24.079 0.4000000060
17088  40.226  -60.782  -23.926 0.4000000060
17089  39.385  -60.544  -23.962 0.3000000119
17090  38.702  -60.193  -23.899 0.3000000119
17091  43.624  -60.788  -25.577 0.4000000060
17098  36.575  -60.415  -25.652 0.5000000000
17099  44.381  -60.449  -27.076 0.4000000060
17103  39.021  -61.387  -25.449 0.5000000000
17110  42.569  -61.167  -28.275 0.3000000119
17111  41.716  -61.542  -28.179 0.4000000060
17113  37.868  -61.432  -26.746 0.6000000238
17114  36.370  -61.050  -27.020 0.5000000000
17115  35.331  -60.894  -27.083 0.4000000060
17116  33.508  -60.460  -27.376 0.4000000060
17118  32.142  -59.811  -27.750 0.4000000060
17119  43.791  -60.822  -28.057 0.4000000060
17120  40.108  -62.267  -28.505 0.3000000119
17123  33.849  -60.657  -28.348 0.4000000060
17127  36.236  -60.465  -29.927 0.5000000000
17129  34.552  -61.225  -28.953 0.4000000060
17130  33.239  -60.194  -28.636 0.4000000060
17131  32.567  -59.959  -28.280 0.4000000060
17783  49.183  -59.798  -19.294 0.3000000119
17805  49.416  -58.841  -21.227 0.3000000119
17806  44.830  -60.129  -20.855 0.4000000060
17809  42.810  -59.816  -20.636 0.3000000119
17835  49.247  -59.426  -21.761 0.3000000119
17838  44.200  -59.431  -21.226 0.5000000000
17849  48.825  -59.434  -22.353 0.4000000060
17852  43.317  -59.223  -22.997 0.4000000060
17872  38.150  -60.117  -24.335 0.5000000000
17875  45.039  -58.813  -26.885 0.4000000060
17876  44.823  -59.593  -26.596 0.4000000060
17879  41.231  -59.667  -26.926 0.4000000060
17881  39.500  -59.146  -26.625 0.3000000119
17887  44.490  -59.611  -27.180 0.4000000060
17889  42.910  -60.264  -28.096 0.3000000119
17896  44.147  -59.577  -27.565 0.4000000060
17900  31.269  -59.381  -27.833 0.4000000060
17907  35.343  -60.191  -29.804 0.4000000060
18613  45.602  -58.871  -21.804 0.4000000060
18627  49.248  -57.985  -22.314 0.4000000060
18629  47.010  -58.155  -22.762 0.4000000060
18651  40.962  -58.072  -25.276 0.4000000060
18653  39.314  -58.081  -25.478 0.3000000119
18660  45.364  -58.754  -26.298 0.4000000060
18661  43.763  -58.352  -27.260 0.3000000119
18673  43.316  -59.223  -27.688 0.3000000119
18674  39.105  -59.080  -27.173 0.3000000119
18677  44.098  -59.290  -27.663 0.3000000119
18679  31.275  -58.784  -28.178 0.4000000060
18682  38.921  -59.053  -29.117 0.5000000000
18687  32.195  -58.968  -28.303 0.4000000060
18688  38.548  -59.139  -29.484 0.5000000000
18690  34.982  -59.375  -29.482 0.4000000060
19490  49.234  -57.281  -21.692 0.3000000119
19508  49.218  -56.564  -23.225 0.4000000060
19509  48.762  -56.564  -23.786 0.4000000060
19512  41.690  -56.858  -24.135 0.3000000119
19514  39.912  -57.110  -24.019 0.4000000060
19522  47.066  -56.478  -24.830 0.4000000060
19525  42.894  -57.121  -25.325 0.3000000119
19538  44.239  -57.727  -26.929 0.3000000119
19540  38.904  -57.627  -25.618 0.3000000119
19551  39.183  -58.461  -28.678 0.5000000000
19555  30.249  -57.834  -27.833 0.5000000000
19557  36.603  -57.763  -29.251 0.6000000238
19558  35.067  -57.570  -28.876 0.5000000000
19559  33.701  -58.396  -28.791 0.5000000000
19562  38.386  -58.393  -29.488 0.6999999881
19563  37.496  -58.169  -29.501 0.6999999881
20431  48.821  -56.855  -21.350 0.3000000119
20443  49.148  -56.450  -22.223 0.3000000119
20452  49.299  -56.058  -23.004 0.3000000119
20458  49.142  -55.821  -23.669 0.4000000060
20468  48.725  -55.041  -24.055 0.3000000119
20469  48.145  -55.357  -24.501 0.3000000119
20471  46.544  -55.814  -25.304 0.3000000119
20475  38.758  -56.751  -24.395 0.4000000060
20476  38.520  -56.252  -24.734 0.4000000060
20483  38.880  -57.298  -26.738 0.3000000119
20488  39.132  -57.874  -27.802 0.4000000060
20492  31.565  -57.234  -27.787 0.6000000238
20493  40.225  -57.515  -29.359 0.6999999881
20494  38.706  -56.644  -29.576 0.6999999881
20499  39.990  -57.356  -29.777 0.6999999881
21354  29.773  -55.852  -20.497 0.4000000060
21363  32.009  -55.290  -21.788 0.5000000000
21380  32.140  -55.092  -22.786 0.6000000238
21387  48.157  -54.484  -23.989 0.3000000119
21402  47.216  -54.981  -24.749 0.3000000119
21420  39.643  -56.102  -27.052 0.3000000119
21426  41.465  -56.436  -28.777 0.6000000238
21432  41.579  -56.476  -29.538 0.6999999881
21436  36.037  -56.051  -28.009 0.6000000238
21439  40.304  -56.652  -30.023 0.6999999881
22287  27.180  -55.217  -17.515 0.5000000000
22328  32.389  -54.574  -21.266 0.5000000000
22329  31.977  -54.985  -20.892 0.5000000000
22348  33.214  -54.226  -23.713 0.6999999881
22350  31.446  -55.327  -24.394 0.6000000238
22358  39.397  -54.560  -25.690 0.5000000000
22363  40.790  -55.844  -27.674 0.4000000060
22366  33.748  -54.795  -26.313 0.6000000238
22369  43.089  -55.518  -28.942 0.6000000238
22372  36.605  -54.369  -27.622 0.6999999881
22374  34.451  -54.896  -26.826 0.6999999881
22376  42.967  -55.620  -29.690 0.6000000238
22378  39.699  -55.678  -29.816 0.6999999881
22379  38.762  -55.103  -29.304 0.6999999881
22380  37.826  -54.527  -28.825 0.6999999881
22382  42.677  -55.638  -30.046 0.6999999881
22384  40.707  -55.770  -30.093 0.6999999881
23170  29.633  -53.359  -18.394 0.4000000060
23190  30.896  -53.712  -19.242 0.5000000000
23195  32.441  -54.012  -20.787 0.5000000000
23222  33.309  -53.740  -23.049 0.6999999881
23231  43.766  -53.828  -28.296 0.6000000238
23237  34.230  -54.044  -25.910 0.6000000238
23238  44.155  -53.652  -29.188 0.6999999881
23239  44.148  -54.041  -29.040 0.6000000238
23243  35.948  -53.923  -27.085 0.6999999881
23245  43.727  -54.143  -29.580 0.6000000238
23249  38.787  -53.559  -29.002 0.6999999881
23251  42.300  -55.018  -30.227 0.6999999881
24025  31.679  -52.120  -19.702 0.5000000000
24050  32.872  -53.156  -21.664 0.6000000238
24061  34.791  -52.497  -25.183 0.6999999881
24069  36.477  -52.154  -26.785 0.6000000238
24075  36.919  -52.621  -27.280 0.6000000238
24895  36.729  -51.262  -21.172 0.3000000119
24900  33.173  -51.345  -22.770 0.6000000238
24908  37.690  -51.786  -23.743 0.3000000119
24915  44.263  -52.454  -27.724 0.6000000238
24919  44.836  -52.556  -28.606 0.6000000238
24921  40.338  -51.416  -28.588 0.6000000238
24925  44.709  -52.472  -28.972 0.6999999881
24926  44.287  -52.183  -29.307 0.6999999881
25705  31.088  -50.514  -19.453 0.5000000000
25713  38.461  -49.396  -20.102 0.3000000119
25716  31.923  -50.300  -20.588 0.5000000000
25726  32.517  -50.986  -21.728 0.6000000238
25728  36.112  -50.233  -22.198 0.3000000119
25729  32.629  -50.889  -22.503 0.6000000238
25730  31.898  -50.403  -22.416 0.6000000238
25731  38.133  -50.345  -24.161 0.3000000119
25737  38.808  -50.535  -24.548 0.4000000060
25743  40.068  -50.601  -25.275 0.4000000060
25745  34.992  -49.812  -25.230 0.6999999881
25746  34.238  -49.529  -24.665 0.6999999881
25750  36.315  -49.940  -26.249 0.6000000238
25756  37.207  -50.524  -27.136 0.6000000238
25758  45.160  -50.667  -29.154 0.6000000238
26493  35.865  -48.794  -20.320 0.3000000119
26505  31.542  -49.702  -21.285 0.6000000238
26514  30.350  -49.704  -23.326 0.5000000000
26515  39.436  -49.495  -24.915 0.4000000060
26518  32.496  -48.846  -24.190 0.6000000238
26519  31.023  -48.949  -23.948 0.5000000000
26523  40.730  -49.468  -25.450 0.5000000000
26527  46.302  -49.300  -28.054 0.5000000000
26528  45.417  -49.587  -27.373 0.6000000238
26532  36.433  -49.132  -26.168 0.6000000238
26533  46.184  -49.318  -28.637 0.4000000060
26538  38.374  -49.165  -27.353 0.6000000238
26540  36.932  -49.726  -26.686 0.6000000238
26543  43.441  -49.109  -28.824 0.4000000060
27350  35.490  -48.724  -21.675 0.3000000119
27355  36.412  -48.789  -22.941 0.3000000119
27370  43.396  -48.360  -26.300 0.4000000060
27371  37.214  -48.272  -26.555 0.6000000238
27373  35.728  -47.894  -25.587 0.6000000238
27374  34.965  -47.494  -25.375 0.6999999881
27377  39.837  -48.298  -27.785 0.6000000238
27380  45.829  -48.555  -28.675 0.6000000238
28219  34.992  -47.742  -20.635 0.3000000119
28232  36.430  -47.139  -22.786 0.3000000119
28233  35.759  -47.293  -22.321 0.3000000119
28237  36.987  -47.374  -23.228 0.4000000060
28244  32.090  -47.510  -24.623 0.6000000238
28249  34.177  -46.986  -25.188 0.6999999881
28252  32.077  -47.092  -24.723 0.5000000000
28253  45.870  -47.955  -27.926 0.4000000060
28256  36.854  -47.492  -26.252 0.6999999881
28259  34.839  -46.808  -25.423 0.6000000238
29151  34.491  -46.302  -19.936 0.3000000119
29158  34.957  -46.513  -21.392 0.3000000119
29159  34.627  -46.463  -20.711 0.3000000119
29173  39.523  -46.556  -24.431 0.4000000060
29175  31.806  -47.007  -24.676 0.5000000000
29181  33.755  -46.436  -25.118 0.6000000238
29182  33.139  -46.495  -24.921 0.5000000000
29183  32.550  -46.714  -24.795 0.5000000000
29185  45.266  -46.810  -27.626 0.4000000060
29186  43.744  -46.536  -26.526 0.5000000000
29188  36.382  -46.649  -25.978 0.6999999881
29189  35.529  -46.655  -25.635 0.6999999881
29191  45.613  -46.859  -28.476 0.4000000060
29195  39.696  -46.712  -27.597 0.6000000238
29198  45.455  -47.024  -28.655 0.3000000119
29199  45.352  -46.358  -28.819 0.5000000000
29200  44.556  -46.704  -28.902 0.5000000000
29201  42.829  -46.914  -28.556 0.6000000238
30003  35.325  -45.688  -21.655 0.3000000119
30013  35.930  -45.894  -22.268 0.3000000119
30023  37.966  -45.434  -23.318 0.4000000060
30024  37.433  -45.918  -23.139 0.4000000060
30042  45.354  -45.356  -28.720 0.5000000000
30047  34.475  -45.191  -25.671 0.5000000000
30048  33.932  -45.309  -25.362 0.5000000000
30054  45.318  -45.099  -29.006 0.5000000000
30805  35.020  -44.326  -20.785 0.3000000119
30831  36.633  -44.484  -22.293 0.3000000119
30864  33.770  -44.907  -25.358 0.4000000060
30865  33.161  -45.266  -24.928 0.4000000060
30870  35.341  -44.354  -26.436 0.4000000060
30873  46.069  -43.587  -29.177 0.4000000060
30875  40.627  -44.635  -27.937 0.6000000238
30876  39.484  -44.580  -27.552 0.6000000238
30877  38.491  -44.596  -27.258 0.6999999881
31615  34.693  -43.965  -20.019 0.3000000119
31629  36.349  -43.519  -21.624 0.3000000119
31661  38.649  -43.957  -23.359 0.4000000060
31662  37.965  -43.909  -22.861 0.4000000060
31683  43.482  -43.666  -26.692 0.5000000000
31685  36.101  -43.319  -27.086 0.4000000060
31687  34.760  -43.230  -26.570 0.4000000060
31688  34.447  -43.931  -26.207 0.5000000000
31696  45.257  -43.824  -29.432 0.4000000060
31697  43.796  -43.868  -29.215 0.4000000060
32556  38.567  -42.528  -23.100 0.3000000119
32582  40.727  -42.917  -27.886 0.5000000000
33528  37.689  -41.863  -22.258 0.3000000119
109230  37.436  -61.281  -29.291 0.4000000060
109643  28.845  -55.588  -22.610 0.5000000000
110369  36.935  -61.578  -28.994 0.4000000060
110880  32.768  -59.680  -28.551 0.4000000060
111223  37.002  -49.423  -20.230 0.3000000119
111557  33.468  -49.359  -24.257 0.6999999881
111598  39.191  -46.004  -27.432 0.6999999881
111852  48.425  -58.724  -19.203 0.3000000119
111913  37.665  -45.156  -26.905 0.6000000238
112171  34.960  -43.789  -26.629 0.4000000060
113084  29.301  -51.561  -18.404 0.5000000000
113157  35.950  -59.454  -29.783 0.4000000060
113279  44.443  -63.719  -23.041 0.4000000060
113814  39.109  -48.876  -24.677 0.4000000060
114629  42.296  -64.429  -23.181 0.3000000119
115962  40.982  -48.023  -28.153 0.6000000238
116960  40.539  -50.318  -20.643 0.3000000119
117407  34.416  -60.680  -27.152 0.5000000000
117546  42.710  -43.180  -28.769 0.6000000238
117575  37.340  -60.229  -29.778 0.4000000060
117608  34.065  -55.803  -27.349 0.6999999881
117985  39.894  -43.212  -27.645 0.6000000238
118010  36.827  -44.955  -22.535 0.3000000119
118331  45.267  -46.990  -28.824 0.4000000060
118884  38.594  -67.520  -24.006 0.3000000119
119970  37.559  -49.092  -23.791 0.4000000060
120312  40.370  -60.716  -27.820 0.3000000119
120320  41.162  -47.867  -25.405 0.5000000000
120711  30.857  -57.057  -27.329 0.5000000000
121087  41.459  -46.711  -25.339 0.5000000000
121117  34.108  -56.538  -27.874 0.6999999881
121214  47.167  -57.058  -20.391 0.3000000119
122476  46.012  -57.094  -25.934 0.4000000060
123337  37.790  -50.551  -27.504 0.6000000238
124396  35.724  -51.066  -25.890 0.6999999881
124444  36.461  -60.702  -26.281 0.5000000000
124968  41.158  -50.232  -28.474 0.5000000000
125058  38.647  -50.268  -20.404 0.3000000119
125117  46.845  -61.542  -22.519 0.3000000119
125213  33.760  -47.251  -24.997 0.6999999881
125709  35.879  -57.423  -28.931 0.5000000000
125949  33.078  -47.279  -24.851 0.6000000238
126764  35.394  -47.629  -21.927 0.3000000119
127168  37.758  -61.529  -28.739 0.4000000060
127481  42.950  -61.485  -28.195 0.4000000060
128180  37.305  -57.399  -29.215 0.6000000238
128278  30.570  -54.452  -19.298 0.4000000060
128617  46.554  -57.426  -19.792 0.3000000119
128914  29.055  -52.882  -18.142 0.5000000000
128962  47.149  -61.552  -22.635 0.3000000119
129399  36.946  -50.778  -23.219 0.3000000119
129556  45.217  -61.636  -21.379 0.4000000060
129613  37.991  -62.021  -27.997 0.4000000060
129960  33.504  -45.498  -25.106 0.5000000000
129993  39.677  -61.874  -28.610 0.4000000060
130453  43.725  -58.932  -22.558 0.5000000000
130759  47.715  -55.162  -24.680 0.4000000060
130910  45.495  -51.018  -28.639 0.6000000238
130964  42.398  -67.395  -23.880 0.3000000119
131234  39.066  -58.382  -29.152 0.5000000000
