#!ascii label  , from subject sub-v1s13x0050005_ses-1 vox2ras=TkReg
1443
5037  21.227  -77.721  -21.816 0.6999999881
4506  22.002  -78.991  -22.452 0.8000000119
112931  21.772  -78.712  -21.646 0.8000000119
3477  21.527  -80.157  -21.915 0.6999999881
5052  20.376  -77.638  -23.592 0.6000000238
5051  21.336  -78.254  -22.541 0.6000000238
4004  22.025  -79.562  -22.065 0.6000000238
110662  19.730  -76.902  -24.476 0.6000000238
5012  21.481  -77.867  -20.026 0.8000000119
3985  21.190  -79.057  -20.526 0.6999999881
3986  20.673  -79.254  -20.540 0.6999999881
3998  20.334  -79.681  -21.034 0.6999999881
5038  20.521  -77.410  -22.717 0.6000000238
5023  21.540  -77.972  -20.886 0.6999999881
3997  21.065  -79.665  -21.117 0.6999999881
5632  19.785  -76.691  -25.339 0.6000000238
5631  20.280  -76.063  -25.179 0.6000000238
5065  22.298  -77.189  -26.269 0.6000000238
5657  20.064  -76.837  -27.298 0.6000000238
5006  21.297  -77.249  -19.352 0.8000000119
4999  20.508  -76.872  -18.690 0.8000000119
5013  19.817  -77.700  -19.188 0.6999999881
5014  19.203  -77.356  -19.728 0.6999999881
5015  18.489  -77.217  -20.574 0.6999999881
116529  21.530  -76.925  -19.815 0.8000000119
4483  20.416  -77.964  -19.254 0.6999999881
4490  19.309  -78.492  -20.632 0.6999999881
5558  21.411  -76.514  -20.507 0.6999999881
4487  21.276  -78.491  -20.060 0.8000000119
4489  20.023  -79.119  -20.348 0.6999999881
5574  21.194  -77.103  -21.136 0.6999999881
123450  19.838  -76.542  -23.542 0.6999999881
121331  19.818  -76.103  -24.594 0.6000000238
5615  19.726  -75.514  -24.007 0.6000000238
5645  20.881  -76.749  -26.321 0.6000000238
5646  19.951  -76.670  -26.210 0.6000000238
4577  25.284  -78.626  -27.358 0.6999999881
5087  24.274  -78.229  -28.437 0.6000000238
4589  26.784  -79.661  -28.501 0.5000000000
4590  25.455  -78.803  -28.691 0.6000000238
6138  19.860  -75.439  -18.528 0.8999999762
5542  19.843  -76.495  -18.692 0.8000000119
5551  19.201  -76.487  -19.385 0.6999999881
6147  21.459  -75.488  -19.264 0.6999999881
5540  21.193  -75.824  -18.790 0.8999999762
5559  18.563  -76.509  -20.222 0.6999999881
6170  21.245  -75.474  -20.706 0.8000000119
6155  21.584  -75.996  -19.855 0.8000000119
6171  20.488  -75.286  -21.591 0.8000000119
6807  19.744  -74.216  -22.546 0.6999999881
5589  20.396  -76.654  -22.212 0.6999999881
5601  19.752  -75.712  -23.000 0.8000000119
5614  20.407  -75.283  -24.845 0.6999999881
113861  21.019  -76.122  -25.471 0.6999999881
5630  22.219  -76.575  -25.265 0.6000000238
5077  24.388  -78.249  -26.673 0.6999999881
4576  26.272  -79.096  -27.434 0.6999999881
6754  20.738  -74.433  -18.564 0.8999999762
6148  19.288  -75.637  -19.029 0.8000000119
6149  18.754  -75.690  -19.898 0.6999999881
6764  21.466  -74.579  -19.346 0.8000000119
6136  21.204  -74.931  -18.814 0.8000000119
124827  21.577  -74.227  -20.001 0.6999999881
7442  20.340  -73.756  -21.666 0.6000000238
6794  20.163  -74.587  -21.849 0.8000000119
6189  19.618  -74.768  -23.467 0.8000000119
6203  19.978  -74.851  -24.469 0.8000000119
6202  21.861  -75.130  -24.827 0.6999999881
5629  23.454  -76.391  -24.480 0.8000000119
131057  22.280  -76.002  -24.755 0.6999999881
5628  24.465  -76.402  -24.517 0.8000000119
5069  25.973  -77.680  -25.813 0.6999999881
5070  25.008  -77.864  -25.450 0.6999999881
5064  23.336  -77.075  -25.085 0.6999999881
4558  26.655  -78.547  -26.472 0.6999999881
4559  25.676  -78.372  -26.383 0.6999999881
6246  11.697  -75.950  -28.184 0.6000000238
7509  11.115  -74.381  -27.374 0.6000000238
6853  9.372  -74.755  -26.808 0.6000000238
7495  8.605  -73.915  -26.412 0.6999999881
116139  19.380  -73.994  -18.749 0.8999999762
6766  18.907  -74.887  -19.538 0.6999999881
7441  21.056  -73.062  -21.010 0.6000000238
7452  20.480  -72.777  -21.901 0.6000000238
7453  19.940  -73.282  -22.763 0.6999999881
7473  20.255  -73.501  -24.674 0.6999999881
7463  19.902  -73.374  -23.860 0.6999999881
131142  17.680  -73.505  -23.824 0.6999999881
6819  17.461  -74.554  -23.048 0.6999999881
6838  20.556  -74.134  -25.120 0.8000000119
6830  19.947  -74.153  -24.409 0.8000000119
117715  17.777  -72.808  -24.331 0.6000000238
6831  17.660  -74.651  -24.683 0.6000000238
6204  17.372  -74.963  -23.835 0.6999999881
6829  20.811  -74.739  -25.081 0.6999999881
6839  17.518  -74.843  -25.512 0.5000000000
125594  16.221  -75.441  -25.156 0.6999999881
6217  23.786  -75.359  -24.454 0.8000000119
5612  22.783  -75.636  -24.484 0.8000000119
7483  17.814  -73.969  -25.720 0.5000000000
6849  17.409  -74.577  -26.464 0.5000000000
5062  25.168  -77.056  -25.034 0.6999999881
7489  17.683  -73.649  -26.890 0.5000000000
7502  17.282  -73.217  -27.634 0.6000000238
7490  17.048  -74.165  -27.383 0.5000000000
6860  16.192  -74.431  -27.631 0.6000000238
130841  15.037  -75.175  -27.496 0.6999999881
115798  13.237  -76.070  -28.146 0.6999999881
7504  15.607  -73.836  -27.935 0.5000000000
6861  15.307  -74.629  -27.675 0.6000000238
6862  14.343  -75.106  -27.878 0.6000000238
6864  12.319  -75.441  -28.212 0.6000000238
8132  16.740  -72.594  -27.939 0.6000000238
7506  13.748  -74.486  -27.952 0.6000000238
7507  12.825  -74.618  -27.989 0.6000000238
8133  15.831  -72.869  -28.012 0.5000000000
7505  14.704  -74.152  -27.849 0.5000000000
7491  12.329  -73.793  -27.565 0.6000000238
6852  10.279  -74.479  -27.089 0.6000000238
7494  9.713  -73.667  -26.771 0.6999999881
8106  7.300  -72.909  -25.142 0.6000000238
113032  6.939  -73.232  -24.714 0.6999999881
8135  13.982  -73.389  -27.682 0.6000000238
8136  13.066  -73.603  -27.639 0.6000000238
7492  11.564  -73.560  -27.323 0.6000000238
8120  10.185  -72.681  -26.794 0.6999999881
8818  7.749  -72.114  -25.384 0.5000000000
6755  18.969  -74.117  -19.214 0.8999999762
7429  21.512  -73.352  -20.134 0.6000000238
7404  21.087  -72.966  -18.900 0.6999999881
108320  18.572  -74.237  -19.924 0.8000000119
6156  18.004  -75.683  -20.620 0.6999999881
6795  17.949  -73.956  -21.165 0.6999999881
7431  17.908  -72.929  -20.834 0.8000000119
8070  20.433  -72.448  -22.731 0.6999999881
109381  17.587  -73.253  -22.569 0.8000000119
7454  17.527  -73.988  -22.210 0.6000000238
8081  17.591  -72.728  -23.321 0.6999999881
116141  17.754  -71.923  -24.041 0.6000000238
6835  23.294  -74.810  -24.990 0.8000000119
6837  21.609  -73.994  -25.740 0.8000000119
6846  23.480  -74.596  -25.847 0.8000000119
8092  18.022  -72.973  -25.346 0.5000000000
6216  24.423  -75.763  -24.495 0.8000000119
8102  18.065  -72.817  -26.538 0.5000000000
8101  18.335  -71.825  -26.803 0.5000000000
8839  17.766  -71.549  -27.629 0.6000000238
118732  17.812  -72.840  -27.313 0.6000000238
8840  17.042  -71.728  -27.844 0.6000000238
8841  16.082  -71.902  -27.833 0.6000000238
8789  6.762  -71.245  -22.670 0.5000000000
8134  14.908  -73.131  -27.825 0.5000000000
8805  7.381  -71.849  -24.828 0.5000000000
8082  6.986  -71.990  -23.294 0.6000000238
8117  13.233  -72.574  -27.335 0.6000000238
8118  12.229  -72.815  -27.211 0.6999999881
8119  11.174  -72.695  -26.936 0.6999999881
8104  8.842  -72.172  -26.069 0.6999999881
8116  14.160  -72.345  -27.424 0.6000000238
8103  9.744  -71.981  -26.360 0.6000000238
8827  13.501  -71.770  -26.788 0.6999999881
8829  11.719  -71.997  -26.620 0.6000000238
8816  10.320  -71.343  -25.774 0.5000000000
7405  20.513  -73.615  -18.552 0.6999999881
8032  19.638  -73.295  -18.592 0.6999999881
8044  18.897  -72.812  -19.003 0.6999999881
8053  18.221  -72.596  -19.799 0.8000000119
8767  17.866  -72.045  -20.481 0.6999999881
8788  17.622  -71.531  -22.131 0.6999999881
8780  17.628  -72.009  -21.358 0.6999999881
8754  6.620  -71.085  -20.126 0.5000000000
9585  18.183  -69.877  -27.092 0.5000000000
9597  17.329  -71.001  -27.611 0.6000000238
8781  6.893  -71.595  -21.719 0.5000000000
10256  16.631  -70.002  -26.654 0.5000000000
10934  17.395  -68.852  -26.190 0.5000000000
9598  16.403  -71.100  -27.556 0.6000000238
8842  15.099  -72.109  -27.624 0.6000000238
8817  8.342  -71.642  -25.629 0.5000000000
126643  16.809  -69.411  -26.228 0.5000000000
9587  15.867  -70.503  -26.822 0.6000000238
8826  14.411  -71.404  -26.903 0.6000000238
9567  15.310  -70.257  -25.755 0.6000000238
8737  20.276  -71.773  -18.711 0.6999999881
8738  19.570  -72.265  -18.707 0.6999999881
8753  18.830  -71.911  -19.208 0.6999999881
9569  13.153  -70.855  -25.269 0.5000000000
10917  16.688  -68.410  -25.066 0.5000000000
8815  11.454  -71.324  -25.754 0.5000000000
10248  16.083  -69.680  -25.688 0.5000000000
9568  14.454  -70.675  -25.676 0.5000000000
8813  13.792  -71.106  -25.954 0.5000000000
131212  12.228  -71.581  -26.097 0.5000000000
117325  13.210  -70.454  -24.406 0.5000000000
9549  12.380  -70.341  -23.899 0.5000000000
10225  14.313  -68.998  -23.937 0.5000000000
9526  13.109  -70.109  -23.685 0.5000000000
8814  12.392  -71.057  -25.470 0.5000000000
108449  15.166  -69.079  -24.296 0.5000000000
9548  13.844  -70.167  -24.290 0.5000000000
124674  13.855  -70.592  -25.017 0.5000000000
10928  15.994  -69.136  -24.833 0.5000000000
9546  15.338  -69.776  -24.840 0.5000000000
10226  13.693  -69.661  -23.837 0.5000000000
8726  8.670  -71.828  -17.866 0.6000000238
7407  8.280  -72.726  -18.614 0.6000000238
111157  8.211  -71.223  -18.442 0.5000000000
8020  10.188  -72.177  -17.059 0.6999999881
8021  9.314  -72.552  -17.297 0.6000000238
8009  9.064  -73.199  -17.289 0.6000000238
7383  9.537  -73.872  -16.189 0.6999999881
8708  11.051  -72.578  -16.421 0.6000000238
111950  10.130  -72.938  -16.525 0.6999999881
8008  9.542  -73.379  -16.748 0.6999999881
7384  9.104  -74.001  -16.822 0.6999999881
7372  10.223  -73.360  -15.041 0.8000000119
8707  12.064  -72.225  -16.443 0.5000000000
127552  10.216  -71.473  -17.485 0.5000000000
7382  10.007  -73.513  -15.934 0.8000000119
8007  10.720  -73.074  -15.673 0.6000000238
7963  10.087  -72.035  -13.814 0.6999999881
8723  12.366  -71.634  -17.177 0.5000000000
8724  11.212  -71.756  -17.181 0.5000000000
7980  10.552  -72.470  -14.275 0.6999999881
7981  9.851  -72.763  -13.877 0.6999999881
7997  10.806  -72.831  -14.928 0.6999999881
8006  11.548  -72.468  -15.569 0.6999999881
119487  9.288  -71.490  -13.887 0.6999999881
8678  10.869  -71.824  -14.258 0.6999999881
8005  12.585  -71.948  -15.881 0.6000000238
13732  9.741  -64.911  -10.662 0.6999999881
13759  10.232  -64.742  -11.870 0.8000000119
10123  14.802  -70.097  -15.858 0.4000000060
9398  9.487  -70.504  -14.735 0.6999999881
119794  14.014  -71.140  -16.325 0.5000000000
121093  10.243  -71.257  -14.268 0.6999999881
8706  13.453  -71.550  -16.373 0.6000000238
9419  13.214  -70.976  -15.353 0.6000000238
7979  11.278  -72.275  -14.792 0.6999999881
7996  11.942  -72.043  -15.254 0.8000000119
8677  11.639  -71.599  -14.760 0.8000000119
18482  5.482  -58.904  -9.805 0.5000000000
16971  6.160  -59.838  -8.731 0.5000000000
14536  9.478  -63.235  -6.094 0.5000000000
13693  10.485  -65.006  -7.813 0.6000000238
13659  10.114  -63.794  -6.353 0.6000000238
15392  7.732  -62.358  -6.324 0.6000000238
123892  9.703  -65.085  -8.157 0.6999999881
13676  9.888  -64.675  -6.955 0.6999999881
13712  10.014  -65.177  -9.946 0.6999999881
124961  9.500  -65.229  -9.274 0.6999999881
124604  10.170  -68.146  -15.335 0.6999999881
12193  10.485  -66.727  -14.569 0.6999999881
12943  10.353  -65.538  -13.475 0.8000000119
9393  14.260  -70.202  -15.335 0.5000000000
113779  10.420  -68.872  -15.353 0.6999999881
9418  13.790  -70.900  -15.594 0.6000000238
126126  10.661  -69.605  -15.179 0.8000000119
8676  12.528  -71.401  -15.266 0.6999999881
115829  11.210  -69.085  -15.245 0.8000000119
9397  11.082  -71.022  -14.563 0.8000000119
18503  4.901  -57.945  -11.109 0.5000000000
18493  5.518  -58.479  -10.772 0.6000000238
18502  5.642  -58.104  -11.577 0.5000000000
126885  6.261  -58.970  -10.326 0.6000000238
123833  6.335  -59.404  -9.499 0.6000000238
16956  6.637  -60.200  -8.237 0.6000000238
16970  6.826  -59.880  -9.025 0.6000000238
16955  7.329  -60.193  -8.321 0.5000000000
14535  10.374  -63.064  -6.222 0.5000000000
15390  9.796  -62.656  -6.433 0.5000000000
13675  10.674  -64.460  -6.789 0.6000000238
15407  8.847  -62.285  -6.710 0.6000000238
15391  8.737  -62.822  -6.125 0.6999999881
130369  7.326  -60.964  -7.325 0.6000000238
111974  11.100  -64.914  -7.501 0.6000000238
13711  10.303  -65.221  -8.980 0.6999999881
13677  8.940  -64.961  -7.296 0.6999999881
13660  9.265  -64.172  -6.242 0.6999999881
14537  8.608  -63.560  -5.836 0.8000000119
14565  10.779  -65.227  -9.700 0.6999999881
13731  10.456  -65.100  -10.534 0.6999999881
120678  10.814  -64.944  -11.155 0.6999999881
131101  10.170  -64.810  -11.106 0.8000000119
12927  10.745  -65.009  -12.698 0.8000000119
10103  13.839  -69.745  -14.873 0.5000000000
11488  13.520  -67.686  -14.028 0.6000000238
116572  10.938  -67.277  -14.887 0.8000000119
12185  10.856  -66.060  -14.090 0.8000000119
10104  13.060  -69.705  -14.995 0.6000000238
10827  12.783  -68.866  -14.904 0.6999999881
11495  11.649  -67.505  -14.859 0.8000000119
10105  12.120  -69.610  -15.105 0.6999999881
10828  11.887  -68.476  -15.116 0.6999999881
9396  11.918  -70.717  -14.947 0.8000000119
109662  4.719  -57.207  -11.140 0.4000000060
19390  5.328  -57.365  -11.783 0.5000000000
18492  6.222  -58.558  -11.187 0.4000000060
17719  7.025  -59.505  -9.828 0.5000000000
16969  7.535  -59.849  -9.119 0.5000000000
130276  10.948  -63.055  -6.293 0.5000000000
125447  9.606  -62.117  -7.031 0.6000000238
16174  9.070  -61.554  -7.365 0.6000000238
16196  7.752  -60.800  -7.625 0.6000000238
13674  11.436  -64.394  -6.778 0.6000000238
16175  8.235  -61.589  -7.169 0.6999999881
14554  11.148  -65.174  -8.611 0.6000000238
124087  12.864  -67.065  -14.051 0.6999999881
11489  12.130  -66.863  -14.340 0.6999999881
12192  11.296  -66.729  -14.477 0.8000000119
12184  11.711  -66.095  -13.998 0.8000000119
11494  12.621  -67.830  -14.564 0.6999999881
20347  5.476  -56.820  -12.164 0.4000000060
110860  5.103  -56.368  -11.476 0.4000000060
119846  6.303  -58.228  -11.995 0.5000000000
19400  5.689  -57.089  -12.409 0.4000000060
21247  4.876  -55.845  -10.863 0.5000000000
16968  8.328  -59.830  -9.176 0.5000000000
16954  8.098  -60.223  -8.386 0.5000000000
16967  9.129  -59.831  -9.385 0.5000000000
16195  8.580  -60.868  -7.779 0.6999999881
14564  11.462  -65.244  -9.483 0.6000000238
12926  11.617  -65.161  -12.627 0.8000000119
110854  12.549  -65.782  -13.215 0.6000000238
12925  12.485  -65.503  -12.563 0.6999999881
13757  12.021  -65.143  -11.806 0.6999999881
23084  4.943  -53.907  -10.123 0.3000000119
19399  6.068  -57.181  -12.886 0.4000000060
20346  5.793  -56.563  -12.741 0.3000000119
21274  5.445  -56.444  -12.080 0.4000000060
21261  5.390  -55.939  -11.735 0.4000000060
22222  5.361  -55.242  -11.232 0.4000000060
22204  5.352  -54.385  -10.858 0.5000000000
18501  6.911  -58.572  -11.506 0.4000000060
17727  6.924  -58.954  -10.658 0.4000000060
16210  9.040  -60.277  -8.509 0.5000000000
17718  7.649  -59.288  -10.155 0.4000000060
122537  9.887  -60.665  -8.270 0.6000000238
17726  7.654  -58.923  -10.986 0.4000000060
16209  9.857  -60.123  -8.904 0.4000000060
16978  8.396  -59.574  -9.810 0.5000000000
13746  11.621  -65.145  -11.121 0.6999999881
12941  12.040  -65.647  -13.316 0.6999999881
22205  4.950  -54.872  -10.411 0.4000000060
124043  5.670  -54.707  -11.554 0.4000000060
23082  5.890  -53.112  -11.098 0.3000000119
18510  6.504  -57.766  -12.677 0.3000000119
16977  9.170  -59.525  -10.013 0.4000000060
17717  8.414  -59.154  -10.411 0.4000000060
21288  6.183  -55.986  -13.262 0.3000000119
118877  5.754  -55.980  -12.541 0.3000000119
21260  5.714  -55.334  -12.082 0.4000000060
22221  6.089  -54.537  -12.257 0.3000000119
23102  5.762  -53.966  -11.373 0.3000000119
20360  6.347  -56.551  -13.362 0.3000000119
117292  7.000  -58.227  -12.317 0.3000000119
17725  8.468  -58.734  -11.199 0.3000000119
18500  7.707  -58.486  -11.790 0.3000000119
17716  9.231  -59.016  -10.672 0.3000000119
23101  6.320  -53.598  -11.860 0.3000000119
21273  6.108  -55.357  -12.913 0.3000000119
23113  6.644  -53.980  -12.812 0.3000000119
18509  7.746  -58.024  -12.566 0.3000000119
18499  8.556  -58.244  -11.974 0.3000000119
17724  9.310  -58.464  -11.401 0.3000000119
23083  5.373  -53.503  -10.624 0.3000000119
21287  6.686  -55.334  -13.742 0.3000000119
19397  8.614  -57.611  -12.666 0.3000000119
6840  16.944  -75.189  -25.935 0.6000000238
6231  16.098  -75.362  -26.514 0.6999999881
6219  15.351  -75.603  -26.155 0.6999999881
6233  14.605  -75.906  -26.901 0.6999999881
16979  7.740  -59.597  -9.649 0.4000000060
4016  22.066  -79.613  -22.967 0.6999999881
3999  19.448  -79.194  -21.281 0.6999999881
127697  20.178  -75.784  -22.103 0.8000000119
127537  23.175  -77.640  -26.816 0.6000000238
5071  23.866  -77.638  -25.678 0.6999999881
108301  21.221  -73.940  -20.728 0.6000000238
6778  18.410  -74.958  -20.270 0.6999999881
6828  21.978  -74.845  -24.929 0.8000000119
5063  24.355  -77.164  -24.795 0.6999999881
5627  25.110  -76.311  -24.928 0.8000000119
8122  8.404  -72.953  -26.092 0.6999999881
6850  16.687  -74.966  -27.009 0.5000000000
6863  13.284  -75.501  -28.241 0.6000000238
7455  6.891  -72.952  -22.935 0.6000000238
8828  12.626  -71.979  -26.758 0.6999999881
115864  17.669  -73.149  -21.777 0.8000000119
8802  18.171  -71.437  -24.753 0.5000000000
127520  18.261  -72.241  -25.931 0.6000000238
8825  15.402  -71.203  -27.313 0.6000000238
10829  10.953  -68.083  -15.277 0.8000000119
110874  30.240  -80.797  -22.705 0.4000000060
3471  31.463  -80.388  -21.585 0.4000000060
129517  29.674  -80.814  -24.945 0.3000000119
124349  29.814  -80.658  -22.008 0.4000000060
3472  30.622  -80.578  -21.794 0.4000000060
4048  30.510  -79.153  -27.234 0.4000000060
4040  31.205  -79.296  -26.643 0.5000000000
3521  31.154  -80.083  -25.249 0.5000000000
4041  30.270  -79.748  -26.590 0.3000000119
4033  30.812  -79.939  -25.936 0.4000000060
3499  31.197  -80.525  -23.582 0.4000000060
3528  30.080  -80.204  -25.971 0.3000000119
3514  30.072  -80.779  -24.392 0.3000000119
3500  30.379  -80.795  -23.622 0.3000000119
3523  29.589  -80.594  -25.616 0.3000000119
4572  29.998  -78.843  -27.755 0.4000000060
4587  30.351  -78.342  -28.417 0.4000000060
4571  30.860  -78.654  -27.836 0.5000000000
4588  29.539  -78.428  -28.192 0.3000000119
4049  29.601  -79.494  -27.131 0.3000000119
3536  28.368  -80.249  -27.264 0.4000000060
4050  28.793  -79.558  -27.245 0.3000000119
4059  27.337  -79.896  -28.220 0.4000000060
3537  27.747  -80.591  -27.767 0.4000000060
3544  27.358  -80.211  -28.250 0.4000000060
120786  29.817  -77.944  -28.980 0.4000000060
5661  28.419  -77.103  -28.815 0.4000000060
5085  29.050  -77.854  -28.529 0.4000000060
129715  28.094  -77.152  -28.130 0.4000000060
5670  26.852  -76.060  -29.230 0.5000000000
5074  28.824  -78.544  -27.704 0.4000000060
5653  27.756  -77.321  -27.453 0.4000000060
4051  28.060  -79.880  -27.673 0.4000000060
4574  28.073  -79.211  -27.212 0.5000000000
5075  28.187  -78.229  -26.994 0.4000000060
4575  27.237  -79.313  -27.199 0.4000000060
4600  24.626  -78.570  -29.743 0.6000000238
4598  26.327  -79.573  -29.444 0.4000000060
6257  26.495  -75.469  -29.297 0.6000000238
5664  25.814  -75.719  -28.467 0.6000000238
5654  27.073  -77.206  -26.769 0.6000000238
5655  26.406  -76.407  -27.069 0.6000000238
5643  26.422  -77.141  -26.101 0.6000000238
120502  26.096  -76.416  -26.174 0.6999999881
4557  27.486  -78.538  -26.700 0.5000000000
5068  26.868  -77.908  -26.364 0.6000000238
6228  25.542  -76.028  -25.804 0.6999999881
6870  24.894  -74.706  -28.358 0.6999999881
128348  23.828  -74.303  -28.031 0.6999999881
6252  24.918  -75.135  -28.375 0.6000000238
6858  23.125  -74.420  -27.031 0.6999999881
6847  22.590  -74.143  -26.006 0.6999999881
124629  21.351  -74.389  -25.334 0.6999999881
6240  25.419  -75.729  -27.356 0.6999999881
6242  24.056  -75.000  -26.661 0.6999999881
6229  24.804  -75.615  -25.403 0.6999999881
8141  22.985  -72.783  -28.602 0.5000000000
117549  22.287  -73.087  -28.576 0.6000000238
6857  23.635  -74.595  -27.660 0.6999999881
6859  22.155  -74.043  -27.432 0.6000000238
6848  21.486  -73.846  -26.829 0.6999999881
8114  20.839  -73.284  -27.124 0.6999999881
6241  24.324  -75.148  -27.761 0.6999999881
7481  21.015  -73.584  -26.217 0.6999999881
7482  20.767  -73.655  -25.415 0.6000000238
7501  21.403  -73.645  -27.832 0.6000000238
8853  21.367  -72.084  -28.438 0.6000000238
118551  20.714  -73.052  -25.939 0.6000000238
109683  20.937  -72.345  -27.574 0.6000000238
8069  20.785  -72.134  -22.053 0.5000000000
4005  19.874  -80.045  -21.766 0.6000000238
8099  20.826  -72.288  -25.357 0.6000000238
8090  20.758  -72.243  -24.425 0.6000000238
8795  21.338  -71.711  -23.725 0.5000000000
8787  21.187  -71.808  -22.727 0.5000000000
4498  18.119  -78.006  -21.713 0.6000000238
126645  18.833  -78.402  -21.358 0.6000000238
4497  18.671  -78.615  -22.041 0.6000000238
8823  21.257  -71.496  -26.719 0.6000000238
8801  21.367  -71.619  -24.666 0.5000000000
8079  20.636  -72.255  -23.554 0.5000000000
5577  15.896  -76.619  -20.745 0.6000000238
5576  16.826  -76.639  -20.779 0.6000000238
5025  17.641  -77.292  -21.164 0.6000000238
5039  17.270  -77.715  -21.988 0.6000000238
5560  17.794  -76.600  -20.705 0.6000000238
8030  20.918  -72.015  -18.796 0.6000000238
8810  21.309  -71.577  -25.676 0.6000000238
5561  16.316  -75.988  -20.519 0.6000000238
6173  16.857  -74.702  -21.097 0.6000000238
130652  17.146  -76.122  -20.591 0.6000000238
6808  17.175  -74.428  -22.133 0.6000000238
6796  17.572  -74.396  -21.292 0.6000000238
5027  15.540  -77.177  -21.324 0.6999999881
5562  15.393  -75.778  -20.584 0.6000000238
6158  15.887  -75.103  -20.678 0.6000000238
6809  16.566  -74.619  -22.032 0.6000000238
6182  17.076  -74.977  -22.971 0.6000000238
6813  12.261  -74.237  -21.771 0.6000000238
6174  15.859  -74.538  -21.249 0.6000000238
6183  16.314  -75.003  -22.887 0.5000000000
6811  14.691  -74.078  -21.968 0.6000000238
6192  14.624  -74.884  -23.734 0.6000000238
127960  13.517  -74.130  -22.515 0.6000000238
6194  12.595  -74.990  -23.558 0.6000000238
6781  14.301  -74.534  -20.710 0.6000000238
6190  16.776  -75.277  -23.870 0.6000000238
6820  15.194  -74.583  -22.836 0.6000000238
6191  15.743  -75.227  -23.849 0.5000000000
6193  13.569  -74.702  -23.489 0.5000000000
6207  13.179  -75.485  -24.522 0.5000000000
6205  15.100  -75.457  -24.902 0.6000000238
6206  14.106  -75.389  -24.666 0.6000000238
6221  13.689  -76.033  -25.633 0.6000000238
5635  12.243  -76.651  -26.524 0.6999999881
5616  11.810  -76.571  -25.384 0.6999999881
5617  10.851  -76.796  -25.165 0.6999999881
5638  9.457  -76.580  -25.732 0.6999999881
6220  14.551  -75.891  -25.873 0.6000000238
5634  13.267  -76.469  -26.667 0.6999999881
5649  11.657  -76.510  -27.271 0.6999999881
5636  11.234  -76.773  -26.244 0.6999999881
114059  10.695  -76.417  -26.883 0.6999999881
5650  9.583  -76.263  -26.550 0.6000000238
6245  12.526  -76.040  -28.304 0.6000000238
8786  22.138  -71.310  -22.264 0.5000000000
8061  21.162  -72.291  -21.282 0.5000000000
9503  22.598  -70.242  -20.827 0.5000000000
8778  22.162  -71.086  -21.229 0.5000000000
8764  21.974  -70.814  -20.295 0.6000000238
10886  22.944  -68.524  -21.355 0.6000000238
10191  22.956  -69.406  -20.956 0.6000000238
9490  22.091  -70.212  -20.111 0.6000000238
9491  21.510  -70.681  -19.691 0.6000000238
8736  20.945  -70.888  -19.170 0.6000000238
10887  21.883  -68.380  -21.370 0.5000000000
126493  21.704  -69.385  -20.364 0.6000000238
9479  19.786  -70.779  -19.386 0.6000000238
10888  20.906  -68.527  -21.677 0.6000000238
10185  19.602  -69.771  -20.675 0.5000000000
9492  20.174  -70.254  -19.856 0.6000000238
109326  19.006  -71.118  -19.592 0.6000000238
10889  19.999  -68.679  -22.039 0.5000000000
10186  18.795  -70.255  -20.680 0.6000000238
8796  17.601  -71.560  -23.049 0.5000000000
127805  17.872  -70.780  -23.197 0.5000000000
9505  17.734  -71.025  -21.569 0.6000000238
111871  18.173  -70.528  -21.062 0.6000000238
8052  21.563  -72.392  -20.186 0.5000000000
5648  12.688  -76.433  -27.686 0.6999999881
8043  21.354  -72.145  -19.241 0.6000000238
9494  18.517  -70.840  -20.325 0.6000000238
9513  17.753  -70.859  -22.435 0.6000000238
130268  29.788  -80.944  -23.926 0.3000000119
3522  30.342  -80.440  -25.228 0.3000000119
3513  30.997  -80.427  -24.415 0.4000000060
3535  29.032  -80.040  -26.871 0.3000000119
4573  29.256  -79.015  -27.605 0.4000000060
116501  28.688  -79.227  -27.327 0.4000000060
128749  28.009  -76.609  -29.279 0.4000000060
5086  28.430  -77.704  -27.854 0.3000000119
5662  27.596  -76.639  -28.729 0.5000000000
5663  26.755  -76.382  -28.261 0.6000000238
5076  27.548  -77.905  -26.645 0.5000000000
6871  22.949  -73.993  -27.813 0.6999999881
6810  15.618  -74.432  -22.021 0.6000000238
5651  8.844  -76.272  -26.044 0.6000000238
10879  22.235  -68.951  -20.720 0.6000000238
10899  21.470  -68.012  -22.192 0.5000000000
10183  21.657  -69.940  -19.971 0.6000000238
10174  21.000  -70.315  -19.625 0.6000000238
10192  20.311  -69.072  -21.139 0.6000000238
10900  20.644  -68.287  -22.569 0.5000000000
10194  18.706  -69.874  -21.369 0.5000000000
9504  18.111  -70.280  -21.920 0.5000000000
229  18.507  -88.278  -10.102 0.4000000060
380  19.302  -88.204  -10.105 0.4000000060
227  20.414  -88.101  -10.676 0.5000000000
94  17.533  -89.866  -10.565 0.5000000000
18  16.839  -90.341  -11.533 0.5000000000
25  17.534  -90.422  -12.437 0.5000000000
93  18.236  -89.954  -10.924 0.5000000000
126915  18.007  -89.464  -10.461 0.5000000000
586  20.017  -87.960  -10.303 0.4000000060
600  20.385  -87.700  -10.559 0.4000000060
109223  32.575  -80.625  -17.817 0.3000000119
2907  32.391  -81.175  -17.030 0.3000000119
112947  31.106  -80.448  -18.282 0.3000000119
110742  31.245  -80.202  -19.104 0.3000000119
13  16.356  -90.317  -11.044 0.5000000000
19  16.349  -90.363  -11.569 0.5000000000
117233  17.545  -89.280  -10.088 0.4000000060
83  18.213  -88.972  -10.259 0.4000000060
381  18.407  -88.281  -9.928 0.3000000119
230  17.923  -88.628  -9.728 0.3000000119
877  21.351  -86.656  -11.301 0.4000000060
601  19.338  -87.702  -10.481 0.3000000119
878  20.392  -87.024  -11.274 0.4000000060
865  21.120  -87.192  -10.646 0.5000000000
866  18.952  -86.900  -11.168 0.3000000119
3423  33.281  -80.679  -17.257 0.3000000119
2896  32.864  -81.453  -15.955 0.3000000119
3434  31.984  -80.456  -18.475 0.3000000119
118025  31.693  -80.171  -20.038 0.3000000119
3457  30.968  -80.344  -20.810 0.3000000119
86  16.339  -90.062  -9.698 0.3000000119
6  16.427  -90.171  -10.220 0.4000000060
78  17.069  -89.147  -9.632 0.3000000119
602  18.217  -87.269  -10.411 0.3000000119
1176  21.294  -86.158  -12.230 0.4000000060
128091  21.911  -86.049  -11.661 0.4000000060
889  20.451  -86.444  -12.262 0.4000000060
867  18.276  -86.373  -11.058 0.3000000119
3421  34.601  -79.587  -16.589 0.4000000060
3412  34.226  -80.373  -16.221 0.4000000060
3395  34.233  -80.331  -15.188 0.4000000060
3376  33.917  -80.403  -14.384 0.4000000060
3364  33.087  -80.893  -13.047 0.4000000060
3365  32.366  -81.049  -12.642 0.5000000000
113869  33.832  -79.860  -18.175 0.3000000119
3433  32.968  -80.236  -18.509 0.3000000119
3443  32.341  -80.132  -19.265 0.3000000119
3456  31.900  -80.199  -20.836 0.3000000119
114689  30.944  -80.682  -23.044 0.3000000119
80  16.012  -89.941  -9.000 0.3000000119
1197  20.429  -85.391  -13.238 0.3000000119
1186  20.912  -85.830  -12.898 0.3000000119
1543  23.473  -84.334  -12.834 0.4000000060
118858  24.527  -84.267  -12.364 0.4000000060
890  19.635  -86.173  -12.458 0.3000000119
880  18.918  -86.302  -11.858 0.3000000119
879  19.605  -86.712  -11.796 0.3000000119
2398  28.766  -82.509  -12.825 0.5000000000
1946  27.595  -83.128  -12.631 0.5000000000
126019  33.499  -77.535  -17.248 0.3000000119
4444  34.064  -77.958  -16.564 0.3000000119
4983  34.282  -78.174  -17.805 0.3000000119
4430  34.499  -78.985  -15.746 0.3000000119
3914  34.387  -79.372  -15.405 0.4000000060
3377  32.014  -80.260  -13.346 0.5000000000
2857  29.980  -81.698  -12.893 0.5000000000
3942  34.720  -78.909  -16.856 0.3000000119
3899  34.062  -79.644  -14.610 0.4000000060
3887  33.548  -80.315  -13.788 0.4000000060
3888  32.924  -80.345  -13.394 0.5000000000
2856  31.531  -81.352  -12.456 0.5000000000
3442  33.182  -79.563  -19.023 0.3000000119
3455  32.469  -79.850  -20.076 0.3000000119
3470  32.199  -80.102  -21.478 0.3000000119
110509  31.926  -80.294  -22.200 0.3000000119
3485  31.701  -80.378  -23.009 0.4000000060
1196  21.266  -85.133  -13.461 0.3000000119
1155  17.579  -85.835  -9.824 0.3000000119
891  19.151  -85.597  -12.306 0.3000000119
1188  19.779  -85.515  -12.869 0.3000000119
113349  18.570  -85.525  -11.440 0.3000000119
1931  25.741  -83.648  -12.614 0.4000000060
1947  26.811  -83.091  -12.995 0.5000000000
2411  27.077  -82.273  -14.292 0.4000000060
2399  27.318  -82.659  -13.491 0.5000000000
5527  31.856  -76.852  -17.987 0.3000000119
2858  29.096  -81.941  -13.387 0.5000000000
2410  28.066  -82.218  -13.801 0.5000000000
4966  32.857  -77.677  -16.696 0.3000000119
2865  29.504  -81.258  -13.743 0.4000000060
2866  28.528  -81.489  -14.209 0.5000000000
4997  33.302  -77.201  -18.768 0.3000000119
4445  33.364  -78.268  -15.774 0.4000000060
4432  32.650  -78.663  -15.128 0.4000000060
3379  29.975  -80.545  -14.100 0.5000000000
4473  34.009  -78.385  -18.573 0.3000000119
3915  34.266  -79.100  -15.234 0.4000000060
3900  33.384  -79.682  -14.105 0.5000000000
3901  32.501  -79.669  -13.935 0.5000000000
3968  32.881  -79.004  -19.755 0.3000000119
3991  32.510  -79.383  -21.224 0.4000000060
4505  32.534  -79.361  -22.691 0.3000000119
4003  32.442  -79.803  -22.045 0.4000000060
4014  32.328  -79.861  -23.306 0.4000000060
4061  21.636  -79.061  -28.721 0.5000000000
4026  31.810  -79.927  -24.849 0.3000000119
1154  18.068  -85.253  -9.917 0.3000000119
1949  23.221  -83.681  -13.671 0.3000000119
1961  24.456  -82.885  -14.072 0.3000000119
2401  25.759  -82.725  -14.048 0.5000000000
2868  26.708  -81.739  -14.897 0.4000000060
2412  26.248  -82.310  -14.555 0.3000000119
5537  31.692  -76.354  -18.779 0.3000000119
2867  27.576  -81.653  -14.582 0.5000000000
111669  32.759  -77.210  -17.579 0.3000000119
3396  29.426  -79.997  -14.869 0.4000000060
3380  28.960  -80.730  -14.515 0.4000000060
122222  32.214  -78.191  -15.959 0.4000000060
4433  31.553  -78.673  -15.418 0.4000000060
3917  30.965  -79.261  -14.989 0.4000000060
3903  30.430  -79.849  -14.523 0.4000000060
5004  33.648  -77.787  -19.179 0.3000000119
5010  33.301  -77.877  -20.032 0.3000000119
3916  31.996  -79.138  -14.645 0.4000000060
3902  31.463  -79.709  -14.158 0.5000000000
124539  33.123  -78.240  -22.273 0.3000000119
4504  33.000  -78.513  -22.711 0.4000000060
4519  32.769  -78.932  -23.454 0.4000000060
4053  21.027  -78.818  -27.959 0.5000000000
4025  32.330  -79.596  -24.464 0.4000000060
4532  32.853  -78.836  -24.386 0.5000000000
4591  21.727  -78.515  -29.087 0.5000000000
1506  18.463  -84.948  -10.542 0.3000000119
4509  17.000  -78.008  -22.869 0.5000000000
2882  27.166  -81.070  -15.143 0.3000000119
2423  25.889  -81.806  -15.092 0.3000000119
4507  18.512  -78.767  -22.767 0.5000000000
4524  16.409  -78.026  -23.585 0.6000000238
5549  31.120  -76.101  -19.354 0.3000000119
5528  30.903  -76.559  -18.271 0.3000000119
5548  31.778  -76.427  -19.651 0.3000000119
4985  31.863  -77.376  -17.255 0.3000000119
4968  30.832  -77.634  -16.974 0.3000000119
3397  28.466  -80.186  -15.179 0.4000000060
2881  28.009  -80.910  -14.845 0.4000000060
3493  21.074  -80.815  -22.375 0.5000000000
5055  13.560  -77.941  -23.375 0.5000000000
4446  31.145  -78.238  -16.196 0.3000000119
4434  30.527  -78.754  -15.698 0.3000000119
3918  29.957  -79.349  -15.277 0.3000000119
3919  28.900  -79.371  -15.538 0.3000000119
3492  21.562  -80.725  -22.699 0.5000000000
5011  32.842  -77.562  -20.687 0.3000000119
5021  33.170  -78.003  -20.917 0.3000000119
4533  21.576  -79.191  -24.084 0.5000000000
117369  33.253  -77.977  -22.579 0.3000000119
4034  21.362  -79.668  -26.178 0.5000000000
126299  33.023  -77.618  -23.646 0.4000000060
4043  20.565  -78.589  -27.040 0.6000000238
5059  32.868  -77.647  -24.886 0.4000000060
5061  32.825  -78.017  -25.580 0.5000000000
4578  20.061  -77.673  -27.656 0.5000000000
4555  32.567  -78.279  -26.273 0.4000000060
4546  32.475  -78.817  -25.756 0.3000000119
4031  32.408  -79.289  -25.095 0.4000000060
129680  20.727  -77.550  -28.280 0.6000000238
6254  31.246  -75.559  -30.274 0.3000000119
5092  31.391  -77.092  -29.516 0.4000000060
4570  31.821  -78.355  -27.664 0.4000000060
4032  31.747  -79.536  -25.753 0.3000000119
120666  22.125  -77.434  -28.592 0.6000000238
4603  22.326  -78.382  -29.361 0.5000000000
6260  30.475  -75.051  -30.638 0.3000000119
5666  30.779  -76.563  -30.135 0.5000000000
5093  30.206  -77.373  -29.670 0.4000000060
5096  22.904  -78.105  -29.501 0.6000000238
6878  29.707  -74.470  -30.654 0.3000000119
6261  29.457  -75.345  -30.697 0.5000000000
5667  29.540  -76.757  -30.156 0.4000000060
5094  29.209  -77.321  -29.399 0.4000000060
6879  28.748  -74.597  -30.420 0.4000000060
6262  28.659  -75.354  -30.484 0.5000000000
5668  28.482  -76.615  -29.803 0.4000000060
5669  27.652  -76.235  -29.551 0.5000000000
5040  16.115  -77.734  -22.688 0.6000000238
5053  15.366  -77.837  -23.269 0.6000000238
6152  30.045  -75.717  -19.915 0.3000000119
5538  30.711  -75.999  -18.879 0.3000000119
116713  30.263  -76.920  -17.621 0.3000000119
4986  31.124  -77.076  -17.625 0.3000000119
5041  15.360  -77.542  -22.202 0.6000000238
5042  14.602  -77.576  -22.532 0.6000000238
5557  30.155  -76.266  -20.634 0.3000000119
4969  29.688  -77.610  -17.019 0.3000000119
4448  29.164  -78.247  -16.467 0.3000000119
5043  13.743  -77.531  -22.578 0.6000000238
5585  30.430  -76.901  -22.128 0.3000000119
4447  30.139  -78.250  -16.412 0.3000000119
4435  29.569  -78.782  -15.895 0.3000000119
120095  12.927  -77.108  -21.920 0.6000000238
130592  33.012  -77.829  -21.509 0.3000000119
5565  12.167  -76.105  -20.502 0.6000000238
5030  12.128  -76.768  -21.113 0.6000000238
5045  11.399  -77.535  -21.147 0.6000000238
5032  10.601  -77.905  -20.267 0.5000000000
5652  32.919  -76.913  -27.374 0.4000000060
5083  31.883  -77.476  -28.852 0.4000000060
6873  28.153  -74.102  -30.030 0.4000000060
6874  27.843  -75.023  -30.074 0.5000000000
6166  29.304  -75.985  -20.678 0.3000000119
113692  29.324  -75.204  -19.727 0.3000000119
6145  29.884  -75.193  -19.211 0.3000000119
126514  30.228  -75.370  -18.967 0.3000000119
4970  28.677  -77.631  -16.945 0.3000000119
5026  16.495  -77.280  -21.307 0.5000000000
5570  30.654  -76.670  -21.128 0.3000000119
5578  15.004  -76.479  -20.926 0.5000000000
5028  14.637  -77.125  -21.657 0.6000000238
5586  29.428  -76.814  -22.334 0.3000000119
4436  28.803  -78.751  -16.046 0.3000000119
5029  13.766  -76.942  -21.749 0.6000000238
5598  29.152  -76.791  -23.245 0.3000000119
5580  13.090  -76.299  -21.021 0.6000000238
5640  32.868  -76.819  -26.904 0.3000000119
5605  32.650  -77.249  -24.968 0.3000000119
119012  11.529  -76.074  -20.383 0.6000000238
5566  9.918  -76.966  -19.943 0.6000000238
5564  13.604  -75.616  -20.625 0.6000000238
6160  13.972  -74.968  -20.473 0.5000000000
6783  12.673  -74.685  -20.655 0.6000000238
6162  12.235  -75.337  -20.536 0.6000000238
6175  11.341  -75.446  -20.569 0.6000000238
5016  10.672  -76.443  -20.204 0.6000000238
6177  9.683  -75.835  -21.222 0.6000000238
6176  10.517  -75.576  -20.730 0.6000000238
5590  8.936  -76.384  -21.752 0.5000000000
5563  14.496  -75.632  -20.647 0.5000000000
6798  13.453  -73.935  -21.241 0.5000000000
117762  11.889  -74.438  -21.138 0.5000000000
6185  10.550  -75.251  -21.693 0.6000000238
127931  8.441  -76.611  -23.472 0.5000000000
5620  7.764  -76.033  -25.157 0.6000000238
114416  8.256  -76.394  -24.267 0.6000000238
5057  7.790  -76.652  -23.187 0.5000000000
5621  7.587  -75.924  -24.144 0.6000000238
5592  6.754  -76.588  -22.213 0.6000000238
117184  13.078  -73.943  -21.796 0.5000000000
122289  11.076  -75.754  -23.505 0.5000000000
6210  10.563  -76.388  -24.103 0.5000000000
6186  9.647  -75.876  -22.345 0.6000000238
5602  9.735  -76.353  -23.622 0.5000000000
110584  8.977  -76.473  -23.013 0.5000000000
5618  9.828  -76.800  -24.858 0.6000000238
6234  10.260  -76.038  -27.299 0.6000000238
5619  8.743  -76.500  -25.202 0.6000000238
5604  6.660  -75.560  -22.766 0.5000000000
10125  7.722  -69.385  -15.622 0.5000000000
6812  13.877  -73.850  -21.881 0.5000000000
6823  11.956  -74.635  -22.657 0.5000000000
6209  11.424  -76.191  -24.326 0.6000000238
11504  7.664  -67.566  -15.830 0.5000000000
12202  7.336  -66.735  -15.711 0.6000000238
10838  7.781  -68.437  -15.850 0.6000000238
10124  8.611  -68.932  -15.558 0.6000000238
9399  7.817  -70.788  -14.552 0.5000000000
8680  7.282  -71.554  -14.073 0.5000000000
121873  5.787  -75.998  -20.801 0.5000000000
5593  6.177  -75.894  -21.785 0.5000000000
12928  9.825  -65.044  -12.783 0.6000000238
13760  9.260  -64.772  -12.133 0.6999999881
12944  9.460  -65.556  -13.553 0.6000000238
12929  8.904  -65.092  -12.955 0.6999999881
13774  8.050  -64.934  -13.285 0.6000000238
12946  7.814  -65.107  -14.116 0.6000000238
12187  9.107  -66.040  -14.298 0.6000000238
12945  8.599  -65.461  -13.772 0.6000000238
12186  9.982  -66.092  -14.166 0.6000000238
12194  9.583  -66.818  -14.803 0.6000000238
12195  8.652  -66.535  -14.878 0.6000000238
12956  8.264  -65.793  -14.521 0.5000000000
12957  7.421  -65.383  -14.844 0.6000000238
11496  10.292  -67.445  -15.073 0.6000000238
11497  8.903  -67.338  -15.243 0.6000000238
12201  8.135  -67.046  -15.375 0.5000000000
12196  7.811  -66.186  -15.185 0.6000000238
117279  9.592  -67.735  -15.281 0.6000000238
11503  8.383  -67.909  -15.597 0.6000000238
123874  9.230  -69.639  -15.327 0.6000000238
10837  9.015  -68.123  -15.454 0.6000000238
10108  8.455  -70.112  -15.159 0.6000000238
8679  8.282  -71.439  -13.895 0.5000000000
8661  7.267  -72.392  -13.611 0.5000000000
7344  8.279  -73.470  -13.413 0.5000000000
6693  7.633  -74.952  -14.015 0.5000000000
5512  7.547  -75.894  -15.030 0.5000000000
13761  8.236  -64.785  -12.283 0.6000000238
10830  9.571  -68.735  -15.419 0.5000000000
122243  8.666  -70.874  -14.426 0.6000000238
8660  8.692  -72.005  -13.496 0.6000000238
127531  7.961  -72.152  -13.469 0.5000000000
7965  8.529  -72.684  -13.364 0.6000000238
6709  8.376  -74.624  -14.283 0.5000000000
6708  9.078  -74.218  -14.772 0.6000000238
6722  8.638  -74.819  -15.225 0.6000000238
14574  12.103  -65.233  -9.734 0.4000000060
13713  8.545  -65.145  -9.491 0.6999999881
13695  7.274  -65.238  -8.126 0.5000000000
13714  7.386  -65.131  -9.338 0.5000000000
13745  12.472  -65.279  -10.957 0.6000000238
13730  12.103  -65.283  -10.465 0.5000000000
13735  6.880  -64.879  -10.275 0.5000000000
12915  12.851  -65.384  -11.559 0.5000000000
112238  9.236  -65.042  -10.125 0.6000000238
123418  8.548  -64.912  -10.266 0.8000000119
13747  9.539  -64.713  -11.344 0.6999999881
13748  8.109  -64.696  -11.351 0.8000000119
13749  7.291  -64.639  -11.916 0.6999999881
7964  9.284  -72.348  -13.550 0.6000000238
7343  9.113  -73.141  -13.539 0.6000000238
13710  11.966  -65.153  -8.818 0.5000000000
128268  8.999  -65.216  -8.550 0.6999999881
13696  6.405  -65.228  -8.905 0.5000000000
122317  13.295  -65.252  -10.711 0.4000000060
13729  12.897  -65.195  -10.056 0.4000000060
12924  13.335  -65.766  -12.183 0.4000000060
12175  13.902  -66.287  -12.777 0.5000000000
113475  8.011  -65.115  -7.300 0.5000000000
113905  6.106  -65.115  -6.908 0.5000000000
13691  12.483  -65.004  -7.997 0.3000000119
13692  11.717  -64.962  -7.759 0.3000000119
124747  14.247  -65.955  -11.981 0.4000000060
12181  14.504  -67.015  -13.131 0.4000000060
11493  13.505  -68.530  -14.430 0.4000000060
13661  8.236  -64.591  -6.233 0.6000000238
10821  14.431  -68.387  -13.973 0.4000000060
14538  7.794  -63.890  -5.656 0.5000000000
13662  7.376  -64.506  -5.956 0.5000000000
13655  13.741  -63.936  -6.658 0.3000000119
13673  12.237  -64.481  -6.906 0.3000000119
13657  11.913  -63.656  -6.450 0.3000000119
13658  10.991  -63.586  -6.378 0.4000000060
10825  14.936  -69.048  -14.454 0.3000000119
10826  14.158  -69.149  -14.491 0.4000000060
10102  14.868  -69.605  -15.100 0.4000000060
14534  11.523  -63.079  -6.319 0.4000000060
14522  7.921  -63.043  -5.713 0.6000000238
13645  7.039  -64.007  -5.592 0.4000000060
15389  10.897  -62.734  -6.500 0.4000000060
14531  14.341  -63.296  -6.630 0.3000000119
14532  13.378  -63.239  -6.463 0.3000000119
15406  10.460  -62.194  -6.987 0.4000000060
16194  9.300  -60.950  -7.896 0.5000000000
120026  10.002  -61.421  -7.596 0.4000000060
16976  10.847  -59.703  -9.813 0.3000000119
16208  10.618  -60.084  -9.098 0.3000000119
16966  9.931  -59.783  -9.608 0.3000000119
17715  9.991  -59.363  -10.240 0.3000000119
20322  4.664  -56.566  -11.020 0.4000000060
112055  10.783  -59.086  -10.534 0.3000000119
3931  28.238  -79.026  -15.963 0.3000000119
5622  32.771  -77.418  -25.593 0.4000000060
16193  10.646  -60.986  -8.172 0.3000000119
7373  9.647  -73.872  -15.330 0.6000000238
21230  4.462  -55.272  -9.933 0.4000000060
12176  13.087  -65.951  -13.079 0.5000000000
130082  10.452  -60.451  -8.601 0.3000000119
4047  31.227  -78.844  -27.299 0.3000000119
5084  30.799  -77.854  -29.092 0.4000000060
6184  11.466  -74.623  -21.688 0.5000000000
26  16.884  -90.413  -11.971 0.5000000000
864  21.895  -86.999  -10.448 0.5000000000
2895  33.780  -80.945  -15.536 0.4000000060
84  17.670  -89.153  -9.804 0.4000000060
1175  22.687  -85.748  -11.451 0.4000000060
3422  34.104  -80.181  -17.271 0.4000000060
2878  33.874  -80.782  -14.714 0.4000000060
2864  33.203  -81.468  -13.678 0.4000000060
14  15.704  -90.458  -10.414 0.3000000119
868  17.645  -86.440  -10.266 0.3000000119
1187  20.221  -85.931  -12.840 0.3000000119
1185  21.930  -85.468  -12.582 0.4000000060
1184  23.048  -85.062  -12.111 0.4000000060
3943  34.429  -79.382  -17.517 0.3000000119
126351  33.494  -78.845  -18.992 0.4000000060
1532  22.491  -84.752  -13.037 0.4000000060
1932  25.010  -83.784  -12.774 0.4000000060
3367  30.637  -81.107  -13.080 0.5000000000
4042  21.621  -79.931  -27.156 0.5000000000
112081  32.321  -79.862  -20.839 0.4000000060
1189  19.004  -84.868  -11.958 0.3000000119
1542  24.227  -83.625  -13.359 0.4000000060
1948  25.187  -83.207  -13.499 0.4000000060
116175  26.053  -83.116  -13.268 0.5000000000
4967  31.767  -77.829  -16.624 0.3000000119
5005  33.143  -77.303  -19.684 0.3000000119
4481  33.402  -78.329  -19.432 0.3000000119
4486  33.006  -78.343  -20.248 0.3000000119
4592  20.706  -77.917  -28.493 0.6000000238
1960  25.112  -82.707  -14.228 0.3000000119
4027  21.347  -79.448  -25.145 0.5000000000
130494  33.060  -78.401  -23.841 0.4000000060
2883  26.320  -81.083  -15.429 0.3000000119
5091  32.332  -76.707  -29.090 0.4000000060
5073  32.608  -77.548  -27.506 0.4000000060
4569  32.361  -78.253  -26.956 0.4000000060
7522  30.217  -73.535  -30.472 0.3000000119
5539  29.936  -75.945  -18.378 0.3000000119
129647  12.834  -75.633  -20.552 0.6000000238
5082  32.739  -76.789  -28.276 0.3000000119
4987  29.185  -76.764  -17.542 0.3000000119
4988  28.260  -77.072  -17.301 0.3000000119
5609  29.025  -76.458  -24.220 0.3000000119
118418  9.033  -76.623  -24.104 0.6000000238
120134  8.808  -64.707  -11.579 0.6999999881
13734  7.817  -64.914  -10.170 0.6999999881
13733  8.900  -64.761  -10.837 0.6999999881
13694  8.205  -65.207  -8.383 0.6000000238
118528  13.092  -64.583  -7.128 0.3000000119
13656  12.819  -63.780  -6.524 0.3000000119
5060  19.783  -77.379  -25.121 0.5000000000
4521  20.503  -78.092  -24.268 0.5000000000
110348  23.998  -73.926  -28.036 0.6000000238
111534  11.761  -75.382  -23.518 0.4000000060
6208  12.290  -75.805  -24.442 0.5000000000
6197  6.924  -75.413  -23.832 0.5000000000
6235  9.341  -75.627  -26.834 0.5000000000
6236  8.553  -75.858  -26.452 0.5000000000
6211  7.444  -75.486  -25.757 0.5000000000
6198  6.492  -74.977  -23.392 0.5000000000
6212  7.116  -75.283  -24.991 0.5000000000
6248  10.131  -75.433  -27.192 0.5000000000
6178  5.801  -75.125  -21.749 0.4000000060
6854  8.430  -75.123  -26.508 0.5000000000
6842  7.086  -74.985  -25.814 0.5000000000
6825  6.416  -74.533  -23.379 0.5000000000
6165  5.708  -75.230  -21.175 0.5000000000
126253  7.086  -74.443  -25.608 0.6000000238
6824  6.877  -74.533  -25.144 0.5000000000
6814  6.079  -74.476  -22.417 0.5000000000
6731  8.065  -75.212  -16.576 0.5000000000
7475  6.971  -73.845  -25.169 0.6000000238
6140  7.013  -75.672  -18.375 0.5000000000
129801  7.431  -75.518  -17.695 0.5000000000
7465  6.711  -73.970  -24.338 0.6000000238
123360  5.901  -74.735  -20.820 0.6000000238
6164  6.030  -75.295  -20.286 0.5000000000
7485  7.371  -73.771  -25.596 0.6000000238
7456  6.528  -73.827  -23.296 0.6000000238
7444  6.399  -73.858  -21.779 0.6000000238
6139  7.493  -74.921  -18.295 0.6000000238
117126  7.868  -75.029  -17.462 0.5000000000
6730  8.660  -74.751  -16.253 0.5000000000
6785  6.530  -74.058  -20.806 0.6000000238
6786  6.451  -74.608  -20.219 0.6000000238
13775  7.295  -64.594  -13.692 0.5000000000
13750  6.441  -64.420  -11.587 0.5000000000
13762  7.362  -64.601  -12.855 0.5000000000
7374  9.175  -74.319  -15.807 0.6000000238
7432  7.375  -73.378  -20.347 0.6000000238
6741  8.459  -74.507  -17.165 0.6000000238
6767  7.211  -74.069  -19.833 0.6000000238
111480  8.113  -74.302  -17.990 0.6000000238
7419  7.938  -73.306  -19.395 0.6000000238
16173  10.955  -61.649  -7.585 0.3000000119
19379  4.346  -57.602  -10.487 0.3000000119
6256  27.258  -75.648  -29.677 0.4000000060
6258  25.735  -75.253  -28.912 0.5000000000
5095  23.601  -78.009  -29.362 0.5000000000
127798  23.440  -77.729  -28.881 0.5000000000
7513  24.963  -74.190  -28.245 0.4000000060
5079  22.031  -77.327  -27.692 0.4000000060
7500  23.515  -73.040  -28.082 0.4000000060
4534  20.461  -78.342  -25.096 0.4000000060
5072  19.707  -77.073  -27.122 0.4000000060
4547  19.885  -77.679  -25.878 0.4000000060
5081  20.247  -77.238  -27.825 0.4000000060
5080  21.046  -77.267  -28.306 0.4000000060
8857  24.378  -70.817  -28.957 0.4000000060
8851  23.234  -71.315  -28.962 0.4000000060
8143  21.797  -72.670  -28.667 0.4000000060
4520  21.459  -78.655  -23.288 0.4000000060
8849  24.294  -71.114  -28.883 0.4000000060
115702  23.112  -72.004  -28.968 0.4000000060
9608  21.869  -71.132  -28.429 0.4000000060
9596  21.901  -70.469  -27.731 0.5000000000
111684  7.094  -73.293  -21.207 0.5000000000
8071  7.067  -72.227  -22.348 0.5000000000
130694  7.493  -72.805  -20.789 0.5000000000
8034  7.326  -71.745  -19.713 0.5000000000
8033  8.233  -71.961  -18.383 0.5000000000
115966  6.449  -64.564  -10.878 0.4000000060
13715  6.438  -65.022  -9.744 0.4000000060
7418  8.007  -72.292  -19.231 0.5000000000
7408  8.248  -73.468  -18.375 0.5000000000
112759  23.280  -73.490  -28.084 0.5000000000
8850  23.615  -71.991  -28.642 0.4000000060
9607  22.611  -70.896  -28.694 0.4000000060
116348  17.260  -90.401  -11.912 0.4000000060
24  17.954  -90.481  -12.172 0.4000000060
125020  20.821  -89.300  -15.046 0.4000000060
11  17.549  -90.295  -11.406 0.4000000060
17  18.480  -90.355  -11.668 0.4000000060
271  21.985  -88.889  -13.931 0.4000000060
23  18.931  -90.684  -12.492 0.4000000060
405  23.647  -88.553  -13.003 0.4000000060
266  22.339  -88.966  -13.228 0.4000000060
128  20.765  -89.974  -13.847 0.4000000060
91  19.581  -89.271  -11.021 0.5000000000
101  19.048  -89.933  -11.211 0.5000000000
111  19.245  -90.348  -11.850 0.4000000060
267  21.565  -89.385  -13.338 0.4000000060
240  18.900  -89.012  -10.567 0.5000000000
238  21.062  -88.502  -11.044 0.5000000000
239  20.080  -88.708  -10.803 0.5000000000
125764  20.862  -89.589  -11.989 0.4000000060
110  19.822  -90.486  -12.437 0.4000000060
237  21.893  -88.462  -11.032 0.4000000060
248  20.677  -89.132  -11.384 0.4000000060
124840  23.999  -88.067  -10.796 0.4000000060
400  23.536  -88.661  -12.119 0.4000000060
246  22.791  -88.836  -11.919 0.4000000060
255  22.201  -89.052  -12.597 0.4000000060
120  20.966  -89.875  -13.108 0.4000000060
265  22.957  -88.850  -12.755 0.4000000060
386  22.500  -88.197  -10.755 0.5000000000
247  22.418  -88.627  -11.324 0.4000000060
112408  21.369  -89.189  -11.861 0.4000000060
256  21.402  -89.449  -12.485 0.4000000060
597  23.336  -87.722  -10.379 0.5000000000
128073  23.299  -88.460  -11.139 0.4000000060
109065  22.023  -88.993  -11.909 0.4000000060
860  25.483  -86.663  -10.601 0.3000000119
122293  26.703  -86.269  -10.695 0.3000000119
859  26.050  -86.023  -10.535 0.4000000060
861  24.662  -86.765  -10.480 0.3000000119
1172  25.509  -85.435  -10.788 0.4000000060
1160  25.097  -86.088  -10.550 0.4000000060
1514  29.307  -84.375  -10.831 0.3000000119
1170  27.819  -85.149  -10.669 0.4000000060
1171  26.899  -85.639  -10.604 0.4000000060
120382  26.295  -85.422  -10.687 0.4000000060
1916  28.565  -84.004  -10.953 0.4000000060
1516  26.883  -84.963  -10.766 0.4000000060
1530  26.462  -84.178  -11.669 0.4000000060
1531  25.436  -84.244  -11.978 0.3000000119
596  24.295  -87.496  -10.526 0.3000000119
1518  24.994  -84.811  -11.430 0.3000000119
1173  24.576  -85.434  -10.945 0.4000000060
1915  29.227  -83.954  -10.813 0.4000000060
1517  25.938  -84.848  -11.133 0.3000000119
1529  27.692  -84.342  -11.073 0.4000000060
1930  27.144  -83.635  -12.072 0.4000000060
862  23.771  -86.875  -10.381 0.4000000060
1161  24.173  -86.129  -10.543 0.4000000060
1513  30.007  -84.273  -11.027 0.4000000060
2387  30.321  -82.822  -11.498 0.4000000060
2370  30.420  -83.406  -11.264 0.4000000060
2850  30.891  -81.983  -12.072 0.4000000060
2388  29.350  -82.953  -11.840 0.4000000060
1928  28.931  -83.549  -11.321 0.4000000060
1174  23.628  -85.521  -11.158 0.3000000119
875  23.247  -86.224  -10.626 0.4000000060
1519  24.020  -84.829  -11.733 0.3000000119
2386  31.243  -82.677  -11.679 0.4000000060
2385  31.996  -82.193  -11.975 0.4000000060
2849  31.857  -81.839  -12.032 0.4000000060
2397  29.763  -82.309  -12.368 0.4000000060
1945  28.437  -83.102  -12.260 0.4000000060
387  21.476  -88.044  -10.719 0.4000000060
876  22.353  -86.423  -10.857 0.3000000119
388  20.565  -87.964  -10.507 0.4000000060
599  21.309  -87.590  -10.462 0.4000000060
598  22.259  -87.581  -10.353 0.4000000060
863  22.832  -86.940  -10.357 0.4000000060
9565  21.753  -70.830  -25.984 0.4000000060
1927  29.754  -83.469  -11.116 0.4000000060
12  16.943  -90.191  -10.813 0.5000000000
79  16.528  -89.548  -9.369 0.3000000119
85  16.922  -89.693  -9.998 0.3000000119
92  18.671  -89.367  -10.692 0.5000000000
100  20.016  -89.919  -11.699 0.4000000060
109  20.628  -90.025  -12.508 0.4000000060
228  19.589  -88.309  -10.352 0.5000000000
272  21.161  -89.370  -14.277 0.4000000060
394  24.085  -88.314  -11.554 0.4000000060
609  19.679  -87.271  -11.094 0.4000000060
1162  17.990  -85.729  -10.572 0.3000000119
1515  28.642  -84.482  -10.801 0.4000000060
1914  29.878  -83.878  -10.914 0.4000000060
1929  28.046  -83.643  -11.659 0.4000000060
2400  26.527  -82.681  -13.823 0.5000000000
2413  25.472  -82.334  -14.692 0.3000000119
2848  32.374  -81.687  -12.436 0.4000000060
2854  33.399  -80.885  -13.596 0.4000000060
2863  33.688  -80.988  -14.116 0.4000000060
2964  29.266  -81.054  -24.339 0.3000000119
3366  31.530  -80.746  -12.925 0.5000000000
3378  30.990  -80.319  -13.653 0.5000000000
3394  34.310  -79.883  -15.016 0.4000000060
3411  34.497  -79.728  -15.702 0.4000000060
3478  20.758  -80.240  -21.705 0.6999999881
3486  31.153  -80.568  -22.384 0.3000000119
3494  20.311  -80.667  -22.339 0.6000000238
3529  29.452  -80.230  -26.430 0.3000000119
3545  26.918  -80.110  -28.945 0.4000000060
3920  27.924  -79.645  -15.693 0.3000000119
3930  34.666  -79.159  -16.087 0.4000000060
3952  34.441  -78.678  -17.688 0.3000000119
3953  34.005  -79.140  -18.369 0.3000000119
3978  32.661  -78.918  -20.518 0.3000000119
3979  32.451  -79.457  -20.451 0.4000000060
3980  30.858  -80.102  -19.894 0.3000000119
3990  32.866  -78.509  -21.108 0.3000000119
3996  21.620  -79.353  -21.285 0.6999999881
4002  32.750  -78.804  -21.977 0.3000000119
4015  31.899  -80.132  -23.954 0.4000000060
4035  20.474  -78.480  -26.049 0.6000000238
4419  33.708  -78.950  -14.881 0.4000000060
4431  34.209  -78.645  -15.729 0.4000000060
4443  34.576  -78.670  -16.351 0.3000000119
4463  34.509  -78.320  -17.102 0.3000000119
4482  21.111  -78.015  -19.503 0.6999999881
4488  20.688  -78.691  -19.881 0.6999999881
4495  33.137  -78.078  -21.825 0.3000000119
4496  21.477  -78.599  -20.728 0.6999999881
4508  17.866  -78.267  -22.582 0.5000000000
4518  33.206  -78.073  -23.339 0.4000000060
4522  18.068  -78.555  -23.332 0.5000000000
4531  33.080  -77.960  -24.159 0.4000000060
4544  32.943  -78.197  -24.841 0.5000000000
4545  32.780  -78.630  -25.146 0.5000000000
4556  32.076  -78.898  -26.458 0.4000000060
4560  19.785  -77.613  -26.753 0.4000000060
4585  32.142  -77.703  -28.181 0.4000000060
4586  31.302  -78.136  -28.399 0.4000000060
4965  34.052  -77.757  -17.456 0.3000000119
4984  33.404  -77.313  -17.916 0.3000000119
4996  33.879  -77.727  -18.288 0.3000000119
4998  21.092  -76.699  -18.832 0.8000000119
5007  20.843  -77.426  -18.969 0.8000000119
5008  20.149  -77.335  -18.854 0.6999999881
5022  32.561  -77.487  -21.744 0.3000000119
5024  18.583  -77.840  -21.001 0.6000000238
5031  11.247  -76.904  -20.218 0.6000000238
5035  33.055  -77.628  -23.022 0.3000000119
5054  14.349  -77.876  -23.341 0.5000000000
5066  19.637  -77.097  -26.173 0.6000000238
5067  32.817  -77.442  -26.517 0.4000000060
5078  23.159  -77.703  -28.093 0.5000000000
5088  22.847  -77.608  -29.047 0.5000000000
5089  21.979  -77.648  -29.046 0.6000000238
5090  21.265  -77.809  -28.792 0.6000000238
5541  20.528  -76.116  -18.547 0.8999999762
5550  21.414  -76.394  -19.266 0.6999999881
5556  30.898  -76.292  -20.137 0.3000000119
5571  29.797  -76.612  -21.409 0.3000000119
5575  20.815  -76.149  -21.356 0.6999999881
5579  14.112  -76.316  -21.111 0.6000000238
5603  7.275  -76.149  -23.060 0.6000000238
5611  23.778  -75.753  -24.240 0.8000000119
5613  21.378  -75.503  -25.031 0.6999999881
5633  14.038  -76.211  -26.617 0.6000000238
5637  10.271  -76.760  -25.933 0.6999999881
5639  8.054  -76.012  -25.941 0.5000000000
5644  25.806  -76.805  -25.466 0.6999999881
5647  13.771  -76.164  -27.516 0.6999999881
5656  20.904  -76.925  -27.453 0.4000000060
5658  11.939  -76.250  -28.001 0.6999999881
5659  11.196  -76.177  -27.680 0.6999999881
5665  32.150  -76.034  -29.647 0.4000000060
5671  30.050  -75.964  -30.571 0.5000000000
5672  28.956  -76.082  -30.485 0.5000000000
6102  7.975  -75.268  -14.684 0.5000000000
6121  8.114  -75.332  -15.612 0.6000000238
6137  20.608  -75.196  -18.523 0.8999999762
6144  30.450  -75.756  -19.374 0.3000000119
6157  16.992  -75.460  -20.629 0.6000000238
6159  14.841  -74.979  -20.503 0.6000000238
6161  13.122  -75.042  -20.472 0.6000000238
6163  9.844  -76.309  -20.431 0.6000000238
6172  17.534  -74.993  -20.752 0.6000000238
6181  19.861  -75.068  -22.406 0.6999999881
6187  6.152  -75.012  -22.542 0.4000000060
6195  11.164  -75.110  -22.656 0.5000000000
6196  10.409  -75.687  -22.991 0.6000000238
6201  22.972  -75.183  -24.527 0.8000000119
6213  6.691  -74.748  -24.243 0.5000000000
6218  17.191  -75.176  -24.801 0.6999999881
6222  12.776  -76.236  -25.515 0.6999999881
6223  7.718  -75.389  -26.164 0.5000000000
6230  24.062  -75.134  -25.082 0.8000000119
6232  15.264  -75.488  -27.070 0.6999999881
6243  14.463  -75.628  -27.537 0.6000000238
6244  13.803  -75.767  -27.982 0.6000000238
6247  10.933  -75.799  -27.660 0.6000000238
6251  26.209  -75.779  -29.013 0.6000000238
6255  28.071  -75.903  -30.120 0.5000000000
6692  7.978  -74.280  -13.640 0.5000000000
6753  21.163  -74.031  -18.838 0.8000000119
6756  7.746  -74.193  -18.909 0.6000000238
6765  19.371  -74.737  -18.825 0.8000000119
6768  6.836  -74.918  -19.296 0.6000000238
6777  21.571  -75.075  -19.912 0.8000000119
6779  18.014  -74.739  -20.730 0.6000000238
6780  15.002  -74.519  -20.853 0.6000000238
6782  13.472  -74.414  -20.735 0.5000000000
6784  11.966  -74.718  -20.759 0.5000000000
6793  20.828  -74.615  -21.167 0.6000000238
6797  14.268  -74.037  -21.146 0.5000000000
6799  12.633  -74.175  -21.012 0.6000000238
6800  11.237  -74.843  -20.982 0.5000000000
6801  5.841  -74.630  -21.500 0.6000000238
6818  19.677  -73.927  -23.422 0.8000000119
6821  14.232  -74.259  -22.731 0.5000000000
6822  12.815  -74.348  -22.653 0.6000000238
6836  22.371  -74.567  -25.141 0.8000000119
6841  7.575  -74.508  -26.095 0.6000000238
6851  15.810  -75.074  -27.324 0.6000000238
6865  11.468  -75.244  -27.769 0.6000000238
6866  10.774  -75.114  -27.424 0.5000000000
6877  30.731  -74.202  -30.456 0.3000000119
7358  10.226  -73.005  -14.455 0.8000000119
7359  9.591  -73.500  -14.335 0.6999999881
7360  8.773  -73.916  -13.863 0.5000000000
7393  8.645  -73.661  -17.597 0.5000000000
7406  19.042  -73.518  -18.939 0.6999999881
7417  18.607  -73.470  -19.507 0.8000000119
7430  18.241  -73.634  -20.318 0.8000000119
7443  7.012  -73.115  -22.066 0.6000000238
7464  17.610  -73.856  -23.129 0.6999999881
7474  17.823  -73.749  -24.599 0.6000000238
7484  7.882  -73.614  -26.004 0.6999999881
7493  10.666  -73.526  -27.060 0.6000000238
7503  16.479  -73.555  -27.896 0.5000000000
7508  11.941  -74.497  -27.708 0.6000000238
7514  22.853  -73.501  -28.202 0.5000000000
7515  22.114  -73.674  -28.159 0.6000000238
7516  21.674  -73.267  -28.378 0.6000000238
7519  27.643  -73.770  -29.464 0.4000000060
7966  7.732  -72.930  -13.331 0.5000000000
8022  8.625  -72.696  -17.854 0.6000000238
8031  20.351  -72.628  -18.578 0.6999999881
8045  7.686  -72.600  -20.068 0.5000000000
8062  7.284  -72.514  -21.471 0.5000000000
8080  20.128  -72.778  -23.448 0.5000000000
8091  20.258  -72.827  -24.199 0.6999999881
8093  7.129  -71.799  -24.133 0.5000000000
8100  20.530  -72.939  -25.010 0.6999999881
8105  7.807  -72.961  -25.643 0.6999999881
8115  18.068  -72.125  -27.371 0.6000000238
8121  9.222  -72.832  -26.495 0.6999999881
8130  21.081  -73.016  -28.206 0.6000000238
8131  17.514  -72.327  -27.710 0.6000000238
8142  22.493  -72.499  -28.851 0.4000000060
8696  13.849  -71.261  -15.985 0.5000000000
8697  13.309  -71.414  -15.739 0.6000000238
8750  21.188  -71.404  -19.185 0.6000000238
8751  20.315  -71.110  -19.001 0.6000000238
8752  19.602  -71.438  -19.002 0.6999999881
8765  21.670  -71.612  -20.673 0.5000000000
8766  18.293  -71.595  -19.969 0.6999999881
8768  7.156  -71.903  -20.699 0.5000000000
8769  6.319  -70.928  -21.058 0.5000000000
8779  21.455  -71.709  -21.711 0.5000000000
8812  18.061  -72.123  -25.008 0.5000000000
8824  18.174  -71.429  -27.362 0.5000000000
8830  10.748  -71.931  -26.469 0.5000000000
8837  21.390  -71.329  -27.721 0.6000000238
8852  22.311  -71.821  -28.860 0.4000000060
8858  23.818  -71.356  -28.943 0.4000000060
9394  13.497  -70.362  -15.183 0.6000000238
9395  12.742  -70.478  -15.112 0.6000000238
9417  14.279  -70.812  -15.915 0.5000000000
9429  14.364  -70.631  -16.460 0.4000000060
9478  20.466  -70.662  -19.359 0.6000000238
9493  19.280  -70.464  -20.048 0.6000000238
9495  17.913  -71.296  -20.750 0.6000000238
9512  18.169  -70.194  -22.866 0.5000000000
9547  14.594  -70.268  -24.877 0.5000000000
9570  11.858  -70.648  -24.907 0.5000000000
9583  21.676  -70.649  -26.925 0.5000000000
9586  17.487  -70.322  -27.244 0.5000000000
9588  14.917  -70.776  -26.499 0.6000000238
9595  22.304  -70.450  -28.224 0.4000000060
9610  24.882  -70.493  -28.901 0.4000000060
9611  23.877  -70.968  -29.021 0.4000000060
10106  11.260  -70.067  -15.025 0.8000000119
10107  9.973  -69.651  -15.227 0.6999999881
10182  22.259  -69.661  -20.408 0.6000000238
10184  20.854  -69.615  -20.261 0.6000000238
10193  19.392  -69.268  -21.656 0.5000000000
10208  18.712  -69.513  -22.401 0.5000000000
10242  14.506  -69.708  -24.318 0.5000000000
10255  17.517  -69.606  -26.793 0.5000000000
10270  24.787  -70.389  -28.979 0.4000000060
10880  21.323  -68.921  -20.828 0.6000000238
10911  13.476  -68.958  -23.615 0.5000000000
10918  15.778  -68.370  -24.284 0.5000000000
11550  23.286  -67.973  -21.875 0.6000000238
11569  21.225  -67.751  -23.031 0.5000000000
12182  13.508  -66.807  -13.497 0.4000000060
12183  12.561  -66.261  -13.696 0.6000000238
12942  11.231  -65.530  -13.422 0.8000000119
13678  7.153  -65.041  -6.841 0.5000000000
13679  6.294  -65.284  -7.829 0.5000000000
13758  11.177  -64.876  -11.876 0.8000000119
14575  11.311  -65.214  -10.353 0.6000000238
15386  13.763  -62.853  -6.640 0.3000000119
15388  11.855  -62.737  -6.558 0.4000000060
16176  7.487  -61.486  -7.010 0.6000000238
18511  5.895  -57.663  -12.295 0.5000000000
20334  5.107  -56.780  -11.637 0.4000000060
110413  7.309  -64.684  -10.950 0.6999999881
110700  28.017  -82.691  -13.063 0.5000000000
111200  32.983  -77.728  -22.279 0.3000000119
111320  16.743  -70.546  -27.265 0.5000000000
111543  26.953  -75.019  -29.563 0.4000000060
111805  8.147  -64.754  -10.691 0.8000000119
112246  29.906  -76.925  -22.905 0.3000000119
112337  17.567  -72.351  -22.358 0.6999999881
112392  15.055  -74.253  -21.384 0.6000000238
112984  6.519  -73.694  -22.552 0.6000000238
113641  32.467  -79.524  -23.930 0.4000000060
113884  14.210  -67.545  -13.619 0.4000000060
113907  18.443  -70.967  -27.007 0.5000000000
113973  20.856  -72.367  -26.419 0.6000000238
114034  29.113  -74.958  -30.693 0.5000000000
114604  29.423  -81.002  -23.489 0.3000000119
115094  6.952  -72.906  -23.929 0.6999999881
115342  32.689  -76.921  -25.925 0.3000000119
116550  18.269  -74.355  -20.530 0.6999999881
116741  24.890  -75.494  -26.640 0.6999999881
117058  21.600  -71.470  -19.746 0.6000000238
117576  19.764  -78.318  -19.728 0.6999999881
118334  19.626  -77.140  -19.039 0.8000000119
118665  31.758  -78.757  -27.035 0.3000000119
118667  17.646  -74.327  -23.825 0.6000000238
119447  21.452  -73.674  -19.446 0.6999999881
119517  21.942  -80.185  -22.483 0.6000000238
120619  9.272  -71.434  -25.759 0.5000000000
121382  12.961  -71.422  -26.025 0.5000000000
121532  10.466  -70.370  -14.819 0.6999999881
121639  21.455  -72.892  -19.538 0.6000000238
122266  16.570  -77.645  -22.160 0.6000000238
122431  21.496  -77.319  -20.397 0.6999999881
123359  19.970  -74.388  -18.450 0.8999999762
123663  33.430  -80.953  -16.510 0.4000000060
123793  14.182  -77.312  -22.141 0.6000000238
123959  21.907  -84.974  -13.262 0.4000000060
124348  17.553  -78.307  -23.160 0.5000000000
124644  19.069  -77.853  -20.328 0.6999999881
124673  12.843  -71.893  -16.592 0.5000000000
124761  21.638  -88.786  -11.428 0.4000000060
125994  14.447  -69.572  -14.837 0.4000000060
126011  19.987  -77.462  -24.386 0.6000000238
126043  26.161  -79.351  -28.861 0.4000000060
126087  20.766  -71.409  -18.905 0.6000000238
126447  16.583  -69.092  -25.556 0.5000000000
126687  15.997  -77.526  -21.896 0.5000000000
126858  19.993  -88.177  -10.210 0.4000000060
127085  12.623  -70.649  -24.795 0.5000000000
127264  32.258  -80.068  -22.655 0.4000000060
127334  20.394  -76.996  -27.823 0.4000000060
127759  8.204  -72.350  -25.775 0.5000000000
128658  32.908  -79.188  -14.483 0.4000000060
128730  7.336  -63.389  -5.565 0.4000000060
129060  7.128  -72.520  -24.608 0.6000000238
129250  15.955  -70.096  -26.222 0.6000000238
129401  14.346  -70.967  -26.251 0.6000000238
129977  33.400  -80.343  -17.845 0.3000000119
130119  32.694  -81.314  -12.755 0.5000000000
130328  33.803  -80.571  -16.839 0.3000000119
130506  13.478  -69.212  -14.719 0.5000000000
130570  21.362  -74.666  -20.482 0.6999999881
130927  26.420  -83.514  -12.530 0.5000000000
