#!ascii label  , from subject sub-v1s13x0050005_ses-1 vox2ras=TkReg
1442
6875  26.273  -75.025  -29.243 0.5000000000
13956  18.068  -63.889  -24.452 0.6000000238
13080  17.317  -64.904  -24.452 0.6000000238
12364  17.613  -66.493  -25.237 0.6000000238
13094  16.826  -65.476  -24.386 0.6999999881
11620  17.133  -67.465  -25.082 0.6000000238
13945  16.411  -64.345  -23.417 0.6999999881
110988  16.118  -64.947  -23.723 0.6000000238
8794  22.041  -71.409  -23.102 0.5000000000
9582  22.075  -70.194  -26.276 0.6000000238
9564  22.342  -70.223  -25.414 0.6000000238
8800  22.196  -71.099  -23.905 0.5000000000
9596  21.901  -70.469  -27.731 0.5000000000
10252  22.066  -69.847  -26.984 0.4000000060
9544  21.989  -70.976  -25.004 0.5000000000
126827  19.385  -68.950  -22.426 0.5000000000
8836  24.181  -71.483  -28.220 0.4000000060
10910  19.940  -68.497  -23.988 0.5000000000
10224  18.718  -69.587  -23.550 0.5000000000
11600  20.549  -67.726  -24.820 0.6000000238
12362  19.934  -66.110  -25.701 0.6000000238
14779  18.159  -62.926  -24.175 0.6000000238
15572  18.007  -62.379  -23.526 0.6999999881
124691  18.258  -65.278  -25.250 0.6000000238
14766  17.417  -63.104  -23.607 0.6999999881
14726  18.679  -63.007  -22.160 0.6000000238
125639  18.096  -63.171  -22.290 0.6999999881
13882  19.944  -64.897  -21.041 0.6000000238
13908  18.348  -64.072  -21.887 0.6000000238
13929  16.761  -63.825  -22.832 0.6999999881
13039  19.117  -65.025  -21.279 0.6999999881
11602  16.188  -67.480  -24.395 0.6000000238
9511  22.871  -70.710  -21.822 0.5000000000
110480  22.970  -70.568  -23.607 0.6000000238
9523  22.934  -70.966  -22.885 0.5000000000
10251  22.516  -69.068  -26.969 0.6000000238
10245  22.540  -69.445  -26.044 0.6999999881
9543  22.626  -70.366  -24.421 0.6000000238
10266  22.868  -70.124  -28.351 0.4000000060
11585  21.183  -67.578  -24.009 0.5000000000
10901  19.890  -68.536  -22.923 0.5000000000
7498  25.243  -73.500  -27.731 0.5000000000
122248  19.983  -63.478  -25.611 0.6999999881
119756  20.849  -66.610  -25.115 0.6000000238
15595  19.751  -61.826  -24.953 0.6999999881
13968  19.406  -64.014  -25.515 0.6000000238
13091  20.425  -65.637  -25.478 0.6000000238
14778  18.950  -62.439  -24.457 0.6999999881
13969  18.645  -64.584  -25.239 0.6000000238
15580  18.995  -61.168  -23.727 0.6999999881
14725  19.637  -62.976  -22.120 0.6000000238
14752  18.981  -61.888  -22.749 0.6000000238
13906  20.261  -64.073  -21.573 0.6000000238
14753  18.022  -62.484  -22.779 0.6000000238
13881  20.826  -64.922  -20.829 0.6000000238
110161  20.413  -65.662  -20.284 0.6999999881
13067  15.048  -64.959  -23.153 0.6999999881
11603  15.359  -67.556  -23.987 0.5000000000
13909  17.342  -64.681  -22.027 0.6999999881
13910  16.287  -64.749  -22.442 0.6999999881
12349  15.857  -65.710  -23.983 0.6000000238
10908  24.128  -68.737  -23.802 0.5000000000
10206  23.848  -69.528  -22.535 0.5000000000
127725  23.654  -69.772  -21.991 0.5000000000
10923  23.546  -67.928  -25.403 0.6999999881
10222  23.849  -69.442  -23.392 0.6000000238
10938  23.170  -68.153  -27.561 0.5000000000
10931  22.751  -68.173  -27.018 0.6999999881
10930  22.941  -67.503  -26.491 0.6999999881
10244  23.148  -68.843  -25.459 0.6000000238
10238  23.722  -68.738  -24.653 0.6000000238
10264  24.644  -69.774  -28.849 0.4000000060
10943  23.811  -68.948  -28.336 0.4000000060
10944  23.090  -69.280  -27.964 0.5000000000
11584  21.742  -67.132  -23.417 0.5000000000
13955  21.544  -64.392  -25.105 0.5000000000
12346  21.598  -66.155  -24.559 0.5000000000
128886  21.083  -67.289  -24.616 0.5000000000
15594  20.650  -61.448  -25.507 0.6000000238
13967  20.399  -64.548  -25.477 0.5000000000
15579  20.481  -60.515  -24.195 0.6999999881
14749  22.426  -62.618  -22.648 0.6000000238
15569  20.780  -60.985  -23.405 0.6999999881
16334  19.595  -60.862  -24.038 0.6999999881
14722  22.846  -63.805  -22.081 0.6000000238
14750  21.302  -62.212  -22.669 0.6000000238
15570  19.573  -61.056  -23.494 0.6999999881
13878  23.744  -65.224  -20.564 0.6999999881
14723  21.812  -63.525  -22.151 0.6000000238
14724  20.727  -63.244  -22.178 0.6000000238
13012  22.968  -65.739  -18.994 0.6000000238
13879  22.804  -65.156  -20.598 0.6999999881
13880  21.804  -65.029  -20.659 0.6999999881
13841  22.912  -64.909  -17.867 0.6000000238
112636  22.255  -65.891  -18.842 0.6000000238
13026  22.312  -65.669  -19.727 0.6999999881
12351  13.737  -66.459  -23.758 0.6000000238
13027  21.294  -65.632  -20.010 0.6999999881
12350  14.507  -66.185  -23.747 0.6000000238
13821  21.961  -65.145  -17.623 0.6999999881
13001  21.643  -65.864  -18.247 0.6000000238
12264  19.902  -66.317  -19.725 0.8000000119
12265  19.024  -66.603  -19.963 0.6999999881
13029  18.272  -66.531  -20.681 0.6999999881
13041  16.768  -65.563  -21.780 0.6999999881
10205  24.185  -68.799  -23.035 0.6000000238
11633  22.833  -66.499  -26.740 0.6999999881
11616  23.334  -66.979  -25.878 0.6999999881
11651  24.052  -66.906  -28.085 0.5000000000
12375  23.306  -66.097  -27.659 0.6999999881
10942  24.767  -68.844  -28.690 0.4000000060
11650  24.996  -67.958  -28.569 0.5000000000
12314  22.444  -66.834  -22.978 0.5000000000
11551  22.471  -67.802  -21.958 0.5000000000
13078  22.245  -65.351  -24.472 0.5000000000
14777  21.816  -63.185  -25.409 0.6000000238
16332  22.542  -59.761  -25.004 0.6000000238
15584  21.390  -60.477  -25.526 0.6999999881
13966  20.793  -63.412  -25.585 0.6999999881
15567  23.117  -61.750  -23.305 0.6999999881
16333  21.431  -59.979  -24.962 0.6999999881
14721  23.820  -64.034  -21.994 0.6000000238
14748  23.457  -62.986  -22.579 0.6000000238
15568  22.008  -61.273  -23.365 0.6999999881
13837  26.104  -64.475  -18.861 0.6999999881
13877  24.626  -65.198  -20.409 0.6999999881
13902  24.229  -64.722  -21.217 0.6999999881
111351  12.946  -65.071  -22.875 0.6000000238
13838  25.250  -64.648  -18.645 0.6000000238
13009  24.887  -65.304  -19.549 0.6999999881
13903  23.293  -64.619  -21.325 0.6999999881
15519  23.391  -62.641  -18.112 0.6000000238
14665  23.854  -63.589  -17.834 0.6000000238
15518  24.457  -62.904  -18.126 0.6000000238
13839  24.570  -64.931  -18.516 0.6000000238
13010  24.420  -65.377  -19.014 0.6999999881
13054  13.663  -65.065  -22.651 0.6000000238
123571  22.370  -64.312  -17.415 0.6000000238
13840  23.842  -64.664  -18.089 0.6000000238
129538  16.640  -67.354  -20.735 0.6999999881
12289  15.193  -66.748  -21.357 0.6000000238
13052  15.332  -64.866  -22.582 0.6999999881
13068  14.443  -64.983  -22.953 0.6000000238
119955  22.485  -62.615  -18.045 0.5000000000
112826  21.635  -64.386  -17.211 0.6000000238
12984  20.544  -65.558  -17.416 0.8000000119
12220  19.330  -66.233  -17.739 0.8000000119
12235  18.861  -66.670  -18.344 0.8000000119
12266  18.051  -67.219  -19.712 0.8000000119
123953  17.409  -67.162  -20.555 0.6999999881
12287  16.746  -66.599  -21.281 0.6999999881
12233  20.327  -66.374  -18.251 0.8000000119
121803  19.435  -66.699  -19.244 0.8000000119
11599  24.192  -66.932  -24.783 0.6999999881
11583  24.431  -67.264  -23.784 0.6999999881
11565  24.314  -67.513  -23.018 0.6999999881
10898  23.985  -68.690  -22.353 0.6000000238
13114  25.257  -65.243  -28.133 0.6999999881
12312  23.817  -67.037  -22.731 0.6000000238
12383  24.394  -65.887  -27.948 0.6000000238
11567  23.224  -67.416  -22.292 0.5000000000
12330  22.914  -66.273  -23.156 0.5000000000
115568  7.393  -64.669  -18.924 0.6000000238
129610  22.890  -64.999  -24.199 0.5000000000
111917  8.525  -65.153  -19.748 0.5000000000
13954  22.622  -64.189  -24.640 0.5000000000
13032  9.739  -65.193  -20.333 0.6000000238
16349  22.955  -60.286  -26.119 0.6999999881
14789  22.033  -61.973  -26.098 0.6000000238
15576  23.814  -61.057  -23.990 0.6999999881
15593  22.170  -60.728  -26.126 0.6999999881
13047  11.138  -65.545  -21.108 0.6000000238
14747  24.400  -63.307  -22.519 0.6999999881
15566  24.085  -62.273  -23.232 0.6000000238
13836  27.027  -64.223  -18.857 0.6999999881
13875  26.356  -64.802  -20.189 0.6999999881
13901  25.118  -64.729  -21.043 0.6999999881
13045  12.783  -65.173  -21.966 0.6000000238
13046  11.873  -65.479  -21.651 0.6000000238
14663  26.461  -63.660  -18.476 0.6000000238
13876  25.530  -65.065  -20.104 0.6999999881
12269  13.604  -66.537  -20.320 0.6000000238
13055  12.149  -65.273  -22.584 0.6000000238
17032  26.390  -61.205  -18.609 0.6000000238
15517  25.309  -62.885  -18.296 0.6000000238
11536  14.783  -67.463  -20.180 0.6999999881
11553  14.685  -67.271  -20.815 0.6000000238
13044  13.786  -65.516  -21.802 0.6000000238
16283  24.838  -62.149  -18.551 0.6000000238
13003  17.416  -66.102  -18.058 0.6000000238
119319  16.497  -66.027  -18.402 0.6000000238
12248  17.237  -67.369  -19.407 0.6999999881
11535  15.481  -67.690  -20.061 0.6000000238
13043  14.790  -65.607  -21.976 0.6000000238
13824  18.592  -64.851  -17.213 0.6000000238
12236  17.338  -66.845  -18.570 0.8000000119
12985  19.721  -65.595  -17.333 0.6000000238
12221  18.637  -66.231  -17.743 0.6999999881
129572  17.387  -67.501  -19.901 0.8000000119
13097  24.051  -64.936  -26.277 0.6999999881
12360  24.230  -65.883  -24.821 0.6999999881
12345  24.402  -66.358  -24.028 0.6999999881
13103  24.470  -64.967  -27.493 0.6999999881
13104  23.532  -65.379  -27.235 0.6999999881
13064  24.126  -66.033  -23.687 0.6000000238
12329  23.595  -66.256  -23.256 0.6000000238
13817  7.507  -63.618  -17.183 0.6000000238
12992  8.370  -65.279  -17.493 0.6000000238
13845  7.461  -64.004  -18.248 0.6000000238
13846  7.250  -64.955  -18.621 0.6000000238
13944  23.343  -64.824  -24.193 0.6000000238
13862  8.235  -64.312  -19.287 0.5000000000
16348  23.636  -60.863  -25.752 0.6999999881
15592  23.056  -61.519  -25.991 0.6999999881
108497  9.762  -63.370  -19.406 0.4000000060
13887  8.855  -64.632  -19.639 0.5000000000
15575  24.608  -61.841  -23.864 0.6999999881
16330  24.196  -61.160  -24.531 0.8000000119
13884  10.816  -64.179  -19.801 0.5000000000
15565  24.980  -62.671  -23.133 0.6000000238
16331  23.483  -60.223  -24.793 0.6999999881
13031  11.239  -64.950  -20.254 0.6000000238
14719  25.593  -64.160  -21.661 0.6999999881
14746  25.295  -63.499  -22.416 0.6999999881
13017  12.978  -65.483  -19.682 0.6999999881
13018  12.123  -65.201  -19.904 0.6000000238
14661  28.207  -63.410  -18.315 0.6999999881
13835  27.905  -64.157  -18.742 0.6999999881
13860  13.591  -65.030  -19.297 0.5000000000
12270  12.755  -65.791  -20.273 0.6000000238
16281  27.604  -61.134  -18.434 0.6000000238
15516  26.717  -62.729  -18.232 0.6000000238
14662  27.333  -63.516  -18.418 0.6999999881
12251  13.453  -66.167  -19.819 0.6999999881
121616  27.127  -61.937  -18.213 0.6000000238
114731  25.999  -63.043  -18.316 0.6000000238
13004  15.533  -65.890  -18.750 0.5000000000
13015  14.883  -66.371  -19.156 0.6000000238
16301  25.255  -61.427  -18.855 0.6000000238
13825  17.793  -64.515  -17.540 0.6000000238
13842  17.206  -65.168  -17.983 0.5000000000
12237  15.814  -66.764  -19.010 0.6999999881
14649  18.424  -63.932  -17.388 0.6000000238
13977  24.547  -64.282  -26.354 0.6999999881
13089  24.239  -65.048  -25.116 0.6999999881
123479  24.164  -64.597  -24.731 0.6000000238
119677  23.870  -64.648  -24.354 0.6000000238
13828  9.004  -64.736  -17.107 0.4000000060
117602  9.833  -65.378  -17.401 0.5000000000
129663  24.121  -62.889  -25.465 0.6000000238
124021  7.574  -62.719  -17.176 0.5000000000
12991  9.123  -65.710  -17.531 0.6000000238
124967  24.751  -62.568  -25.654 0.6999999881
16347  24.478  -61.760  -25.378 0.6999999881
13953  23.411  -63.837  -24.704 0.6000000238
14702  8.931  -63.809  -19.321 0.5000000000
119863  25.347  -62.319  -23.717 0.6999999881
110514  10.907  -63.057  -19.869 0.4000000060
13872  29.093  -64.726  -20.233 0.6999999881
110978  27.969  -64.436  -21.090 0.6999999881
14717  27.798  -63.929  -21.854 0.6999999881
14700  11.501  -63.597  -19.920 0.6000000238
15513  29.667  -62.846  -18.149 0.6999999881
122218  29.617  -63.819  -18.505 0.6999999881
13899  27.162  -64.295  -21.286 0.6999999881
121583  26.153  -63.653  -22.256 0.6999999881
14684  12.346  -63.919  -19.731 0.5000000000
13861  12.640  -64.731  -19.590 0.5000000000
15514  28.605  -62.546  -18.068 0.6000000238
14660  28.968  -63.348  -18.275 0.6999999881
13834  28.782  -64.081  -18.636 0.6999999881
13874  27.224  -64.673  -20.371 0.6999999881
14683  13.249  -64.097  -19.504 0.5000000000
17031  27.837  -60.286  -18.709 0.5000000000
129123  29.051  -60.392  -18.650 0.6000000238
115344  27.894  -61.969  -18.076 0.6000000238
14801  24.913  -63.807  -26.476 0.6999999881
15601  25.092  -63.150  -26.066 0.6999999881
13827  10.213  -64.781  -17.170 0.4000000060
15600  25.668  -63.058  -26.159 0.6999999881
13952  23.999  -63.703  -25.032 0.6999999881
12990  10.626  -65.509  -17.404 0.4000000060
15591  25.179  -62.550  -25.671 0.6999999881
116460  10.092  -66.152  -17.723 0.6000000238
15582  26.309  -62.593  -24.640 0.8000000119
130693  25.835  -62.445  -25.087 0.6999999881
14744  28.207  -63.720  -23.096 0.6000000238
15563  26.647  -62.967  -23.466 0.6000000238
10855  12.201  -68.250  -17.965 0.6000000238
126319  28.704  -64.541  -20.948 0.6999999881
13927  28.690  -64.125  -21.822 0.6999999881
126317  27.572  -63.619  -22.568 0.6000000238
13833  30.289  -64.259  -18.902 0.6000000238
16278  30.857  -61.792  -18.367 0.6000000238
10154  13.573  -69.740  -17.577 0.5000000000
17029  29.761  -60.572  -18.675 0.6000000238
16279  29.975  -61.443  -18.400 0.6999999881
17773  29.364  -59.719  -19.013 0.5000000000
15589  26.395  -62.770  -25.402 0.6999999881
12977  12.002  -65.207  -16.991 0.4000000060
108607  27.048  -63.102  -25.053 0.8000000119
125313  10.942  -66.130  -17.597 0.5000000000
14763  28.804  -64.100  -23.595 0.8000000119
11515  13.078  -67.224  -17.187 0.4000000060
12988  12.219  -66.012  -17.200 0.4000000060
15573  27.055  -62.996  -24.101 0.6999999881
120774  13.177  -68.183  -17.463 0.4000000060
11520  11.793  -67.286  -17.735 0.5000000000
14658  31.359  -63.315  -18.578 0.6000000238
116234  30.108  -64.724  -20.225 0.6000000238
13898  29.538  -64.477  -21.361 0.6999999881
11513  14.766  -67.782  -16.465 0.4000000060
15511  31.336  -62.471  -18.384 0.6000000238
15512  30.625  -62.667  -18.290 0.6000000238
10140  14.623  -69.865  -16.590 0.4000000060
112445  12.988  -69.053  -17.934 0.6000000238
17028  30.570  -60.871  -18.723 0.6000000238
131094  30.539  -59.415  -19.464 0.5000000000
17821  30.621  -58.889  -19.961 0.5000000000
12976  12.915  -65.581  -16.767 0.4000000060
14774  27.862  -63.498  -24.732 0.8000000119
128864  13.369  -66.135  -16.734 0.4000000060
12213  13.752  -66.812  -16.698 0.4000000060
13897  30.475  -64.509  -21.375 0.6000000238
13926  29.448  -64.236  -22.276 0.6999999881
13852  30.871  -64.483  -19.488 0.6000000238
13871  31.024  -64.603  -20.528 0.6000000238
11502  15.714  -67.906  -15.746 0.4000000060
10847  14.755  -68.989  -16.623 0.4000000060
17027  31.406  -61.077  -18.745 0.6000000238
10122  15.273  -69.332  -15.537 0.4000000060
120001  31.133  -59.640  -19.445 0.4000000060
12975  13.877  -65.832  -16.406 0.4000000060
14762  29.625  -64.284  -23.401 0.6999999881
12212  14.570  -66.627  -16.274 0.4000000060
114223  30.884  -64.387  -22.177 0.6999999881
14742  29.718  -64.297  -22.805 0.6000000238
121799  31.915  -62.732  -18.481 0.6000000238
13851  31.849  -64.131  -19.164 0.6000000238
10836  15.751  -68.648  -15.234 0.4000000060
17026  32.267  -61.054  -18.784 0.6000000238
10101  15.327  -69.133  -14.872 0.3000000119
17792  32.042  -59.668  -19.613 0.4000000060
18593  31.956  -58.588  -20.859 0.4000000060
17847  32.858  -58.751  -20.987 0.4000000060
12200  15.561  -66.848  -15.854 0.4000000060
11501  16.163  -68.036  -15.156 0.4000000060
16276  32.890  -61.746  -18.567 0.6000000238
16300  33.123  -60.934  -18.858 0.6000000238
17047  33.849  -60.626  -19.099 0.6000000238
17818  33.311  -59.285  -20.336 0.4000000060
112756  33.848  -58.987  -21.143 0.5000000000
18616  33.201  -58.538  -21.863 0.4000000060
119258  13.718  -65.511  -11.312 0.3000000119
18615  34.075  -58.570  -22.067 0.4000000060
13788  17.561  -64.994  -14.203 0.4000000060
113624  14.777  -65.685  -11.207 0.3000000119
112035  12.727  -65.124  -9.107 0.4000000060
14611  17.436  -64.170  -14.000 0.4000000060
12171  17.589  -65.573  -12.960 0.4000000060
12903  15.747  -65.514  -10.908 0.3000000119
12902  16.624  -65.266  -10.888 0.3000000119
13728  13.759  -65.116  -9.980 0.3000000119
13744  14.144  -65.250  -10.545 0.3000000119
13709  13.489  -65.097  -9.336 0.3000000119
13756  18.010  -64.779  -12.484 0.4000000060
12912  17.657  -65.120  -11.948 0.4000000060
12923  17.228  -65.698  -12.395 0.4000000060
130373  14.994  -65.344  -10.422 0.3000000119
115540  14.725  -65.057  -9.752 0.3000000119
15405  11.391  -62.275  -6.961 0.4000000060
16193  10.646  -60.986  -8.172 0.3000000119
126726  11.124  -60.572  -8.653 0.3000000119
13708  14.157  -65.057  -9.377 0.3000000119
13690  13.302  -65.000  -8.267 0.3000000119
124397  18.171  -64.250  -10.707 0.4000000060
12901  17.367  -64.989  -11.075 0.4000000060
13726  16.979  -64.863  -10.197 0.3000000119
13727  15.904  -64.971  -10.083 0.3000000119
13707  15.707  -64.740  -9.004 0.3000000119
14533  12.460  -63.076  -6.361 0.3000000119
115351  14.888  -64.835  -8.704 0.3000000119
16192  11.468  -61.168  -8.170 0.3000000119
13672  13.979  -64.619  -7.379 0.3000000119
16191  12.297  -61.304  -8.171 0.4000000060
16207  11.936  -60.798  -8.776 0.3000000119
120096  11.446  -60.166  -9.166 0.3000000119
13705  17.445  -64.402  -9.543 0.4000000060
13706  16.633  -64.626  -9.248 0.4000000060
13687  16.373  -64.260  -8.297 0.3000000119
15404  12.242  -62.354  -6.951 0.4000000060
13688  15.593  -64.470  -7.983 0.3000000119
15387  13.065  -62.889  -6.525 0.3000000119
16172  11.839  -61.782  -7.531 0.4000000060
16171  12.665  -61.910  -7.552 0.4000000060
17707  11.789  -59.772  -9.721 0.3000000119
14563  17.901  -63.844  -9.029 0.4000000060
13686  17.187  -64.053  -8.620 0.4000000060
13669  15.987  -63.867  -7.669 0.4000000060
14546  15.766  -63.283  -7.309 0.4000000060
13671  14.609  -64.043  -6.892 0.3000000119
15385  14.475  -62.831  -6.806 0.3000000119
15403  13.127  -62.488  -6.928 0.3000000119
16170  13.491  -61.984  -7.699 0.3000000119
16206  12.872  -61.017  -8.837 0.5000000000
17714  11.432  -59.327  -10.231 0.3000000119
14544  17.295  -62.912  -8.119 0.4000000060
15399  16.522  -62.886  -7.839 0.4000000060
15400  15.690  -62.805  -7.430 0.3000000119
15416  14.413  -61.983  -8.013 0.3000000119
16189  14.342  -61.285  -8.577 0.3000000119
16963  14.006  -60.256  -9.340 0.3000000119
14530  15.105  -62.995  -6.864 0.3000000119
15401  14.904  -62.580  -7.263 0.3000000119
16190  13.669  -61.366  -8.346 0.3000000119
16205  13.788  -60.903  -8.972 0.3000000119
110773  13.475  -59.640  -9.676 0.3000000119
15402  14.059  -62.477  -7.121 0.3000000119
16964  13.172  -60.340  -9.289 0.3000000119
16965  12.303  -60.311  -9.221 0.3000000119
111527  11.613  -58.660  -10.792 0.3000000119
15412  19.019  -62.314  -8.900 0.3000000119
109449  18.139  -62.605  -8.444 0.3000000119
15413  17.263  -62.251  -8.321 0.3000000119
16187  16.629  -61.455  -8.523 0.3000000119
16952  15.785  -60.927  -8.773 0.3000000119
108558  15.051  -59.280  -9.398 0.3000000119
119051  15.816  -61.737  -8.455 0.3000000119
16188  15.072  -61.507  -8.498 0.3000000119
16953  14.713  -60.748  -8.980 0.3000000119
17705  14.272  -59.448  -9.584 0.3000000119
18481  13.819  -58.891  -9.984 0.3000000119
17706  12.634  -59.744  -9.710 0.3000000119
17712  13.018  -59.094  -10.190 0.3000000119
17713  12.174  -59.226  -10.259 0.3000000119
18489  12.559  -58.508  -10.695 0.3000000119
16204  19.691  -61.744  -9.360 0.3000000119
16185  18.089  -61.741  -8.450 0.3000000119
16186  17.466  -61.420  -8.497 0.3000000119
130658  16.505  -60.770  -8.720 0.3000000119
17699  15.425  -60.043  -9.113 0.3000000119
18488  13.393  -58.353  -10.486 0.3000000119
130821  11.402  -58.066  -11.347 0.3000000119
18480  15.409  -58.449  -9.513 0.3000000119
125739  14.596  -58.662  -9.754 0.3000000119
129814  13.718  -57.695  -10.592 0.3000000119
19377  12.994  -57.675  -10.998 0.3000000119
19378  12.104  -57.948  -11.225 0.3000000119
19387  12.351  -57.190  -11.471 0.3000000119
19355  15.695  -57.589  -9.698 0.3000000119
19356  14.876  -57.837  -9.923 0.3000000119
124870  14.145  -58.146  -10.222 0.3000000119
18479  16.370  -58.238  -9.307 0.3000000119
19376  15.153  -56.932  -10.236 0.3000000119
18487  14.338  -57.370  -10.399 0.3000000119
115016  14.450  -56.699  -10.657 0.3000000119
20320  13.697  -56.963  -10.880 0.3000000119
125384  13.003  -56.924  -11.298 0.3000000119
20321  12.615  -56.476  -11.705 0.3000000119
7512  26.007  -74.108  -28.446 0.5000000000
7499  24.273  -73.350  -27.783 0.5000000000
8129  24.015  -72.412  -27.580 0.4000000060
14781  17.029  -63.813  -23.651 0.6999999881
13958  15.705  -64.781  -23.214 0.6999999881
9605  23.942  -70.389  -28.825 0.4000000060
8128  24.680  -72.768  -27.079 0.5000000000
13905  21.280  -64.268  -21.512 0.6000000238
13904  22.306  -64.448  -21.405 0.6000000238
16337  24.676  -61.619  -24.867 0.8000000119
14788  24.086  -62.139  -25.540 0.6999999881
15564  25.919  -62.949  -23.120 0.6000000238
17774  28.482  -59.924  -18.839 0.5000000000
13873  28.179  -64.723  -20.248 0.6999999881
127645  13.631  -68.984  -17.509 0.4000000060
118163  29.689  -58.642  -20.127 0.5000000000
16277  31.923  -61.914  -18.454 0.6000000238
18594  31.080  -58.487  -20.740 0.4000000060
110830  31.170  -64.483  -21.432 0.6000000238
14680  32.660  -63.779  -19.053 0.6000000238
10819  16.023  -68.195  -13.992 0.3000000119
17791  32.888  -59.707  -19.688 0.4000000060
125226  33.238  -60.261  -19.276 0.4000000060
13773  17.888  -64.799  -13.362 0.4000000060
14553  17.613  -63.369  -8.411 0.3000000119
127827  18.638  -61.874  -8.604 0.3000000119
13923  32.253  -64.335  -22.617 0.5000000000
13943  30.864  -64.307  -23.140 0.5000000000
111750  29.862  -64.214  -24.106 0.6999999881
14772  29.309  -64.038  -24.725 0.6999999881
110937  27.028  -63.057  -25.951 0.6000000238
13924  31.296  -64.356  -22.700 0.5000000000
14741  30.246  -64.330  -23.012 0.6000000238
14773  28.652  -63.991  -24.386 0.6000000238
14807  26.372  -63.323  -27.865 0.6000000238
13978  24.134  -64.709  -26.963 0.6000000238
14771  30.034  -63.783  -24.906 0.6999999881
15602  28.202  -62.709  -27.492 0.6000000238
15604  26.792  -63.027  -27.461 0.6000000238
14798  29.043  -63.091  -26.253 0.6999999881
15598  27.636  -62.962  -26.681 0.6000000238
14809  25.136  -63.937  -27.098 0.6000000238
13895  32.530  -64.422  -21.628 0.5000000000
14796  30.417  -63.322  -27.049 0.6999999881
113489  28.777  -62.824  -28.031 0.6999999881
14812  27.678  -63.392  -28.344 0.6000000238
14813  26.843  -63.676  -28.366 0.6000000238
14785  30.242  -63.472  -25.944 0.6000000238
14797  29.654  -63.153  -26.678 0.6999999881
14806  27.206  -63.046  -28.049 0.6000000238
14770  31.401  -63.781  -24.463 0.6000000238
13868  33.577  -64.300  -20.170 0.5000000000
13870  31.847  -64.528  -20.869 0.5000000000
108851  31.033  -63.523  -26.295 0.6999999881
14804  29.710  -63.121  -27.764 0.6000000238
14678  34.670  -63.422  -19.412 0.5000000000
13869  32.734  -64.488  -20.575 0.5000000000
16298  35.419  -61.294  -19.176 0.5000000000
14655  33.986  -63.239  -18.901 0.5000000000
17788  35.498  -59.936  -19.756 0.4000000060
10927  17.533  -68.130  -25.743 0.4000000060
13093  17.662  -65.458  -24.994 0.4000000060
11619  18.111  -67.533  -25.982 0.4000000060
115504  18.709  -66.994  -26.146 0.5000000000
118166  19.287  -66.549  -25.900 0.5000000000
10926  19.264  -68.201  -26.901 0.5000000000
15508  34.328  -62.412  -18.743 0.5000000000
11617  19.445  -67.524  -26.424 0.5000000000
9525  17.993  -71.099  -23.944 0.6000000238
116631  35.093  -60.457  -19.471 0.4000000060
12347  20.102  -67.039  -25.726 0.5000000000
10916  19.892  -68.387  -25.199 0.5000000000
9524  18.333  -70.325  -23.854 0.5000000000
10933  18.336  -68.332  -26.607 0.5000000000
10932  18.937  -68.568  -27.045 0.5000000000
10253  18.728  -69.323  -26.993 0.5000000000
10247  19.276  -68.950  -26.762 0.5000000000
9584  18.479  -70.114  -27.012 0.5000000000
10925  19.715  -68.306  -26.368 0.5000000000
118489  19.141  -69.768  -26.044 0.5000000000
9545  18.572  -70.607  -25.088 0.5000000000
17046  34.413  -60.285  -19.413 0.5000000000
10241  18.922  -69.716  -24.762 0.5000000000
17845  36.057  -59.346  -21.212 0.4000000060
17789  34.741  -59.714  -19.888 0.4000000060
17846  35.335  -59.239  -21.210 0.4000000060
10919  14.873  -68.227  -23.939 0.5000000000
8838  18.038  -70.764  -27.373 0.5000000000
15509  33.467  -62.481  -18.607 0.5000000000
114492  34.076  -59.404  -20.322 0.4000000060
12352  13.053  -66.611  -23.730 0.5000000000
11586  13.125  -68.116  -23.832 0.5000000000
10227  12.881  -69.609  -23.311 0.5000000000
10920  13.933  -68.124  -23.908 0.5000000000
17817  34.710  -59.316  -20.764 0.4000000060
12333  12.417  -66.259  -23.500 0.5000000000
11588  11.881  -67.884  -23.156 0.5000000000
12334  11.760  -66.848  -23.262 0.5000000000
11570  11.188  -67.610  -22.672 0.5000000000
10209  12.058  -69.472  -22.772 0.5000000000
9527  12.347  -69.986  -23.108 0.4000000060
126723  10.634  -66.974  -22.355 0.5000000000
10210  11.256  -69.309  -22.202 0.6000000238
9514  11.705  -69.754  -22.695 0.6000000238
13056  11.266  -65.690  -22.189 0.5000000000
12293  9.886  -66.555  -21.424 0.5000000000
11571  10.568  -67.854  -22.049 0.5000000000
10903  10.533  -68.768  -21.830 0.6000000238
10211  10.435  -69.375  -21.953 0.6000000238
9529  10.764  -70.052  -23.313 0.6000000238
9550  11.343  -70.347  -24.096 0.5000000000
9571  10.860  -70.620  -25.119 0.5000000000
9572  9.791  -70.679  -25.225 0.5000000000
13057  10.673  -65.784  -21.414 0.5000000000
13048  10.010  -65.908  -21.066 0.5000000000
12294  9.360  -66.492  -20.944 0.5000000000
11555  9.364  -67.237  -21.272 0.5000000000
129463  8.820  -66.939  -20.883 0.6000000238
10195  9.632  -68.839  -21.726 0.6000000238
9516  9.976  -69.681  -22.674 0.6000000238
9551  10.323  -70.229  -24.416 0.6000000238
115559  9.232  -70.175  -24.603 0.5000000000
8740  7.774  -71.472  -19.002 0.5000000000
8804  7.767  -71.192  -25.132 0.5000000000
13911  10.459  -65.181  -20.503 0.5000000000
13033  9.113  -65.243  -20.054 0.5000000000
13034  8.590  -65.799  -20.280 0.6000000238
12271  7.872  -66.404  -20.400 0.6000000238
109375  7.095  -66.865  -20.202 0.6000000238
10196  8.585  -68.719  -21.705 0.6000000238
10893  7.190  -68.338  -21.298 0.6000000238
10228  8.904  -69.417  -22.553 0.6000000238
10197  7.553  -68.777  -21.814 0.6000000238
9530  8.737  -69.748  -23.668 0.6000000238
8803  8.701  -70.856  -25.243 0.5000000000
9532  6.928  -70.299  -23.663 0.5000000000
8790  6.618  -70.238  -22.893 0.5000000000
8797  6.827  -71.003  -23.561 0.5000000000
8789  6.762  -71.245  -22.670 0.5000000000
12272  7.418  -66.004  -19.830 0.6000000238
12252  7.016  -66.281  -19.546 0.6000000238
11522  6.823  -67.164  -19.098 0.6000000238
112983  7.072  -67.975  -19.025 0.6000000238
114173  6.696  -67.589  -20.170 0.6000000238
10881  6.534  -68.625  -21.107 0.6000000238
128356  6.136  -68.669  -19.899 0.6000000238
10198  6.725  -68.968  -21.764 0.5000000000
10187  5.912  -69.453  -20.708 0.5000000000
10230  7.130  -69.808  -23.253 0.5000000000
9496  6.123  -70.263  -20.451 0.5000000000
10175  6.879  -70.241  -19.248 0.6000000238
8769  6.319  -70.928  -21.058 0.5000000000
9481  6.499  -70.433  -19.779 0.5000000000
9467  7.572  -70.752  -18.890 0.5000000000
8725  9.355  -71.669  -17.572 0.5000000000
11529  7.529  -67.236  -18.563 0.6000000238
110680  8.002  -68.111  -18.587 0.6000000238
10864  7.533  -68.806  -18.903 0.6000000238
10176  6.187  -69.501  -19.807 0.6000000238
9466  8.283  -70.393  -18.539 0.6000000238
8739  8.820  -71.033  -18.035 0.5000000000
12239  9.136  -67.296  -18.236 0.6000000238
111009  7.975  -69.582  -18.742 0.6000000238
9465  9.184  -70.296  -18.207 0.6000000238
9449  9.707  -70.901  -17.845 0.5000000000
11525  11.249  -67.786  -18.134 0.6000000238
11526  10.536  -67.520  -18.234 0.6000000238
10862  10.614  -68.230  -18.344 0.6000000238
127881  9.858  -68.710  -18.451 0.6000000238
10166  9.520  -69.565  -18.395 0.6000000238
9448  10.675  -70.902  -17.757 0.5000000000
10861  11.391  -68.638  -18.272 0.6000000238
10164  11.310  -69.408  -18.263 0.6000000238
10860  12.156  -69.232  -18.179 0.6000000238
10165  10.443  -69.483  -18.325 0.6000000238
9446  12.643  -70.815  -17.667 0.6000000238
8722  13.226  -71.436  -17.101 0.5000000000
9444  14.116  -70.315  -17.085 0.4000000060
14799  26.128  -63.162  -26.978 0.6000000238
127416  28.637  -63.540  -25.398 0.6999999881
111672  32.172  -64.522  -19.979 0.5000000000
14656  33.066  -63.237  -18.765 0.5000000000
15506  35.697  -61.987  -18.854 0.5000000000
16274  34.873  -61.820  -18.792 0.5000000000
8811  18.453  -71.386  -25.898 0.6000000238
10891  8.999  -68.097  -21.428 0.6000000238
11557  7.672  -67.655  -20.977 0.6000000238
10229  7.873  -69.561  -23.032 0.6000000238
9517  6.256  -69.673  -22.111 0.5000000000
11528  9.004  -68.075  -18.404 0.6000000238
10863  8.686  -68.942  -18.585 0.6000000238
9462  11.991  -70.085  -18.114 0.6000000238
9447  11.681  -70.911  -17.711 0.6000000238
118302  27.451  -74.454  -29.674 0.4000000060
8856  28.922  -72.050  -29.323 0.5000000000
8138  28.243  -72.366  -28.592 0.5000000000
8148  28.108  -72.922  -29.181 0.4000000060
7511  27.078  -73.580  -28.755 0.4000000060
8140  26.386  -73.381  -27.809 0.4000000060
7520  26.714  -74.421  -29.201 0.4000000060
8834  28.434  -71.677  -27.384 0.5000000000
8833  29.124  -71.297  -28.078 0.5000000000
8126  26.873  -72.827  -27.134 0.5000000000
8111  26.176  -72.414  -26.265 0.5000000000
9579  28.064  -71.452  -26.222 0.5000000000
9580  27.175  -71.184  -25.409 0.5000000000
8808  26.151  -71.105  -25.329 0.5000000000
8822  25.608  -71.737  -25.792 0.5000000000
8112  25.082  -72.286  -26.334 0.4000000060
8113  24.550  -72.115  -26.753 0.4000000060
9541  27.404  -69.883  -24.571 0.5000000000
9561  26.792  -70.507  -24.965 0.5000000000
10237  26.443  -69.038  -24.904 0.5000000000
9562  25.928  -70.284  -25.292 0.5000000000
9563  25.450  -70.151  -26.018 0.5000000000
115870  24.433  -71.605  -27.051 0.4000000060
109066  25.633  -66.126  -28.533 0.5000000000
12382  25.250  -66.993  -28.561 0.4000000060
10940  26.149  -68.091  -29.126 0.4000000060
11659  26.950  -67.785  -29.514 0.4000000060
10949  26.433  -69.031  -29.287 0.4000000060
9609  25.431  -69.976  -29.045 0.4000000060
10922  26.504  -68.821  -25.651 0.5000000000
10269  26.191  -69.581  -29.067 0.4000000060
9603  25.550  -70.175  -28.908 0.4000000060
10929  27.190  -68.455  -26.281 0.4000000060
10249  25.978  -69.527  -26.415 0.5000000000
9594  24.788  -70.851  -27.791 0.4000000060
9581  24.905  -70.882  -26.539 0.4000000060
12381  26.343  -67.050  -28.940 0.4000000060
108631  27.087  -68.494  -29.567 0.4000000060
10268  27.112  -69.151  -29.269 0.4000000060
118540  28.355  -67.613  -26.053 0.4000000060
10262  26.453  -69.806  -28.863 0.4000000060
9593  25.670  -70.270  -28.363 0.4000000060
11631  28.069  -68.199  -26.777 0.4000000060
119098  26.705  -69.076  -26.881 0.4000000060
10258  26.391  -69.720  -27.829 0.4000000060
10250  25.388  -70.241  -27.082 0.4000000060
13113  26.107  -65.393  -28.689 0.5000000000
12380  26.973  -65.649  -29.100 0.4000000060
12379  27.937  -66.129  -29.308 0.4000000060
12389  28.289  -67.261  -29.785 0.4000000060
11657  28.554  -67.988  -29.883 0.4000000060
10947  28.732  -68.448  -29.579 0.4000000060
10939  28.858  -68.825  -29.085 0.4000000060
10937  28.598  -68.595  -28.059 0.4000000060
10260  28.137  -69.046  -28.677 0.4000000060
10261  27.310  -69.376  -28.624 0.4000000060
13991  27.353  -64.147  -28.631 0.5000000000
13112  27.566  -64.957  -29.047 0.5000000000
13990  28.161  -64.271  -28.567 0.6000000238
13111  28.561  -65.334  -29.117 0.5000000000
12388  29.148  -67.431  -29.900 0.4000000060
11655  30.106  -67.787  -29.678 0.4000000060
10945  30.197  -68.201  -29.301 0.4000000060
10935  30.650  -68.074  -28.821 0.4000000060
13110  30.204  -64.945  -29.023 0.4000000060
13984  30.169  -63.674  -28.336 0.5000000000
114668  30.637  -66.038  -29.700 0.4000000060
12387  30.432  -67.095  -29.803 0.4000000060
13988  31.568  -64.469  -29.018 0.5000000000
13108  32.451  -65.062  -29.326 0.4000000060
13117  31.759  -65.696  -29.575 0.4000000060
12385  32.258  -66.538  -29.564 0.4000000060
13983  31.483  -63.795  -28.252 0.6000000238
14803  30.632  -63.447  -27.973 0.6000000238
13982  32.527  -64.306  -28.629 0.5000000000
124953  33.365  -65.248  -29.270 0.4000000060
117075  30.571  -64.015  -24.245 0.5000000000
13005  6.964  -65.691  -18.865 0.5000000000
12240  8.311  -66.863  -18.138 0.5000000000
11521  10.906  -66.864  -17.966 0.5000000000
126004  7.438  -65.852  -18.086 0.5000000000
12238  9.975  -66.993  -18.156 0.5000000000
124657  7.066  -66.627  -18.697 0.5000000000
8835  27.435  -72.179  -26.667 0.5000000000
8139  27.466  -72.913  -28.204 0.5000000000
11658  27.710  -67.917  -29.765 0.4000000060
10257  27.578  -68.886  -27.609 0.4000000060
13118  29.594  -65.711  -29.363 0.4000000060
123521  29.794  -66.792  -29.810 0.4000000060
10946  29.519  -68.363  -29.488 0.4000000060
10936  29.678  -68.427  -28.631 0.4000000060
118305  29.216  -64.460  -28.630 0.5000000000
115034  30.842  -67.337  -29.603 0.4000000060
13989  30.630  -64.305  -28.788 0.5000000000
13116  32.769  -65.826  -29.560 0.5000000000
13976  32.075  -63.756  -27.595 0.5000000000
17042  39.963  -60.526  -19.630 0.3000000119
121219  38.827  -61.921  -19.365 0.3000000119
16297  38.010  -61.464  -19.446 0.3000000119
119809  39.153  -60.522  -19.598 0.3000000119
17811  40.013  -59.596  -20.525 0.3000000119
17854  41.120  -59.652  -22.179 0.3000000119
17841  40.365  -59.536  -21.394 0.3000000119
14673  38.937  -62.491  -19.635 0.3000000119
14712  37.683  -63.565  -21.003 0.4000000060
14694  37.266  -63.230  -20.218 0.4000000060
15531  39.470  -62.173  -19.472 0.3000000119
14695  36.430  -63.398  -20.318 0.4000000060
14675  37.649  -62.699  -19.684 0.4000000060
13867  34.224  -64.218  -20.836 0.4000000060
13894  33.450  -64.378  -21.258 0.4000000060
121208  40.313  -61.189  -19.518 0.3000000119
15533  37.223  -62.116  -19.226 0.3000000119
15535  35.818  -62.480  -19.205 0.4000000060
115865  39.007  -59.611  -21.723 0.3000000119
17044  37.527  -60.573  -19.649 0.3000000119
14756  35.786  -64.043  -23.028 0.4000000060
14767  34.798  -63.961  -24.116 0.4000000060
120231  33.117  -63.810  -24.308 0.4000000060
14769  32.395  -63.746  -24.685 0.4000000060
14736  36.055  -63.955  -22.184 0.4000000060
14757  35.052  -64.115  -23.223 0.4000000060
14759  33.354  -64.015  -23.602 0.4000000060
120173  32.644  -63.909  -23.923 0.4000000060
14692  39.022  -63.088  -20.201 0.3000000119
14714  35.500  -63.945  -21.616 0.4000000060
14739  33.882  -64.194  -22.834 0.4000000060
14760  31.091  -64.141  -23.676 0.4000000060
15530  40.278  -62.027  -19.473 0.3000000119
14715  34.922  -64.040  -21.210 0.4000000060
13941  32.474  -64.162  -23.354 0.4000000060
17068  41.292  -60.078  -20.044 0.3000000119
125868  35.223  -63.475  -19.788 0.4000000060
128300  36.356  -61.506  -19.261 0.4000000060
13962  35.051  -64.301  -25.898 0.4000000060
13963  33.555  -63.984  -26.164 0.4000000060
13948  36.168  -64.376  -24.678 0.4000000060
13940  35.554  -64.096  -23.920 0.4000000060
13951  34.132  -63.957  -25.501 0.4000000060
14783  32.749  -63.776  -25.809 0.4000000060
14710  39.483  -63.513  -21.052 0.3000000119
14734  38.109  -63.820  -21.936 0.4000000060
16293  41.667  -61.624  -19.709 0.3000000119
14691  40.575  -62.735  -19.923 0.3000000119
108517  31.918  -63.999  -23.836 0.4000000060
17040  41.557  -60.840  -19.809 0.3000000119
13975  32.925  -64.037  -27.608 0.4000000060
109712  34.358  -64.336  -26.609 0.4000000060
17787  36.187  -59.893  -19.848 0.3000000119
118962  36.762  -59.410  -21.113 0.3000000119
17786  37.020  -59.877  -19.901 0.3000000119
110185  30.836  -63.632  -25.197 0.4000000060
14784  31.781  -63.662  -25.648 0.4000000060
14795  31.724  -63.628  -26.709 0.4000000060
13981  33.558  -64.548  -28.482 0.4000000060
15532  38.175  -62.288  -19.442 0.3000000119
17812  39.322  -59.580  -20.529 0.3000000119
118724  39.663  -59.678  -21.795 0.3000000119
14735  37.057  -63.859  -21.859 0.4000000060
14676  36.671  -62.725  -19.565 0.4000000060
115635  34.969  -64.071  -21.999 0.4000000060
14677  35.835  -63.153  -19.724 0.4000000060
14716  34.270  -64.183  -21.912 0.4000000060
128236  37.159  -61.292  -19.483 0.4000000060
13921  36.646  -64.006  -22.881 0.4000000060
14768  33.943  -63.843  -24.403 0.4000000060
14711  38.574  -63.499  -21.036 0.3000000119
14738  34.686  -64.144  -22.634 0.4000000060
117353  39.985  -63.164  -20.349 0.3000000119
111567  37.112  -64.323  -23.582 0.4000000060
13920  37.686  -64.148  -22.940 0.3000000119
108520  40.771  -63.235  -20.482 0.3000000119
6237  32.495  -75.541  -28.304 0.3000000119
6224  32.731  -76.352  -27.687 0.3000000119
6855  32.036  -74.724  -28.736 0.3000000119
5641  32.368  -76.414  -26.713 0.3000000119
6250  32.625  -75.370  -29.069 0.3000000119
6249  32.813  -76.016  -28.511 0.3000000119
6868  31.286  -73.773  -28.917 0.3000000119
6238  31.395  -74.964  -27.889 0.3000000119
6225  31.968  -75.732  -27.374 0.3000000119
119775  31.231  -73.629  -29.426 0.3000000119
6867  31.893  -74.551  -29.324 0.3000000119
6253  32.095  -75.006  -29.798 0.3000000119
7518  28.368  -73.378  -29.813 0.3000000119
6843  30.264  -74.101  -27.297 0.3000000119
6239  30.271  -74.718  -27.359 0.3000000119
7510  31.175  -72.798  -28.957 0.3000000119
6856  30.940  -74.178  -28.096 0.3000000119
6226  30.645  -75.354  -27.112 0.3000000119
7521  30.889  -73.495  -30.171 0.3000000119
114627  29.540  -72.203  -29.997 0.3000000119
8151  29.812  -72.798  -30.280 0.3000000119
119904  31.370  -72.223  -29.220 0.3000000119
7517  31.119  -73.546  -29.786 0.3000000119
117488  31.092  -72.804  -29.516 0.3000000119
8844  31.166  -71.509  -29.245 0.3000000119
8845  30.356  -71.300  -29.195 0.3000000119
8150  30.597  -72.827  -30.217 0.3000000119
9602  29.914  -70.915  -28.300 0.3000000119
10235  28.017  -69.172  -24.076 0.4000000060
111492  28.932  -70.902  -26.210 0.4000000060
5554  32.077  -77.050  -21.042 0.3000000119
5536  32.593  -76.697  -19.224 0.3000000119
5623  31.858  -76.530  -25.725 0.3000000119
5625  29.259  -76.086  -25.198 0.3000000119
5608  30.153  -76.525  -24.774 0.3000000119
5597  30.645  -76.966  -23.082 0.3000000119
5584  31.318  -76.984  -22.480 0.3000000119
5547  32.458  -76.865  -20.106 0.3000000119
6845  29.116  -75.033  -26.130 0.3000000119
5624  30.092  -76.095  -25.774 0.3000000119
115301  30.872  -76.879  -23.986 0.3000000119
130433  31.985  -77.006  -22.794 0.3000000119
125986  32.015  -77.117  -22.065 0.3000000119
127625  30.094  -75.668  -26.474 0.3000000119
114149  30.921  -76.339  -25.489 0.3000000119
116662  31.825  -76.945  -24.131 0.3000000119
5595  32.250  -77.099  -23.452 0.3000000119
5606  32.243  -76.917  -24.973 0.3000000119
6872  31.561  -74.279  -29.781 0.3000000119
6259  31.361  -74.672  -30.250 0.3000000119
6227  29.702  -75.186  -26.747 0.3000000119
8145  30.900  -72.314  -30.025 0.3000000119
5555  31.334  -76.752  -20.843 0.3000000119
117132  32.488  -77.212  -24.213 0.3000000119
6214  29.426  -75.581  -25.983 0.3000000119
117176  29.930  -76.840  -23.722 0.3000000119
5596  31.487  -76.973  -23.313 0.3000000119
5594  32.712  -77.381  -23.549 0.3000000119
9592  29.185  -71.008  -27.249 0.3000000119
12341  34.296  -66.953  -24.874 0.3000000119
129917  32.431  -66.554  -24.281 0.3000000119
122238  31.183  -66.575  -24.773 0.3000000119
12358  30.491  -66.654  -25.242 0.4000000060
12359  29.631  -66.736  -24.835 0.4000000060
11614  28.152  -67.488  -25.076 0.3000000119
10921  27.071  -68.287  -25.379 0.3000000119
11611  33.804  -66.899  -25.584 0.3000000119
12356  32.192  -66.828  -26.107 0.4000000060
12368  31.494  -67.006  -26.658 0.4000000060
11629  30.842  -67.284  -27.136 0.4000000060
11643  29.098  -67.759  -27.110 0.3000000119
11640  32.052  -67.562  -28.369 0.4000000060
11641  31.164  -67.652  -28.161 0.4000000060
11649  31.497  -67.731  -28.945 0.3000000119
12322  34.437  -66.668  -23.053 0.3000000119
110817  33.924  -66.719  -23.968 0.3000000119
116266  32.054  -66.492  -23.589 0.4000000060
12344  30.359  -66.586  -24.250 0.4000000060
11597  28.787  -67.080  -24.482 0.3000000119
10913  27.563  -68.419  -24.300 0.3000000119
12340  34.834  -66.970  -24.172 0.3000000119
129722  34.582  -67.148  -25.748 0.3000000119
11612  34.348  -67.222  -26.593 0.3000000119
12367  33.293  -67.040  -26.610 0.3000000119
11627  32.430  -67.278  -27.388 0.4000000060
109710  36.264  -67.643  -26.835 0.3000000119
11624  35.681  -67.457  -27.421 0.3000000119
11626  34.103  -67.430  -27.596 0.3000000119
108603  33.359  -67.457  -27.795 0.4000000060
11628  31.599  -67.384  -27.540 0.4000000060
11636  35.492  -67.250  -27.971 0.3000000119
11646  34.043  -66.998  -28.617 0.4000000060
11648  32.402  -67.427  -28.902 0.4000000060
13101  35.162  -65.572  -28.528 0.3000000119
13106  34.709  -66.066  -28.940 0.4000000060
12378  33.557  -66.615  -29.161 0.4000000060
11653  32.750  -66.978  -29.242 0.4000000060
13979  35.568  -65.153  -27.766 0.3000000119
13107  34.004  -65.974  -29.279 0.4000000060
13102  34.324  -65.221  -28.881 0.3000000119
10181  34.825  -68.726  -20.644 0.3000000119
112595  33.252  -68.371  -21.056 0.3000000119
10894  32.742  -68.601  -21.597 0.3000000119
110199  31.947  -67.960  -21.530 0.3000000119
12306  34.428  -66.543  -22.097 0.3000000119
12283  33.941  -66.552  -21.489 0.3000000119
12284  32.626  -66.777  -21.342 0.3000000119
10884  31.246  -67.357  -21.716 0.3000000119
12320  36.122  -67.023  -23.031 0.3000000119
12305  35.285  -66.654  -22.313 0.3000000119
12307  33.752  -66.510  -22.306 0.3000000119
12308  32.419  -66.550  -22.116 0.3000000119
12309  31.701  -66.600  -22.261 0.3000000119
12311  29.842  -66.817  -22.899 0.3000000119
11581  29.258  -67.237  -23.044 0.3000000119
10906  28.275  -68.329  -23.702 0.3000000119
10221  28.791  -68.913  -23.620 0.3000000119
9559  29.244  -70.604  -25.582 0.3000000119
11579  36.791  -67.393  -24.087 0.3000000119
12374  35.992  -66.774  -28.231 0.3000000119
11645  34.942  -66.795  -28.526 0.3000000119
13095  37.009  -65.762  -27.223 0.3000000119
13105  35.368  -66.229  -28.572 0.3000000119
13971  36.422  -65.129  -26.715 0.3000000119
13961  36.075  -64.579  -25.788 0.3000000119
13973  35.079  -64.666  -26.978 0.3000000119
10188  35.401  -69.632  -21.200 0.3000000119
10877  34.292  -67.797  -20.473 0.3000000119
11543  33.794  -67.077  -20.594 0.3000000119
10883  32.685  -67.713  -21.017 0.3000000119
12281  35.638  -66.594  -21.306 0.3000000119
11547  32.933  -67.027  -20.791 0.3000000119
10180  36.368  -70.144  -21.017 0.3000000119
10876  35.207  -67.935  -20.204 0.3000000119
11542  34.689  -67.165  -20.393 0.3000000119
12262  34.267  -66.724  -20.853 0.3000000119
12304  36.256  -66.704  -22.008 0.3000000119
111217  35.730  -68.994  -20.384 0.3000000119
10875  36.256  -68.024  -19.961 0.3000000119
11540  36.576  -67.158  -20.099 0.3000000119
12260  36.039  -66.777  -20.601 0.3000000119
9560  28.056  -70.732  -25.290 0.3000000119
10236  26.998  -69.059  -24.460 0.3000000119
11615  27.481  -67.998  -24.812 0.3000000119
11613  29.069  -67.143  -25.691 0.3000000119
11642  30.248  -67.761  -27.774 0.4000000060
12384  32.989  -66.410  -29.430 0.4000000060
109517  37.123  -64.704  -24.561 0.3000000119
12342  32.759  -66.676  -25.109 0.3000000119
113750  32.982  -66.577  -23.962 0.3000000119
12357  31.306  -66.708  -25.694 0.4000000060
12370  29.925  -66.807  -25.714 0.4000000060
11630  29.951  -67.212  -26.593 0.4000000060
11639  32.945  -67.499  -28.392 0.4000000060
12321  35.410  -66.962  -23.452 0.3000000119
12323  33.476  -66.547  -23.119 0.3000000119
12326  30.377  -66.622  -23.279 0.3000000119
12324  32.667  -66.485  -22.986 0.3000000119
12327  29.501  -66.806  -23.718 0.4000000060
111742  28.810  -67.234  -23.730 0.3000000119
11580  35.883  -67.280  -24.566 0.3000000119
118690  36.155  -67.493  -25.940 0.3000000119
11610  35.348  -67.428  -26.539 0.3000000119
11638  33.748  -67.376  -28.296 0.4000000060
13096  36.294  -65.485  -27.501 0.3000000119
11548  32.032  -67.137  -21.283 0.3000000119
12285  31.829  -66.776  -21.756 0.3000000119
11563  30.695  -66.921  -21.959 0.3000000119
13960  36.972  -65.219  -26.314 0.3000000119
10240  19.423  -69.047  -24.394 0.4000000060
5036  32.536  -77.337  -22.733 0.3000000119
5050  32.794  -77.444  -24.211 0.3000000119
5607  31.329  -76.692  -24.838 0.3000000119
5642  31.167  -75.962  -26.387 0.3000000119
5660  32.809  -76.126  -28.953 0.3000000119
6869  25.740  -74.734  -28.840 0.5000000000
6876  31.219  -74.048  -30.098 0.3000000119
7523  29.126  -73.628  -30.308 0.3000000119
8127  25.670  -72.947  -26.907 0.5000000000
8144  31.199  -72.144  -29.603 0.3000000119
8146  30.310  -72.212  -30.122 0.3000000119
8147  28.938  -72.738  -29.917 0.5000000000
8149  31.009  -72.824  -29.898 0.3000000119
8721  13.882  -71.094  -16.863 0.4000000060
8782  6.352  -70.609  -21.997 0.5000000000
8809  25.343  -70.928  -25.758 0.5000000000
8821  26.765  -71.791  -25.787 0.5000000000
8846  29.432  -71.392  -28.901 0.3000000119
8847  28.666  -71.780  -28.384 0.5000000000
8848  27.903  -72.327  -27.704 0.5000000000
8854  30.765  -71.795  -29.806 0.3000000119
8855  29.879  -71.715  -29.677 0.3000000119
9445  13.450  -70.621  -17.448 0.4000000060
9463  11.049  -70.155  -18.074 0.6000000238
9464  10.107  -70.212  -18.123 0.6000000238
9480  6.961  -71.016  -19.371 0.5000000000
9502  23.285  -69.950  -21.565 0.5000000000
9506  5.942  -70.038  -21.346 0.5000000000
9510  23.450  -70.250  -22.314 0.5000000000
9515  11.066  -69.796  -22.467 0.6000000238
9522  23.499  -70.213  -23.089 0.5000000000
9528  11.679  -70.092  -23.108 0.6000000238
9531  7.545  -69.983  -23.879 0.5000000000
9540  28.567  -70.116  -24.660 0.3000000119
9542  26.501  -69.682  -24.832 0.5000000000
9552  7.216  -70.844  -24.363 0.5000000000
9566  18.714  -70.406  -26.415 0.5000000000
9604  25.035  -70.804  -28.720 0.4000000060
9606  23.413  -70.631  -28.794 0.4000000060
10139  15.051  -69.434  -16.177 0.4000000060
10153  14.191  -69.427  -17.131 0.4000000060
10155  12.846  -69.934  -17.949 0.6000000238
10167  7.057  -69.496  -19.121 0.6000000238
10190  23.608  -69.216  -21.723 0.6000000238
10199  6.128  -69.247  -21.375 0.5000000000
10207  19.278  -68.974  -23.235 0.5000000000
10212  9.644  -69.369  -22.001 0.6000000238
10213  8.161  -69.173  -22.213 0.6000000238
10214  7.086  -69.366  -22.527 0.5000000000
10223  23.298  -69.917  -23.890 0.6000000238
10239  23.026  -69.531  -24.832 0.6000000238
10243  26.045  -69.506  -25.470 0.5000000000
10246  19.555  -69.069  -25.707 0.5000000000
10254  18.290  -69.086  -26.928 0.5000000000
10259  22.463  -69.715  -27.693 0.5000000000
10263  25.401  -69.493  -29.041 0.4000000060
10265  23.650  -69.867  -28.554 0.4000000060
10267  28.079  -69.035  -29.306 0.4000000060
10824  15.612  -68.685  -14.447 0.3000000119
10835  16.067  -68.314  -14.648 0.3000000119
10846  15.344  -68.714  -16.043 0.4000000060
10848  14.087  -68.515  -17.076 0.4000000060
10865  6.615  -68.707  -19.412 0.6000000238
10873  5.926  -68.933  -20.313 0.5000000000
10878  33.450  -67.663  -20.703 0.3000000119
10882  33.963  -68.537  -20.864 0.3000000119
10885  23.605  -68.456  -21.885 0.6000000238
10890  9.861  -68.035  -21.638 0.6000000238
10892  8.047  -68.174  -21.367 0.6000000238
10897  24.259  -68.195  -22.806 0.6000000238
10902  11.667  -68.710  -22.570 0.5000000000
10907  24.360  -68.086  -23.433 0.6000000238
10909  20.623  -68.182  -23.562 0.5000000000
10912  12.522  -68.706  -23.232 0.5000000000
10914  26.902  -68.561  -24.810 0.3000000119
10915  24.256  -67.961  -24.289 0.5000000000
10924  22.896  -68.503  -26.294 0.6999999881
10941  25.683  -68.875  -29.024 0.4000000060
10948  27.917  -68.529  -29.619 0.4000000060
10950  25.915  -69.463  -29.160 0.4000000060
11514  13.768  -67.693  -16.977 0.4000000060
11527  9.866  -67.798  -18.347 0.6000000238
11541  35.620  -67.206  -20.212 0.3000000119
11544  16.015  -67.657  -20.490 0.6000000238
11545  15.284  -67.619  -20.506 0.6000000238
11546  7.520  -67.163  -20.622 0.6000000238
11549  31.329  -66.908  -21.711 0.3000000119
11552  15.452  -67.440  -20.938 0.6000000238
11554  10.102  -67.099  -21.835 0.5000000000
11556  8.475  -67.509  -21.085 0.6000000238
11558  6.991  -67.828  -20.689 0.6000000238
11566  23.882  -67.882  -22.369 0.6000000238
11568  21.967  -67.459  -22.660 0.5000000000
11582  28.643  -67.687  -23.509 0.3000000119
11587  12.559  -67.397  -23.646 0.5000000000
11596  35.170  -67.232  -25.282 0.3000000119
11598  28.167  -67.682  -24.173 0.3000000119
11601  20.060  -67.769  -25.862 0.5000000000
11604  14.401  -67.165  -23.949 0.5000000000
11605  13.436  -67.311  -23.898 0.5000000000
11618  18.935  -67.796  -26.904 0.5000000000
11625  34.899  -67.448  -27.391 0.3000000119
11632  27.647  -67.919  -25.680 0.3000000119
11634  22.775  -67.184  -27.127 0.6999999881
11637  34.722  -67.347  -28.057 0.3000000119
11644  23.033  -66.858  -27.546 0.6999999881
11647  33.257  -67.192  -28.771 0.4000000060
11652  23.880  -67.924  -28.154 0.5000000000
11654  31.701  -67.262  -29.350 0.4000000060
11656  29.335  -67.967  -29.833 0.4000000060
12199  16.294  -67.371  -15.362 0.4000000060
12214  12.954  -66.400  -17.030 0.4000000060
12219  20.098  -66.156  -17.773 0.8000000119
12222  18.065  -66.545  -18.117 0.8000000119
12223  12.346  -66.818  -17.354 0.4000000060
12224  11.605  -66.466  -17.526 0.5000000000
12225  9.155  -66.525  -17.897 0.5000000000
12226  8.203  -66.025  -17.815 0.5000000000
12227  7.541  -66.445  -18.260 0.5000000000
12228  7.032  -66.036  -18.528 0.5000000000
12232  20.892  -66.271  -18.596 0.6000000238
12234  19.686  -66.509  -18.254 0.8000000119
12241  6.842  -66.358  -19.105 0.5000000000
12246  20.080  -66.558  -18.879 0.8000000119
12247  18.808  -66.982  -19.077 0.8000000119
12249  16.201  -67.495  -19.667 0.6999999881
12250  15.193  -67.246  -19.613 0.6999999881
12261  35.155  -66.742  -20.713 0.3000000119
12263  33.416  -66.738  -21.011 0.3000000119
12267  16.859  -67.666  -20.097 0.6999999881
12268  14.195  -66.893  -19.796 0.6999999881
12282  34.767  -66.559  -21.396 0.3000000119
12286  31.140  -66.722  -22.064 0.3000000119
12288  16.013  -67.108  -21.185 0.6000000238
12290  13.854  -66.712  -20.902 0.6000000238
12291  13.062  -65.988  -20.953 0.6000000238
12292  12.341  -65.652  -21.039 0.6000000238
12295  8.670  -66.427  -20.644 0.6000000238
12296  8.139  -67.016  -20.751 0.6000000238
12310  30.481  -66.758  -22.480 0.3000000119
12313  23.117  -66.770  -22.725 0.5000000000
12315  11.743  -65.845  -23.069 0.6000000238
12316  11.089  -66.432  -22.718 0.5000000000
12317  10.509  -66.289  -21.938 0.5000000000
12325  31.237  -66.546  -22.843 0.3000000119
12328  24.255  -66.713  -23.343 0.6000000238
12331  22.241  -66.304  -23.737 0.5000000000
12332  21.476  -66.882  -24.267 0.5000000000
12343  31.170  -66.503  -23.848 0.4000000060
12348  16.486  -66.494  -24.511 0.6000000238
12361  23.696  -66.211  -25.785 0.6999999881
12363  18.375  -66.069  -25.499 0.5000000000
12369  30.647  -66.852  -26.172 0.4000000060
12371  23.270  -65.669  -26.641 0.6999999881
12376  22.821  -66.079  -27.244 0.6999999881
12377  34.256  -66.486  -28.973 0.4000000060
12386  31.306  -66.723  -29.735 0.4000000060
12390  27.281  -66.908  -29.341 0.4000000060
12913  17.058  -65.472  -11.657 0.4000000060
12955  17.443  -65.727  -14.468 0.4000000060
12983  21.239  -65.565  -17.634 0.6999999881
12986  18.918  -65.635  -17.342 0.6999999881
12987  18.039  -65.634  -17.559 0.6000000238
12989  11.433  -65.701  -17.330 0.4000000060
12993  7.654  -65.258  -17.810 0.6000000238
12994  7.185  -65.363  -18.305 0.6000000238
12998  24.012  -65.234  -18.589 0.6000000238
12999  23.369  -65.330  -18.441 0.6000000238
13000  22.550  -65.532  -18.293 0.6000000238
13002  20.820  -66.066  -17.936 0.8000000119
13011  23.727  -65.550  -19.093 0.6000000238
13013  21.577  -66.075  -19.129 0.6999999881
13014  20.724  -66.169  -19.436 0.8000000119
13016  14.039  -65.916  -19.387 0.6999999881
13019  7.164  -65.555  -19.209 0.5000000000
13024  24.134  -65.468  -19.767 0.6999999881
13025  23.299  -65.554  -19.815 0.6999999881
13028  19.607  -65.804  -20.567 0.6999999881
13030  11.804  -65.449  -20.655 0.6000000238
13035  8.067  -65.623  -19.914 0.6000000238
13040  18.279  -65.395  -21.376 0.6999999881
13042  15.857  -65.811  -21.801 0.6999999881
13049  9.270  -65.866  -20.583 0.5000000000
13051  16.019  -64.401  -23.037 0.6999999881
13053  14.473  -64.984  -22.610 0.6000000238
13065  23.780  -65.435  -23.811 0.6000000238
13066  23.062  -65.567  -23.665 0.5000000000
13069  13.753  -65.206  -23.054 0.6000000238
13070  13.171  -65.744  -23.413 0.5000000000
13079  21.211  -65.518  -25.117 0.5000000000
13081  16.789  -64.552  -23.930 0.6999999881
13082  15.402  -65.236  -23.492 0.6000000238
13083  13.951  -65.795  -23.440 0.6000000238
13090  24.010  -65.506  -25.717 0.6999999881
13092  19.594  -65.109  -25.592 0.6000000238
13099  36.715  -66.340  -27.809 0.3000000119
13100  35.960  -65.902  -28.242 0.3000000119
13109  30.991  -65.050  -29.341 0.5000000000
13115  33.402  -66.038  -29.471 0.4000000060
13119  28.909  -66.499  -29.618 0.4000000060
13670  15.366  -63.983  -7.250 0.3000000119
13689  14.120  -64.964  -8.485 0.3000000119
13725  17.688  -64.561  -10.454 0.4000000060
13743  18.140  -64.590  -11.827 0.4000000060
13816  8.095  -63.947  -16.940 0.4000000060
13822  21.095  -64.889  -17.163 0.8000000119
13823  20.113  -64.697  -17.095 0.6000000238
13829  7.891  -64.526  -17.368 0.6000000238
13832  30.975  -64.029  -18.820 0.6000000238
13843  16.537  -64.788  -18.391 0.5000000000
13850  32.744  -64.277  -19.636 0.5000000000
13853  29.518  -64.533  -19.268 0.6999999881
13854  28.504  -64.584  -19.382 0.6999999881
13855  27.590  -64.610  -19.446 0.6999999881
13856  26.740  -64.693  -19.462 0.6999999881
13857  25.513  -65.041  -19.168 0.6999999881
13858  24.974  -65.163  -18.888 0.6000000238
13863  7.628  -65.261  -19.406 0.6000000238
13883  11.745  -64.442  -19.817 0.5000000000
13885  10.061  -64.338  -19.855 0.5000000000
13886  9.435  -64.487  -19.731 0.5000000000
13888  8.085  -64.985  -19.477 0.5000000000
13896  31.651  -64.401  -21.964 0.5000000000
13900  25.932  -64.620  -20.884 0.6999999881
13907  19.326  -63.967  -21.642 0.6000000238
13922  33.257  -64.319  -22.244 0.4000000060
13925  30.154  -64.345  -22.319 0.6000000238
13928  17.555  -63.422  -22.514 0.6999999881
13930  15.152  -64.798  -22.933 0.6999999881
13939  36.359  -64.217  -23.737 0.4000000060
13942  31.617  -64.245  -23.200 0.4000000060
13949  35.378  -64.121  -24.871 0.4000000060
13950  34.662  -63.938  -24.938 0.4000000060
13957  17.401  -64.193  -24.135 0.6000000238
13964  33.084  -63.951  -26.703 0.4000000060
13965  24.387  -64.253  -25.513 0.6999999881
13970  17.876  -64.743  -24.799 0.6000000238
13972  35.763  -64.814  -26.781 0.3000000119
13974  33.759  -64.322  -27.374 0.4000000060
13980  34.691  -64.769  -27.874 0.3000000119
13985  25.991  -63.939  -28.226 0.6000000238
13986  25.219  -64.359  -27.741 0.6000000238
13987  24.658  -64.329  -27.048 0.6000000238
13992  25.802  -64.663  -28.373 0.6000000238
14545  16.705  -63.461  -7.964 0.4000000060
14547  15.060  -63.479  -6.891 0.3000000119
14552  18.618  -62.953  -8.895 0.3000000119
14644  22.485  -63.402  -17.486 0.5000000000
14645  21.703  -63.636  -17.318 0.6000000238
14648  19.071  -63.390  -17.470 0.6000000238
14651  7.520  -63.351  -17.425 0.5000000000
14657  32.259  -63.335  -18.688 0.6000000238
14659  30.425  -63.511  -18.509 0.6000000238
14664  24.698  -64.050  -18.190 0.6000000238
14668  7.601  -63.004  -17.828 0.5000000000
14672  39.711  -62.641  -19.776 0.3000000119
14674  38.383  -62.763  -19.797 0.3000000119
14679  33.371  -63.852  -19.268 0.5000000000
14693  38.107  -63.175  -20.254 0.3000000119
14696  35.564  -63.712  -20.547 0.4000000060
14697  34.741  -63.919  -20.185 0.4000000060
14701  10.351  -63.526  -19.644 0.4000000060
14713  36.260  -63.778  -21.210 0.4000000060
14718  26.976  -63.771  -22.014 0.6999999881
14720  24.738  -64.127  -21.825 0.6999999881
14733  39.046  -63.795  -21.929 0.3000000119
14737  35.313  -64.073  -22.425 0.4000000060
14740  33.062  -64.244  -22.949 0.4000000060
14743  28.984  -64.104  -22.784 0.6999999881
14745  26.766  -63.381  -22.795 0.6000000238
14751  20.113  -61.899  -22.651 0.6000000238
14754  17.315  -63.003  -23.114 0.6999999881
14755  16.861  -63.765  -23.309 0.6999999881
14758  34.297  -64.053  -23.463 0.4000000060
14761  30.376  -64.277  -23.562 0.5000000000
14764  27.994  -63.659  -23.861 0.6999999881
14765  27.379  -63.360  -23.314 0.6000000238
14775  23.617  -62.740  -25.411 0.6999999881
14776  22.773  -62.872  -25.283 0.6999999881
14780  17.556  -63.325  -23.870 0.6999999881
14782  33.303  -63.788  -25.113 0.4000000060
14786  29.488  -63.483  -25.621 0.6999999881
14787  24.539  -63.273  -25.764 0.6999999881
14790  21.090  -62.278  -25.875 0.6000000238
14791  20.227  -62.514  -25.593 0.6000000238
14792  19.517  -62.960  -25.208 0.6999999881
14793  18.784  -63.482  -24.857 0.6000000238
14794  32.400  -63.768  -26.671 0.4000000060
14800  25.411  -63.471  -26.715 0.6999999881
14802  31.235  -63.511  -27.356 0.4000000060
14805  27.968  -62.767  -28.136 0.6000000238
14808  25.640  -63.642  -27.501 0.6000000238
14810  29.395  -63.497  -28.274 0.6000000238
14811  28.521  -63.320  -28.306 0.6000000238
15501  7.887  -62.377  -17.309 0.5000000000
15507  35.097  -62.390  -18.924 0.5000000000
15510  32.598  -62.571  -18.529 0.6000000238
15515  27.651  -62.682  -18.127 0.6000000238
15524  8.033  -62.445  -17.759 0.5000000000
15529  41.199  -62.203  -19.694 0.3000000119
15534  36.372  -62.185  -19.108 0.4000000060
15536  35.210  -62.947  -19.338 0.4000000060
15571  18.569  -61.709  -23.354 0.6999999881
15574  26.036  -62.404  -23.965 0.6000000238
15577  22.836  -60.410  -24.142 0.6999999881
15578  21.644  -60.264  -24.278 0.6999999881
15581  18.647  -61.712  -23.743 0.6999999881
15583  25.482  -62.203  -24.633 0.8000000119
15585  19.132  -61.374  -24.142 0.6999999881
15586  18.309  -62.268  -23.992 0.6999999881
15587  17.860  -62.732  -23.805 0.6999999881
15588  27.766  -63.243  -25.697 0.6999999881
15590  25.768  -62.671  -25.590 0.6999999881
15596  28.969  -62.830  -27.187 0.6999999881
15597  28.385  -62.984  -26.463 0.6999999881
15599  26.908  -63.029  -26.776 0.6000000238
15603  27.466  -62.780  -27.572 0.6000000238
16184  19.207  -61.433  -8.823 0.3000000119
16275  33.892  -61.593  -18.724 0.5000000000
16280  28.511  -61.580  -18.200 0.6000000238
16282  25.883  -62.181  -18.401 0.6000000238
16284  23.773  -62.107  -18.658 0.6000000238
16285  22.450  -62.073  -19.093 0.5000000000
16294  40.970  -61.444  -19.599 0.3000000119
16295  39.547  -61.397  -19.445 0.3000000119
16296  38.779  -61.183  -19.492 0.3000000119
16299  34.597  -61.040  -19.078 0.4000000060
16329  25.019  -61.930  -24.269 0.8000000119
16338  23.906  -60.761  -25.182 0.8000000119
16339  23.242  -59.912  -25.579 0.6999999881
16340  22.324  -59.857  -25.696 0.6999999881
16346  25.215  -62.197  -25.201 0.6999999881
16962  14.692  -59.973  -9.308 0.3000000119
17030  29.179  -61.139  -18.449 0.6000000238
17041  40.758  -60.624  -19.711 0.3000000119
17045  35.868  -60.617  -19.550 0.5000000000
17048  32.539  -60.296  -19.184 0.4000000060
17049  31.745  -60.314  -19.075 0.6000000238
17050  31.063  -60.344  -18.944 0.6000000238
17051  30.367  -59.911  -19.005 0.5000000000
17067  42.187  -60.271  -20.163 0.3000000119
17069  40.425  -59.970  -19.964 0.3000000119
17784  39.490  -59.887  -19.925 0.3000000119
17785  38.740  -59.981  -19.800 0.3000000119
17790  33.791  -59.813  -19.652 0.4000000060
17793  29.994  -59.247  -19.487 0.5000000000
17814  37.272  -59.579  -20.537 0.3000000119
17815  36.472  -59.591  -20.459 0.3000000119
17816  35.565  -59.543  -20.416 0.4000000060
17819  32.437  -59.136  -20.251 0.4000000060
17820  31.557  -59.000  -20.095 0.4000000060
17842  39.528  -59.495  -21.145 0.3000000119
17843  38.815  -59.497  -20.983 0.3000000119
17844  37.419  -59.380  -21.398 0.3000000119
17855  40.131  -59.921  -22.318 0.3000000119
17856  39.339  -59.904  -22.437 0.3000000119
18636  33.516  -58.233  -22.800 0.4000000060
109118  6.340  -68.378  -20.384 0.6000000238
109293  16.622  -67.069  -18.925 0.6999999881
109480  7.536  -70.101  -18.888 0.6000000238
109858  30.865  -63.854  -28.525 0.5000000000
110428  7.368  -64.412  -17.859 0.6000000238
110471  33.182  -66.546  -21.714 0.3000000119
111662  9.824  -69.919  -23.779 0.6000000238
111738  36.660  -59.094  -21.929 0.4000000060
111760  18.920  -65.945  -20.838 0.6999999881
112154  22.821  -68.892  -27.393 0.6000000238
112488  8.101  -70.380  -24.602 0.5000000000
112744  20.365  -60.830  -24.633 0.6999999881
112935  24.867  -71.574  -26.261 0.4000000060
112965  26.477  -66.215  -28.923 0.5000000000
113036  18.966  -65.615  -25.578 0.5000000000
113132  36.943  -63.601  -20.902 0.4000000060
113342  36.685  -60.609  -19.639 0.3000000119
113636  15.389  -66.577  -24.024 0.5000000000
113825  32.004  -66.512  -22.739 0.3000000119
114172  9.777  -64.135  -16.904 0.4000000060
114360  18.072  -67.055  -18.837 0.8000000119
115028  6.490  -67.904  -19.662 0.6000000238
115059  6.783  -67.008  -19.674 0.6000000238
115265  17.942  -64.622  -11.233 0.4000000060
115290  31.573  -64.560  -19.934 0.6000000238
115765  18.912  -69.669  -26.765 0.5000000000
115779  10.739  -68.891  -18.401 0.6000000238
115797  7.737  -63.811  -18.639 0.6000000238
115992  12.508  -67.546  -17.531 0.6000000238
116256  29.348  -61.952  -18.085 0.6999999881
116625  37.952  -59.841  -19.932 0.3000000119
116704  25.564  -63.767  -18.395 0.6000000238
116769  22.628  -67.251  -22.503 0.5000000000
117674  29.954  -64.107  -28.531 0.5000000000
117761  8.740  -69.754  -18.486 0.6000000238
117851  14.603  -65.397  -23.335 0.6000000238
118013  6.919  -65.977  -19.182 0.5000000000
118129  29.780  -67.480  -29.837 0.4000000060
118849  30.097  -62.134  -18.141 0.6000000238
118927  26.058  -64.839  -19.532 0.6999999881
118937  19.366  -66.724  -18.741 0.8000000119
119199  31.914  -66.547  -24.463 0.3000000119
119927  17.523  -66.066  -21.350 0.6999999881
120264  13.008  -61.447  -8.098 0.3000000119
120732  14.403  -66.493  -21.346 0.6000000238
120888  33.550  -66.740  -24.684 0.3000000119
120915  14.820  -64.574  -7.658 0.3000000119
121337  7.721  -64.582  -19.164 0.6000000238
121362  21.442  -61.341  -25.880 0.6999999881
121545  22.715  -66.552  -27.202 0.6999999881
121735  26.619  -64.577  -28.735 0.5000000000
121958  30.678  -64.361  -22.737 0.6000000238
122180  34.111  -63.879  -19.611 0.5000000000
122534  26.395  -64.190  -21.493 0.6999999881
122570  12.559  -62.757  -6.597 0.4000000060
123665  30.797  -67.755  -29.311 0.4000000060
123884  8.397  -67.529  -18.355 0.6000000238
124806  34.742  -58.926  -21.590 0.4000000060
124933  28.443  -60.735  -18.530 0.6000000238
125162  12.442  -65.500  -23.161 0.6000000238
125417  26.324  -62.977  -26.143 0.6999999881
125632  15.120  -65.780  -23.732 0.6000000238
125782  30.200  -64.552  -19.438 0.6000000238
125945  23.166  -64.080  -17.619 0.6000000238
126353  16.407  -65.620  -11.461 0.3000000119
126435  25.210  -70.495  -28.654 0.4000000060
126646  29.288  -59.062  -19.601 0.5000000000
126694  26.608  -64.548  -20.837 0.6999999881
126811  24.209  -65.410  -24.245 0.6000000238
126870  33.092  -66.486  -22.435 0.3000000119
127653  36.767  -64.802  -25.378 0.3000000119
127696  19.304  -65.020  -17.097 0.6000000238
127851  9.019  -69.147  -21.938 0.6000000238
128107  23.679  -69.293  -24.105 0.6000000238
128314  14.200  -67.113  -20.380 0.6000000238
128397  25.023  -63.401  -18.245 0.6000000238
128624  19.020  -61.241  -23.318 0.6000000238
128988  34.124  -64.666  -28.240 0.4000000060
129010  36.026  -67.181  -23.745 0.3000000119
129214  34.277  -58.362  -22.729 0.4000000060
129348  29.269  -64.222  -24.014 0.6999999881
129384  27.053  -69.367  -27.797 0.4000000060
129499  34.180  -64.123  -20.189 0.5000000000
129934  11.086  -68.553  -22.115 0.6000000238
130178  13.501  -65.664  -19.531 0.6999999881
130201  34.653  -62.885  -19.007 0.5000000000
130454  31.873  -66.646  -25.217 0.3000000119
130499  6.073  -68.896  -20.821 0.5000000000
130699  23.148  -63.196  -17.645 0.6000000238
130733  26.534  -61.994  -18.302 0.6000000238
131117  28.265  -63.831  -22.403 0.6999999881
