#!ascii label  , from subject sub-v1s13x0050005_ses-1 vox2ras=TkReg
1999
13810  45.343  -64.180  -16.715 0.2000000030
12972  44.650  -64.973  -16.638 0.2000000030
14636  44.879  -63.693  -17.333 0.2000000030
14653  45.585  -62.949  -18.324 0.1000000015
12971  45.873  -64.911  -16.209 0.3000000119
14643  45.458  -63.113  -17.584 0.1000000015
15494  46.789  -62.861  -16.954 0.1000000015
15505  46.466  -62.611  -17.741 0.1000000015
15504  47.333  -62.129  -18.031 0.1000000015
15503  47.987  -61.791  -18.377 0.1000000015
15527  47.414  -62.322  -19.046 0.1000000015
118647  49.089  -60.521  -18.843 0.1000000015
119074  47.988  -62.018  -19.211 0.1000000015
16291  48.977  -61.091  -19.417 0.1000000015
18580  49.035  -58.956  -19.639 0.2000000030
17039  49.321  -60.261  -19.882 0.1000000015
127961  48.624  -61.942  -16.331 0.1000000015
16261  48.528  -61.622  -16.691 0.1000000015
14635  45.973  -63.391  -16.780 0.2000000030
15492  48.139  -61.928  -17.395 0.1000000015
15493  47.694  -62.387  -17.131 0.1000000015
17025  48.743  -60.766  -18.005 0.1000000015
18565  48.752  -59.398  -18.879 0.1000000015
19466  47.490  -57.633  -19.751 0.2000000030
18581  47.650  -58.290  -19.127 0.2000000030
127011  45.869  -56.335  -21.080 0.1000000015
19465  48.541  -58.089  -19.882 0.2000000030
20447  45.382  -55.665  -21.429 0.2000000030
20446  46.414  -55.726  -21.611 0.1000000015
21361  44.921  -54.460  -21.658 0.1000000015
17018  48.549  -60.971  -17.239 0.1000000015
17019  48.254  -60.610  -17.160 0.1000000015
17771  48.924  -60.144  -18.468 0.1000000015
20434  45.042  -56.495  -20.805 0.2000000030
21349  44.371  -55.775  -21.125 0.2000000030
22316  43.417  -54.136  -20.995 0.2000000030
22324  44.129  -53.494  -21.424 0.1000000015
22323  44.927  -52.955  -21.895 0.2000000030
17760  48.582  -60.409  -17.741 0.1000000015
17761  47.953  -59.928  -17.422 0.1000000015
17772  48.376  -59.654  -18.114 0.1000000015
18566  47.956  -58.925  -18.545 0.2000000030
19467  45.596  -57.561  -19.365 0.2000000030
122393  45.955  -56.981  -20.381 0.3000000119
119572  42.506  -53.001  -20.520 0.3000000119
120875  43.390  -52.818  -21.009 0.2000000030
23199  44.076  -52.321  -21.692 0.2000000030
23209  45.035  -52.574  -22.796 0.2000000030
19481  44.854  -57.168  -20.071 0.3000000119
18582  46.654  -57.886  -19.112 0.2000000030
22317  42.743  -54.145  -20.655 0.3000000119
115539  41.575  -53.236  -20.120 0.3000000119
23194  41.328  -52.064  -19.889 0.3000000119
23193  42.191  -51.733  -20.486 0.3000000119
24039  42.640  -51.255  -21.201 0.2000000030
24044  43.725  -51.801  -22.141 0.2000000030
24052  43.822  -52.027  -22.746 0.2000000030
121258  39.644  -52.395  -19.277 0.4000000060
22318  41.895  -54.343  -20.321 0.3000000119
20435  43.361  -56.037  -20.690 0.2000000030
21350  43.002  -55.122  -20.768 0.2000000030
24040  41.604  -51.059  -20.363 0.3000000119
24053  42.871  -51.334  -21.731 0.2000000030
24879  41.883  -50.818  -20.941 0.2000000030
117679  43.030  -51.525  -22.258 0.2000000030
24024  39.156  -51.774  -18.975 0.3000000119
112123  40.431  -52.254  -19.535 0.3000000119
24860  40.952  -50.314  -20.382 0.2000000030
24894  41.086  -50.544  -21.088 0.2000000030
24880  41.144  -50.447  -20.746 0.2000000030
128123  40.137  -51.283  -21.113 0.1000000015
24893  41.754  -50.888  -21.294 0.2000000030
23201  41.329  -51.923  -21.897 0.2000000030
24045  41.874  -51.204  -21.788 0.2000000030
23210  42.914  -52.124  -22.736 0.2000000030
24850  38.976  -50.807  -18.817 0.3000000119
24862  39.737  -50.179  -19.389 0.3000000119
24023  40.195  -51.127  -19.460 0.3000000119
26472  38.853  -49.050  -19.192 0.2000000030
25703  39.309  -49.397  -19.602 0.3000000119
26481  38.888  -49.088  -19.616 0.2000000030
24861  40.519  -50.178  -20.007 0.3000000119
25712  39.338  -49.434  -19.926 0.1000000015
24881  39.904  -49.915  -20.207 0.1000000015
24042  38.257  -51.533  -20.789 0.1000000015
24041  39.410  -50.790  -20.622 0.1000000015
115054  37.464  -49.662  -20.309 0.1000000015
23202  40.376  -52.313  -21.527 0.1000000015
25693  38.199  -49.591  -18.647 0.3000000119
26474  37.666  -48.908  -18.603 0.2000000030
27318  37.763  -48.530  -18.953 0.2000000030
124528  35.742  -47.087  -18.165 0.2000000030
29141  35.242  -46.574  -18.472 0.1000000015
27327  37.064  -48.238  -19.003 0.1000000015
27328  36.058  -47.792  -19.168 0.1000000015
26492  38.052  -48.965  -19.743 0.1000000015
24883  37.437  -50.450  -20.580 0.1000000015
24882  37.469  -51.484  -20.909 0.1000000015
27319  37.076  -48.428  -18.587 0.2000000030
117908  34.853  -46.827  -19.390 0.1000000015
28208  35.155  -47.507  -19.727 0.1000000015
27336  36.308  -48.297  -19.562 0.1000000015
27337  35.485  -48.144  -20.077 0.1000000015
26483  36.998  -48.748  -19.699 0.1000000015
27346  35.278  -48.508  -20.921 0.1000000015
25714  36.582  -50.294  -20.790 0.1000000015
25715  36.228  -49.497  -20.565 0.1000000015
29983  34.447  -45.482  -19.602 0.1000000015
26504  35.595  -49.266  -21.175 0.1000000015
25725  35.926  -50.045  -21.387 0.1000000015
29142  34.651  -46.093  -19.071 0.1000000015
16273  48.774  -61.067  -18.323 0.1000000015
15484  48.518  -61.730  -16.907 0.1000000015
20433  46.795  -56.469  -21.046 0.1000000015
128335  36.144  -65.536  -6.476 0.5000000000
12871  37.755  -64.890  -5.704 0.5000000000
12872  36.729  -65.322  -5.916 0.5000000000
12873  35.884  -65.259  -6.009 0.5000000000
118030  34.819  -64.760  -6.630 0.5000000000
14518  38.889  -63.129  -5.780 0.2000000030
13641  38.825  -64.143  -5.927 0.2000000030
122472  37.918  -63.914  -5.474 0.3000000119
118355  36.963  -64.555  -5.376 0.5000000000
13642  36.310  -64.285  -5.036 0.5000000000
13643  35.537  -64.311  -5.098 0.5000000000
14511  34.930  -63.595  -4.749 0.5000000000
13644  34.802  -64.252  -5.403 0.5000000000
13667  34.930  -64.830  -7.452 0.5000000000
13668  34.301  -64.256  -7.130 0.5000000000
13684  35.202  -64.776  -8.319 0.5000000000
12892  36.614  -65.481  -9.492 0.5000000000
15375  37.981  -62.904  -5.249 0.3000000119
14509  36.991  -63.042  -4.844 0.3000000119
14520  34.188  -63.741  -5.534 0.5000000000
13654  34.426  -64.350  -6.117 0.5000000000
13685  34.615  -64.281  -8.026 0.5000000000
12896  40.402  -65.334  -10.799 0.4000000060
12897  39.443  -65.234  -10.825 0.5000000000
12898  38.470  -65.283  -10.612 0.5000000000
12900  37.097  -64.944  -10.038 0.5000000000
12893  36.095  -65.240  -9.202 0.5000000000
12910  41.014  -64.970  -10.950 0.4000000060
15374  39.156  -62.274  -5.591 0.3000000119
15367  37.504  -62.391  -4.651 0.4000000060
15368  36.520  -62.714  -4.305 0.4000000060
14510  36.095  -63.602  -4.615 0.5000000000
15355  35.078  -62.208  -3.786 0.5000000000
14512  34.057  -63.043  -4.989 0.5000000000
116869  34.580  -62.694  -4.361 0.5000000000
15370  33.845  -62.284  -4.657 0.5000000000
130418  33.574  -62.513  -5.259 0.5000000000
14521  33.574  -63.085  -5.750 0.5000000000
14543  33.854  -63.637  -7.373 0.5000000000
13703  35.027  -64.062  -8.799 0.6000000238
12899  37.733  -65.198  -10.328 0.5000000000
13701  36.398  -64.725  -9.717 0.5000000000
14558  35.386  -63.830  -9.565 0.5000000000
12165  42.304  -65.868  -10.434 0.4000000060
12158  41.940  -65.543  -10.625 0.4000000060
12911  40.283  -64.907  -10.990 0.5000000000
15352  40.877  -61.368  -4.143 0.1000000015
16909  40.829  -60.259  -3.322 0.1000000015
17669  40.370  -59.925  -3.219 0.1000000015
16925  40.483  -60.803  -4.068 0.1000000015
16910  39.978  -60.386  -3.643 0.1000000015
16889  39.278  -59.929  -2.992 0.1000000015
16137  39.600  -60.851  -4.218 0.1000000015
15366  38.531  -61.956  -5.083 0.2000000030
16151  39.092  -61.337  -4.700 0.1000000015
15369  35.519  -62.888  -4.173 0.5000000000
16152  38.000  -61.682  -4.423 0.4000000060
16153  37.019  -62.020  -4.050 0.4000000060
16154  34.248  -61.964  -4.034 0.5000000000
16155  33.528  -61.562  -4.319 0.5000000000
15371  33.182  -61.810  -5.130 0.5000000000
14551  33.707  -63.303  -8.113 0.5000000000
13722  36.779  -64.240  -10.510 0.5000000000
13720  38.890  -64.822  -11.001 0.5000000000
12909  41.799  -65.187  -10.938 0.4000000060
12164  44.357  -66.355  -10.599 0.5000000000
16102  40.596  -61.644  -1.168 0.1000000015
16121  40.406  -61.247  -1.982 0.1000000015
16120  41.197  -60.465  -2.706 0.1000000015
15338  40.724  -61.144  -3.085 0.1000000015
16136  40.658  -60.636  -3.516 0.1000000015
17648  41.253  -59.424  -2.990 0.1000000015
16888  41.610  -59.779  -2.867 0.1000000015
17649  40.192  -59.425  -2.853 0.1000000015
18375  36.462  -58.218  -1.387 0.2000000030
18376  35.679  -58.039  -1.346 0.2000000030
16150  40.192  -61.176  -4.755 0.1000000015
16911  38.846  -60.564  -3.587 0.1000000015
114293  38.390  -59.686  -2.368 0.1000000015
17637  37.031  -58.908  -1.615 0.2000000030
16138  38.483  -61.101  -4.058 0.2000000030
16890  37.933  -60.353  -2.873 0.1000000015
16912  37.132  -60.995  -3.137 0.2000000030
16892  35.716  -60.451  -2.348 0.2000000030
17638  35.943  -58.935  -1.550 0.2000000030
18377  34.815  -57.857  -1.522 0.2000000030
121710  37.516  -61.404  -3.752 0.2000000030
16139  36.579  -61.633  -3.415 0.2000000030
16913  36.148  -61.102  -2.864 0.3000000119
16893  34.721  -60.230  -2.500 0.3000000119
16915  34.116  -60.780  -3.167 0.4000000060
16142  33.952  -61.380  -3.721 0.5000000000
14559  34.672  -63.540  -9.302 0.5000000000
16916  33.355  -60.878  -3.817 0.4000000060
131053  34.758  -62.970  -11.384 0.5000000000
15426  34.461  -63.064  -10.715 0.5000000000
15419  34.163  -63.151  -9.900 0.5000000000
14581  36.031  -63.476  -11.451 0.5000000000
15425  35.334  -63.347  -10.904 0.5000000000
14572  34.948  -63.428  -10.099 0.5000000000
15384  32.813  -61.994  -6.515 0.5000000000
15377  32.838  -61.720  -5.857 0.5000000000
115588  38.213  -64.526  -11.222 0.5000000000
14579  37.345  -64.145  -11.437 0.5000000000
14580  36.631  -63.791  -11.185 0.5000000000
15420  33.458  -62.692  -9.607 0.5000000000
13740  40.553  -64.817  -11.365 0.5000000000
13741  38.985  -64.587  -11.625 0.5000000000
13723  36.054  -64.038  -9.948 0.5000000000
113983  34.374  -63.681  -8.509 0.6000000238
13721  37.595  -64.594  -10.655 0.5000000000
12908  42.612  -65.489  -10.799 0.4000000060
15318  41.172  -62.218  -0.833 0.1000000015
16114  42.884  -60.954  -1.799 0.1000000015
16886  43.432  -59.931  -1.972 0.1000000015
118716  43.046  -58.798  -1.616 0.1000000015
16115  41.453  -60.908  -1.747 0.1000000015
16880  42.283  -60.223  -2.374 0.1000000015
16887  42.768  -59.598  -2.461 0.1000000015
117051  41.677  -58.568  -2.851 0.1000000015
109147  40.694  -58.645  -2.665 0.1000000015
18394  40.201  -57.616  -2.094 0.1000000015
19214  38.251  -57.375  -1.521 0.1000000015
17636  38.116  -59.030  -1.903 0.1000000015
112373  37.274  -57.842  -1.433 0.2000000030
17650  37.426  -59.815  -2.055 0.1000000015
17653  34.412  -59.371  -2.173 0.3000000119
18395  34.192  -58.478  -2.003 0.2000000030
123905  33.376  -60.271  -3.320 0.4000000060
17654  33.581  -59.039  -2.512 0.3000000119
16917  32.596  -60.152  -3.826 0.4000000060
17670  33.078  -59.552  -3.122 0.4000000060
16216  32.688  -61.477  -10.748 0.5000000000
16202  32.279  -61.388  -9.820 0.5000000000
16201  32.978  -62.123  -10.169 0.5000000000
17710  31.388  -59.253  -10.312 0.5000000000
111328  31.284  -59.120  -9.194 0.5000000000
16946  31.751  -60.743  -9.201 0.5000000000
15421  32.774  -62.157  -9.251 0.6000000238
16159  32.566  -61.283  -5.458 0.5000000000
16156  32.705  -60.961  -4.635 0.5000000000
17693  31.264  -59.467  -8.310 0.5000000000
16947  31.384  -60.055  -8.742 0.5000000000
16182  32.221  -61.501  -8.785 0.6000000238
109843  33.291  -62.727  -8.726 0.5000000000
15398  32.831  -62.304  -7.364 0.5000000000
15411  32.746  -62.181  -8.324 0.5000000000
15410  33.193  -62.721  -7.966 0.5000000000
11467  45.295  -67.114  -10.714 0.4000000060
112533  43.136  -66.001  -10.401 0.4000000060
108480  40.394  -58.598  0.101 0.1000000015
17621  42.346  -58.494  -1.038 0.1000000015
19190  40.460  -56.567  -0.733 0.1000000015
17646  43.104  -59.178  -2.324 0.1000000015
17635  43.355  -59.191  -1.985 0.1000000015
19198  41.671  -57.398  -1.615 0.1000000015
19199  41.041  -56.835  -1.097 0.1000000015
18369  42.886  -58.541  -2.091 0.1000000015
19212  40.861  -56.861  -1.406 0.1000000015
20174  40.040  -56.162  -1.052 0.1000000015
18372  39.346  -56.895  -1.561 0.1000000015
111556  38.625  -56.258  -1.262 0.1000000015
20177  37.698  -55.833  -1.012 0.2000000030
20178  36.356  -56.007  -0.932 0.2000000030
19216  35.496  -57.065  -1.202 0.2000000030
19217  34.593  -56.989  -1.468 0.2000000030
21174  37.715  -56.065  -6.413 0.2000000030
18378  34.040  -57.649  -1.914 0.2000000030
20247  37.184  -56.973  -6.687 0.2000000030
20248  36.367  -57.034  -6.535 0.2000000030
20249  35.414  -56.993  -6.375 0.2000000030
124758  34.676  -56.431  -6.137 0.2000000030
18396  33.414  -58.114  -2.414 0.2000000030
19274  36.716  -57.738  -7.022 0.2000000030
112887  35.978  -57.773  -6.904 0.2000000030
20250  34.505  -57.048  -6.387 0.2000000030
20251  33.701  -56.979  -6.206 0.2000000030
20229  33.984  -56.453  -5.868 0.3000000119
20252  32.528  -57.306  -5.478 0.2000000030
19256  31.960  -57.721  -5.230 0.4000000060
19300  34.291  -57.625  -7.857 0.2000000030
19275  35.072  -57.753  -7.051 0.3000000119
118270  34.087  -57.343  -6.886 0.3000000119
19277  32.502  -57.406  -6.359 0.4000000060
124757  33.063  -57.127  -6.010 0.3000000119
18421  32.006  -58.605  -4.136 0.4000000060
17682  31.939  -59.473  -4.308 0.5000000000
19347  32.290  -57.421  -9.422 0.5000000000
19325  32.357  -57.481  -8.450 0.4000000060
112281  31.828  -57.763  -7.836 0.4000000060
19302  32.572  -57.432  -7.367 0.4000000060
18455  31.435  -58.401  -7.379 0.4000000060
17687  31.266  -59.149  -6.641 0.5000000000
18446  31.513  -58.338  -6.320 0.5000000000
18432  31.630  -58.246  -5.446 0.5000000000
16926  32.048  -60.229  -4.605 0.5000000000
124040  31.487  -58.162  -8.204 0.5000000000
18465  31.274  -58.780  -8.237 0.5000000000
16942  31.360  -60.104  -7.839 0.5000000000
16941  31.723  -60.830  -8.270 0.5000000000
16169  32.281  -61.548  -7.836 0.5000000000
119870  32.374  -61.616  -7.039 0.5000000000
16163  32.249  -61.255  -6.263 0.5000000000
17609  38.887  -58.315  0.608 0.1000000015
17608  39.443  -58.991  0.536 0.1000000015
18341  39.796  -57.862  0.239 0.1000000015
108426  38.602  -56.624  0.444 0.1000000015
20148  39.425  -56.224  -0.003 0.1000000015
116365  38.834  -55.640  0.032 0.1000000015
21077  39.327  -55.823  -0.515 0.1000000015
20175  39.225  -55.749  -0.808 0.1000000015
21090  38.041  -55.106  -0.306 0.1000000015
20176  39.455  -56.040  -1.176 0.1000000015
21101  37.209  -55.035  -0.587 0.2000000030
20179  35.254  -56.122  -1.124 0.2000000030
21154  38.174  -55.188  -6.108 0.1000000015
20226  36.843  -56.193  -6.319 0.2000000030
20228  35.185  -55.984  -6.103 0.2000000030
129697  33.574  -57.508  -2.245 0.2000000030
22120  38.537  -54.344  -5.786 0.1000000015
127393  37.808  -54.661  -5.829 0.1000000015
21155  37.238  -55.268  -6.033 0.1000000015
119372  36.396  -54.806  -5.923 0.1000000015
21156  35.739  -55.358  -6.043 0.1000000015
20230  33.259  -56.743  -5.446 0.2000000030
17655  32.898  -58.708  -2.943 0.3000000119
126571  32.855  -58.023  -2.909 0.2000000030
21158  33.637  -56.007  -5.160 0.1000000015
20231  32.772  -56.987  -4.833 0.1000000015
18397  32.467  -58.325  -3.463 0.2000000030
16929  31.361  -59.872  -6.010 0.5000000000
17684  31.356  -59.008  -5.706 0.5000000000
16927  31.563  -59.686  -5.112 0.5000000000
128512  31.935  -60.586  -5.463 0.5000000000
16935  31.351  -59.991  -6.932 0.5000000000
121910  31.691  -60.527  -6.367 0.5000000000
16934  31.819  -60.851  -7.221 0.5000000000
18325  38.197  -58.614  0.963 0.1000000015
19175  36.478  -57.348  1.520 0.1000000015
20135  36.418  -56.304  1.174 0.1000000015
125360  37.543  -57.278  0.930 0.1000000015
124774  37.133  -56.521  0.906 0.1000000015
20136  35.684  -55.946  1.497 0.1000000015
20149  37.971  -56.029  0.464 0.1000000015
22050  36.924  -54.173  0.141 0.1000000015
21080  36.532  -54.566  0.533 0.1000000015
22049  37.530  -54.556  -0.029 0.1000000015
22063  37.010  -54.180  -0.034 0.2000000030
22072  36.758  -54.358  -0.339 0.2000000030
22073  35.654  -54.226  -0.710 0.2000000030
21103  34.962  -55.258  -1.137 0.2000000030
20180  34.381  -56.160  -1.522 0.2000000030
20181  33.774  -56.089  -1.974 0.2000000030
19218  33.767  -56.881  -1.987 0.2000000030
22999  39.158  -53.582  -5.686 0.1000000015
22121  37.842  -54.105  -5.663 0.1000000015
121706  34.969  -55.196  -5.919 0.1000000015
20199  33.326  -56.354  -2.662 0.1000000015
19232  33.182  -57.350  -2.656 0.2000000030
22124  34.467  -54.673  -5.522 0.1000000015
22125  33.831  -55.107  -5.019 0.1000000015
20216  33.131  -56.436  -4.570 0.1000000015
20217  32.687  -57.042  -4.033 0.2000000030
19240  32.680  -57.576  -3.353 0.2000000030
108799  35.452  -57.216  2.808 0.1000000015
19176  35.717  -56.876  1.871 0.1000000015
21040  34.912  -55.321  3.563 0.1000000015
22023  34.615  -54.602  3.064 0.1000000015
21041  34.677  -55.017  2.333 0.1000000015
22051  35.912  -54.107  0.589 0.1000000015
21065  35.735  -55.016  1.109 0.1000000015
22939  35.743  -53.331  -0.084 0.1000000015
22064  36.296  -53.827  -0.210 0.1000000015
22953  35.487  -53.476  -0.562 0.1000000015
22074  34.581  -54.502  -1.390 0.2000000030
21104  34.122  -55.403  -1.702 0.2000000030
22083  34.314  -53.786  -1.823 0.2000000030
22084  33.788  -54.671  -2.299 0.2000000030
22094  33.615  -54.424  -3.262 0.1000000015
21114  33.611  -55.587  -2.320 0.2000000030
23826  40.443  -52.269  -5.577 0.1000000015
23828  38.010  -52.714  -5.520 0.1000000015
22122  36.340  -53.895  -5.784 0.1000000015
21130  33.381  -55.363  -3.193 0.2000000030
23829  37.097  -52.704  -5.581 0.1000000015
23002  36.366  -53.016  -5.672 0.1000000015
22123  35.391  -54.400  -5.841 0.1000000015
21142  33.419  -55.640  -4.307 0.1000000015
20210  33.119  -56.289  -3.647 0.2000000030
111319  35.272  -54.055  4.195 0.1000000015
23725  34.727  -52.834  3.169 0.1000000015
22905  34.534  -53.355  2.567 0.1000000015
22912  34.779  -52.904  1.022 0.1000000015
23751  35.211  -52.717  0.126 0.1000000015
22940  35.156  -52.829  -0.530 0.1000000015
22954  34.813  -53.167  -1.247 0.2000000030
128621  34.402  -52.167  -2.246 0.1000000015
22965  34.261  -52.949  -2.248 0.2000000030
23791  34.177  -52.344  -3.039 0.1000000015
22966  33.852  -53.750  -2.794 0.2000000030
24653  37.390  -51.207  -5.292 0.1000000015
125552  36.649  -51.614  -5.400 0.1000000015
130728  35.739  -51.020  -5.033 0.1000000015
23815  34.994  -52.013  -5.165 0.1000000015
23802  34.097  -52.569  -4.075 0.1000000015
22974  33.940  -53.047  -3.230 0.1000000015
23827  38.934  -52.318  -5.436 0.1000000015
23812  38.211  -51.818  -5.403 0.1000000015
23814  36.455  -52.236  -5.537 0.1000000015
111925  35.785  -51.609  -5.301 0.1000000015
115583  34.822  -52.822  -5.373 0.1000000015
22985  34.203  -53.185  -4.873 0.1000000015
124193  33.761  -53.657  -3.943 0.1000000015
22983  35.593  -52.482  -5.512 0.1000000015
22104  34.637  -53.718  -5.466 0.1000000015
22105  33.971  -54.129  -4.933 0.1000000015
119568  33.605  -54.705  -4.140 0.1000000015
23724  35.194  -52.720  3.804 0.1000000015
23735  34.561  -52.464  2.503 0.1000000015
23742  34.472  -52.137  1.579 0.1000000015
24609  34.459  -51.488  0.945 0.1000000015
108321  34.622  -51.545  0.096 0.1000000015
23783  34.721  -52.334  -1.348 0.1000000015
27132  36.595  -48.515  -3.472 0.1000000015
26295  36.120  -49.133  -3.915 0.1000000015
26297  34.955  -49.856  -3.314 0.1000000015
25497  34.638  -50.442  -3.286 0.1000000015
24629  34.465  -51.533  -1.783 0.1000000015
26300  38.445  -49.257  -4.817 0.1000000015
112341  37.842  -48.651  -4.357 0.1000000015
26303  35.729  -49.740  -4.204 0.1000000015
26296  35.451  -49.506  -3.622 0.1000000015
115296  34.439  -51.079  -3.226 0.1000000015
26308  38.352  -50.005  -4.974 0.1000000015
25499  36.905  -50.374  -4.925 0.1000000015
26302  36.475  -49.652  -4.468 0.1000000015
25496  35.074  -50.233  -4.064 0.1000000015
25501  34.625  -51.030  -3.966 0.1000000015
24643  34.342  -51.729  -3.626 0.1000000015
117163  34.437  -50.995  0.471 0.1000000015
26236  34.748  -49.657  0.070 0.1000000015
25463  34.487  -50.153  -0.554 0.1000000015
111843  35.135  -49.035  -1.020 0.1000000015
26251  34.759  -49.531  -0.751 0.1000000015
25479  34.440  -50.776  -1.216 0.1000000015
27131  37.369  -48.208  -3.736 0.1000000015
27133  35.855  -48.874  -3.184 0.1000000015
27116  35.695  -48.758  -2.333 0.1000000015
127755  34.826  -49.434  -1.276 0.1000000015
25493  34.453  -50.722  -2.344 0.1000000015
26283  35.239  -49.332  -2.832 0.1000000015
14529  33.785  -63.627  -6.526 0.5000000000
15354  36.051  -62.243  -3.765 0.4000000060
113366  39.366  -58.976  -2.330 0.1000000015
16914  35.130  -60.998  -2.902 0.4000000060
16141  34.658  -61.533  -3.449 0.4000000060
16101  42.042  -61.589  -1.275 0.1000000015
17647  42.285  -58.952  -2.878 0.1000000015
19215  36.612  -57.142  -1.222 0.2000000030
17651  36.346  -59.781  -1.890 0.2000000030
17652  35.326  -59.632  -1.949 0.3000000119
17639  35.018  -58.758  -1.644 0.2000000030
16894  33.845  -59.903  -2.754 0.3000000119
15427  33.708  -62.634  -10.479 0.5000000000
16113  44.122  -61.136  -1.623 0.1000000015
16885  43.607  -60.077  -1.771 0.1000000015
18351  42.378  -58.048  -1.664 0.1000000015
19231  40.940  -57.138  -1.962 0.1000000015
18371  41.630  -57.449  -2.061 0.1000000015
18373  38.831  -58.058  -1.832 0.1000000015
18374  37.857  -58.298  -1.636 0.1000000015
123732  37.684  -56.861  -1.317 0.1000000015
17671  32.427  -59.158  -3.589 0.4000000060
16972  32.125  -60.803  -10.574 0.5000000000
16958  31.805  -60.614  -9.937 0.5000000000
17721  31.629  -59.620  -11.108 0.5000000000
128950  31.418  -58.401  -8.797 0.5000000000
18340  40.723  -57.379  -0.498 0.1000000015
19191  39.969  -56.807  -0.190 0.1000000015
18352  41.686  -57.631  -1.100 0.1000000015
20147  39.917  -56.209  -0.599 0.1000000015
19213  40.241  -56.667  -1.499 0.1000000015
20162  39.785  -56.015  -0.832 0.1000000015
21102  36.064  -55.070  -0.780 0.2000000030
20246  38.011  -56.896  -6.928 0.2000000030
19276  33.228  -57.233  -6.666 0.3000000119
18431  31.853  -58.077  -4.709 0.4000000060
19324  33.241  -57.363  -8.194 0.5000000000
19301  33.488  -57.366  -7.359 0.4000000060
18445  35.926  -58.128  -7.568 0.2000000030
19303  31.873  -57.764  -6.855 0.5000000000
19278  31.913  -57.728  -5.932 0.5000000000
19248  32.245  -57.822  -4.031 0.3000000119
19346  33.042  -57.212  -9.160 0.5000000000
17691  31.241  -59.310  -7.555 0.5000000000
18342  38.317  -57.758  0.732 0.1000000015
109592  39.205  -57.223  0.378 0.1000000015
21089  38.677  -55.463  -0.402 0.1000000015
21079  37.270  -54.670  0.272 0.1000000015
21078  38.103  -55.037  0.068 0.1000000015
120940  38.708  -55.562  -0.937 0.1000000015
21091  37.503  -54.701  -0.275 0.2000000030
114982  36.466  -55.568  -6.113 0.1000000015
121176  37.169  -54.376  -5.774 0.1000000015
108450  36.880  -58.119  1.518 0.1000000015
19162  35.800  -57.654  2.257 0.1000000015
21064  36.481  -55.329  0.813 0.1000000015
21053  35.071  -55.496  1.836 0.1000000015
128592  34.946  -53.788  -1.066 0.2000000030
115317  38.818  -53.002  -5.557 0.1000000015
23001  37.311  -53.489  -5.640 0.1000000015
19239  32.959  -56.925  -3.236 0.2000000030
20123  35.181  -56.309  2.414 0.1000000015
20111  35.228  -56.637  3.414 0.1000000015
22012  35.479  -54.587  4.414 0.1000000015
22022  35.023  -54.601  3.868 0.1000000015
127046  34.692  -55.328  2.954 0.1000000015
20124  34.840  -55.649  2.542 0.1000000015
22897  34.815  -53.687  3.533 0.1000000015
128134  34.537  -53.955  2.859 0.1000000015
21066  35.041  -54.615  1.499 0.1000000015
22029  34.555  -54.139  2.168 0.1000000015
22038  34.997  -53.732  1.189 0.1000000015
22924  36.406  -53.759  0.038 0.1000000015
22925  35.555  -53.340  0.327 0.1000000015
23768  34.892  -52.165  -0.321 0.1000000015
111018  39.648  -52.790  -5.585 0.1000000015
23813  37.313  -52.048  -5.490 0.1000000015
22984  35.478  -53.360  -5.673 0.1000000015
111732  34.510  -52.882  1.884 0.1000000015
22913  34.596  -53.423  1.769 0.1000000015
23752  34.706  -52.166  0.571 0.1000000015
25514  37.903  -50.499  -5.061 0.1000000015
24672  38.314  -51.137  -5.277 0.1000000015
24655  35.157  -51.125  -4.744 0.1000000015
25500  35.847  -50.403  -4.727 0.1000000015
24656  34.557  -51.795  -4.490 0.1000000015
23816  34.487  -52.451  -4.889 0.1000000015
24570  34.919  -51.964  3.239 0.1000000015
119040  34.608  -51.599  2.402 0.1000000015
24600  34.721  -50.768  2.184 0.1000000015
24618  34.458  -50.895  -0.278 0.1000000015
110429  34.631  -51.538  -0.815 0.1000000015
27138  36.948  -48.900  -4.173 0.1000000015
27114  37.125  -47.918  -2.863 0.1000000015
26284  34.728  -49.899  -2.542 0.1000000015
26267  35.051  -49.265  -1.858 0.1000000015
24636  34.361  -51.589  -2.734 0.1000000015
26301  37.539  -49.599  -4.677 0.1000000015
26221  34.773  -49.801  0.963 0.1000000015
124336  34.501  -50.346  0.329 0.1000000015
26268  34.567  -49.926  -1.505 0.1000000015
27102  35.646  -48.642  -1.476 0.1000000015
27092  35.804  -48.512  -0.560 0.1000000015
27982  37.783  -47.706  -3.274 0.1000000015
27130  38.143  -47.885  -3.953 0.1000000015
27962  36.754  -47.996  -2.205 0.1000000015
11429  43.047  -66.210  -6.568 0.1000000015
11439  42.225  -67.510  -6.753 0.1000000015
11430  41.732  -66.742  -6.473 0.1000000015
12138  41.217  -65.965  -6.400 0.1000000015
12880  39.660  -65.611  -6.249 0.1000000015
12878  41.848  -64.748  -6.455 0.1000000015
13651  41.368  -63.985  -6.496 0.1000000015
119644  43.334  -67.292  -6.664 0.2000000030
13640  39.788  -63.949  -6.184 0.1000000015
11431  40.662  -67.027  -6.627 0.1000000015
10751  41.671  -68.332  -7.470 0.2000000030
12869  39.256  -64.882  -6.090 0.1000000015
10062  42.358  -69.091  -8.040 0.2000000030
11440  41.166  -67.651  -7.014 0.2000000030
12139  40.134  -66.348  -6.440 0.2000000030
12140  39.058  -66.626  -6.712 0.2000000030
12870  38.410  -65.169  -5.968 0.3000000119
12881  38.650  -65.806  -6.317 0.3000000119
11441  40.239  -67.718  -7.299 0.2000000030
11432  39.733  -67.192  -6.931 0.2000000030
130517  41.165  -69.433  -8.749 0.2000000030
111961  41.118  -69.009  -8.270 0.2000000030
111611  41.304  -71.621  -11.323 0.1000000015
10063  41.599  -69.449  -8.559 0.2000000030
10752  40.657  -68.318  -7.737 0.2000000030
12882  37.626  -65.741  -6.302 0.3000000119
9351  41.182  -70.362  -10.064 0.1000000015
10068  41.432  -69.890  -9.192 0.1000000015
11442  39.452  -67.732  -7.654 0.2000000030
12146  39.050  -67.293  -7.308 0.2000000030
8614  41.460  -71.079  -10.461 0.1000000015
12142  37.197  -66.287  -7.084 0.4000000060
10753  39.890  -68.190  -7.941 0.2000000030
10069  40.675  -69.327  -9.036 0.2000000030
9371  40.903  -70.697  -11.290 0.1000000015
118032  40.760  -70.530  -12.019 0.2000000030
128440  41.071  -70.552  -10.627 0.1000000015
9358  40.792  -70.083  -10.756 0.1000000015
10765  39.234  -68.140  -8.530 0.2000000030
11443  38.730  -67.615  -7.995 0.2000000030
12148  37.576  -66.814  -7.657 0.4000000060
11448  37.983  -67.340  -8.273 0.4000000060
12143  36.543  -66.090  -7.384 0.4000000060
10778  40.011  -68.923  -9.703 0.3000000119
10071  40.593  -69.629  -9.989 0.2000000030
12149  36.824  -66.461  -7.896 0.4000000060
12886  35.522  -65.374  -7.741 0.4000000060
10779  39.400  -68.458  -9.434 0.3000000119
10790  39.660  -68.109  -10.428 0.4000000060
112889  40.395  -55.049  -6.741 0.1000000015
21173  38.794  -55.918  -6.606 0.1000000015
11452  37.850  -67.308  -9.207 0.4000000060
12152  36.617  -66.309  -8.544 0.5000000000
130562  39.083  -67.973  -9.900 0.4000000060
10766  38.892  -68.073  -9.282 0.4000000060
11451  38.535  -67.569  -9.753 0.4000000060
21172  39.791  -55.752  -6.913 0.1000000015
120120  40.459  -55.694  -7.147 0.1000000015
12885  36.136  -65.987  -8.040 0.4000000060
12888  36.271  -65.841  -8.871 0.5000000000
12156  36.799  -66.224  -9.213 0.5000000000
12889  35.757  -65.350  -8.585 0.5000000000
116354  39.343  -56.623  -7.366 0.1000000015
117088  38.666  -56.923  -7.302 0.1000000015
19296  39.371  -58.269  -8.719 0.1000000015
19271  38.976  -57.695  -7.909 0.1000000015
18443  36.975  -58.304  -7.626 0.1000000015
130047  44.062  -66.258  -6.598 0.1000000015
13652  40.276  -64.470  -6.257 0.1000000015
12879  40.742  -65.199  -6.327 0.1000000015
12137  42.369  -65.497  -6.469 0.1000000015
14517  39.785  -63.171  -6.165 0.1000000015
12884  35.449  -65.256  -6.748 0.4000000060
19273  37.444  -57.728  -7.306 0.1000000015
10730  43.818  -68.064  -6.998 0.1000000015
12141  38.068  -66.445  -6.849 0.3000000119
108588  40.088  -68.704  -8.621 0.2000000030
11447  38.476  -67.781  -8.823 0.3000000119
12151  37.221  -66.825  -8.629 0.4000000060
20245  40.112  -56.409  -7.513 0.1000000015
19272  38.213  -57.759  -7.656 0.1000000015
13650  42.307  -63.744  -6.448 0.1000000015
8669  35.054  -71.730  -14.543 0.1000000015
8688  34.681  -70.766  -14.899 0.1000000015
9404  37.494  -70.366  -15.585 0.1000000015
7988  34.441  -71.937  -15.006 0.1000000015
9387  37.107  -70.353  -14.709 0.1000000015
7973  34.646  -72.675  -14.670 0.1000000015
119730  33.811  -71.912  -15.285 0.1000000015
7990  32.373  -72.966  -15.595 0.1000000015
3304  31.212  -81.622  -7.304 0.1000000015
6064  31.097  -76.107  -12.215 0.1000000015
6077  31.597  -75.914  -13.166 0.1000000015
8668  36.235  -71.165  -13.965 0.1000000015
115772  31.742  -75.380  -14.860 0.1000000015
9389  35.538  -70.694  -14.539 0.1000000015
6700  32.989  -74.748  -14.951 0.1000000015
8655  37.608  -71.724  -13.420 0.1000000015
7368  31.769  -73.925  -15.682 0.1000000015
117705  37.853  -70.681  -14.607 0.1000000015
3290  32.678  -81.509  -7.048 0.1000000015
3823  31.311  -80.851  -7.969 0.1000000015
4352  30.723  -79.519  -7.647 0.1000000015
3787  33.792  -79.886  -6.471 0.1000000015
3804  33.295  -80.830  -6.788 0.1000000015
2787  32.232  -81.586  -7.449 0.1000000015
3303  32.001  -81.478  -8.021 0.1000000015
113376  30.707  -78.351  -7.632 0.1000000015
6618  28.202  -74.298  -8.749 0.1000000015
6652  29.782  -74.896  -11.363 0.1000000015
127339  35.630  -71.599  -14.119 0.1000000015
7972  35.232  -72.334  -14.080 0.1000000015
7974  34.041  -72.994  -15.203 0.1000000015
7955  36.988  -72.338  -12.985 0.1000000015
8666  38.777  -71.799  -14.131 0.1000000015
8687  38.377  -70.998  -15.416 0.1000000015
126105  31.961  -80.883  -8.590 0.1000000015
3822  31.564  -79.928  -8.444 0.1000000015
4320  34.987  -79.242  -6.331 0.1000000015
3803  34.200  -80.452  -7.418 0.1000000015
3315  32.693  -81.103  -8.735 0.1000000015
4360  32.036  -79.108  -8.780 0.1000000015
4351  31.327  -78.754  -8.093 0.1000000015
125315  31.489  -76.856  -8.010 0.1000000015
116682  29.717  -75.277  -7.664 0.1000000015
128428  28.978  -75.109  -7.653 0.1000000015
6607  29.335  -74.583  -7.920 0.1000000015
7288  28.628  -73.638  -9.811 0.1000000015
6639  29.032  -74.135  -10.640 0.1000000015
7311  29.752  -73.826  -11.098 0.1000000015
6668  31.365  -75.392  -12.210 0.1000000015
7339  33.247  -74.422  -13.890 0.1000000015
129685  36.418  -72.186  -13.142 0.1000000015
7956  35.214  -72.438  -13.164 0.1000000015
7338  33.725  -73.992  -14.411 0.1000000015
6682  33.285  -74.474  -14.548 0.1000000015
7954  38.052  -72.734  -13.045 0.1000000015
121818  38.121  -71.233  -13.899 0.1000000015
125954  33.357  -77.858  -8.955 0.1000000015
4850  35.214  -78.649  -5.686 0.1000000015
4338  34.697  -79.870  -6.910 0.1000000015
3821  34.345  -80.466  -8.310 0.1000000015
4358  33.802  -79.693  -9.297 0.1000000015
4885  33.588  -78.776  -9.283 0.1000000015
4874  31.987  -77.437  -8.293 0.1000000015
113982  32.332  -75.685  -8.230 0.1000000015
6606  30.241  -74.580  -7.951 0.1000000015
7277  30.107  -72.656  -8.684 0.1000000015
4337  35.543  -79.761  -7.244 0.1000000015
3802  35.042  -80.055  -7.853 0.1000000015
3820  35.097  -79.885  -8.468 0.1000000015
4357  35.081  -79.647  -8.844 0.1000000015
128413  29.611  -74.163  -8.152 0.1000000015
7278  29.323  -73.106  -8.876 0.1000000015
7298  29.198  -73.201  -10.293 0.1000000015
7936  30.483  -72.481  -11.245 0.1000000015
7310  30.503  -73.487  -11.533 0.1000000015
131270  31.035  -72.115  -11.492 0.1000000015
6650  31.346  -74.264  -12.073 0.1000000015
7949  32.244  -73.012  -12.468 0.1000000015
7326  32.101  -73.954  -12.583 0.1000000015
7933  33.562  -72.396  -12.160 0.1000000015
7948  33.131  -73.008  -12.883 0.1000000015
6666  32.537  -74.839  -13.257 0.1000000015
7957  34.721  -73.026  -13.991 0.1000000015
109426  33.986  -73.038  -13.336 0.1000000015
7336  37.176  -73.237  -12.507 0.1000000015
7351  39.162  -73.727  -14.233 0.1000000015
7953  38.805  -72.693  -13.728 0.1000000015
108800  39.019  -74.818  -14.004 0.1000000015
7334  38.674  -73.775  -13.386 0.1000000015
5419  34.678  -77.524  -8.552 0.1000000015
5421  32.733  -77.246  -8.573 0.1000000015
4301  36.441  -79.778  -5.319 0.1000000015
4336  36.254  -79.440  -7.203 0.1000000015
3819  35.643  -79.430  -8.430 0.1000000015
113354  34.499  -79.320  -9.195 0.1000000015
121236  34.222  -78.219  -9.061 0.1000000015
127491  32.817  -76.483  -8.444 0.1000000015
109655  31.342  -75.076  -8.035 0.1000000015
7262  31.994  -73.618  -8.176 0.1000000015
4319  35.786  -79.623  -6.420 0.1000000015
3801  35.720  -79.614  -7.927 0.1000000015
7276  31.148  -72.902  -8.388 0.1000000015
7903  30.152  -71.890  -9.054 0.1000000015
7912  29.845  -72.042  -9.641 0.1000000015
8620  30.380  -71.463  -9.438 0.1000000015
7919  29.998  -72.061  -10.442 0.1000000015
8619  30.920  -70.859  -9.571 0.1000000015
8644  30.632  -71.653  -10.856 0.1000000015
8642  32.889  -71.405  -11.273 0.1000000015
8643  32.107  -71.561  -11.420 0.1000000015
7323  35.935  -72.861  -12.047 0.1000000015
7308  35.441  -72.541  -11.698 0.1000000015
108704  34.861  -72.468  -12.279 0.1000000015
7932  34.636  -72.125  -11.498 0.1000000015
7307  36.298  -73.145  -11.566 0.1000000015
7947  34.448  -72.670  -12.841 0.1000000015
7322  36.682  -73.505  -11.999 0.1000000015
6649  36.940  -74.040  -11.445 0.1000000015
7335  38.040  -73.933  -12.654 0.1000000015
114290  38.721  -76.023  -13.718 0.1000000015
113881  35.845  -80.330  -3.667 0.1000000015
4836  35.932  -79.389  -4.782 0.1000000015
4317  37.287  -79.506  -5.938 0.1000000015
4335  37.138  -79.250  -6.978 0.1000000015
5404  34.193  -76.398  -8.255 0.1000000015
114077  36.336  -80.085  -4.470 0.1000000015
4318  36.535  -79.577  -6.277 0.1000000015
123740  36.396  -79.198  -7.854 0.1000000015
115077  36.325  -78.278  -7.935 0.1000000015
5403  35.049  -76.758  -8.026 0.1000000015
5405  33.309  -75.985  -8.343 0.1000000015
6000  33.889  -75.414  -8.053 0.1000000015
6604  32.841  -74.077  -8.020 0.1000000015
5999  34.599  -75.841  -7.874 0.1000000015
7275  31.987  -72.815  -8.258 0.1000000015
7901  31.599  -72.019  -8.418 0.1000000015
120567  31.279  -71.368  -8.697 0.1000000015
7888  32.418  -72.196  -8.115 0.1000000015
9347  31.967  -70.493  -8.889 0.1000000015
9355  32.267  -70.296  -9.277 0.1000000015
8628  31.961  -70.831  -10.737 0.1000000015
130823  33.393  -71.029  -10.870 0.1000000015
8627  32.886  -70.638  -10.488 0.1000000015
7917  35.301  -72.038  -10.975 0.1000000015
8641  33.852  -71.625  -11.287 0.1000000015
7296  35.977  -72.718  -11.209 0.1000000015
7916  36.199  -72.465  -10.714 0.1000000015
7295  36.618  -73.508  -11.039 0.1000000015
6665  37.308  -74.365  -11.836 0.1000000015
7321  37.420  -74.052  -12.183 0.1000000015
6664  37.895  -74.953  -12.333 0.1000000015
112633  38.540  -74.943  -13.176 0.1000000015
5387  37.869  -77.478  -6.516 0.1000000015
5381  37.758  -76.550  -6.393 0.1000000015
123672  36.928  -79.802  -5.101 0.1000000015
113976  37.755  -79.368  -5.267 0.1000000015
5401  36.623  -77.517  -7.538 0.1000000015
5389  36.362  -76.460  -7.253 0.1000000015
5987  36.951  -75.832  -6.661 0.1000000015
4871  37.023  -78.431  -7.467 0.1000000015
5402  35.927  -77.116  -7.802 0.1000000015
5988  36.074  -75.337  -6.996 0.1000000015
7240  34.787  -73.973  -7.223 0.1000000015
111695  34.293  -73.199  -7.338 0.1000000015
6602  34.552  -74.887  -7.611 0.1000000015
7259  34.159  -74.007  -7.538 0.1000000015
8594  33.035  -71.548  -7.850 0.1000000015
9346  32.633  -70.385  -8.727 0.1000000015
9345  33.516  -70.372  -8.597 0.1000000015
9354  33.050  -70.258  -9.520 0.1000000015
8617  35.499  -70.713  -9.763 0.1000000015
8626  33.949  -70.721  -10.367 0.1000000015
128883  36.363  -71.760  -10.301 0.1000000015
7918  34.525  -71.492  -10.941 0.1000000015
7915  36.845  -73.160  -10.636 0.1000000015
6638  37.114  -74.437  -11.086 0.1000000015
4822  38.878  -78.369  -4.014 0.1000000015
4285  37.223  -80.134  -3.277 0.1000000015
4299  38.318  -79.012  -4.680 0.1000000015
4835  39.060  -77.968  -4.954 0.1000000015
4849  38.624  -78.011  -5.682 0.1000000015
128794  35.721  -80.423  -3.021 0.1000000015
3747  36.349  -80.364  -3.172 0.1000000015
4300  37.284  -79.831  -4.566 0.1000000015
4284  37.915  -79.506  -3.800 0.1000000015
112201  38.435  -78.656  -5.320 0.1000000015
4861  37.594  -78.320  -6.821 0.1000000015
5978  37.590  -75.663  -6.174 0.1000000015
123696  35.895  -74.499  -6.767 0.1000000015
122360  34.493  -72.393  -7.062 0.1000000015
7887  33.798  -72.223  -7.470 0.1000000015
114103  34.422  -71.502  -7.083 0.1000000015
9334  34.023  -70.570  -7.914 0.1000000015
9344  34.423  -70.355  -8.409 0.1000000015
8618  34.089  -70.309  -9.244 0.1000000015
9352  35.860  -70.440  -8.921 0.1000000015
7910  36.970  -72.128  -10.197 0.1000000015
8625  35.809  -71.471  -10.373 0.1000000015
7286  37.642  -73.257  -10.230 0.1000000015
7285  38.651  -74.087  -9.895 0.1000000015
4264  37.901  -79.458  -2.899 0.1000000015
5364  39.454  -76.953  -4.840 0.1000000015
5365  39.033  -77.290  -5.396 0.1000000015
6579  37.791  -75.062  -5.687 0.1000000015
110745  37.315  -74.212  -5.688 0.1000000015
113573  36.786  -74.236  -6.110 0.1000000015
7225  36.786  -73.498  -5.785 0.1000000015
7867  35.845  -71.961  -6.071 0.1000000015
7868  35.088  -71.951  -6.594 0.1000000015
9312  35.610  -70.621  -6.869 0.1000000015
8592  34.506  -70.785  -7.341 0.1000000015
9342  36.197  -70.343  -7.960 0.1000000015
9333  34.799  -70.475  -7.735 0.1000000015
8607  36.724  -70.639  -8.761 0.1000000015
8605  38.538  -71.323  -8.254 0.1000000015
7911  36.421  -71.086  -9.744 0.1000000015
8615  38.179  -71.644  -9.123 0.1000000015
8616  37.304  -71.333  -9.365 0.1000000015
7909  38.466  -72.719  -9.591 0.1000000015
7284  39.746  -74.485  -9.446 0.1000000015
6628  40.803  -75.505  -9.236 0.1000000015
126810  38.566  -78.673  -3.238 0.1000000015
4808  39.287  -77.638  -3.093 0.1000000015
6578  38.523  -75.320  -5.244 0.1000000015
4809  38.553  -78.405  -2.399 0.1000000015
5961  39.003  -76.370  -5.266 0.1000000015
6563  38.043  -74.226  -5.134 0.1000000015
131332  36.432  -71.973  -5.679 0.1000000015
8534  36.337  -71.249  -5.907 0.1000000015
121611  36.290  -70.706  -6.429 0.1000000015
8590  38.921  -71.061  -7.477 0.1000000015
9341  37.055  -70.438  -7.407 0.1000000015
8606  37.561  -70.818  -8.380 0.1000000015
7900  39.015  -72.204  -8.882 0.1000000015
7908  39.363  -73.310  -9.276 0.1000000015
7274  40.263  -73.913  -8.875 0.1000000015
6614  41.888  -75.101  -8.381 0.1000000015
7292  42.605  -74.217  -9.659 0.1000000015
4799  39.166  -77.339  -1.885 0.1000000015
5337  39.929  -76.717  -2.371 0.1000000015
128390  39.755  -76.562  -4.191 0.1000000015
6561  39.684  -75.068  -4.251 0.1000000015
5349  39.949  -76.688  -3.447 0.1000000015
5960  39.625  -76.096  -4.561 0.1000000015
111807  38.498  -73.844  -4.581 0.1000000015
7209  37.982  -73.206  -4.708 0.1000000015
7847  37.510  -72.390  -4.974 0.1000000015
9291  37.698  -70.881  -5.402 0.1000000015
9310  38.370  -70.446  -6.004 0.1000000015
9330  37.723  -70.481  -6.622 0.1000000015
9306  45.855  -71.117  -6.250 0.1000000015
8530  45.025  -71.209  -5.744 0.1000000015
8557  44.359  -71.988  -6.224 0.1000000015
8559  42.051  -71.700  -6.410 0.1000000015
8588  40.665  -71.956  -7.276 0.1000000015
9329  38.535  -70.604  -6.712 0.1000000015
8591  38.042  -70.669  -7.460 0.1000000015
8556  45.335  -71.931  -6.512 0.1000000015
7864  43.749  -72.882  -6.666 0.1000000015
8558  43.155  -71.830  -6.208 0.1000000015
9328  39.258  -70.870  -6.846 0.1000000015
131177  46.190  -70.811  -6.798 0.1000000015
9305  45.909  -71.560  -7.002 0.1000000015
7863  44.685  -72.754  -6.843 0.1000000015
7884  42.374  -73.499  -7.227 0.1000000015
7885  41.195  -73.042  -7.729 0.1000000015
8604  39.391  -71.854  -8.095 0.1000000015
9326  46.153  -70.943  -7.577 0.1000000015
8601  45.570  -71.609  -8.166 0.1000000015
7881  44.838  -73.093  -7.578 0.1000000015
7898  40.665  -73.454  -8.266 0.1000000015
7254  44.234  -73.600  -7.796 0.1000000015
7273  41.036  -74.509  -8.387 0.1000000015
8603  44.453  -71.997  -9.065 0.1000000015
7272  43.007  -74.568  -8.128 0.1000000015
117712  43.132  -73.485  -9.479 0.1000000015
5312  39.387  -76.349  -0.342 0.1000000015
5325  39.732  -76.534  -1.271 0.1000000015
5324  40.561  -76.116  -1.648 0.1000000015
5348  40.646  -76.107  -2.785 0.1000000015
117765  40.502  -74.999  -3.729 0.1000000015
6554  39.125  -74.023  -4.183 0.1000000015
7201  39.391  -73.250  -3.811 0.1000000015
7208  38.613  -73.144  -4.199 0.1000000015
8516  37.829  -71.538  -4.881 0.1000000015
9290  38.349  -70.643  -5.436 0.1000000015
9288  40.507  -70.465  -5.049 0.1000000015
8532  42.348  -70.923  -5.638 0.1000000015
9307  41.463  -71.062  -5.972 0.1000000015
8561  40.029  -71.001  -6.525 0.1000000015
9284  45.584  -70.452  -5.430 0.1000000015
10748  45.560  -68.977  -7.279 0.1000000015
10059  45.957  -69.942  -7.544 0.1000000015
128566  39.310  -76.092  0.114 0.1000000015
5928  40.165  -75.895  -0.732 0.1000000015
5938  41.300  -75.636  -2.020 0.1000000015
112321  41.801  -75.094  -2.222 0.1000000015
116087  41.113  -75.313  -2.989 0.1000000015
6553  40.000  -74.185  -3.815 0.1000000015
7200  40.324  -73.401  -3.512 0.1000000015
8515  38.402  -71.650  -4.448 0.1000000015
9271  39.659  -70.869  -4.316 0.1000000015
8514  38.974  -71.286  -4.308 0.1000000015
9269  41.375  -70.623  -4.521 0.1000000015
9270  40.391  -70.692  -4.427 0.1000000015
114700  39.703  -70.523  -4.923 0.1000000015
9266  45.319  -70.103  -4.737 0.1000000015
9285  44.413  -70.389  -4.981 0.1000000015
9287  41.369  -70.597  -5.333 0.1000000015
9289  39.029  -70.517  -5.461 0.1000000015
10048  46.612  -68.878  -5.771 0.1000000015
9265  45.823  -69.818  -5.064 0.1000000015
9308  40.668  -70.769  -5.833 0.1000000015
10726  46.689  -68.283  -6.146 0.1000000015
121604  46.448  -69.509  -6.151 0.1000000015
5914  40.426  -75.397  -0.430 0.1000000015
5927  41.110  -75.490  -0.918 0.1000000015
123914  41.768  -74.908  -0.655 0.1000000015
6546  41.899  -74.692  -2.693 0.1000000015
7199  41.556  -73.649  -3.169 0.1000000015
7834  40.563  -72.528  -3.411 0.1000000015
8503  39.772  -71.661  -3.721 0.1000000015
9249  41.050  -70.985  -3.919 0.1000000015
9250  40.280  -71.039  -3.889 0.1000000015
9268  42.540  -70.574  -4.390 0.1000000015
9248  42.141  -70.893  -3.853 0.1000000015
115536  42.074  -70.472  -4.976 0.1000000015
10040  46.298  -69.433  -5.384 0.1000000015
10727  46.406  -68.055  -6.487 0.1000000015
10729  45.033  -67.985  -6.869 0.1000000015
123458  41.094  -74.848  -0.311 0.1000000015
6523  41.974  -74.497  -0.344 0.1000000015
5926  41.884  -75.080  -1.380 0.1000000015
7161  42.653  -74.106  -0.245 0.1000000015
6538  42.398  -74.542  -0.801 0.1000000015
7193  42.719  -74.158  -2.461 0.1000000015
6537  42.582  -74.571  -1.761 0.1000000015
7825  42.527  -73.411  -2.926 0.1000000015
7833  41.641  -72.516  -3.228 0.1000000015
8502  40.785  -71.622  -3.524 0.1000000015
8501  41.872  -71.556  -3.442 0.1000000015
9247  43.425  -70.790  -3.685 0.1000000015
9267  43.757  -70.421  -4.293 0.1000000015
131100  46.114  -69.347  -4.411 0.1000000015
11427  45.626  -66.823  -6.536 0.1000000015
11428  44.491  -67.057  -6.615 0.1000000015
7797  42.551  -73.473  -0.149 0.1000000015
7179  43.235  -74.114  -0.876 0.1000000015
7192  43.533  -74.050  -1.689 0.1000000015
7178  44.089  -73.611  -0.952 0.1000000015
7824  43.444  -73.553  -2.353 0.1000000015
8485  42.860  -72.551  -3.012 0.1000000015
8500  43.171  -71.538  -3.244 0.1000000015
12134  45.924  -66.002  -6.237 0.1000000015
11391  46.638  -67.783  -5.211 0.1000000015
118677  44.909  -70.202  -4.141 0.1000000015
12135  45.122  -65.758  -6.467 0.1000000015
7160  43.503  -73.607  -0.225 0.1000000015
8466  44.042  -71.976  -0.345 0.1000000015
7810  44.300  -72.943  -0.393 0.1000000015
9209  45.354  -71.507  -1.211 0.1000000015
126844  45.240  -72.105  -1.329 0.1000000015
7809  44.806  -72.838  -1.243 0.1000000015
9227  45.433  -70.862  -1.884 0.1000000015
8499  44.531  -71.519  -2.819 0.1000000015
12111  46.207  -66.332  -5.455 0.1000000015
11392  46.339  -67.290  -4.870 0.1000000015
10706  46.422  -68.110  -4.493 0.1000000015
10022  45.752  -69.455  -3.474 0.1000000015
9246  44.692  -70.647  -3.399 0.1000000015
12875  44.761  -64.975  -6.198 0.1000000015
10694  46.152  -68.764  -3.836 0.1000000015
10006  44.643  -69.686  -1.738 0.1000000015
8483  45.158  -72.121  -1.948 0.1000000015
10005  45.418  -69.833  -2.593 0.1000000015
8498  45.273  -71.243  -2.412 0.1000000015
10695  45.638  -68.527  -3.308 0.1000000015
10021  45.768  -69.157  -3.029 0.1000000015
9245  45.417  -70.229  -3.084 0.1000000015
6051  29.921  -75.948  -11.432 0.1000000015
6651  30.612  -74.642  -11.688 0.1000000015
119898  31.916  -74.879  -12.564 0.1000000015
6063  31.438  -75.884  -12.585 0.1000000015
6684  32.237  -75.501  -13.667 0.1000000015
9388  36.384  -70.400  -14.505 0.1000000015
7352  33.570  -73.983  -15.062 0.1000000015
6683  32.873  -74.994  -14.162 0.1000000015
7366  33.316  -73.439  -15.400 0.1000000015
7989  33.252  -72.450  -15.420 0.1000000015
7367  32.834  -74.125  -15.472 0.1000000015
2773  31.947  -81.759  -6.740 0.1000000015
5483  31.075  -76.394  -13.323 0.1000000015
6050  30.670  -75.687  -11.783 0.1000000015
6701  32.383  -75.344  -14.562 0.1000000015
3302  32.819  -81.419  -8.032 0.1000000015
4875  31.200  -77.652  -7.884 0.1000000015
7279  28.680  -73.630  -9.112 0.1000000015
6640  28.360  -74.508  -10.223 0.1000000015
8657  35.925  -72.033  -13.500 0.1000000015
7337  34.193  -73.429  -14.702 0.1000000015
3835  32.371  -80.231  -9.041 0.1000000015
3834  33.348  -80.407  -9.157 0.1000000015
4886  32.607  -78.245  -8.826 0.1000000015
6002  31.442  -76.066  -7.996 0.1000000015
5407  30.689  -76.631  -7.691 0.1000000015
5406  32.135  -76.602  -8.262 0.1000000015
6003  30.594  -75.593  -7.773 0.1000000015
7904  29.669  -72.454  -9.139 0.1000000015
7297  29.814  -72.853  -10.784 0.1000000015
7324  33.609  -73.709  -13.702 0.1000000015
7325  32.846  -73.834  -13.191 0.1000000015
7945  36.155  -72.570  -12.639 0.1000000015
6605  32.129  -74.598  -8.150 0.1000000015
6617  29.927  -73.619  -8.362 0.1000000015
7935  31.750  -72.216  -11.776 0.1000000015
127357  31.378  -71.473  -11.175 0.1000000015
7934  32.611  -72.255  -11.974 0.1000000015
128041  34.219  -72.329  -11.963 0.1000000015
4873  35.586  -77.930  -8.318 0.1000000015
4302  35.898  -79.325  -5.625 0.1000000015
4872  35.932  -78.887  -8.372 0.1000000015
4884  35.224  -78.828  -8.846 0.1000000015
7261  32.660  -73.151  -8.035 0.1000000015
9360  31.498  -70.529  -10.043 0.1000000015
6603  33.669  -74.476  -7.862 0.1000000015
5998  35.393  -75.861  -7.498 0.1000000015
7260  33.509  -73.409  -7.720 0.1000000015
130842  33.089  -72.528  -7.826 0.1000000015
8609  32.136  -71.066  -8.406 0.1000000015
7294  37.152  -74.095  -10.742 0.1000000015
6648  37.533  -75.019  -11.550 0.1000000015
5380  38.495  -77.118  -5.997 0.1000000015
5388  37.211  -77.230  -6.992 0.1000000015
4286  36.703  -80.177  -3.843 0.1000000015
4316  38.077  -78.843  -5.862 0.1000000015
4334  37.721  -78.916  -6.420 0.1000000015
6590  35.354  -74.729  -7.158 0.1000000015
7238  36.176  -73.802  -6.348 0.1000000015
116411  34.946  -73.067  -6.911 0.1000000015
8608  33.160  -70.720  -8.128 0.1000000015
129048  34.721  -70.540  -9.785 0.1000000015
6637  37.586  -75.165  -10.923 0.1000000015
5977  38.254  -76.006  -5.852 0.1000000015
6580  37.142  -74.952  -6.140 0.1000000015
120560  35.610  -72.916  -6.434 0.1000000015
8563  34.998  -70.998  -6.809 0.1000000015
9353  34.977  -70.355  -9.043 0.1000000015
9343  35.278  -70.324  -8.227 0.1000000015
126397  37.752  -72.154  -9.768 0.1000000015
126840  39.267  -75.085  -9.869 0.1000000015
4821  39.461  -77.340  -4.150 0.1000000015
7848  36.868  -72.578  -5.443 0.1000000015
9331  36.251  -70.400  -7.081 0.1000000015
111166  36.959  -70.513  -6.533 0.1000000015
7283  40.610  -75.013  -8.960 0.1000000015
6629  40.063  -75.428  -9.564 0.1000000015
6615  41.343  -75.124  -8.625 0.1000000015
6627  41.565  -75.367  -8.999 0.1000000015
111768  39.157  -75.536  -4.805 0.1000000015
8533  37.072  -71.547  -5.419 0.1000000015
9311  37.659  -70.542  -5.964 0.1000000015
7899  39.845  -72.817  -8.579 0.1000000015
6626  42.357  -74.937  -8.572 0.1000000015
7257  41.781  -74.743  -7.986 0.1000000015
6601  42.348  -74.886  -8.078 0.1000000015
7282  43.049  -74.298  -8.873 0.1000000015
5947  40.280  -75.855  -3.788 0.1000000015
7841  38.155  -72.334  -4.458 0.1000000015
9272  38.342  -70.988  -4.860 0.1000000015
8587  41.699  -72.504  -7.091 0.1000000015
7886  40.228  -72.430  -7.905 0.1000000015
8589  39.741  -71.498  -7.373 0.1000000015
108568  39.802  -70.539  -5.601 0.1000000015
7883  43.221  -73.705  -7.018 0.1000000015
128111  41.809  -73.246  -7.425 0.1000000015
10049  46.407  -69.936  -6.897 0.1000000015
8586  45.323  -72.444  -8.007 0.1000000015
118434  41.860  -73.918  -7.594 0.1000000015
7256  42.616  -74.379  -7.582 0.1000000015
10747  46.253  -68.961  -6.978 0.1000000015
7897  44.613  -73.098  -8.345 0.1000000015
7271  43.778  -73.875  -8.276 0.1000000015
8613  43.764  -72.673  -9.302 0.1000000015
7907  43.913  -73.407  -8.860 0.1000000015
8531  43.673  -70.963  -5.581 0.1000000015
9286  43.043  -70.465  -5.001 0.1000000015
10728  45.987  -67.940  -6.733 0.1000000015
7835  39.736  -72.591  -3.626 0.1000000015
11410  46.632  -67.450  -6.013 0.1000000015
11426  46.216  -67.009  -6.318 0.1000000015
8484  44.204  -72.638  -2.356 0.1000000015
12155  37.418  -66.569  -9.592 0.4000000060
11471  40.413  -67.889  -11.167 0.3000000119
11460  39.168  -67.359  -10.397 0.3000000119
11461  38.706  -66.894  -10.380 0.3000000119
12154  38.056  -66.855  -10.047 0.4000000060
12891  37.210  -65.749  -9.850 0.4000000060
12160  39.505  -66.231  -10.659 0.3000000119
12162  37.839  -66.002  -10.264 0.4000000060
10834  46.156  -68.782  -15.889 0.1000000015
10833  46.915  -68.362  -15.343 0.1000000015
10816  47.371  -68.760  -12.847 0.2000000030
11466  46.153  -67.195  -10.834 0.3000000119
14587  37.318  -63.977  -12.498 0.4000000060
112467  40.243  -68.803  -10.676 0.3000000119
12907  43.710  -65.749  -10.874 0.4000000060
120919  42.205  -65.262  -11.235 0.4000000060
11476  46.770  -67.778  -11.191 0.2000000030
12163  45.571  -66.629  -10.797 0.3000000119
12920  43.048  -65.435  -11.438 0.4000000060
13739  41.434  -65.063  -11.387 0.4000000060
13754  38.141  -64.347  -12.057 0.4000000060
10127  44.999  -69.170  -16.878 0.1000000015
11475  47.429  -67.541  -11.596 0.3000000119
12921  42.114  -65.264  -11.758 0.4000000060
12922  40.752  -64.926  -11.931 0.4000000060
13753  38.884  -64.578  -12.476 0.4000000060
110735  45.604  -68.503  -16.568 0.1000000015
14589  35.986  -63.289  -12.280 0.5000000000
11484  47.854  -67.932  -12.359 0.2000000030
12919  44.245  -65.733  -11.482 0.3000000119
13768  40.146  -65.068  -12.758 0.4000000060
15432  35.338  -63.130  -11.789 0.4000000060
15434  34.055  -62.481  -11.374 0.4000000060
12936  42.717  -65.394  -12.706 0.4000000060
110953  39.453  -64.845  -12.792 0.4000000060
13771  38.041  -64.356  -13.210 0.4000000060
10841  46.482  -67.961  -16.133 0.2000000030
113375  47.230  -67.717  -15.555 0.2000000030
10832  47.638  -67.894  -14.734 0.2000000030
12170  47.475  -66.851  -11.670 0.2000000030
10815  47.900  -68.033  -13.498 0.2000000030
12918  45.394  -65.907  -11.634 0.3000000119
12935  43.755  -65.488  -12.600 0.3000000119
116982  45.474  -68.287  -16.811 0.1000000015
12937  41.803  -65.383  -12.855 0.4000000060
12905  45.947  -66.362  -11.242 0.3000000119
12939  40.396  -65.298  -13.780 0.4000000060
116895  36.593  -63.515  -12.816 0.5000000000
15440  35.326  -62.804  -12.597 0.5000000000
16222  34.079  -61.973  -12.191 0.4000000060
12953  42.171  -65.331  -13.731 0.4000000060
13786  38.470  -64.419  -14.204 0.4000000060
14594  37.177  -63.750  -13.575 0.5000000000
14595  35.978  -63.014  -13.109 0.5000000000
15441  34.731  -62.178  -12.784 0.4000000060
11483  48.310  -67.287  -13.045 0.2000000030
117663  48.404  -66.699  -12.864 0.2000000030
124496  46.825  -66.535  -11.477 0.4000000060
12917  47.424  -66.264  -12.047 0.2000000030
127245  46.500  -66.079  -11.818 0.3000000119
12933  46.122  -65.510  -12.583 0.4000000060
12934  44.906  -65.514  -12.615 0.3000000119
13787  37.803  -64.065  -14.125 0.5000000000
15451  34.830  -61.748  -13.367 0.5000000000
16231  33.413  -61.095  -12.192 0.4000000060
16223  33.090  -61.471  -11.416 0.4000000060
12952  43.163  -65.221  -13.637 0.4000000060
12954  41.270  -65.362  -13.813 0.4000000060
15449  36.155  -62.748  -13.921 0.5000000000
118351  48.438  -66.706  -14.672 0.2000000030
11500  47.174  -67.292  -15.822 0.2000000030
12190  48.645  -66.532  -13.784 0.2000000030
16980  32.725  -60.329  -12.064 0.4000000060
12932  48.095  -65.777  -12.841 0.2000000030
13783  41.606  -65.089  -14.541 0.4000000060
13801  39.066  -64.344  -15.052 0.4000000060
11508  45.832  -67.705  -16.666 0.2000000030
12197  48.742  -66.056  -14.530 0.2000000030
121412  47.295  -65.585  -12.616 0.3000000119
13767  45.446  -65.034  -13.429 0.4000000060
16981  32.593  -60.786  -11.384 0.4000000060
12951  44.246  -65.146  -13.575 0.3000000119
14608  38.185  -63.846  -14.834 0.5000000000
16236  35.247  -61.653  -13.942 0.5000000000
18474  31.465  -58.267  -9.606 0.4000000060
114024  46.147  -66.885  -16.392 0.2000000030
12198  48.029  -66.410  -15.276 0.2000000030
13798  42.010  -64.484  -14.989 0.4000000060
13800  40.088  -64.500  -15.254 0.4000000060
16237  34.671  -61.022  -13.628 0.5000000000
16986  33.181  -60.146  -12.708 0.4000000060
19323  34.814  -57.708  -8.703 0.4000000060
118549  45.321  -65.832  -16.283 0.2000000030
12960  48.638  -65.554  -14.811 0.2000000030
12950  48.840  -65.400  -13.732 0.2000000030
13765  48.163  -64.839  -13.358 0.2000000030
13781  43.575  -64.677  -14.342 0.4000000060
15477  37.389  -62.494  -15.288 0.5000000000
15461  35.840  -62.110  -14.257 0.5000000000
12209  43.956  -66.849  -16.469 0.2000000030
13780  44.733  -64.586  -14.087 0.4000000060
13782  42.527  -64.923  -14.380 0.3000000119
14624  38.631  -63.417  -15.417 0.5000000000
15459  37.207  -62.975  -14.827 0.5000000000
16230  34.248  -61.462  -12.900 0.5000000000
118047  34.016  -57.393  -8.920 0.2000000030
18484  31.413  -58.472  -10.483 0.4000000060
126265  31.769  -59.355  -11.763 0.4000000060
12206  47.041  -66.789  -16.016 0.2000000030
13779  46.049  -64.340  -13.802 0.4000000060
16985  33.908  -60.658  -13.100 0.4000000060
17729  32.348  -59.573  -12.360 0.4000000060
12207  46.446  -65.863  -15.965 0.2000000030
12949  48.861  -65.349  -14.298 0.2000000030
13777  48.773  -64.833  -13.926 0.2000000030
12961  48.189  -65.319  -15.226 0.2000000030
19372  31.626  -57.763  -10.414 0.4000000060
19392  31.598  -58.094  -12.086 0.4000000060
13799  41.075  -64.553  -15.192 0.3000000119
115555  36.206  -61.756  -14.794 0.5000000000
16242  35.322  -61.004  -14.263 0.5000000000
113895  32.264  -58.916  -12.821 0.4000000060
13797  42.796  -64.377  -14.781 0.4000000060
14621  41.575  -63.684  -15.373 0.3000000119
14623  39.560  -63.600  -15.576 0.4000000060
14607  44.239  -64.076  -14.573 0.4000000060
16256  36.863  -61.855  -15.299 0.5000000000
13795  48.672  -64.666  -14.623 0.2000000030
19384  31.503  -57.962  -11.275 0.4000000060
16991  34.317  -60.284  -13.640 0.5000000000
17734  34.326  -59.601  -13.988 0.5000000000
15474  40.126  -62.614  -15.707 0.4000000060
15476  38.213  -62.596  -15.533 0.5000000000
16255  37.732  -61.777  -15.553 0.5000000000
114739  38.677  -61.941  -15.634 0.5000000000
12161  38.635  -66.054  -10.496 0.4000000060
13752  39.826  -64.670  -11.954 0.4000000060
19348  31.820  -57.666  -9.692 0.4000000060
124590  31.491  -58.775  -11.347 0.4000000060
16998  35.609  -60.376  -14.590 0.5000000000
11479  41.778  -67.909  -11.857 0.3000000119
11470  41.188  -67.331  -11.221 0.3000000119
12167  40.630  -66.869  -10.949 0.2000000030
12159  40.528  -66.070  -10.712 0.2000000030
10088  42.405  -69.167  -13.099 0.2000000030
126954  42.231  -68.374  -12.482 0.3000000119
11469  42.232  -66.766  -10.860 0.3000000119
10811  43.037  -68.439  -12.540 0.2000000030
11477  43.724  -67.821  -11.662 0.2000000030
11468  43.418  -66.847  -10.804 0.2000000030
10817  46.685  -69.272  -12.561 0.2000000030
12974  43.097  -65.961  -16.708 0.1000000015
12981  42.566  -65.518  -17.374 0.1000000015
17017  46.196  -59.973  -16.118 0.1000000015
9372  40.690  -69.810  -11.654 0.1000000015
10090  40.918  -69.173  -12.253 0.2000000030
10802  41.033  -68.286  -11.887 0.2000000030
110595  40.876  -71.271  -12.019 0.1000000015
10089  41.450  -69.635  -12.816 0.1000000015
9376  41.255  -70.718  -12.630 0.1000000015
9383  42.017  -71.462  -13.284 0.1000000015
12208  45.086  -66.842  -16.447 0.1000000015
12973  44.172  -65.826  -16.515 0.1000000015
14633  48.337  -62.858  -15.225 0.1000000015
15456  48.158  -62.670  -14.735 0.1000000015
15468  47.438  -61.996  -14.841 0.1000000015
15469  46.209  -62.064  -14.893 0.1000000015
14634  48.092  -63.369  -15.527 0.1000000015
16248  47.425  -61.540  -15.280 0.1000000015
16249  46.508  -61.460  -15.220 0.1000000015
120132  45.468  -61.483  -15.329 0.1000000015
17004  46.686  -60.815  -15.619 0.1000000015
17750  44.641  -59.631  -15.797 0.1000000015
109983  42.973  -59.611  -15.603 0.1000000015
17751  43.842  -59.127  -15.660 0.1000000015
17752  42.435  -58.825  -15.581 0.1000000015
9377  40.914  -69.964  -12.307 0.1000000015
14606  45.244  -63.780  -14.351 0.1000000015
116521  41.165  -62.794  -15.636 0.3000000119
12970  47.155  -64.998  -15.655 0.1000000015
13796  48.194  -64.299  -15.301 0.1000000015
109692  48.594  -63.943  -14.151 0.1000000015
14605  46.686  -63.373  -14.003 0.1000000015
129120  44.078  -62.571  -15.223 0.2000000030
15472  42.150  -62.832  -15.451 0.3000000119
109985  40.191  -61.453  -15.563 0.3000000119
128220  38.975  -60.649  -15.420 0.3000000119
125984  43.508  -65.046  -17.109 0.1000000015
13809  46.884  -63.994  -16.087 0.1000000015
15457  47.154  -62.578  -14.383 0.1000000015
15470  44.889  -62.244  -15.176 0.1000000015
110746  42.706  -62.012  -15.498 0.2000000030
17008  40.688  -60.378  -15.421 0.3000000119
126382  47.317  -63.244  -16.355 0.1000000015
110270  43.853  -60.991  -15.427 0.1000000015
123716  41.333  -59.795  -15.428 0.2000000030
109981  39.996  -59.704  -15.393 0.3000000119
109982  42.041  -59.675  -15.515 0.1000000015
18535  40.999  -58.473  -15.423 0.2000000030
18536  39.761  -58.224  -15.252 0.4000000060
18533  42.876  -58.034  -15.576 0.1000000015
18534  41.885  -57.996  -15.562 0.1000000015
121716  41.062  -57.535  -15.438 0.3000000119
122110  43.332  -68.716  -7.575 0.1000000015
10067  42.963  -69.862  -8.577 0.1000000015
17745  35.097  -59.566  -14.524 0.4000000060
17012  36.461  -60.540  -14.996 0.4000000060
123901  39.462  -62.020  -15.662 0.3000000119
16254  38.451  -61.157  -15.477 0.4000000060
17011  37.362  -60.360  -15.257 0.4000000060
109980  38.586  -59.349  -15.299 0.4000000060
117247  38.077  -58.830  -15.211 0.4000000060
123317  39.424  -59.084  -15.303 0.4000000060
19428  38.770  -57.491  -14.972 0.5000000000
123460  40.457  -58.064  -15.340 0.3000000119
115103  39.423  -57.641  -15.112 0.5000000000
19424  42.465  -57.249  -15.762 0.2000000030
19427  40.242  -57.264  -15.219 0.4000000060
19433  44.158  -57.671  -16.653 0.1000000015
19435  42.956  -57.003  -16.223 0.1000000015
20377  41.973  -56.713  -15.845 0.2000000030
19425  41.667  -57.045  -15.591 0.2000000030
18553  45.465  -58.406  -17.111 0.1000000015
19441  44.476  -57.723  -17.508 0.1000000015
20390  42.416  -56.694  -16.327 0.2000000030
19454  45.852  -58.053  -18.440 0.1000000015
19456  44.028  -57.543  -18.291 0.1000000015
17735  33.651  -59.011  -13.851 0.4000000060
18512  32.693  -58.583  -13.380 0.3000000119
17746  34.374  -59.001  -14.336 0.4000000060
118756  36.359  -59.088  -15.056 0.4000000060
17013  35.983  -59.716  -14.868 0.4000000060
18539  37.205  -58.734  -15.152 0.4000000060
18540  35.236  -58.352  -14.904 0.4000000060
18538  38.028  -58.071  -15.159 0.4000000060
20381  37.837  -56.682  -14.726 0.4000000060
19429  37.210  -57.606  -15.109 0.4000000060
19412  38.736  -56.645  -14.633 0.5000000000
20361  39.522  -55.657  -14.546 0.4000000060
20379  40.945  -56.077  -15.489 0.3000000119
20380  40.361  -56.094  -15.046 0.4000000060
124389  42.223  -57.055  -18.851 0.2000000030
20413  42.231  -56.799  -17.867 0.2000000030
20392  41.170  -55.826  -16.149 0.2000000030
19469  43.591  -57.405  -19.181 0.1000000015
19443  43.058  -57.248  -18.261 0.2000000030
110115  49.345  -59.333  -20.223 0.1000000015
19401  33.219  -57.501  -14.176 0.4000000060
19402  32.490  -57.704  -13.497 0.4000000060
19413  34.654  -57.820  -14.855 0.4000000060
20383  35.855  -56.788  -15.055 0.4000000060
19431  34.881  -56.974  -15.007 0.4000000060
20364  36.442  -56.012  -14.650 0.4000000060
20363  37.532  -55.901  -14.482 0.4000000060
20362  38.557  -55.792  -14.357 0.3000000119
21308  39.563  -54.653  -14.546 0.4000000060
21291  39.079  -54.973  -14.186 0.4000000060
21318  40.545  -55.522  -16.391 0.3000000119
21314  40.637  -55.566  -15.542 0.3000000119
21307  40.089  -55.201  -15.023 0.4000000060
19470  42.864  -57.218  -19.231 0.2000000030
20425  41.638  -56.682  -19.408 0.2000000030
20397  41.437  -56.417  -17.525 0.2000000030
129105  41.324  -56.033  -16.821 0.2000000030
125718  44.038  -57.251  -19.862 0.2000000030
18610  49.385  -58.258  -21.768 0.1000000015
18592  49.224  -58.451  -20.491 0.1000000015
19479  49.006  -57.648  -20.848 0.1000000015
119079  31.737  -57.457  -11.884 0.3000000119
20350  32.425  -56.526  -13.023 0.4000000060
130833  32.330  -57.118  -13.279 0.3000000119
21296  33.770  -55.837  -14.103 0.4000000060
22241  34.868  -54.561  -13.433 0.4000000060
20366  34.302  -56.354  -14.614 0.4000000060
21294  36.017  -55.330  -14.227 0.4000000060
21295  34.796  -55.398  -14.206 0.4000000060
21293  37.210  -55.173  -14.031 0.4000000060
22253  36.765  -54.546  -13.644 0.4000000060
22238  38.010  -53.547  -13.940 0.4000000060
22252  37.857  -54.273  -13.747 0.3000000119
22285  37.601  -54.497  -17.319 0.3000000119
22280  38.119  -54.159  -16.282 0.3000000119
22266  38.759  -53.664  -15.252 0.3000000119
23128  38.834  -53.643  -14.661 0.3000000119
23129  38.473  -53.461  -14.363 0.3000000119
21352  41.452  -55.482  -20.066 0.2000000030
21343  40.564  -55.820  -19.559 0.2000000030
21333  39.073  -55.605  -18.374 0.3000000119
21319  38.677  -55.272  -17.589 0.2000000030
22279  39.119  -54.189  -15.779 0.3000000119
22264  39.739  -54.544  -15.314 0.3000000119
20436  41.989  -56.187  -20.119 0.2000000030
20415  39.838  -56.128  -18.358 0.2000000030
19483  43.242  -56.984  -20.031 0.2000000030
20312  32.528  -56.703  -10.794 0.3000000119
21226  33.617  -55.734  -10.459 0.3000000119
20327  32.365  -56.492  -11.408 0.3000000119
21252  32.627  -55.925  -11.775 0.4000000060
20338  32.131  -56.645  -12.068 0.3000000119
22210  34.008  -53.950  -11.837 0.3000000119
23090  33.810  -53.973  -10.942 0.4000000060
23107  34.981  -53.416  -12.051 0.4000000060
22227  34.419  -54.172  -12.625 0.4000000060
22242  33.816  -54.799  -13.200 0.4000000060
22226  35.551  -53.744  -12.689 0.4000000060
23105  36.649  -52.761  -12.638 0.3000000119
22240  36.193  -54.093  -13.199 0.4000000060
23139  36.290  -52.914  -15.718 0.3000000119
23974  36.191  -52.465  -14.920 0.2000000030
23964  36.245  -52.091  -14.029 0.2000000030
23949  36.875  -52.342  -13.292 0.2000000030
23116  37.589  -53.068  -13.616 0.3000000119
22239  37.248  -53.611  -13.401 0.3000000119
23157  36.376  -53.547  -17.248 0.3000000119
23152  37.792  -53.560  -15.719 0.3000000119
23138  37.471  -52.984  -15.201 0.2000000030
23962  37.809  -52.948  -14.238 0.2000000030
23948  37.358  -52.739  -13.636 0.2000000030
22319  40.998  -54.654  -19.909 0.2000000030
22313  38.785  -54.359  -19.084 0.3000000119
22297  38.337  -54.946  -18.443 0.3000000119
21320  38.010  -54.903  -17.752 0.3000000119
20295  34.478  -56.778  -9.842 0.3000000119
20297  32.913  -56.928  -10.084 0.3000000119
23916  35.522  -51.939  -11.334 0.3000000119
24797  35.345  -51.318  -13.252 0.2000000030
25618  35.229  -50.913  -12.430 0.2000000030
24785  35.830  -51.559  -11.908 0.2000000030
23936  36.209  -52.324  -12.214 0.2000000030
25643  34.307  -50.347  -14.034 0.2000000030
23950  36.199  -51.764  -13.212 0.2000000030
24784  36.437  -51.991  -12.636 0.2000000030
19345  34.738  -57.311  -9.384 0.2000000030
19455  44.926  -57.769  -18.412 0.1000000015
23188  38.840  -53.227  -19.075 0.3000000119
116534  42.635  -55.862  -20.478 0.2000000030
12166  41.444  -66.169  -10.601 0.3000000119
119146  44.367  -67.180  -10.860 0.2000000030
10750  42.726  -68.203  -7.212 0.1000000015
10073  40.552  -69.429  -10.927 0.2000000030
11459  39.890  -67.091  -10.841 0.2000000030
13778  47.604  -63.964  -13.633 0.1000000015
14619  43.453  -63.857  -14.906 0.3000000119
120523  33.829  -56.978  -9.633 0.3000000119
14604  48.015  -63.193  -14.177 0.1000000015
18504  31.975  -58.233  -12.833 0.3000000119
14618  44.394  -63.203  -14.925 0.3000000119
15471  43.289  -62.879  -15.285 0.2000000030
14617  48.507  -63.669  -14.822 0.1000000015
10812  41.572  -68.690  -12.561 0.2000000030
11478  42.671  -67.722  -11.721 0.2000000030
17749  45.553  -60.198  -15.813 0.1000000015
10803  40.651  -68.867  -11.491 0.2000000030
15458  45.741  -62.838  -14.577 0.1000000015
123897  45.796  -60.926  -15.527 0.1000000015
17005  44.816  -60.668  -15.555 0.1000000015
124063  43.053  -60.579  -15.507 0.1000000015
15473  40.883  -62.025  -15.663 0.3000000119
128964  43.109  -61.325  -15.449 0.2000000030
16253  41.222  -61.243  -15.505 0.3000000119
126937  39.161  -59.942  -15.377 0.4000000060
110720  37.729  -59.539  -15.244 0.4000000060
16252  42.245  -61.136  -15.487 0.3000000119
126641  40.792  -59.381  -15.402 0.3000000119
18523  34.606  -58.470  -14.664 0.4000000060
125449  36.303  -57.392  -15.136 0.4000000060
20389  42.957  -56.783  -17.029 0.2000000030
112722  42.228  -56.464  -16.995 0.2000000030
19414  33.991  -57.254  -14.702 0.4000000060
117063  36.191  -58.264  -15.101 0.4000000060
113007  41.435  -56.754  -18.553 0.2000000030
20349  33.043  -56.196  -13.663 0.4000000060
21316  39.382  -54.865  -16.451 0.3000000119
20399  39.680  -55.594  -17.283 0.2000000030
20427  40.156  -56.337  -19.004 0.2000000030
125131  32.853  -55.840  -13.112 0.4000000060
21266  32.647  -55.885  -12.470 0.4000000060
21279  33.405  -55.499  -13.484 0.4000000060
23153  36.672  -53.452  -16.267 0.3000000119
22312  39.530  -54.666  -19.358 0.2000000030
21345  38.982  -55.169  -18.939 0.2000000030
119144  33.503  -54.904  -10.717 0.4000000060
23106  36.060  -53.016  -12.241 0.4000000060
23117  37.136  -52.863  -13.090 0.2000000030
25655  34.922  -51.611  -15.664 0.2000000030
24821  35.377  -52.001  -14.950 0.2000000030
24808  35.389  -51.639  -14.051 0.2000000030
23963  37.051  -52.521  -14.070 0.2000000030
22211  33.434  -54.651  -11.556 0.3000000119
126760  33.257  -55.665  -10.910 0.2000000030
125340  34.185  -54.353  -9.448 0.3000000119
20296  33.680  -56.481  -10.141 0.2000000030
21225  34.175  -55.983  -10.022 0.2000000030
10087  44.119  -68.654  -12.507 0.1000000015
10096  44.411  -69.633  -13.027 0.1000000015
10086  45.270  -69.172  -12.460 0.1000000015
10810  44.999  -68.099  -11.512 0.1000000015
10094  45.862  -69.881  -13.253 0.1000000015
10801  45.998  -67.788  -11.041 0.1000000015
10809  46.296  -68.728  -11.796 0.1000000015
19344  35.602  -57.797  -8.992 0.1000000015
114064  37.072  -57.652  -9.472 0.1000000015
20293  36.304  -57.521  -9.422 0.1000000015
20280  35.836  -56.927  -9.606 0.1000000015
20279  36.694  -57.073  -9.564 0.1000000015
21224  35.014  -56.317  -9.617 0.1000000015
21202  37.117  -56.515  -9.359 0.1000000015
21203  36.034  -56.196  -9.197 0.1000000015
21204  34.468  -55.169  -9.417 0.1000000015
22189  33.874  -55.016  -9.951 0.2000000030
128700  35.936  -55.127  -8.641 0.1000000015
22163  37.546  -54.794  -8.550 0.2000000030
23076  34.226  -53.259  -10.344 0.2000000030
119539  36.447  -54.480  -8.305 0.2000000030
22165  35.524  -54.292  -8.449 0.2000000030
23045  35.197  -53.361  -8.434 0.2000000030
22196  33.848  -54.117  -10.049 0.2000000030
23044  37.066  -53.623  -7.961 0.2000000030
118559  35.984  -53.545  -8.045 0.2000000030
23046  34.696  -53.172  -8.811 0.2000000030
23917  34.826  -52.506  -10.800 0.2000000030
23088  35.430  -52.662  -11.641 0.2000000030
24757  35.287  -51.010  -10.111 0.1000000015
23043  38.118  -53.849  -8.234 0.2000000030
23892  34.627  -52.524  -9.128 0.2000000030
24715  34.894  -51.912  -8.927 0.2000000030
24739  34.849  -51.816  -9.511 0.1000000015
24738  35.216  -51.151  -9.176 0.1000000015
23906  35.030  -51.782  -10.398 0.1000000015
20294  35.341  -57.172  -9.681 0.1000000015
18473  36.478  -58.122  -8.908 0.1000000015
19343  36.961  -58.001  -9.231 0.1000000015
19342  37.620  -58.156  -9.332 0.1000000015
20278  37.621  -57.452  -9.638 0.1000000015
21223  37.972  -56.630  -9.573 0.1000000015
120137  35.199  -55.206  -8.914 0.2000000030
127817  36.371  -52.870  -7.851 0.2000000030
24002  38.110  -52.915  -18.752 0.2000000030
22286  37.000  -53.990  -17.728 0.2000000030
23167  37.388  -53.607  -18.354 0.2000000030
116206  38.226  -51.794  -18.658 0.2000000030
122264  37.522  -51.683  -18.442 0.2000000030
24000  35.437  -52.336  -17.100 0.2000000030
24004  36.609  -52.123  -18.151 0.2000000030
121168  35.871  -52.034  -17.713 0.2000000030
24851  38.271  -50.743  -18.562 0.2000000030
23154  35.801  -53.065  -16.725 0.2000000030
24847  35.612  -51.393  -17.409 0.1000000015
25683  36.164  -50.283  -17.685 0.2000000030
24834  35.120  -51.593  -16.625 0.2000000030
26462  35.955  -49.423  -17.461 0.1000000015
26449  35.283  -49.476  -16.873 0.1000000015
125086  34.924  -50.106  -16.412 0.1000000015
116565  35.728  -47.280  -17.614 0.1000000015
27320  36.293  -47.733  -18.351 0.1000000015
22162  38.555  -54.630  -8.847 0.1000000015
25656  34.554  -50.921  -15.334 0.1000000015
27285  34.936  -47.946  -16.002 0.1000000015
25667  34.585  -50.204  -15.729 0.1000000015
27308  35.827  -47.995  -17.489 0.1000000015
27296  35.196  -48.558  -16.653 0.1000000015
28195  35.498  -46.822  -16.955 0.1000000015
29129  34.944  -45.599  -17.806 0.1000000015
23042  38.945  -53.786  -8.580 0.1000000015
23041  40.072  -54.154  -9.262 0.1000000015
22161  39.350  -54.454  -9.126 0.1000000015
24798  34.702  -50.775  -13.361 0.1000000015
121631  34.462  -50.840  -14.661 0.1000000015
27286  34.698  -48.725  -15.721 0.1000000015
26437  34.421  -49.495  -15.331 0.1000000015
28185  35.172  -47.158  -16.143 0.1000000015
29974  35.044  -45.325  -17.025 0.1000000015
115136  35.299  -45.734  -16.484 0.1000000015
128924  39.575  -53.701  -8.891 0.1000000015
118594  37.796  -53.092  -7.938 0.1000000015
27247  34.307  -48.714  -13.890 0.1000000015
120285  34.233  -49.095  -12.977 0.1000000015
124650  35.260  -46.894  -13.936 0.1000000015
128295  34.560  -47.941  -13.704 0.1000000015
26426  34.223  -49.530  -14.477 0.1000000015
130429  34.212  -49.558  -13.667 0.1000000015
120662  35.035  -47.126  -14.659 0.1000000015
28155  34.611  -47.942  -14.540 0.1000000015
112310  35.618  -45.291  -14.216 0.1000000015
29097  35.348  -46.157  -14.678 0.1000000015
28172  34.887  -47.506  -15.350 0.1000000015
111184  35.585  -44.333  -14.695 0.1000000015
29955  35.394  -45.178  -15.139 0.1000000015
29109  35.176  -46.698  -15.469 0.1000000015
30766  35.265  -44.531  -15.501 0.1000000015
23864  40.093  -53.125  -9.095 0.1000000015
118595  38.568  -53.066  -8.161 0.1000000015
26395  34.433  -49.401  -12.332 0.1000000015
30740  36.003  -44.573  -13.819 0.1000000015
26382  34.615  -49.247  -11.701 0.1000000015
25694  37.133  -49.960  -18.156 0.1000000015
26461  36.845  -49.122  -18.009 0.1000000015
29119  35.360  -46.385  -16.319 0.1000000015
30777  34.964  -44.255  -16.120 0.1000000015
122510  34.436  -48.262  -13.013 0.1000000015
121270  46.695  -54.386  -24.418 0.1000000015
22353  45.794  -54.085  -24.247 0.1000000015
21403  46.295  -55.041  -24.915 0.1000000015
20470  47.336  -55.720  -24.918 0.1000000015
19511  46.554  -57.126  -24.267 0.1000000015
19501  45.698  -57.755  -23.430 0.1000000015
18631  44.650  -58.455  -22.663 0.1000000015
22351  47.342  -54.312  -24.148 0.1000000015
22352  46.439  -53.885  -23.898 0.1000000015
19535  46.500  -56.467  -25.429 0.1000000015
19510  47.582  -56.807  -24.056 0.1000000015
22344  44.997  -53.130  -23.622 0.1000000015
22333  46.161  -53.353  -22.943 0.1000000015
22332  47.019  -54.017  -23.329 0.1000000015
21401  47.994  -54.777  -24.413 0.1000000015
21404  45.319  -55.160  -24.823 0.1000000015
23197  45.355  -52.878  -22.594 0.1000000015
22322  45.707  -53.610  -22.385 0.1000000015
21388  44.659  -54.312  -24.088 0.1000000015
127703  44.244  -52.610  -23.223 0.1000000015
113057  42.112  -52.793  -22.530 0.1000000015
21389  43.643  -54.832  -23.665 0.1000000015
22345  44.030  -53.539  -23.520 0.1000000015
22335  42.532  -53.438  -22.838 0.1000000015
23217  46.068  -53.394  -23.442 0.1000000015
18632  43.903  -59.017  -21.894 0.1000000015
2788  31.756  -81.683  -7.281 0.1000000015
3289  33.559  -81.077  -7.773 0.1000000015
3301  33.611  -80.976  -8.649 0.1000000015
3833  34.380  -80.211  -8.977 0.1000000015
4333  38.119  -78.141  -6.249 0.1000000015
4359  32.934  -79.432  -9.279 0.1000000015
4887  31.829  -78.196  -8.328 0.1000000015
5420  33.620  -77.061  -8.620 0.1000000015
5466  31.208  -76.183  -12.692 0.1000000015
6001  33.034  -75.037  -8.187 0.1000000015
6026  40.153  -75.842  -9.887 0.1000000015
6091  31.675  -75.908  -14.082 0.1000000015
6552  40.952  -74.396  -3.349 0.1000000015
6562  38.831  -74.669  -4.700 0.1000000015
6589  36.489  -74.772  -6.507 0.1000000015
6616  31.075  -73.958  -8.196 0.1000000015
6630  28.158  -74.252  -9.420 0.1000000015
6663  38.561  -75.882  -12.995 0.1000000015
6667  31.887  -75.482  -12.877 0.1000000015
6681  38.977  -75.658  -13.828 0.1000000015
7224  37.390  -73.347  -5.256 0.1000000015
7239  35.445  -73.851  -6.797 0.1000000015
7255  43.546  -74.078  -7.606 0.1000000015
7258  41.311  -74.011  -7.963 0.1000000015
7287  29.246  -72.900  -9.520 0.1000000015
7293  37.767  -74.467  -10.423 0.1000000015
7309  31.291  -73.017  -11.960 0.1000000015
7808  45.337  -71.667  -1.679 0.1000000015
7836  38.918  -72.241  -3.942 0.1000000015
7862  45.405  -72.364  -7.250 0.1000000015
7865  42.727  -72.731  -6.729 0.1000000015
7866  36.268  -72.788  -5.938 0.1000000015
7882  44.094  -73.517  -7.156 0.1000000015
7902  30.753  -71.952  -8.670 0.1000000015
7920  29.483  -72.495  -10.090 0.1000000015
7946  35.480  -72.562  -12.367 0.1000000015
7958  34.170  -73.541  -14.110 0.1000000015
8465  44.965  -72.146  -0.756 0.1000000015
8560  41.069  -71.461  -6.569 0.1000000015
8562  35.659  -71.162  -6.380 0.1000000015
8585  45.763  -71.812  -7.654 0.1000000015
8593  33.796  -71.074  -7.551 0.1000000015
8610  31.388  -70.823  -8.933 0.1000000015
8611  30.724  -71.300  -8.995 0.1000000015
8629  31.040  -70.970  -10.442 0.1000000015
8630  30.349  -71.382  -10.044 0.1000000015
8654  38.341  -71.938  -13.559 0.1000000015
8656  36.717  -71.674  -13.441 0.1000000015
8667  37.163  -70.877  -13.924 0.1000000015
8686  38.941  -71.753  -15.085 0.1000000015
9283  46.179  -70.204  -6.033 0.1000000015
9292  36.970  -70.765  -5.902 0.1000000015
9309  39.138  -70.523  -6.150 0.1000000015
9313  35.079  -70.617  -7.225 0.1000000015
9332  35.520  -70.422  -7.495 0.1000000015
9356  31.668  -70.460  -9.413 0.1000000015
9359  32.183  -70.352  -9.935 0.1000000015
9991  45.350  -70.818  -1.239 0.1000000015
10033  46.517  -68.690  -4.888 0.1000000015
10034  45.618  -69.797  -4.140 0.1000000015
10712  46.705  -68.217  -5.601 0.1000000015
10823  47.188  -68.623  -14.111 0.2000000030
11393  45.803  -66.811  -4.656 0.1000000015
11465  46.692  -66.969  -11.039 0.3000000119
11474  48.010  -67.164  -12.214 0.2000000030
11491  48.239  -67.288  -14.186 0.2000000030
11499  47.884  -67.230  -15.163 0.2000000030
11507  46.463  -67.527  -16.323 0.2000000030
12110  46.500  -66.982  -5.551 0.1000000015
12128  46.332  -66.420  -6.002 0.1000000015
12147  38.387  -67.084  -7.414 0.2000000030
12178  48.064  -66.490  -12.410 0.2000000030
12189  48.949  -65.832  -13.920 0.2000000030
12883  36.699  -65.829  -6.692 0.5000000000
12895  41.255  -65.413  -10.688 0.4000000060
12906  44.846  -66.046  -11.043 0.3000000119
12931  48.647  -65.981  -13.212 0.2000000030
12938  40.977  -65.311  -12.848 0.4000000060
13649  42.869  -63.767  -6.245 0.1000000015
13653  35.224  -64.820  -5.831 0.5000000000
13702  35.662  -64.578  -9.204 0.5000000000
13766  46.846  -64.869  -13.214 0.3000000119
13769  39.593  -65.061  -13.612 0.4000000060
13770  38.890  -64.714  -13.420 0.4000000060
13784  40.694  -65.116  -14.661 0.4000000060
13785  39.793  -64.965  -14.569 0.4000000060
13811  44.280  -64.340  -17.200 0.2000000030
14519  37.028  -63.740  -5.070 0.4000000060
14550  34.172  -63.825  -7.828 0.5000000000
14560  33.926  -63.212  -9.042 0.5000000000
14570  36.124  -63.699  -10.673 0.5000000000
14571  35.609  -63.641  -10.220 0.5000000000
14588  36.680  -63.653  -11.926 0.5000000000
14603  48.418  -63.285  -14.657 0.1000000015
14609  37.472  -63.517  -14.510 0.5000000000
14610  36.811  -63.158  -14.224 0.5000000000
14620  42.531  -63.703  -15.171 0.3000000119
14622  40.583  -63.657  -15.549 0.3000000119
14625  37.826  -63.162  -15.177 0.5000000000
14652  46.569  -62.662  -18.712 0.1000000015
15376  33.218  -62.307  -5.858 0.5000000000
15383  33.223  -62.784  -6.551 0.5000000000
15397  33.379  -63.102  -7.304 0.5000000000
15433  34.692  -62.615  -12.038 0.4000000060
15450  35.408  -62.338  -13.458 0.5000000000
15460  36.603  -62.473  -14.722 0.5000000000
15475  39.095  -62.719  -15.673 0.4000000060
15491  48.391  -61.434  -17.778 0.1000000015
15502  48.447  -61.497  -18.808 0.1000000015
16140  35.585  -61.688  -3.282 0.4000000060
16215  33.292  -62.060  -11.005 0.4000000060
16241  35.936  -61.103  -14.727 0.5000000000
16250  44.562  -61.461  -15.381 0.1000000015
16251  43.781  -61.929  -15.382 0.2000000030
16265  48.518  -61.281  -17.415 0.1000000015
16866  43.007  -59.439  -0.987 0.1000000015
16878  43.963  -60.733  -1.617 0.1000000015
16879  43.126  -60.284  -2.108 0.1000000015
16891  36.774  -60.487  -2.471 0.2000000030
16959  31.481  -59.975  -9.637 0.5000000000
16973  31.668  -60.091  -10.440 0.5000000000
16982  31.959  -60.284  -11.048 0.4000000060
16992  33.730  -59.845  -13.403 0.5000000000
16999  34.893  -60.307  -14.109 0.5000000000
17006  43.865  -60.090  -15.673 0.1000000015
17007  41.635  -60.435  -15.454 0.3000000119
17009  39.712  -60.573  -15.440 0.4000000060
17010  38.294  -60.276  -15.372 0.4000000060
17619  44.232  -60.556  -1.333 0.1000000015
17620  43.509  -59.739  -1.572 0.1000000015
17720  32.127  -60.004  -11.638 0.4000000060
17728  32.944  -59.364  -13.120 0.3000000119
17730  31.782  -58.798  -12.227 0.4000000060
17753  36.843  -59.670  -15.107 0.4000000060
17754  35.607  -59.002  -14.919 0.4000000060
17783  49.183  -59.798  -19.294 0.1000000015
17805  49.416  -58.841  -21.227 0.1000000015
18326  37.562  -58.380  1.220 0.1000000015
18370  42.281  -57.928  -2.133 0.1000000015
18391  42.562  -58.526  -2.461 0.1000000015
18392  42.065  -58.136  -2.592 0.1000000015
18393  41.312  -57.851  -2.411 0.1000000015
18422  31.595  -58.829  -4.866 0.5000000000
18444  36.425  -58.126  -7.394 0.2000000030
18462  37.118  -58.388  -8.859 0.1000000015
18532  43.720  -58.274  -15.740 0.1000000015
18537  38.855  -58.396  -15.214 0.4000000060
18551  47.518  -59.161  -17.771 0.1000000015
19326  31.750  -57.816  -8.821 0.5000000000
19371  32.144  -57.262  -10.281 0.4000000060
19383  31.914  -57.152  -11.165 0.4000000060
19391  31.961  -57.372  -12.698 0.3000000119
19411  39.539  -56.786  -14.862 0.5000000000
19426  40.968  -56.673  -15.429 0.2000000030
19430  35.502  -57.594  -15.062 0.4000000060
19434  43.488  -57.281  -16.472 0.1000000015
19440  45.233  -58.097  -17.682 0.1000000015
19442  43.714  -57.312  -17.322 0.2000000030
19468  44.496  -57.524  -19.228 0.2000000030
19482  44.115  -56.690  -20.487 0.3000000119
19522  47.066  -56.478  -24.830 0.1000000015
20112  34.900  -55.918  3.173 0.1000000015
20150  37.275  -55.578  0.589 0.1000000015
20161  40.376  -56.346  -0.977 0.1000000015
20227  36.021  -56.206  -6.230 0.2000000030
20266  39.723  -57.367  -8.023 0.1000000015
20311  33.141  -56.292  -10.631 0.3000000119
20365  35.344  -56.136  -14.708 0.4000000060
20367  33.434  -56.662  -14.263 0.4000000060
20378  41.448  -56.394  -15.718 0.2000000030
20382  36.843  -56.721  -14.960 0.4000000060
20391  41.759  -56.293  -16.420 0.2000000030
20398  40.607  -56.038  -17.343 0.2000000030
20414  40.614  -56.479  -18.421 0.2000000030
20424  42.398  -56.854  -19.723 0.2000000030
20426  40.839  -56.549  -19.177 0.2000000030
20469  48.145  -55.357  -24.501 0.1000000015
20471  46.544  -55.814  -25.304 0.1000000015
21099  38.519  -55.459  -0.642 0.1000000015
21100  38.034  -55.218  -0.583 0.1000000015
21157  34.338  -55.685  -5.693 0.1000000015
21171  41.094  -55.281  -7.113 0.1000000015
21238  32.819  -56.076  -11.158 0.3000000119
21251  33.094  -55.388  -11.374 0.4000000060
21265  32.990  -55.239  -12.063 0.4000000060
21278  34.068  -55.177  -13.772 0.4000000060
21292  38.324  -54.994  -13.954 0.3000000119
21315  40.173  -55.099  -15.916 0.3000000119
21342  41.257  -56.202  -19.707 0.2000000030
21344  39.628  -55.708  -19.128 0.2000000030
21351  42.256  -55.247  -20.434 0.3000000119
21360  46.021  -54.797  -22.070 0.1000000015
21362  43.826  -54.918  -21.172 0.2000000030
21402  47.216  -54.981  -24.749 0.1000000015
22166  34.701  -54.142  -8.823 0.2000000030
22228  33.541  -54.630  -12.379 0.4000000060
22251  38.773  -54.144  -14.255 0.3000000119
22254  35.696  -54.781  -13.768 0.4000000060
22265  39.315  -53.977  -14.853 0.3000000119
22281  37.120  -54.027  -16.768 0.3000000119
22284  38.413  -54.742  -16.906 0.3000000119
22298  37.613  -54.446  -18.150 0.3000000119
22311  40.171  -54.999  -19.597 0.2000000030
22331  48.009  -54.449  -23.553 0.1000000015
22334  43.464  -52.785  -23.136 0.1000000015
22342  47.508  -54.259  -23.764 0.1000000015
22343  45.779  -53.400  -23.653 0.1000000015
22346  43.090  -54.155  -23.201 0.1000000015
23000  38.294  -53.559  -5.598 0.1000000015
23066  34.319  -53.421  -9.405 0.2000000030
23089  34.513  -53.243  -11.257 0.4000000060
23118  36.576  -53.301  -12.812 0.4000000060
23137  38.363  -53.267  -14.823 0.3000000119
23166  38.062  -54.027  -18.742 0.3000000119
23168  36.650  -53.192  -18.031 0.2000000030
23186  40.511  -53.661  -19.671 0.2000000030
23187  39.588  -53.483  -19.366 0.3000000119
23192  42.897  -51.934  -20.897 0.3000000119
23198  44.609  -52.376  -22.293 0.1000000015
23200  43.308  -51.717  -21.453 0.2000000030
23207  46.303  -53.515  -23.288 0.1000000015
23208  45.727  -53.018  -23.041 0.1000000015
23211  42.212  -51.729  -22.248 0.2000000030
23216  46.749  -53.944  -23.643 0.1000000015
23218  45.410  -52.916  -23.228 0.1000000015
23219  44.669  -52.457  -23.021 0.2000000030
23868  37.106  -52.567  -7.796 0.1000000015
23869  35.640  -52.647  -8.139 0.2000000030
23870  34.992  -52.513  -8.635 0.2000000030
23907  34.508  -52.496  -9.875 0.2000000030
23935  36.786  -52.466  -12.768 0.2000000030
23973  37.083  -52.666  -14.783 0.2000000030
23989  35.437  -52.388  -16.021 0.2000000030
23999  35.976  -52.799  -17.573 0.2000000030
24003  37.353  -52.615  -18.446 0.2000000030
24021  41.331  -50.538  -20.539 0.3000000119
24022  41.007  -50.910  -19.995 0.3000000119
24046  41.221  -51.180  -21.463 0.2000000030
24051  44.378  -52.212  -22.604 0.2000000030
24054  42.373  -51.187  -21.795 0.2000000030
24654  36.356  -51.016  -5.169 0.1000000015
24809  34.706  -51.117  -14.055 0.2000000030
24822  34.795  -51.415  -14.808 0.2000000030
24846  36.366  -51.173  -17.955 0.2000000030
24852  37.329  -50.901  -18.304 0.1000000015
24878  42.317  -51.063  -21.405 0.2000000030
24895  36.729  -51.262  -21.172 0.1000000015
25606  34.895  -50.074  -11.863 0.1000000015
25633  34.413  -50.055  -12.945 0.1000000015
25666  34.812  -50.860  -16.167 0.1000000015
25684  35.324  -50.482  -17.017 0.1000000015
25692  39.056  -49.767  -18.967 0.3000000119
25701  40.541  -50.213  -20.321 0.2000000030
25702  39.919  -49.783  -20.009 0.3000000119
25713  38.461  -49.396  -20.102 0.1000000015
26450  34.807  -49.436  -16.144 0.1000000015
26473  38.307  -48.760  -19.008 0.2000000030
26482  37.954  -48.635  -19.203 0.1000000015
26493  35.865  -48.794  -20.320 0.1000000015
27115  36.358  -48.362  -2.676 0.1000000015
27266  34.398  -48.747  -14.880 0.1000000015
27307  36.425  -48.452  -17.849 0.1000000015
28154  34.864  -47.470  -13.987 0.1000000015
28173  34.654  -48.165  -15.294 0.1000000015
28203  35.577  -47.253  -18.811 0.1000000015
29128  35.380  -46.070  -17.179 0.1000000015
29151  34.491  -46.302  -19.936 0.1000000015
108676  41.723  -62.005  -15.601 0.3000000119
108815  39.718  -64.746  -11.240 0.5000000000
109174  37.097  -61.165  -15.307 0.5000000000
109362  35.183  -45.057  -16.125 0.1000000015
109743  44.202  -73.534  -1.681 0.1000000015
109984  39.245  -61.299  -15.513 0.3000000119
110492  34.996  -71.061  -10.438 0.1000000015
110607  35.346  -45.858  -15.706 0.1000000015
110777  37.784  -60.956  -15.396 0.5000000000
111223  37.002  -49.423  -20.230 0.1000000015
111852  48.425  -58.724  -19.203 0.2000000030
112119  45.279  -70.170  -1.735 0.1000000015
112183  38.991  -70.699  -4.870 0.1000000015
112204  29.989  -76.023  -7.529 0.1000000015
112271  39.116  -64.774  -14.234 0.4000000060
112567  33.890  -58.204  -14.458 0.4000000060
112598  35.386  -47.599  -16.817 0.1000000015
112840  36.035  -65.724  -7.189 0.4000000060
114162  35.729  -48.756  -17.299 0.1000000015
114807  43.208  -58.718  -15.593 0.1000000015
115010  34.284  -50.270  -14.951 0.1000000015
115029  46.555  -68.929  -6.499 0.1000000015
115263  48.517  -62.103  -16.555 0.1000000015
115346  40.225  -58.833  -15.336 0.3000000119
115433  41.572  -59.027  -15.516 0.2000000030
115728  45.976  -68.001  -16.571 0.1000000015
116217  35.922  -51.530  -12.597 0.2000000030
116960  40.539  -50.318  -20.643 0.2000000030
117097  42.699  -56.431  -20.252 0.2000000030
117098  32.732  -56.932  -13.730 0.4000000060
118196  33.135  -55.275  -12.812 0.4000000060
118646  28.991  -73.932  -8.439 0.1000000015
119533  38.111  -57.322  -14.894 0.4000000060
120651  39.335  -53.061  -8.547 0.1000000015
122365  32.313  -57.482  -4.699 0.3000000119
123253  41.435  -65.149  -12.002 0.4000000060
123333  42.374  -60.300  -15.504 0.1000000015
123494  33.147  -58.214  -13.926 0.4000000060
123684  36.521  -63.250  -13.538 0.5000000000
124390  47.235  -68.448  -11.902 0.2000000030
124922  44.604  -63.447  -17.829 0.1000000015
125058  38.647  -50.268  -20.404 0.1000000015
125730  38.421  -75.353  -10.372 0.1000000015
126511  38.481  -71.192  -14.580 0.1000000015
126538  48.559  -65.339  -13.425 0.2000000030
126610  36.074  -64.856  -5.444 0.5000000000
126896  37.939  -60.868  -3.506 0.1000000015
127600  33.560  -61.840  -11.658 0.4000000060
127622  36.498  -61.301  -15.053 0.5000000000
127782  34.963  -58.895  -14.697 0.4000000060
128153  31.338  -58.787  -9.900 0.4000000060
128477  30.554  -73.271  -8.387 0.1000000015
128617  46.554  -57.426  -19.792 0.2000000030
128949  38.210  -64.839  -10.732 0.5000000000
129191  36.875  -70.500  -8.111 0.1000000015
129247  47.419  -65.902  -15.645 0.2000000030
129788  38.523  -48.878  -19.296 0.2000000030
130138  34.126  -59.206  -14.064 0.4000000060
130453  43.725  -58.932  -22.558 0.1000000015
130759  47.715  -55.162  -24.680 0.1000000015
130790  34.487  -51.322  1.690 0.1000000015
130915  35.695  -61.537  -14.415 0.5000000000
