#!ascii label  , from subject sub-v1s13x0050005_ses-1 vox2ras=TkReg
262
14511  34.930  -63.595  -4.749 0.0000000000
13783  41.606  -65.089  -14.541 0.0000000000
10752  40.657  -68.318  -7.737 0.0000000000
13722  36.779  -64.240  -10.510 0.0000000000
10812  41.572  -68.690  -12.561 0.0000000000
10071  40.593  -69.629  -9.989 0.0000000000
111611  41.304  -71.621  -11.323 0.0000000000
13753  38.884  -64.578  -12.476 0.0000000000
15441  34.731  -62.178  -12.784 0.0000000000
12882  37.626  -65.741  -6.302 0.0000000000
11452  37.850  -67.308  -9.207 0.0000000000
12159  40.528  -66.070  -10.712 0.0000000000
12908  42.612  -65.489  -10.799 0.0000000000
10086  45.270  -69.172  -12.460 0.0000000000
16914  35.130  -60.998  -2.902 0.0000000000
122472  37.918  -63.914  -5.474 0.0000000000
12138  41.217  -65.965  -6.400 0.0000000000
16201  32.978  -62.123  -10.169 0.0000000000
8614  41.460  -71.079  -10.461 0.0000000000
12939  40.396  -65.298  -13.780 0.0000000000
13787  37.803  -64.065  -14.125 0.0000000000
11432  39.733  -67.192  -6.931 0.0000000000
10765  39.234  -68.140  -8.530 0.0000000000
10803  40.651  -68.867  -11.491 0.0000000000
11471  40.413  -67.889  -11.167 0.0000000000
11470  41.188  -67.331  -11.221 0.0000000000
12158  41.940  -65.543  -10.625 0.0000000000
11469  42.232  -66.766  -10.860 0.0000000000
11466  46.153  -67.195  -10.834 0.0000000000
14517  39.785  -63.171  -6.165 0.0000000000
13652  40.276  -64.470  -6.257 0.0000000000
13651  41.368  -63.985  -6.496 0.0000000000
12893  36.095  -65.240  -9.202 0.0000000000
14572  34.948  -63.428  -10.099 0.0000000000
16985  33.908  -60.658  -13.100 0.0000000000
16980  32.725  -60.329  -12.064 0.0000000000
10063  41.599  -69.449  -8.559 0.0000000000
10069  40.675  -69.327  -9.036 0.0000000000
10068  41.432  -69.890  -9.192 0.0000000000
9358  40.792  -70.083  -10.756 0.0000000000
9377  40.914  -69.964  -12.307 0.0000000000
115588  38.213  -64.526  -11.222 0.0000000000
14581  36.031  -63.476  -11.451 0.0000000000
116895  36.593  -63.515  -12.816 0.0000000000
16236  35.247  -61.653  -13.942 0.0000000000
13797  42.796  -64.377  -14.781 0.0000000000
12872  36.729  -65.322  -5.916 0.0000000000
12152  36.617  -66.309  -8.544 0.0000000000
12891  37.210  -65.749  -9.850 0.0000000000
10779  39.400  -68.458  -9.434 0.0000000000
11461  38.706  -66.894  -10.380 0.0000000000
12898  38.470  -65.283  -10.612 0.0000000000
12911  40.283  -64.907  -10.990 0.0000000000
13739  41.434  -65.063  -11.387 0.0000000000
12936  42.717  -65.394  -12.706 0.0000000000
10811  43.037  -68.439  -12.540 0.0000000000
119146  44.367  -67.180  -10.860 0.0000000000
12919  44.245  -65.733  -11.482 0.0000000000
12952  43.163  -65.221  -13.637 0.0000000000
16142  33.952  -61.380  -3.721 0.0000000000
15355  35.078  -62.208  -3.786 0.0000000000
15368  36.520  -62.714  -4.305 0.0000000000
13642  36.310  -64.285  -5.036 0.0000000000
12870  38.410  -65.169  -5.968 0.0000000000
12139  40.134  -66.348  -6.440 0.0000000000
11431  40.662  -67.027  -6.627 0.0000000000
119644  43.334  -67.292  -6.664 0.0000000000
10750  42.726  -68.203  -7.212 0.0000000000
15434  34.055  -62.481  -11.374 0.0000000000
14512  34.057  -63.043  -4.989 0.0000000000
130418  33.574  -62.513  -5.259 0.0000000000
14520  34.188  -63.741  -5.534 0.0000000000
12954  41.270  -65.362  -13.813 0.0000000000
13801  39.066  -64.344  -15.052 0.0000000000
11441  40.239  -67.718  -7.299 0.0000000000
11442  39.452  -67.732  -7.654 0.0000000000
10753  39.890  -68.190  -7.941 0.0000000000
10090  40.918  -69.173  -12.253 0.0000000000
10802  41.033  -68.286  -11.887 0.0000000000
11479  41.778  -67.909  -11.857 0.0000000000
126954  42.231  -68.374  -12.482 0.0000000000
11475  47.429  -67.541  -11.596 0.0000000000
14528  40.817  -63.285  -6.360 0.0000000000
13701  36.398  -64.725  -9.717 0.0000000000
14558  35.386  -63.830  -9.565 0.0000000000
13723  36.054  -64.038  -9.948 0.0000000000
113895  32.264  -58.916  -12.821 0.0000000000
9350  41.937  -70.809  -9.654 0.0000000000
128440  41.071  -70.552  -10.627 0.0000000000
9371  40.903  -70.697  -11.290 0.0000000000
118032  40.760  -70.530  -12.019 0.0000000000
110595  40.876  -71.271  -12.019 0.0000000000
13754  38.141  -64.347  -12.057 0.0000000000
14587  37.318  -63.977  -12.498 0.0000000000
13771  38.041  -64.356  -13.210 0.0000000000
15449  36.155  -62.748  -13.921 0.0000000000
15461  35.840  -62.110  -14.257 0.0000000000
16242  35.322  -61.004  -14.263 0.0000000000
128335  36.144  -65.536  -6.476 0.0000000000
12142  37.197  -66.287  -7.084 0.0000000000
12156  36.799  -66.224  -9.213 0.0000000000
12155  37.418  -66.569  -9.592 0.0000000000
10778  40.011  -68.923  -9.703 0.0000000000
11459  39.890  -67.091  -10.841 0.0000000000
11460  39.168  -67.359  -10.397 0.0000000000
12160  39.505  -66.231  -10.659 0.0000000000
12161  38.635  -66.054  -10.496 0.0000000000
12897  39.443  -65.234  -10.825 0.0000000000
12896  40.402  -65.334  -10.799 0.0000000000
12165  42.304  -65.868  -10.434 0.0000000000
12909  41.799  -65.187  -10.938 0.0000000000
120919  42.205  -65.262  -11.235 0.0000000000
12921  42.114  -65.264  -11.758 0.0000000000
12920  43.048  -65.435  -11.438 0.0000000000
8664  43.998  -71.537  -14.289 0.0000000000
10095  45.316  -70.026  -13.061 0.0000000000
127756  44.555  -70.418  -13.352 0.0000000000
10096  44.411  -69.633  -13.027 0.0000000000
10087  44.119  -68.654  -12.507 0.0000000000
11477  43.724  -67.821  -11.662 0.0000000000
10810  44.999  -68.099  -11.512 0.0000000000
12905  45.947  -66.362  -11.242 0.0000000000
12163  45.571  -66.629  -10.797 0.0000000000
12918  45.394  -65.907  -11.634 0.0000000000
12935  43.755  -65.488  -12.600 0.0000000000
12934  44.906  -65.514  -12.615 0.0000000000
16915  34.116  -60.780  -3.167 0.0000000000
16141  34.658  -61.533  -3.449 0.0000000000
16154  34.248  -61.964  -4.034 0.0000000000
15375  37.981  -62.904  -5.249 0.0000000000
15367  37.504  -62.391  -4.651 0.0000000000
14509  36.991  -63.042  -4.844 0.0000000000
118355  36.963  -64.555  -5.376 0.0000000000
12879  40.742  -65.199  -6.327 0.0000000000
12880  39.660  -65.611  -6.249 0.0000000000
11430  41.732  -66.742  -6.473 0.0000000000
10729  45.033  -67.985  -6.869 0.0000000000
10730  43.818  -68.064  -6.998 0.0000000000
15432  35.338  -63.130  -11.789 0.0000000000
131053  34.758  -62.970  -11.384 0.0000000000
16222  34.079  -61.973  -12.191 0.0000000000
16981  32.593  -60.786  -11.384 0.0000000000
110953  39.453  -64.845  -12.792 0.0000000000
12140  39.058  -66.626  -6.712 0.0000000000
12141  38.068  -66.445  -6.849 0.0000000000
12146  39.050  -67.293  -7.308 0.0000000000
11447  38.476  -67.781  -8.823 0.0000000000
10073  40.552  -69.429  -10.927 0.0000000000
112467  40.243  -68.803  -10.676 0.0000000000
12167  40.630  -66.869  -10.949 0.0000000000
12166  41.444  -66.169  -10.601 0.0000000000
112533  43.136  -66.001  -10.401 0.0000000000
10801  45.998  -67.788  -11.041 0.0000000000
11476  46.770  -67.778  -11.191 0.0000000000
14518  38.889  -63.129  -5.780 0.0000000000
13641  38.825  -64.143  -5.927 0.0000000000
13640  39.788  -63.949  -6.184 0.0000000000
12878  41.848  -64.748  -6.455 0.0000000000
14559  34.672  -63.540  -9.302 0.0000000000
15419  34.163  -63.151  -9.900 0.0000000000
16230  34.248  -61.462  -12.900 0.0000000000
16231  33.413  -61.095  -12.192 0.0000000000
16986  33.181  -60.146  -12.708 0.0000000000
17729  32.348  -59.573  -12.360 0.0000000000
111961  41.118  -69.009  -8.270 0.0000000000
130517  41.165  -69.433  -8.749 0.0000000000
9351  41.182  -70.362  -10.064 0.0000000000
9372  40.690  -69.810  -11.654 0.0000000000
13721  37.595  -64.594  -10.655 0.0000000000
14580  36.631  -63.791  -11.185 0.0000000000
14579  37.345  -64.145  -11.437 0.0000000000
14589  35.986  -63.289  -12.280 0.0000000000
15440  35.326  -62.804  -12.597 0.0000000000
14594  37.177  -63.750  -13.575 0.0000000000
14595  35.978  -63.014  -13.109 0.0000000000
15451  34.830  -61.748  -13.367 0.0000000000
16237  34.671  -61.022  -13.628 0.0000000000
16991  34.317  -60.284  -13.640 0.0000000000
13798  42.010  -64.484  -14.989 0.0000000000
13643  35.537  -64.311  -5.098 0.0000000000
13644  34.802  -64.252  -5.403 0.0000000000
12873  35.884  -65.259  -6.009 0.0000000000
12892  36.614  -65.481  -9.492 0.0000000000
12900  37.097  -64.944  -10.038 0.0000000000
10766  38.892  -68.073  -9.282 0.0000000000
10790  39.660  -68.109  -10.428 0.0000000000
130562  39.083  -67.973  -9.900 0.0000000000
11451  38.535  -67.569  -9.753 0.0000000000
12154  38.056  -66.855  -10.047 0.0000000000
12162  37.839  -66.002  -10.264 0.0000000000
12899  37.733  -65.198  -10.328 0.0000000000
13720  38.890  -64.822  -11.001 0.0000000000
13741  38.985  -64.587  -11.625 0.0000000000
13752  39.826  -64.670  -11.954 0.0000000000
12910  41.014  -64.970  -10.950 0.0000000000
13740  40.553  -64.817  -11.365 0.0000000000
12922  40.752  -64.926  -11.931 0.0000000000
13768  40.146  -65.068  -12.758 0.0000000000
12937  41.803  -65.383  -12.855 0.0000000000
12953  42.171  -65.331  -13.731 0.0000000000
10089  41.450  -69.635  -12.816 0.0000000000
8650  44.386  -71.131  -13.935 0.0000000000
10088  42.405  -69.167  -13.099 0.0000000000
11478  42.671  -67.722  -11.721 0.0000000000
11468  43.418  -66.847  -10.804 0.0000000000
12164  44.357  -66.355  -10.599 0.0000000000
11467  45.295  -67.114  -10.714 0.0000000000
12907  43.710  -65.749  -10.874 0.0000000000
13782  42.527  -64.923  -14.380 0.0000000000
16917  32.596  -60.152  -3.826 0.0000000000
123905  33.376  -60.271  -3.320 0.0000000000
16916  33.355  -60.878  -3.817 0.0000000000
16155  33.528  -61.562  -4.319 0.0000000000
116869  34.580  -62.694  -4.361 0.0000000000
16152  38.000  -61.682  -4.423 0.0000000000
15354  36.051  -62.243  -3.765 0.0000000000
15369  35.519  -62.888  -4.173 0.0000000000
14510  36.095  -63.602  -4.615 0.0000000000
12871  37.755  -64.890  -5.704 0.0000000000
12881  38.650  -65.806  -6.317 0.0000000000
12869  39.256  -64.882  -6.090 0.0000000000
11440  41.166  -67.651  -7.014 0.0000000000
11439  42.225  -67.510  -6.753 0.0000000000
10751  41.671  -68.332  -7.470 0.0000000000
15425  35.334  -63.347  -10.904 0.0000000000
15426  34.461  -63.064  -10.715 0.0000000000
15427  33.708  -62.634  -10.479 0.0000000000
16223  33.090  -61.471  -11.416 0.0000000000
16216  32.688  -61.477  -10.748 0.0000000000
10085  46.058  -69.587  -12.606 0.0000000000
11465  46.692  -66.969  -11.039 0.0000000000
12147  38.387  -67.084  -7.414 0.0000000000
12883  36.699  -65.829  -6.692 0.0000000000
12895  41.255  -65.413  -10.688 0.0000000000
12906  44.846  -66.046  -11.043 0.0000000000
12938  40.977  -65.311  -12.848 0.0000000000
13653  35.224  -64.820  -5.831 0.0000000000
13702  35.662  -64.578  -9.204 0.0000000000
13769  39.593  -65.061  -13.612 0.0000000000
13770  38.890  -64.714  -13.420 0.0000000000
13784  40.694  -65.116  -14.661 0.0000000000
13785  39.793  -64.965  -14.569 0.0000000000
14519  37.028  -63.740  -5.070 0.0000000000
14570  36.124  -63.699  -10.673 0.0000000000
14571  35.609  -63.641  -10.220 0.0000000000
14588  36.680  -63.653  -11.926 0.0000000000
14609  37.472  -63.517  -14.510 0.0000000000
14610  36.811  -63.158  -14.224 0.0000000000
15433  34.692  -62.615  -12.038 0.0000000000
15450  35.408  -62.338  -13.458 0.0000000000
16140  35.585  -61.688  -3.282 0.0000000000
16215  33.292  -62.060  -11.005 0.0000000000
16982  31.959  -60.284  -11.048 0.0000000000
16992  33.730  -59.845  -13.403 0.0000000000
17730  31.782  -58.798  -12.227 0.0000000000
108815  39.718  -64.746  -11.240 0.0000000000
123253  41.435  -65.149  -12.002 0.0000000000
123684  36.521  -63.250  -13.538 0.0000000000
126610  36.074  -64.856  -5.444 0.0000000000
127600  33.560  -61.840  -11.658 0.0000000000
128949  38.210  -64.839  -10.732 0.0000000000
130915  35.695  -61.537  -14.415 0.0000000000
