#!ascii label  , from subject sub-v1s13x0050005_ses-1 vox2ras=TkReg
561
52422  21.250  -21.050  -22.178 0.1428571492
52418  20.001  -21.576  -21.822 0.1428571492
53373  20.810  -20.024  -23.208 0.1428571492
52415  22.551  -21.322  -21.314 0.1428571492
53362  21.566  -20.359  -22.609 0.2857142985
53363  20.047  -20.458  -22.745 0.1428571492
53351  22.980  -20.638  -21.753 0.1428571492
55292  21.719  -18.970  -23.964 0.5714285970
54316  23.429  -19.565  -22.476 0.1428571492
55273  25.639  -18.597  -22.398 0.2857142985
55274  24.782  -18.768  -22.487 0.2857142985
56174  26.463  -17.595  -22.697 0.1428571492
56175  25.787  -17.851  -22.675 0.2857142985
57937  26.784  -15.297  -23.958 0.2857142985
57065  26.392  -15.748  -23.803 0.1428571492
57051  26.363  -16.425  -23.395 0.2857142985
59725  27.866  -13.186  -24.654 0.2857142985
58834  28.397  -14.745  -23.790 0.2857142985
60592  28.183  -12.318  -24.690 0.2857142985
119513  27.478  -12.626  -25.012 0.2857142985
61523  27.668  -10.751  -25.364 0.2857142985
117848  27.324  -8.205  -26.205 0.8571428657
63326  27.755  -9.299  -25.515 0.4285714328
61507  28.189  -11.366  -24.831 0.2857142985
65982  27.609  -6.204  -26.474 0.7142857313
65959  28.037  -6.557  -25.776 0.7142857313
65040  27.754  -7.558  -25.820 0.7142857313
67764  27.874  -4.876  -26.325 0.8571428657
66854  28.015  -5.641  -26.060 0.5714285970
66876  27.592  -5.469  -26.703 0.8571428657
119796  27.544  -6.914  -26.317 0.7142857313
65054  27.191  -7.530  -26.575 0.7142857313
69471  27.625  -2.897  -26.163 0.4285714328
115831  27.653  -4.209  -26.601 0.7142857313
67785  27.455  -4.798  -27.000 0.8571428657
71177  27.099  -1.189  -26.036 0.2857142985
126815  27.417  -3.542  -26.830 0.8571428657
119800  27.352  -2.063  -26.169 0.7142857313
72066  27.139  0.519  -25.654 0.1428571492
116384  27.351  -0.319  -25.363 0.1428571492
71192  26.785  -0.233  -26.337 0.4285714328
70354  26.908  -1.835  -26.776 0.5714285970
69484  27.073  -2.709  -27.016 0.8571428657
72933  26.407  1.718  -26.837 0.1428571492
72085  26.535  0.732  -26.566 0.1428571492
70372  26.614  -2.061  -27.565 0.8571428657
73798  26.783  3.167  -26.900 0.1428571492
73797  26.992  2.491  -26.301 0.1428571492
73803  26.440  2.616  -27.254 0.1428571492
72086  26.040  0.992  -27.502 0.4285714328
111624  26.315  -0.019  -27.341 0.5714285970
71211  26.152  -0.739  -28.118 0.7142857313
119547  26.253  -2.254  -28.452 0.8571428657
74598  26.513  3.496  -27.651 0.1428571492
75503  26.410  4.239  -28.195 0.1428571492
72934  25.823  1.989  -27.678 0.5714285970
70389  26.329  -1.515  -28.041 0.8571428657
117665  26.040  2.820  -28.144 0.1428571492
73817  25.720  2.947  -29.147 0.8571428657
113424  25.612  1.310  -28.403 0.8571428657
76356  25.884  5.020  -29.223 0.1428571492
117462  25.835  5.797  -29.395 0.1428571492
75516  25.933  4.294  -28.995 0.4285714328
73833  25.632  3.010  -30.369 0.8571428657
129360  25.417  1.644  -29.165 0.8571428657
72131  25.439  0.803  -29.372 0.8571428657
75531  25.615  4.416  -29.942 0.4285714328
111992  25.471  2.287  -29.633 0.8571428657
109661  25.384  2.189  -30.636 0.8571428657
77188  25.718  6.597  -29.564 0.2857142985
76357  25.584  5.138  -30.221 0.5714285970
76361  25.454  5.192  -31.326 0.8571428657
74630  25.656  3.825  -30.724 0.8571428657
125084  25.763  3.330  -31.423 0.8571428657
73842  25.681  2.672  -31.504 0.8571428657
77200  25.370  6.674  -30.567 0.2857142985
115440  25.525  5.884  -30.459 0.5714285970
74639  25.705  3.916  -31.988 0.8571428657
74645  25.914  3.647  -32.954 0.8571428657
108771  25.311  5.899  -31.745 0.8571428657
116024  25.307  5.537  -32.796 0.8571428657
75542  25.668  4.392  -32.767 0.8571428657
76379  25.423  4.974  -33.047 0.7142857313
78122  25.091  6.794  -31.633 0.8571428657
77214  25.157  6.250  -32.730 0.8571428657
76368  25.441  5.081  -32.407 0.8571428657
77226  25.183  5.734  -33.322 0.8571428657
77227  24.988  6.688  -33.650 0.8571428657
120476  24.490  8.726  -31.728 0.7142857313
78135  24.744  7.691  -33.381 0.8571428657
116515  24.427  8.562  -32.793 0.8571428657
78145  24.650  7.433  -34.328 0.8571428657
79645  23.587  9.231  -34.377 0.7142857313
81731  24.254  12.027  -32.167 0.1428571492
79644  24.046  9.237  -33.272 0.7142857313
80338  23.706  9.972  -33.583 0.7142857313
78947  24.226  8.382  -34.134 0.8571428657
82467  23.846  12.773  -33.345 0.1428571492
81036  23.642  10.770  -33.737 0.5714285970
81041  23.331  11.080  -34.677 0.5714285970
81745  23.540  12.026  -34.181 0.1428571492
83249  23.646  14.586  -34.984 0.1428571492
81046  22.954  11.085  -35.180 0.5714285970
83250  22.644  14.053  -35.801 0.1428571492
84075  23.247  14.933  -35.927 0.1428571492
82483  22.792  12.624  -35.271 0.1428571492
129024  22.611  15.403  -36.436 0.1428571492
81749  23.110  11.831  -35.029 0.5714285970
83257  22.366  14.671  -36.244 0.1428571492
83251  22.101  13.747  -35.994 0.1428571492
84087  22.101  15.332  -36.252 0.1428571492
83258  21.787  14.442  -36.060 0.1428571492
52417  20.855  -21.595  -21.720 0.1428571492
51496  20.389  -22.173  -21.292 0.1428571492
54317  22.547  -19.677  -22.755 0.2857142985
120343  23.690  -20.139  -21.925 0.1428571492
54315  25.350  -19.327  -22.118 0.2857142985
55275  23.902  -18.904  -22.744 0.2857142985
57050  27.824  -16.337  -23.134 0.2857142985
113569  27.140  -16.529  -23.154 0.2857142985
57034  26.780  -17.038  -22.901 0.1428571492
60593  27.438  -11.824  -25.304 0.2857142985
64173  27.771  -8.532  -25.623 0.4285714328
116776  27.425  -9.917  -25.683 0.5714285970
67763  28.062  -4.188  -25.864 0.2857142985
64187  26.610  -8.313  -26.884 0.7142857313
69470  27.846  -2.121  -25.272 0.1428571492
69485  26.905  -3.550  -27.573 0.8571428657
71193  26.585  -1.085  -27.166 0.7142857313
72954  25.591  2.193  -28.637 0.8571428657
72110  25.647  -0.070  -29.303 0.8571428657
72974  25.284  1.577  -29.985 0.8571428657
78939  24.687  7.999  -32.143 0.8571428657
79637  24.281  9.316  -32.073 0.8571428657
121204  23.808  10.564  -32.826 0.7142857313
127691  23.645  11.509  -33.676 0.2857142985
83242  23.202  13.573  -34.962 0.1428571492
117839  23.559  16.671  -37.028 0.1428571492
51497  19.480  -22.138  -21.427 0.1428571492
54330  23.034  -19.060  -23.071 0.4285714328
55288  25.101  -18.136  -22.689 0.2857142985
55291  22.604  -18.662  -23.763 0.2857142985
56190  25.979  -17.167  -23.034 0.1428571492
57916  28.979  -15.415  -23.387 0.2857142985
130180  28.834  -14.237  -23.917 0.2857142985
58848  27.709  -14.446  -24.168 0.2857142985
114459  26.871  -14.629  -24.404 0.2857142985
120438  27.420  -13.900  -24.591 0.2857142985
63336  27.181  -9.085  -26.128 0.7142857313
74592  26.934  3.754  -27.001 0.1428571492
129935  26.265  4.827  -28.550 0.1428571492
114053  26.368  5.633  -28.475 0.1428571492
74613  25.701  3.684  -29.609 0.8571428657
71212  25.867  -0.582  -28.897 0.8571428657
70390  26.020  -1.450  -28.938 1.0000000000
78087  25.584  7.330  -29.690 0.1428571492
78107  25.147  7.617  -30.445 0.2857142985
78123  24.857  7.544  -31.523 0.5714285970
80337  24.005  9.976  -32.468 0.7142857313
80330  24.148  10.781  -31.909 0.2857142985
81029  23.895  11.370  -32.623 0.2857142985
81740  23.820  12.121  -32.976 0.1428571492
82477  23.371  12.689  -34.584 0.1428571492
81750  22.677  11.861  -35.168 0.2857142985
82476  23.936  13.468  -33.717 0.1428571492
119640  22.468  13.287  -35.678 0.1428571492
82484  22.302  12.895  -35.367 0.1428571492
123718  21.351  14.607  -35.396 0.1428571492
84859  21.862  16.068  -35.916 0.1428571492
78108  24.697  8.406  -30.910 0.4285714328
79627  24.474  9.321  -31.014 0.4285714328
80329  24.293  10.100  -31.375 0.4285714328
53352  22.058  -20.835  -21.931 0.1428571492
118977  20.834  -20.643  -22.654 0.1428571492
52423  20.457  -21.103  -22.285 0.1428571492
53353  19.118  -21.383  -21.868 0.1428571492
54332  21.708  -19.665  -23.198 0.4285714328
54318  20.005  -19.756  -23.208 0.2857142985
54331  22.322  -19.244  -23.390 0.5714285970
53359  24.407  -19.580  -22.166 0.1428571492
55289  24.349  -18.146  -22.965 0.1428571492
57936  27.497  -15.084  -23.858 0.2857142985
65064  27.091  -6.735  -26.997 0.7142857313
68616  27.771  -3.631  -26.172 0.8571428657
68655  27.230  -4.163  -27.295 0.8571428657
72925  27.022  1.442  -25.955 0.1428571492
74612  26.042  3.581  -28.599 0.5714285970
72109  25.846  0.232  -28.398 0.8571428657
130758  25.543  4.616  -31.982 0.8571428657
75537  25.549  4.516  -31.042 0.8571428657
119858  25.962  3.135  -32.393 0.8571428657
77215  24.938  7.123  -32.581 0.8571428657
80344  23.373  10.124  -34.585 0.5714285970
84086  23.087  15.417  -36.461 0.1428571492
57049  28.657  -16.183  -23.100 0.1428571492
55290  23.460  -18.350  -23.378 0.4285714328
59726  26.614  -13.937  -25.012 0.5714285970
58863  25.510  -14.511  -25.556 0.5714285970
58864  24.947  -14.812  -25.925 0.5714285970
129853  23.260  -15.499  -26.988 0.2857142985
59736  25.713  -13.437  -26.119 0.5714285970
59745  25.067  -13.585  -26.743 0.5714285970
57081  23.326  -16.452  -25.998 0.4285714328
58874  25.306  -14.133  -26.121 0.5714285970
57968  22.575  -15.482  -27.065 0.2857142985
58892  23.781  -14.192  -27.356 0.4285714328
60604  26.664  -11.913  -25.925 0.4285714328
60613  25.521  -12.255  -26.840 0.5714285970
60614  24.769  -12.780  -27.331 0.5714285970
60623  24.009  -12.642  -27.824 0.4285714328
61537  26.377  -11.317  -26.361 0.5714285970
61538  25.674  -11.375  -26.998 0.5714285970
62429  25.687  -10.546  -27.388 0.7142857313
62428  26.222  -10.171  -26.806 0.4285714328
59746  24.356  -13.588  -27.281 0.4285714328
121116  23.176  -13.885  -27.588 0.2857142985
58876  22.208  -14.635  -27.252 0.2857142985
116254  24.401  -12.118  -27.860 0.4285714328
62420  26.616  -10.662  -26.286 0.7142857313
64197  26.017  -8.893  -27.733 0.7142857313
64204  25.238  -9.492  -29.173 0.4285714328
65073  25.854  -7.949  -29.167 0.7142857313
65082  25.618  -7.945  -29.895 0.5714285970
66006  25.955  -7.092  -29.525 0.7142857313
130099  25.331  -7.902  -30.263 0.2857142985
112161  26.161  -7.923  -28.039 0.5714285970
66005  26.261  -6.375  -28.597 0.7142857313
66015  25.748  -6.416  -30.075 0.7142857313
66917  25.822  -5.458  -29.869 0.7142857313
66918  25.461  -5.737  -30.473 0.7142857313
66025  25.327  -6.605  -30.529 0.4285714328
66926  25.289  -5.098  -30.888 0.4285714328
65994  27.265  -5.978  -27.008 0.5714285970
65072  26.477  -6.969  -27.834 0.5714285970
66895  27.097  -5.414  -27.311 0.5714285970
66910  26.145  -5.494  -28.973 0.5714285970
67820  26.013  -4.803  -29.314 0.7142857313
67826  25.787  -4.660  -30.052 0.7142857313
69526  25.826  -3.310  -29.807 0.7142857313
67827  25.572  -4.407  -30.765 0.7142857313
68691  25.297  -3.836  -31.405 0.5714285970
108385  25.421  -3.036  -31.350 0.5714285970
117647  26.237  -4.252  -28.860 0.5714285970
67809  26.329  -4.794  -28.442 0.5714285970
68670  26.052  -3.819  -29.290 0.7142857313
114208  25.977  -4.315  -29.563 0.7142857313
70404  25.905  -2.443  -29.386 0.8571428657
67844  25.216  -4.542  -31.247 0.4285714328
123802  25.825  -1.773  -29.898 0.7142857313
115127  25.343  -2.295  -31.247 0.7142857313
70409  25.501  -1.565  -30.814 0.7142857313
69540  24.980  -2.409  -31.833 0.5714285970
70415  25.088  -1.728  -31.715 0.7142857313
110517  26.392  -3.664  -28.411 0.5714285970
68680  25.864  -4.046  -30.104 0.7142857313
71226  25.773  -0.840  -29.850 0.8571428657
71232  25.378  -0.598  -30.914 0.7142857313
116096  25.232  -1.100  -31.627 0.5714285970
71240  24.577  -0.307  -32.835 0.2857142985
72997  25.324  1.420  -32.712 0.7142857313
72132  25.434  0.074  -30.154 0.8571428657
109919  24.990  -0.420  -31.914 0.8571428657
72142  25.132  0.230  -31.184 0.8571428657
72152  24.893  0.431  -32.275 0.5714285970
72986  25.448  1.864  -31.628 0.8571428657
73848  25.759  2.360  -32.549 0.8571428657
73009  25.565  2.186  -33.224 0.7142857313
126933  25.222  0.884  -30.474 0.8571428657
73861  25.988  2.882  -33.181 0.7142857313
76388  24.978  6.043  -33.850 0.7142857313
76389  24.655  6.154  -34.376 0.7142857313
77238  24.748  6.768  -34.340 0.7142857313
78146  24.110  7.894  -34.867 0.7142857313
77251  23.696  6.842  -35.008 0.7142857313
78147  23.140  7.986  -34.982 0.7142857313
78953  22.383  8.709  -34.651 0.7142857313
108544  22.154  7.993  -34.593 0.5714285970
78952  23.497  8.639  -34.973 0.7142857313
78954  21.375  8.699  -33.679 0.5714285970
78148  21.482  7.995  -33.619 0.5714285970
79657  22.269  9.236  -34.627 0.5714285970
79651  21.769  9.008  -34.190 0.5714285970
79652  21.397  9.096  -33.417 0.5714285970
78136  20.809  8.588  -32.515 0.5714285970
111394  21.142  9.092  -32.702 0.5714285970
79658  21.783  9.515  -34.151 0.5714285970
78124  20.343  8.850  -31.863 0.4285714328
78125  19.001  8.298  -32.285 0.4285714328
116732  20.815  9.286  -32.157 0.5714285970
111777  20.899  9.018  -32.368 0.5714285970
78911  21.684  8.811  -30.487 0.4285714328
64172  28.294  -7.999  -25.156 0.2857142985
119584  26.636  -4.181  -28.003 0.5714285970
79639  21.027  9.579  -32.229 0.2857142985
79628  21.013  9.051  -31.478 0.4285714328
78930  20.858  8.794  -30.817 0.2857142985
57952  24.578  -15.577  -25.610 0.5714285970
57080  23.972  -16.163  -25.659 0.5714285970
60594  26.854  -12.586  -25.470 0.2857142985
59735  26.372  -13.298  -25.530 0.4285714328
57966  24.368  -15.158  -26.364 0.5714285970
57097  22.953  -16.107  -26.668 0.2857142985
59761  23.653  -13.319  -27.634 0.4285714328
61539  24.998  -11.837  -27.539 0.4285714328
61552  25.151  -11.030  -27.907 0.5714285970
59762  22.905  -13.233  -27.743 0.2857142985
60624  23.353  -12.616  -27.955 0.2857142985
63346  25.584  -9.399  -28.342 0.5714285970
65958  28.628  -6.598  -25.144 0.2857142985
64218  24.542  -9.018  -30.251 0.2857142985
120084  25.576  -7.271  -30.194 0.7142857313
75561  25.169  5.073  -33.387 0.7142857313
110958  24.853  5.507  -33.890 0.7142857313
75562  24.922  4.659  -33.864 0.7142857313
77216  20.223  8.614  -31.905 0.2857142985
79650  22.983  9.427  -35.000 0.5714285970
80350  22.509  9.837  -34.869 0.5714285970
79646  21.112  9.464  -32.413 0.2857142985
61553  24.522  -11.459  -28.214 0.4285714328
130120  27.075  -13.241  -25.001 0.2857142985
67808  26.833  -4.770  -27.628 0.7142857313
65065  26.661  -7.470  -27.226 0.5714285970
69503  26.516  -2.912  -27.960 0.7142857313
69518  26.053  -3.104  -28.846 0.7142857313
129068  25.244  1.534  -30.830 0.7142857313
62427  26.803  -9.943  -26.215 0.5714285970
63337  26.406  -9.345  -26.843 0.5714285970
74658  25.676  3.493  -33.398 0.7142857313
65995  26.736  -6.138  -27.587 0.5714285970
58862  25.909  -13.971  -25.538 0.5714285970
57967  23.845  -15.032  -26.970 0.5714285970
58875  24.556  -14.395  -26.725 0.4285714328
57953  23.775  -15.765  -26.380 0.5714285970
58893  23.062  -14.724  -27.401 0.4285714328
60605  26.103  -12.627  -26.128 0.5714285970
118326  25.467  -12.962  -26.654 0.5714285970
130528  24.181  -13.089  -27.542 0.4285714328
57068  23.701  -16.664  -25.209 0.5714285970
60612  26.071  -11.899  -26.427 0.5714285970
61554  23.871  -11.945  -28.307 0.4285714328
62437  25.830  -9.742  -27.564 0.5714285970
62438  25.281  -10.163  -28.352 0.4285714328
65066  25.687  -8.716  -28.727 0.7142857313
64217  25.465  -8.682  -29.607 0.5714285970
64205  25.065  -9.298  -29.897 0.4285714328
126680  26.151  -7.269  -28.670 0.7142857313
65083  24.863  -8.165  -30.445 0.2857142985
66896  26.470  -5.470  -28.025 0.7142857313
66014  26.000  -6.179  -29.455 0.7142857313
125467  25.545  -5.039  -30.434 0.7142857313
68685  25.675  -3.593  -30.732 0.7142857313
69527  25.663  -2.605  -30.483 0.7142857313
68692  24.909  -3.099  -31.852 0.2857142985
116728  24.397  -0.815  -33.215 0.2857142985
111680  25.205  1.037  -31.546 0.8571428657
78155  24.481  7.282  -34.747 0.7142857313
78156  23.861  7.376  -34.997 0.7142857313
78940  20.548  8.971  -31.726 0.4285714328
61555  23.151  -12.048  -28.245 0.1428571492
61572  24.123  -11.122  -28.733 0.4285714328
54333  20.409  -19.285  -23.600 0.4285714328
59723  29.425  -12.927  -24.060 0.1428571492
59724  28.693  -13.089  -24.364 0.1428571492
60591  28.992  -12.337  -24.293 0.1428571492
63310  28.020  -9.892  -25.188 0.1428571492
63309  28.328  -9.031  -25.011 0.1428571492
61506  28.690  -11.739  -24.475 0.1428571492
63308  28.936  -9.349  -24.378 0.1428571492
62404  28.353  -10.508  -24.801 0.1428571492
120922  28.823  -11.029  -24.417 0.1428571492
66853  28.512  -5.808  -25.405 0.2857142985
112005  28.362  -4.961  -25.620 0.1428571492
75551  25.591  4.261  -33.165 0.5714285970
84845  20.888  15.812  -34.238 0.1428571492
73862  25.381  2.601  -33.630 0.4285714328
84068  20.320  15.532  -33.872 0.1428571492
83252  21.608  13.760  -35.457 0.1428571492
75563  24.421  4.263  -34.306 0.4285714328
76391  23.358  5.557  -34.607 0.4285714328
81741  21.395  11.895  -32.755 0.2857142985
81042  21.455  10.874  -33.085 0.2857142985
80351  22.089  10.283  -34.637 0.2857142985
81048  21.777  10.948  -34.312 0.2857142985
75552  21.460  4.209  -33.054 0.1428571492
81037  20.909  10.884  -32.554 0.2857142985
108801  22.254  6.172  -34.065 0.4285714328
77239  22.205  7.210  -34.337 0.5714285970
80339  21.089  10.046  -32.588 0.2857142985
76393  21.146  6.156  -33.219 0.4285714328
77241  20.430  6.991  -32.725 0.2857142985
80332  21.125  10.089  -32.577 0.1428571492
77242  19.182  7.413  -32.797 0.1428571492
78137  20.111  8.376  -32.082 0.4285714328
79638  21.790  9.326  -31.125 0.1428571492
80331  21.651  10.117  -31.841 0.1428571492
81031  21.417  10.899  -32.605 0.1428571492
78138  19.156  8.002  -32.463 0.2857142985
79611  21.220  9.298  -29.459 0.1428571492
80320  22.272  10.006  -30.712 0.1428571492
81030  22.228  11.036  -31.258 0.1428571492
126462  22.480  10.703  -30.251 0.1428571492
56206  20.989  -17.532  -24.909 0.2857142985
59713  29.219  -13.730  -23.965 0.1428571492
62384  29.535  -10.753  -23.946 0.1428571492
74671  25.115  3.601  -33.989 0.2857142985
81047  22.441  11.044  -34.965 0.2857142985
120638  21.440  11.507  -32.648 0.2857142985
81746  21.547  11.815  -33.904 0.2857142985
81732  21.675  11.880  -31.864 0.2857142985
55307  20.618  -18.069  -24.350 0.2857142985
57033  27.548  -16.997  -22.823 0.1428571492
56173  27.173  -17.650  -22.599 0.1428571492
58833  29.347  -14.563  -23.609 0.1428571492
65039  28.301  -7.216  -25.341 0.1428571492
76394  20.036  6.313  -32.616 0.1428571492
76380  20.852  5.229  -32.969 0.2857142985
80349  23.063  10.325  -35.135 0.4285714328
81751  22.118  11.856  -34.904 0.2857142985
82478  21.357  12.894  -33.530 0.2857142985
83243  21.195  13.813  -34.228 0.1428571492
83235  20.801  13.952  -33.282 0.1428571492
81733  21.414  12.475  -32.179 0.2857142985
83253  21.030  14.569  -34.648 0.1428571492
82485  21.682  12.788  -34.692 0.1428571492
121519  28.646  -4.142  -25.096 0.2857142985
82468  21.231  13.160  -32.634 0.2857142985
55305  22.144  -18.243  -24.459 0.4285714328
116668  21.104  -19.410  -23.696 0.4285714328
123964  22.657  10.478  -35.049 0.2857142985
76390  24.352  5.304  -34.365 0.4285714328
76398  23.981  6.203  -34.806 0.5714285970
77252  23.087  6.523  -34.893 0.5714285970
74670  25.366  4.188  -33.520 0.5714285970
78157  22.990  7.319  -34.991 0.5714285970
77240  21.255  7.184  -33.311 0.5714285970
120746  21.380  9.541  -33.178 0.2857142985
113879  28.513  -9.799  -24.742 0.1428571492
60573  29.658  -12.236  -23.966 0.1428571492
64157  28.960  -8.306  -24.466 0.1428571492
75564  23.590  3.977  -34.337 0.2857142985
80345  21.559  10.141  -33.637 0.2857142985
76392  22.017  5.110  -33.608 0.2857142985
128199  22.686  5.382  -34.206 0.4285714328
78149  20.303  7.717  -32.432 0.4285714328
64131  29.622  -8.051  -23.817 0.1428571492
74672  24.192  3.348  -34.200 0.2857142985
83244  20.412  14.826  -33.872 0.1428571492
71253  24.862  -1.108  -32.509 0.2857142985
82445  21.108  13.634  -30.967 0.1428571492
81702  22.338  12.568  -29.758 0.1428571492
114270  21.283  13.801  -30.189 0.1428571492
81719  21.666  12.835  -31.435 0.1428571492
82459  21.135  13.451  -31.852 0.1428571492
81718  22.188  12.186  -30.877 0.1428571492
83215  20.489  14.468  -30.463 0.1428571492
81703  21.884  13.130  -30.519 0.1428571492
82421  21.634  14.112  -28.960 0.1428571492
83199  21.107  14.323  -29.568 0.1428571492
70426  24.721  -1.796  -32.278 0.2857142985
82430  21.887  13.529  -29.527 0.1428571492
129899  19.956  14.825  -31.020 0.1428571492
62419  27.105  -10.497  -25.848 0.2857142985
82469  20.637  14.104  -32.419 0.1428571492
82420  22.161  13.614  -28.690 0.1428571492
61524  26.989  -11.169  -25.832 0.4285714328
112694  24.941  -16.426  -24.239 0.2857142985
57052  25.449  -16.735  -23.581 0.1428571492
57939  25.173  -15.764  -24.726 0.2857142985
57066  25.702  -16.026  -23.973 0.1428571492
57951  25.377  -15.085  -25.206 0.2857142985
56192  23.995  -17.538  -23.751 0.2857142985
108570  20.910  8.008  -32.648 0.4285714328
58849  26.050  -14.569  -25.017 0.2857142985
56203  24.191  -16.846  -24.433 0.4285714328
57938  26.049  -15.290  -24.423 0.1428571492
57053  24.715  -16.985  -23.809 0.1428571492
57067  24.420  -16.232  -24.971 0.2857142985
124372  22.536  -17.553  -24.899 0.2857142985
56204  23.384  -17.265  -24.663 0.2857142985
56220  22.167  -17.147  -25.554 0.2857142985
56219  22.928  -16.981  -25.463 0.2857142985
62439  24.714  -10.736  -28.647 0.2857142985
62453  24.850  -10.140  -29.054 0.2857142985
63356  24.730  -9.898  -29.566 0.2857142985
65095  25.116  -7.412  -30.535 0.1428571492
66026  24.763  -6.741  -30.755 0.1428571492
109315  25.042  -5.879  -30.851 0.2857142985
67845  24.801  -4.244  -31.555 0.1428571492
118751  23.954  -1.659  -32.901 0.1428571492
114083  24.227  -0.219  -33.219 0.1428571492
72153  24.582  0.606  -33.123 0.1428571492
72171  24.063  0.168  -33.328 0.1428571492
73010  25.078  1.579  -33.485 0.1428571492
119861  24.147  1.026  -33.416 0.1428571492
74673  23.335  3.236  -33.963 0.1428571492
108390  23.817  4.752  -34.456 0.1428571492
75565  22.541  3.867  -33.720 0.1428571492
77201  19.930  8.673  -31.686 0.1428571492
78126  18.615  8.051  -32.222 0.1428571492
77189  20.229  8.692  -30.967 0.1428571492
78088  20.431  8.689  -30.411 0.1428571492
55293  20.889  -18.821  -24.086 0.2857142985
55304  23.000  -17.933  -24.150 0.1428571492
109820  23.711  1.645  -33.589 0.1428571492
108722  23.044  4.745  -34.255 0.1428571492
62454  24.374  -10.441  -29.167 0.2857142985
63357  24.132  -10.174  -29.628 0.2857142985
66927  24.370  -5.977  -30.926 0.1428571492
130239  24.761  -3.630  -31.762 0.1428571492
68704  24.357  -3.101  -32.175 0.1428571492
69555  24.419  -2.281  -32.374 0.1428571492
70427  23.580  -1.203  -33.204 0.1428571492
129565  24.058  -1.102  -33.255 0.1428571492
71254  23.815  -0.532  -33.375 0.1428571492
72172  23.577  0.280  -33.233 0.1428571492
73872  24.665  2.766  -33.976 0.1428571492
74660  21.896  3.368  -33.005 0.1428571492
77203  19.230  8.386  -31.781 0.1428571492
77202  19.513  8.546  -31.968 0.1428571492
62455  23.785  -10.751  -29.097 0.2857142985
66938  24.739  -5.071  -31.217 0.1428571492
115713  18.336  7.734  -32.358 0.1428571492
61573  23.530  -11.412  -28.608 0.1428571492
73863  24.533  1.971  -33.761 0.1428571492
56205  21.767  -17.679  -24.989 0.2857142985
63371  23.879  -9.699  -30.017 0.1428571492
111383  23.219  -0.805  -33.153 0.1428571492
116531  19.396  -18.031  -23.476 0.1428571492
55294  20.136  -18.492  -23.820 0.1428571492
56194  18.731  -17.424  -22.916 0.1428571492
55308  19.934  -17.669  -24.014 0.1428571492
68615  28.196  -3.238  -25.361 0.1428571492
79626  24.981  9.255  -30.209 0.1428571492
54319  19.348  -19.802  -22.832 0.1428571492
130839  20.371  -17.402  -24.494 0.1428571492
56221  21.475  -17.115  -25.397 0.1428571492
57082  22.551  -16.631  -26.139 0.1428571492
129014  20.993  -16.986  -25.193 0.1428571492
78929  25.226  8.556  -30.017 0.1428571492
80319  24.803  10.178  -30.400 0.1428571492
57098  22.160  -16.124  -26.640 0.1428571492
55306  21.350  -18.272  -24.522 0.1428571492
54334  19.533  -19.017  -23.315 0.1428571492
57083  21.799  -16.653  -26.025 0.1428571492
53360  23.009  -20.068  -22.257 0.2857142985
53361  22.367  -20.266  -22.337 0.2857142985
56172  28.004  -17.585  -22.520 0.1428571492
57918  27.150  -15.851  -23.520 0.1428571492
58847  28.324  -13.910  -24.235 0.2857142985
61505  29.283  -11.612  -24.156 0.1428571492
62403  28.936  -10.208  -24.362 0.1428571492
63370  24.529  -9.678  -29.951 0.2857142985
69554  24.397  -1.398  -32.839 0.2857142985
77250  24.354  6.797  -34.794 0.7142857313
78109  20.240  8.737  -31.193 0.1428571492
78139  18.604  7.843  -32.621 0.1428571492
109374  24.267  -3.780  -31.896 0.1428571492
118381  26.114  -10.816  -26.748 0.5714285970
124897  25.239  -8.550  -30.125 0.2857142985
127395  19.632  8.551  -31.659 0.1428571492
130468  22.032  -19.975  -22.703 0.2857142985
