#!ascii label  , from subject sub-v1s13x0050005_ses-1 vox2ras=TkReg
216
69526  25.826  -3.310  -29.807 0.0000000000
60604  26.664  -11.913  -25.925 0.0000000000
72997  25.324  1.420  -32.712 0.0000000000
79652  21.397  9.096  -33.417 0.0000000000
58874  25.306  -14.133  -26.121 0.0000000000
74639  25.705  3.916  -31.988 0.0000000000
77226  25.183  5.734  -33.322 0.0000000000
66918  25.461  -5.737  -30.473 0.0000000000
112161  26.161  -7.923  -28.039 0.0000000000
67808  26.833  -4.770  -27.628 0.0000000000
71211  26.152  -0.739  -28.118 0.0000000000
119800  27.352  -2.063  -26.169 0.0000000000
71232  25.378  -0.598  -30.914 0.0000000000
111992  25.471  2.287  -29.633 0.0000000000
77239  22.205  7.210  -34.337 0.0000000000
78947  24.226  8.382  -34.134 0.0000000000
116776  27.425  -9.917  -25.683 0.0000000000
75561  25.169  5.073  -33.387 0.0000000000
76388  24.978  6.043  -33.850 0.0000000000
67826  25.787  -4.660  -30.052 0.0000000000
66910  26.145  -5.494  -28.973 0.0000000000
117647  26.237  -4.252  -28.860 0.0000000000
59736  25.713  -13.437  -26.119 0.0000000000
72152  24.893  0.431  -32.275 0.0000000000
126933  25.222  0.884  -30.474 0.0000000000
72986  25.448  1.864  -31.628 0.0000000000
76361  25.454  5.192  -31.326 0.0000000000
75531  25.615  4.416  -29.942 0.0000000000
111777  20.899  9.018  -32.368 0.0000000000
77240  21.255  7.184  -33.311 0.0000000000
108544  22.154  7.993  -34.593 0.0000000000
81749  23.110  11.831  -35.029 0.0000000000
81036  23.642  10.770  -33.737 0.0000000000
79645  23.587  9.231  -34.377 0.0000000000
121204  23.808  10.564  -32.826 0.0000000000
79637  24.281  9.316  -32.073 0.0000000000
65054  27.191  -7.530  -26.575 0.0000000000
64187  26.610  -8.313  -26.884 0.0000000000
57966  24.368  -15.158  -26.364 0.0000000000
119858  25.962  3.135  -32.393 0.0000000000
74645  25.914  3.647  -32.954 0.0000000000
76368  25.441  5.081  -32.407 0.0000000000
78122  25.091  6.794  -31.633 0.0000000000
65082  25.618  -7.945  -29.895 0.0000000000
66006  25.955  -7.092  -29.525 0.0000000000
65995  26.736  -6.138  -27.587 0.0000000000
65982  27.609  -6.204  -26.474 0.0000000000
70390  26.020  -1.450  -28.938 0.0000000000
69503  26.516  -2.912  -27.960 0.0000000000
71193  26.585  -1.085  -27.166 0.0000000000
68685  25.675  -3.593  -30.732 0.0000000000
69540  24.980  -2.409  -31.833 0.0000000000
123802  25.825  -1.773  -29.898 0.0000000000
71226  25.773  -0.840  -29.850 0.0000000000
113424  25.612  1.310  -28.403 0.0000000000
72954  25.591  2.193  -28.637 0.0000000000
125084  25.763  3.330  -31.423 0.0000000000
74613  25.701  3.684  -29.609 0.0000000000
77252  23.087  6.523  -34.893 0.0000000000
79657  22.269  9.236  -34.627 0.0000000000
78953  22.383  8.709  -34.651 0.0000000000
78146  24.110  7.894  -34.867 0.0000000000
78155  24.481  7.282  -34.747 0.0000000000
78135  24.744  7.691  -33.381 0.0000000000
78939  24.687  7.999  -32.143 0.0000000000
61538  25.674  -11.375  -26.998 0.0000000000
65066  25.687  -8.716  -28.727 0.0000000000
126815  27.417  -3.542  -26.830 0.0000000000
67764  27.874  -4.876  -26.325 0.0000000000
110958  24.853  5.507  -33.890 0.0000000000
76389  24.655  6.154  -34.376 0.0000000000
68680  25.864  -4.046  -30.104 0.0000000000
114208  25.977  -4.315  -29.563 0.0000000000
68670  26.052  -3.819  -29.290 0.0000000000
57068  23.701  -16.664  -25.209 0.0000000000
57080  23.972  -16.163  -25.659 0.0000000000
60605  26.103  -12.627  -26.128 0.0000000000
111680  25.205  1.037  -31.546 0.0000000000
77200  25.370  6.674  -30.567 0.0000000000
115440  25.525  5.884  -30.459 0.0000000000
111394  21.142  9.092  -32.702 0.0000000000
78136  20.809  8.588  -32.515 0.0000000000
78148  21.482  7.995  -33.619 0.0000000000
78954  21.375  8.699  -33.679 0.0000000000
80337  24.005  9.976  -32.468 0.0000000000
65040  27.754  -7.558  -25.820 0.0000000000
117848  27.324  -8.205  -26.205 0.0000000000
60614  24.769  -12.780  -27.331 0.0000000000
73861  25.988  2.882  -33.181 0.0000000000
74658  25.676  3.493  -33.398 0.0000000000
76379  25.423  4.974  -33.047 0.0000000000
116024  25.307  5.537  -32.796 0.0000000000
77214  25.157  6.250  -32.730 0.0000000000
79646  21.112  9.464  -32.413 0.0000000000
120084  25.576  -7.271  -30.194 0.0000000000
66015  25.748  -6.416  -30.075 0.0000000000
67809  26.329  -4.794  -28.442 0.0000000000
66896  26.470  -5.470  -28.025 0.0000000000
66895  27.097  -5.414  -27.311 0.0000000000
65994  27.265  -5.978  -27.008 0.0000000000
66876  27.592  -5.469  -26.703 0.0000000000
58864  24.947  -14.812  -25.925 0.0000000000
57952  24.578  -15.577  -25.610 0.0000000000
70389  26.329  -1.515  -28.041 0.0000000000
68691  25.297  -3.836  -31.405 0.0000000000
116096  25.232  -1.100  -31.627 0.0000000000
70415  25.088  -1.728  -31.715 0.0000000000
115127  25.343  -2.295  -31.247 0.0000000000
70409  25.501  -1.565  -30.814 0.0000000000
72974  25.284  1.577  -29.985 0.0000000000
72131  25.439  0.803  -29.372 0.0000000000
129360  25.417  1.644  -29.165 0.0000000000
74612  26.042  3.581  -28.599 0.0000000000
108801  22.254  6.172  -34.065 0.0000000000
78157  22.990  7.319  -34.991 0.0000000000
81041  23.331  11.080  -34.677 0.0000000000
81046  22.954  11.085  -35.180 0.0000000000
80350  22.509  9.837  -34.869 0.0000000000
79650  22.983  9.427  -35.000 0.0000000000
78952  23.497  8.639  -34.973 0.0000000000
78156  23.861  7.376  -34.997 0.0000000000
78145  24.650  7.433  -34.328 0.0000000000
120476  24.490  8.726  -31.728 0.0000000000
78123  24.857  7.544  -31.523 0.0000000000
61552  25.151  -11.030  -27.907 0.0000000000
65073  25.854  -7.949  -29.167 0.0000000000
64217  25.465  -8.682  -29.607 0.0000000000
63336  27.181  -9.085  -26.128 0.0000000000
63337  26.406  -9.345  -26.843 0.0000000000
62427  26.803  -9.943  -26.215 0.0000000000
62420  26.616  -10.662  -26.286 0.0000000000
69484  27.073  -2.709  -27.016 0.0000000000
69485  26.905  -3.550  -27.573 0.0000000000
74670  25.366  4.188  -33.520 0.0000000000
75562  24.922  4.659  -33.864 0.0000000000
125467  25.545  -5.039  -30.434 0.0000000000
66917  25.822  -5.458  -29.869 0.0000000000
67820  26.013  -4.803  -29.314 0.0000000000
119584  26.636  -4.181  -28.003 0.0000000000
58863  25.510  -14.511  -25.556 0.0000000000
58862  25.909  -13.971  -25.538 0.0000000000
59726  26.614  -13.937  -25.012 0.0000000000
72086  26.040  0.992  -27.502 0.0000000000
111624  26.315  -0.019  -27.341 0.0000000000
109919  24.990  -0.420  -31.914 0.0000000000
72132  25.434  0.074  -30.154 0.0000000000
72142  25.132  0.230  -31.184 0.0000000000
129068  25.244  1.534  -30.830 0.0000000000
109661  25.384  2.189  -30.636 0.0000000000
130758  25.543  4.616  -31.982 0.0000000000
75537  25.549  4.516  -31.042 0.0000000000
76357  25.584  5.138  -30.221 0.0000000000
80344  23.373  10.124  -34.585 0.0000000000
80338  23.706  9.972  -33.583 0.0000000000
79644  24.046  9.237  -33.272 0.0000000000
116515  24.427  8.562  -32.793 0.0000000000
65065  26.661  -7.470  -27.226 0.0000000000
57953  23.775  -15.765  -26.380 0.0000000000
57967  23.845  -15.032  -26.970 0.0000000000
59745  25.067  -13.585  -26.743 0.0000000000
118326  25.467  -12.962  -26.654 0.0000000000
60613  25.521  -12.255  -26.840 0.0000000000
73009  25.565  2.186  -33.224 0.0000000000
73848  25.759  2.360  -32.549 0.0000000000
75551  25.591  4.261  -33.165 0.0000000000
75542  25.668  4.392  -32.767 0.0000000000
108771  25.311  5.899  -31.745 0.0000000000
116732  20.815  9.286  -32.157 0.0000000000
126680  26.151  -7.269  -28.670 0.0000000000
66014  26.000  -6.179  -29.455 0.0000000000
66005  26.261  -6.375  -28.597 0.0000000000
65072  26.477  -6.969  -27.834 0.0000000000
65064  27.091  -6.735  -26.997 0.0000000000
119796  27.544  -6.914  -26.317 0.0000000000
65959  28.037  -6.557  -25.776 0.0000000000
70404  25.905  -2.443  -29.386 0.0000000000
69518  26.053  -3.104  -28.846 0.0000000000
119547  26.253  -2.254  -28.452 0.0000000000
70372  26.614  -2.061  -27.565 0.0000000000
70354  26.908  -1.835  -26.776 0.0000000000
71177  27.099  -1.189  -26.036 0.0000000000
67827  25.572  -4.407  -30.765 0.0000000000
108385  25.421  -3.036  -31.350 0.0000000000
69527  25.663  -2.605  -30.483 0.0000000000
71212  25.867  -0.582  -28.897 0.0000000000
72110  25.647  -0.070  -29.303 0.0000000000
72109  25.846  0.232  -28.398 0.0000000000
72934  25.823  1.989  -27.678 0.0000000000
73842  25.681  2.672  -31.504 0.0000000000
73833  25.632  3.010  -30.369 0.0000000000
74630  25.656  3.825  -30.724 0.0000000000
73817  25.720  2.947  -29.147 0.0000000000
76391  23.358  5.557  -34.607 0.0000000000
79658  21.783  9.515  -34.151 0.0000000000
79651  21.769  9.008  -34.190 0.0000000000
78147  23.140  7.986  -34.982 0.0000000000
77251  23.696  6.842  -35.008 0.0000000000
76398  23.981  6.203  -34.806 0.0000000000
77238  24.748  6.768  -34.340 0.0000000000
77227  24.988  6.688  -33.650 0.0000000000
77215  24.938  7.123  -32.581 0.0000000000
61539  24.998  -11.837  -27.539 0.0000000000
60612  26.071  -11.899  -26.427 0.0000000000
63346  25.584  -9.399  -28.342 0.0000000000
64197  26.017  -8.893  -27.733 0.0000000000
62437  25.830  -9.742  -27.564 0.0000000000
62429  25.687  -10.546  -27.388 0.0000000000
61537  26.377  -11.317  -26.361 0.0000000000
110517  26.392  -3.664  -28.411 0.0000000000
68655  27.230  -4.163  -27.295 0.0000000000
68616  27.771  -3.631  -26.172 0.0000000000
115831  27.653  -4.209  -26.601 0.0000000000
67785  27.455  -4.798  -27.000 0.0000000000
66854  28.015  -5.641  -26.060 0.0000000000
77250  24.354  6.797  -34.794 0.0000000000
118381  26.114  -10.816  -26.748 0.0000000000
