#Insight Transform File V1.0
#Transform 0
Transform: AffineTransform_float_3_3
Parameters: 1 0.000666987 4.12006e-06 -0.000667012 0.99998 0.006177 1.20135e-07 -0.006177 0.999981 -0.0654077 -0.202986 0.397289
FixedParameters: 0 0 0

#Transform 1
Transform: AffineTransform_float_3_3
Parameters: 1 0.000310382 0.000499636 -0.00031262 0.999986 0.00524885 -0.000498366 -0.00524916 0.999986 -0.0564631 -0.150521 0.285713
FixedParameters: 0 0 0

#Transform 2
Transform: AffineTransform_float_3_3
Parameters: 1 0 0 0 0.999992 0.004146 0 -0.004146 0.999992 -0.032608 -0.150194 0.277826
FixedParameters: 0 0 0

#Transform 3
Transform: AffineTransform_float_3_3
Parameters: 1 0.000388743 0.000406207 -0.000390256 0.999995 0.00309884 -0.000404792 -0.00309916 0.999995 -0.0762434 -0.113294 0.133554
FixedParameters: 0 0 0

#Transform 4
Transform: AffineTransform_float_3_3
Parameters: 1 0.000165 2.838e-07 -0.000165 0.999998 0.00172 2.838e-07 -0.00172 0.999998 -0.053435 -0.0485177 0.142823
FixedParameters: 0 0 0

#Transform 5
Transform: AffineTransform_float_3_3
Parameters: 1 0.000295288 -0.000108219 -0.000294713 0.999997 0.00264703 0.000108781 -0.00264697 0.999997 -0.0462165 -0.0973527 0.152469
FixedParameters: 0 0 0

#Transform 6
Transform: AffineTransform_float_3_3
Parameters: 1 0 0 0 0.999998 0.002024 0 -0.002024 0.999998 -0.045902 -0.0244789 0.170194
FixedParameters: 0 0 0

#Transform 7
Transform: AffineTransform_float_3_3
Parameters: 1 -4.62952e-07 0.000195999 -4.62952e-07 0.999997 0.002362 -0.000195999 -0.002362 0.999997 -0.0430822 -0.127742 0.156479
FixedParameters: 0 0 0

#Transform 8
Transform: AffineTransform_float_3_3
Parameters: 1 -7.498e-07 0.000325999 2.50197e-07 0.999998 0.0023 -0.000326002 -0.0023 0.999998 -0.0355583 -0.0415791 0.132714
FixedParameters: 0 0 0

#Transform 9
Transform: AffineTransform_float_3_3
Parameters: 1 0.000142 3.56704e-07 -0.000142 0.999997 0.002512 3.56704e-07 -0.002512 0.999997 -0.033908 -0.108763 0.151752
FixedParameters: 0 0 0

#Transform 10
Transform: AffineTransform_float_3_3
Parameters: 1 0 0 0 0.999998 0.002272 0 -0.002272 0.999998 -0.027366 -0.00599451 0.127337
FixedParameters: 0 0 0

#Transform 11
Transform: AffineTransform_float_3_3
Parameters: 1 0.000305998 1.15056e-06 -0.000306002 0.999993 0.00376 1.50567e-07 -0.00376 0.999993 -0.0493029 -0.107521 0.170391
FixedParameters: 0 0 0

#Transform 12
Transform: AffineTransform_float_3_3
Parameters: 1 0.000388243 0.000376781 -0.000389757 0.999998 0.00200985 -0.000376217 -0.00201015 0.999998 -0.0469313 -0.057111 0.060688
FixedParameters: 0 0 0

#Transform 13
Transform: AffineTransform_float_3_3
Parameters: 1 -5.2675e-07 0.00035 4.73249e-07 0.999999 0.001505 -0.000350001 -0.001505 0.999999 -0.0297761 -0.089185 0.0145517
FixedParameters: 0 0 0

#Transform 14
Transform: AffineTransform_float_3_3
Parameters: 1 0 0 0 1 0.001041 0 -0.001041 1 -0.017484 -0.0224462 0.045986
FixedParameters: 0 0 0

#Transform 15
Transform: AffineTransform_float_3_3
Parameters: 1 0 0 0 0.999997 0.002456 0 -0.002456 0.999997 -0.019139 -0.100334 0.0647511
FixedParameters: 0 0 0

#Transform 16
Transform: AffineTransform_float_3_3
Parameters: 1 -9.01459e-08 9.39999e-05 -9.01459e-08 0.999999 0.000958999 -9.39999e-05 -0.000958999 0.999999 -0.0135646 0.0138751 0.0753963
FixedParameters: 0 0 0

#Transform 17
Transform: AffineTransform_float_3_3
Parameters: 1 -5.21804e-07 0.000292 4.78194e-07 0.999999 0.001787 -0.000292001 -0.001787 0.999999 -0.0174235 -0.0849997 0.0306357
FixedParameters: 0 0 0

#Transform 18
Transform: AffineTransform_float_3_3
Parameters: 0.999999 -1.30152e-06 0.000934998 -3.01521e-07 0.999999 0.001392 -0.000935 -0.001392 0.999998 -0.028992 -0.0191117 -0.0143664
FixedParameters: 0 0 0

#Transform 19
Transform: AffineTransform_float_3_3
Parameters: 1 -7.81312e-07 0.000435999 2.18686e-07 0.999999 0.001792 -0.000436001 -0.001792 0.999999 -0.0162073 -0.0920261 0.0365972
FixedParameters: 0 0 0

#Transform 20
Transform: AffineTransform_float_3_3
Parameters: 1 -8.8332e-07 0.000679999 1.16679e-07 0.999999 0.001299 -0.000680001 -0.001299 0.999999 -0.0223881 -0.0338209 -0.0318582
FixedParameters: 0 0 0

#Transform 21
Transform: AffineTransform_float_3_3
Parameters: 1 -4.28944e-07 0.000645999 -4.28944e-07 1 0.000663999 -0.000645999 -0.000663999 0.999999 -0.0214846 -0.0233008 0.0415611
FixedParameters: 0 0 0

#Transform 22
Transform: AffineTransform_float_3_3
Parameters: 1 -0.000151758 0.000329652 0.000150241 0.999998 0.00229805 -0.000330346 -0.00229795 0.999998 -0.0119494 -0.0835898 0.0311571
FixedParameters: 0 0 0

#Transform 23
Transform: AffineTransform_float_3_3
Parameters: 1 -8.9505e-07 0.000674999 1.04949e-07 0.999999 0.001326 -0.000675001 -0.001326 0.999999 -0.0223264 -0.0185772 -0.0639582
FixedParameters: 0 0 0

#Transform 24
Transform: AffineTransform_float_3_3
Parameters: 0.999999 -1.2402e-06 0.000953998 -2.40201e-07 0.999999 0.0013 -0.000954 -0.0013 0.999998 -0.0293183 -0.0467986 -0.029751
FixedParameters: 0 0 0

#Transform 25
Transform: AffineTransform_float_3_3
Parameters: 0.999999 -5.03754e-05 0.000770975 5.06245e-05 1 0.000487039 -0.000771024 -0.000486961 0.999999 -0.00775108 0.00972246 -0.0928619
FixedParameters: 0 0 0

#Transform 26
Transform: AffineTransform_float_3_3
Parameters: 1 -6.7397e-08 -0.000557 -6.7397e-08 1 -0.000121 0.000557 0.000121 1 -0.0142218 -0.0111543 0.0409166
FixedParameters: 0 0 0

#Transform 27
Transform: AffineTransform_float_3_3
Parameters: 0.999999 0.000323181 -0.00173928 -0.000330823 0.999993 -0.00392243 0.00173872 0.00392257 0.999991 -0.0261491 0.116451 0.158882
FixedParameters: 0 0 0

#Transform 28
Transform: AffineTransform_float_3_3
Parameters: 0.999989 0.00206479 -0.00424976 -0.0021132 0.999933 -0.0113702 0.00422524 0.0113789 0.999927 -0.0805154 0.121385 0.704743
FixedParameters: 0 0 0

#Transform 29
Transform: AffineTransform_float_3_3
Parameters: 0.999992 0.0019516 -0.00351578 -0.0019784 0.99997 -0.00752011 0.00350122 0.0075269 0.999966 -0.106364 0.0794794 0.313521
FixedParameters: 0 0 0

#Transform 30
Transform: AffineTransform_float_3_3
Parameters: 0.999993 0.00179275 -0.00334684 -0.00181125 0.999984 -0.00545798 0.00333716 0.00546402 0.999979 -0.0851292 -0.0319472 0.269644
FixedParameters: 0 0 0

#Transform 31
Transform: AffineTransform_float_3_3
Parameters: 0.999996 0.000965472 -0.00291519 -0.000980526 0.999986 -0.00532917 0.00290981 0.00533283 0.999981 -0.0391123 0.0224975 0.203134
FixedParameters: 0 0 0

#Transform 32
Transform: AffineTransform_float_3_3
Parameters: 0.999994 0.000811003 -0.00334043 -0.000824997 0.999991 -0.00419027 0.00333757 0.00419373 0.999985 -0.000756941 -0.0566117 0.223548
FixedParameters: 0 0 0

#Transform 33
Transform: AffineTransform_float_3_3
Parameters: 0.999994 0.000809295 -0.00334084 -0.000824702 0.999988 -0.00470127 0.00333716 0.00470473 0.999984 -0.0073863 -0.00341112 0.182856
FixedParameters: 0 0 0

#Transform 34
Transform: AffineTransform_float_3_3
Parameters: 0.999994 0.000812139 -0.00334015 -0.000824862 0.999992 -0.00385127 0.00333685 0.00385373 0.999987 -0.00757812 -0.073215 0.22218
FixedParameters: 0 0 0

#Transform 35
Transform: AffineTransform_float_3_3
Parameters: 0.999994 0.000810871 -0.0033944 -0.000825128 0.999991 -0.00416322 0.00339059 0.00416577 0.999985 0.013847 -0.0447979 0.188387
FixedParameters: 0 0 0

#Transform 36
Transform: AffineTransform_float_3_3
Parameters: 0.999995 0.000814081 -0.00312786 -0.00082492 0.999993 -0.00349144 0.00312514 0.00349356 0.999989 -7.56945e-05 -0.0655946 0.243947
FixedParameters: 0 0 0

#Transform 37
Transform: AffineTransform_float_3_3
Parameters: 0.999996 0.000815997 -0.00288756 -0.000825003 0.999995 -0.00311863 0.00288444 0.00312037 0.999991 -0.00553089 -0.0906169 0.206395
FixedParameters: 0 0 0

#Transform 38
Transform: AffineTransform_float_3_3
Parameters: 0.999996 0.00081507 -0.00288782 -0.000824932 0.999993 -0.00343963 0.00288518 0.00344137 0.99999 -0.00559489 -0.0417273 0.184673
FixedParameters: 0 0 0

#Transform 39
Transform: AffineTransform_float_3_3
Parameters: 0.999995 0.000815967 -0.0030914 -0.000825034 0.999996 -0.00292147 0.0030896 0.00292454 0.999991 0.00227487 -0.127365 0.188041
FixedParameters: 0 0 0

#Transform 40
Transform: AffineTransform_float_3_3
Parameters: 0.999994 0.000869844 -0.00338311 -0.000878155 0.999996 -0.00241004 0.00338089 0.00241296 0.999992 -0.0069455 -0.0344391 0.199098
FixedParameters: 0 0 0

#Transform 41
Transform: AffineTransform_float_3_3
Parameters: 0.999995 0.000983064 -0.00319046 -0.000990938 0.999997 -0.00248685 0.00318854 0.00249015 0.999992 0.00778714 -0.165761 0.170287
FixedParameters: 0 0 0

#Transform 42
Transform: AffineTransform_float_3_3
Parameters: 0.999994 0.000816453 -0.00331212 -0.000824548 0.999997 -0.00258029 0.00330988 0.00258272 0.999991 0.0164738 -0.0827812 0.117151
FixedParameters: 0 0 0

#Transform 43
Transform: AffineTransform_float_3_3
Parameters: 0.999995 0.000817747 -0.00327782 -0.000825252 0.999997 -0.00221131 0.00327618 0.00221469 0.999992 0.0155944 -0.108497 0.133064
FixedParameters: 0 0 0

#Transform 44
Transform: AffineTransform_float_3_3
Parameters: 0.999995 0.000818184 -0.00323273 -0.000824819 0.999998 -0.00210835 0.00323127 0.00211066 0.999992 0.0144586 -0.127164 0.134107
FixedParameters: 0 0 0

#Transform 45
Transform: AffineTransform_float_3_3
Parameters: 0.999994 0.000817663 -0.00342876 -0.000825338 0.999998 -0.00213918 0.00342724 0.00214182 0.999992 0.0194276 -0.07425 0.113495
FixedParameters: 0 0 0

#Transform 46
Transform: AffineTransform_float_3_3
Parameters: 0.999996 0.000823516 -0.00288542 -0.000824482 0.999999 -0.000512623 0.00288458 0.000515377 0.999995 0.0196696 -0.121712 0.160284
FixedParameters: 0 0 0

#Transform 47
Transform: AffineTransform_float_3_3
Parameters: 0.999994 0.000827084 -0.00332948 -0.000824918 1 0.000626751 0.00333052 -0.00062425 0.999995 0.0299384 -0.21138 0.184107
FixedParameters: 0 0 0

#Transform 48
Transform: AffineTransform_float_3_3
Parameters: 0.999996 0.000823206 -0.00288551 -0.000824797 1 -0.000621623 0.00288449 0.000623377 0.999995 0.0174926 -0.11917 0.148864
FixedParameters: 0 0 0

#Transform 49
Transform: AffineTransform_float_3_3
Parameters: 0.999993 0.000823918 -0.00343926 -0.000825078 0.999999 -0.000312164 0.00343874 0.000315835 0.999994 0.0277392 -0.185199 0.169278
FixedParameters: 0 0 0

#Transform 50
Transform: AffineTransform_float_3_3
Parameters: 0.999994 0.000821803 -0.00332979 -0.000825195 0.999999 -0.000958258 0.00332921 0.000961742 0.999994 0.0267826 -0.117632 0.106543
FixedParameters: 0 0 0

#Transform 51
Transform: AffineTransform_float_3_3
Parameters: 0.999994 0.000986057 -0.00329788 -0.000988943 0.999999 -0.000890744 0.00329712 0.000894257 0.999994 0.0258458 -0.152371 0.142925
FixedParameters: 0 0 0

#Transform 52
Transform: AffineTransform_float_3_3
Parameters: 0.999996 0.000822123 -0.00288582 -0.00082488 0.999999 -0.000996625 0.00288518 0.000998377 0.999996 0.0266221 -0.145534 0.0905764
FixedParameters: 0 0 0

#Transform 53
Transform: AffineTransform_float_3_3
Parameters: 0.999996 0.000823935 -0.00288531 -0.000825067 0.999999 -0.000368621 0.0028847 0.000370378 0.999996 0.0263851 -0.128381 0.136722
FixedParameters: 0 0 0

#Transform 54
Transform: AffineTransform_float_3_3
Parameters: 0.999994 0.000654951 -0.00322801 -0.000655048 1 -1.38856e-05 0.00322799 1.61143e-05 0.999995 0.0367878 -0.197102 0.118683
FixedParameters: 0 0 0

#Transform 55
Transform: AffineTransform_float_3_3
Parameters: 0.999996 0.00082125 -0.00296904 -0.000824752 0.999999 -0.00126256 0.00296796 0.00126444 0.999995 0.0255391 -0.0802511 0.105441
FixedParameters: 0 0 0

#Transform 56
Transform: AffineTransform_float_3_3
Parameters: 0.999996 0.00102489 -0.00288468 -0.00102411 1 0.000311956 0.00288432 -0.000308045 0.999996 0.0211862 -0.224838 0.141472
FixedParameters: 0 0 0

#Transform 57
Transform: AffineTransform_float_3_3
Parameters: 0.999995 0.00141359 -0.00283221 -0.00141241 0.999999 0.000562003 0.00283379 -0.000557997 0.999996 -0.0182039 -0.198051 0.115408
FixedParameters: 0 0 0

#Transform 58
Transform: AffineTransform_float_3_3
Parameters: 0.999997 0.00116327 -0.00245325 -0.00116873 0.999997 -0.00192814 0.00245075 0.00193086 0.999995 -0.0256052 -0.0853788 -0.0204053
FixedParameters: 0 0 0

#Transform 59
Transform: AffineTransform_float_3_3
Parameters: 0.999995 0.00082102 -0.00288613 -0.000824981 0.999998 -0.00137862 0.00288486 0.00138037 0.999995 -0.0014247 -0.183059 0.0194191
FixedParameters: 0 0 0

#Transform 60
Transform: AffineTransform_float_3_3
Parameters: 0.999997 0.000820311 -0.00255451 -0.000824688 0.999998 -0.0018349 0.00255249 0.0018371 0.999995 0.00873944 -0.0610915 -0.0633197
FixedParameters: 0 0 0

#Transform 61
Transform: AffineTransform_float_3_3
Parameters: 0.999994 0.000822011 -0.00313578 -0.00082499 0.999999 -0.000952418 0.00313521 0.000954582 0.999994 0.031724 -0.18279 -0.0329847
FixedParameters: 0 0 0

#Transform 62
Transform: AffineTransform_float_3_3
Parameters: 0.999996 0.000819222 -0.00288665 -0.000824776 0.999997 -0.00200063 0.00288436 0.00200337 0.999994 0.0152153 -0.0613545 -0.0923869
FixedParameters: 0 0 0

#Transform 63
Transform: AffineTransform_float_3_3
Parameters: 0.999996 0.000822874 -0.00288561 -0.000825126 1 -0.000735622 0.00288439 0.000738377 0.999995 0.0149051 -0.170659 -0.016796
FixedParameters: 0 0 0

#Transform 64
Transform: AffineTransform_float_3_3
Parameters: 0.999996 0.000823617 -0.0028854 -0.000825381 0.999999 -0.00047762 0.00288461 0.000480378 0.999995 0.025853 -0.15251 -0.0815808
FixedParameters: 0 0 0

#Transform 65
Transform: AffineTransform_float_3_3
Parameters: 0.999996 0.000889635 -0.00244523 -0.000893364 0.999998 -0.00137482 0.00244477 0.00137718 0.999996 0.01475 -0.0891185 -0.109445
FixedParameters: 0 0 0

#Transform 66
Transform: AffineTransform_float_3_3
Parameters: 0.999996 0.000822567 -0.00290769 -0.000824437 1 -0.000836607 0.00290731 0.000838396 0.999996 0.0365964 -0.168701 -0.0878125
FixedParameters: 0 0 0

#Transform 67
Transform: AffineTransform_float_3_3
Parameters: 0.999997 0.000821163 -0.00253725 -0.00082484 0.999999 -0.00151191 0.00253676 0.00151409 0.999995 0.03263 -0.0862878 -0.151192
FixedParameters: 0 0 0

#Transform 68
Transform: AffineTransform_float_3_3
Parameters: 0.999997 0.000653028 -0.0026035 -0.000654975 1 -0.000757298 0.00260351 0.000758704 0.999997 0.0426307 -0.140421 -0.0805874
FixedParameters: 0 0 0

#Transform 69
Transform: AffineTransform_float_3_3
Parameters: 0.999995 0.00082386 -0.00285433 -0.000825137 0.999999 -0.000397646 0.00285367 0.000400353 0.999996 0.0471969 -0.156383 -0.12024
FixedParameters: 0 0 0

#Transform 70
Transform: AffineTransform_float_3_3
Parameters: 0.999996 0.000822153 -0.00267388 -0.000824847 0.999999 -0.0010638 0.00267312 0.0010662 0.999996 0.0427222 -0.132791 -0.127293
FixedParameters: 0 0 0

#Transform 71
Transform: AffineTransform_float_3_3
Parameters: 0.999996 0.000821433 -0.00263112 -0.000824567 0.999998 -0.00135483 0.00262988 0.00135716 0.999995 0.0416891 -0.0762004 -0.13024
FixedParameters: 0 0 0

#Transform 72
Transform: AffineTransform_float_3_3
Parameters: 0.999997 0.000823679 -0.00254443 -0.00082532 0.999999 -0.000517901 0.00254357 0.000520097 0.999996 0.0394623 -0.165183 -0.121948
FixedParameters: 0 0 0

#Transform 73
Transform: AffineTransform_float_3_3
Parameters: 0.999996 0.000820047 -0.00265653 -0.000824952 0.999998 -0.00186382 0.00265447 0.00186618 0.999994 0.0423954 -0.064487 -0.165387
FixedParameters: 0 0 0

#Transform 74
Transform: AffineTransform_float_3_3
Parameters: 0.999995 0.000565742 -0.00289924 -0.000567255 0.999999 -0.000432357 0.00289875 0.000434642 0.999995 0.0509431 -0.16257 -0.113267
FixedParameters: 0 0 0

#Transform 75
Transform: AffineTransform_float_3_3
Parameters: 0.999995 0.000514689 -0.0030499 -0.00052031 0.999999 -0.00174042 0.0030491 0.00174258 0.999994 0.0916243 -0.0843991 -0.164696
FixedParameters: 0 0 0

#Transform 76
Transform: AffineTransform_float_3_3
Parameters: 0.999996 0.000538347 -0.00298566 -0.000541652 0.999999 -0.00122239 0.00298534 0.00122461 0.999995 0.0704682 -0.142798 -0.0730392
FixedParameters: 0 0 0

#Transform 77
Transform: AffineTransform_float_3_3
Parameters: 0.999995 0.000605745 -0.00285869 -0.000609253 0.999999 -0.00113726 0.00285831 0.00113974 0.999996 0.0667196 -0.123066 -0.127572
FixedParameters: 0 0 0

#Transform 78
Transform: AffineTransform_float_3_3
Parameters: 0.999997 0.000545552 -0.0026595 -0.00054745 1 -0.000920548 0.0026585 0.000921454 0.999996 0.0623543 -0.09186 -0.128868
FixedParameters: 0 0 0

#Transform 79
Transform: AffineTransform_float_3_3
Parameters: 0.999997 0.00041351 -0.00244308 -0.00041449 1 -0.000199988 0.00244292 0.000201011 0.999997 0.0746506 -0.140333 -0.161256
FixedParameters: 0 0 0

#Transform 80
Transform: AffineTransform_float_3_3
Parameters: 0.999996 0.000410763 -0.0026395 -0.000414237 0.999999 -0.00122591 0.00263949 0.00122709 0.999996 0.0785646 -0.0523977 -0.207901
FixedParameters: 0 0 0

#Transform 81
Transform: AffineTransform_float_3_3
Parameters: 0.999997 0.000413874 -0.00244302 -0.000414126 1 -5.09884e-05 0.00244298 5.20112e-05 0.999997 0.0801293 -0.159712 -0.186092
FixedParameters: 0 0 0

#Transform 82
Transform: AffineTransform_float_3_3
Parameters: 0.999998 0.000412126 -0.00201138 -0.000413873 0.999999 -0.000931169 0.00201061 0.00093183 0.999997 0.0817347 -0.0993407 -0.232564
FixedParameters: 0 0 0

#Transform 83
Transform: AffineTransform_float_3_3
Parameters: 0.999997 5.07236e-05 -0.00239105 -5.32761e-05 1 -0.000951876 0.00239095 0.000952124 0.999996 0.0848581 -0.0983305 -0.169502
FixedParameters: 0 0 0

#Transform 84
Transform: AffineTransform_float_3_3
Parameters: 0.999997 0.000411446 -0.00268439 -0.000413555 1 -0.000950894 0.00268461 0.000952108 0.999996 0.0977186 -0.125196 -0.207773
FixedParameters: 0 0 0

#Transform 85
Transform: AffineTransform_float_3_3
Parameters: 0.999996 0.000258113 -0.00259439 -0.000261889 0.999999 -0.00149832 0.00259461 0.00149867 0.999995 0.0902005 -0.0563647 -0.225163
FixedParameters: 0 0 0

#Transform 86
Transform: AffineTransform_float_3_3
Parameters: 0.999997 0.000414681 -0.00245388 -0.000414319 1 0.000278018 0.00245411 -0.000276983 0.999997 0.0926388 -0.178993 -0.191206
FixedParameters: 0 0 0

#Transform 87
Transform: AffineTransform_float_3_3
Parameters: 0.999996 0.000410918 -0.0025175 -0.000414083 0.999999 -0.00122396 0.00251749 0.00122504 0.999996 0.0908755 -0.138976 -0.269143
FixedParameters: 0 0 0

#Transform 88
Transform: AffineTransform_float_3_3
Parameters: 0.999996 0.000413213 -0.00251713 -0.000413786 1 -0.000311959 0.00251687 0.000313041 0.999997 0.0914595 -0.0942305 -0.279683
FixedParameters: 0 0 0

#Transform 89
Transform: AffineTransform_float_3_3
Parameters: 0.999997 0.000417535 -0.0024604 -0.000414464 0.999999 0.00143702 0.0024616 -0.00143598 0.999996 0.085577 -0.186399 -0.231366
FixedParameters: 0 0 0

#Transform 90
Transform: AffineTransform_float_3_3
Parameters: 0.999997 0.000418702 -0.00246321 -0.000414299 0.999998 0.00190903 0.0024638 -0.00190797 0.999995 0.0767997 -0.194301 -0.226512
FixedParameters: 0 0 0

#Transform 91
Transform: AffineTransform_float_3_3
Parameters: 0.999997 0.000561363 -0.0024571 -0.000552639 0.999994 0.00340237 0.00245889 -0.00340163 0.999991 0.056238 -0.222344 -0.161933
FixedParameters: 0 0 0

#Transform 92
Transform: AffineTransform_float_3_3
Parameters: 0.999998 0.000416911 -0.0020304 -0.000414088 0.999999 0.00143384 0.0020316 -0.00143316 0.999997 0.0558041 -0.186374 -0.26897
FixedParameters: 0 0 0

#Transform 93
Transform: AffineTransform_float_3_3
Parameters: 0.999997 0.000579373 -0.00245968 -0.000578625 0.999999 0.000559425 0.00246032 -0.000557576 0.999997 0.0753291 -0.139197 -0.341355
FixedParameters: 0 0 0

#Transform 94
Transform: AffineTransform_float_3_3
Parameters: 0.999996 0.000419295 -0.00254113 -0.000413705 0.999997 0.00208406 0.00254187 -0.00208294 0.999994 0.0904516 -0.246286 -0.313099
FixedParameters: 0 0 0

#Transform 95
Transform: AffineTransform_float_3_3
Parameters: 0.999996 0.000421164 -0.00277992 -0.000413836 0.999996 0.00257716 0.00278108 -0.00257584 0.999993 0.110461 -0.22497 -0.287573
FixedParameters: 0 0 0

#Transform 96
Transform: AffineTransform_float_3_3
Parameters: 0.999996 0.00041869 -0.00253523 -0.000414309 0.999998 0.00185006 0.00253677 -0.00184894 0.999995 0.108141 -0.221808 -0.254425
FixedParameters: 0 0 0

#Transform 97
Transform: AffineTransform_float_3_3
Parameters: 0.999997 0.000417974 -0.0023673 -0.000414025 0.999999 0.00167899 0.0023687 -0.00167802 0.999996 0.0933304 -0.217611 -0.313306
FixedParameters: 0 0 0

#Transform 98
Transform: AffineTransform_float_3_3
Parameters: 0.999997 0.000417245 -0.00219338 -0.000413755 0.999999 0.00147991 0.00219361 -0.00147909 0.999996 0.0887676 -0.185558 -0.2667
FixedParameters: 0 0 0

#Transform 99
Transform: AffineTransform_float_3_3
Parameters: 0.999997 0.000416287 -0.00244461 -0.000413712 0.999999 0.000936013 0.00244539 -0.000934984 0.999996 0.104065 -0.175915 -0.322381
FixedParameters: 0 0 0

#Transform 100
Transform: AffineTransform_float_3_3
Parameters: 0.999997 0.000418587 -0.00262727 -0.000414412 0.999999 0.0017461 0.00262873 -0.00174491 0.999995 0.0997759 -0.208453 -0.253513
FixedParameters: 0 0 0

#Transform 101
Transform: AffineTransform_float_3_3
Parameters: 0.999997 0.000415798 -0.0024547 -0.000414202 0.999999 0.000733019 0.0024543 -0.000731981 0.999996 0.111789 -0.160566 -0.327979
FixedParameters: 0 0 0

#Transform 102
Transform: AffineTransform_float_3_3
Parameters: 0.999997 0.000416733 -0.00217148 -0.000414266 0.999999 0.0012589 0.00217252 -0.0012581 0.999997 0.102089 -0.209045 -0.282594
FixedParameters: 0 0 0

#Transform 103
Transform: AffineTransform_float_3_3
Parameters: 0.999998 0.000415703 -0.00203065 -0.000414297 0.999999 0.000838842 0.00203135 -0.000838157 0.999997 0.1107 -0.161789 -0.328851
FixedParameters: 0 0 0

#Transform 104
Transform: AffineTransform_float_3_3
Parameters: 0.999998 0.00041577 -0.00203064 -0.00041423 0.999999 0.000871842 0.00203136 -0.000871157 0.999997 0.107553 -0.163732 -0.296623
FixedParameters: 0 0 0

#Transform 105
Transform: AffineTransform_float_3_3
Parameters: 0.999997 0.000417137 -0.0021654 -0.000413863 0.999999 0.0014489 0.0021656 -0.0014481 0.999996 0.104472 -0.193725 -0.310183
FixedParameters: 0 0 0

#Transform 106
Transform: AffineTransform_float_3_3
Parameters: 0.999997 0.000135209 -0.00214492 -0.000133792 1 0.000563288 0.00214508 -0.000563711 0.999998 0.107459 -0.120474 -0.332122
FixedParameters: 0 0 0

#Transform 107
Transform: AffineTransform_float_3_3
Parameters: 0.999998 0.000416172 -0.00203056 -0.000413828 1 0.00106984 0.00203144 -0.00106916 0.999998 0.101697 -0.215696 -0.317426
FixedParameters: 0 0 0

#Transform 108
Transform: AffineTransform_float_3_3
Parameters: 0.999998 0.000249374 -0.00203108 -0.000249625 1 -0.000307494 0.00203092 0.000308507 0.999998 0.112143 -0.0834501 -0.361146
FixedParameters: 0 0 0

#Transform 109
Transform: AffineTransform_float_3_3
Parameters: 0.999998 -7.55449e-06 -0.001912 8.44548e-06 1 0.000232984 0.001912 -0.000233015 0.999998 0.1032 -0.198227 -0.402663
FixedParameters: 0 0 0

#Transform 110
Transform: AffineTransform_float_3_3
Parameters: 0.999999 -0.000101395 -0.00178098 0.000101604 1 -0.000222181 0.00178102 0.00022182 0.999999 0.101033 -0.112677 -0.450904
FixedParameters: 0 0 0

#Transform 111
Transform: AffineTransform_float_3_3
Parameters: 0.999998 -0.000192125 -0.00203008 0.000192877 1 0.000431609 0.00203092 -0.000431391 0.999998 0.108075 -0.16554 -0.379913
FixedParameters: 0 0 0

#Transform 112
Transform: AffineTransform_float_3_3
Parameters: 0.999998 -2.07556e-05 -0.00187499 2.02443e-05 1 -0.000403039 0.00187501 0.000402962 0.999998 0.118855 -0.10823 -0.466954
FixedParameters: 0 0 0

#Transform 113
Transform: AffineTransform_float_3_3
Parameters: 0.999998 -0.000432751 -0.00200005 0.000433249 1 0.000124134 0.00199995 -0.000124866 0.999998 0.126664 -0.145396 -0.390018
FixedParameters: 0 0 0

#Transform 114
Transform: AffineTransform_float_3_3
Parameters: 0.999998 -0.000430249 -0.00199995 0.000429751 1 -0.00012486 0.00200005 0.00012414 0.999998 0.129585 -0.157332 -0.454163
FixedParameters: 0 0 0

#Transform 115
Transform: AffineTransform_float_3_3
Parameters: 0.999998 -0.000426933 -0.00199959 0.000425068 1 -0.000966853 0.00199941 0.000966149 0.999998 0.128244 -0.0654292 -0.483806
FixedParameters: 0 0 0

#Transform 116
Transform: AffineTransform_float_3_3
Parameters: 0.999998 -0.00042666 -0.00220307 0.000427341 1 0.000154059 0.00220293 -0.00015494 0.999997 0.137432 -0.1684 -0.47468
FixedParameters: 0 0 0

#Transform 117
Transform: AffineTransform_float_3_3
Parameters: 0.999998 -0.000457058 -0.00217557 0.000454943 1 -0.000945993 0.00217643 0.000945008 0.999997 0.157798 -0.076887 -0.529586
FixedParameters: 0 0 0

#Transform 118
Transform: AffineTransform_float_3_3
Parameters: 0.999998 -0.000700969 -0.00195365 0.000700029 0.999999 -0.000497368 0.00195435 0.000495631 0.999998 0.138809 -0.149945 -0.431847
FixedParameters: 0 0 0

#Transform 119
Transform: AffineTransform_float_3_3
Parameters: 0.999997 -0.000509471 -0.00214941 0.000506529 0.999999 -0.00115009 0.00214958 0.00114891 0.999997 0.158419 -0.0657959 -0.518336
FixedParameters: 0 0 0

#Transform 120
Transform: AffineTransform_float_3_3
Parameters: 0.999998 -0.000615569 -0.00215155 0.00061343 0.999999 -0.000730322 0.00215145 0.000728677 0.999998 0.16105 -0.12187 -0.423627
FixedParameters: 0 0 0

#Transform 121
Transform: AffineTransform_float_3_3
Parameters: 0.999997 -0.000616084 -0.00246548 0.000613918 1 -0.000845516 0.00246552 0.000844484 0.999996 0.16336 -0.127866 -0.494003
FixedParameters: 0 0 0

#Transform 122
Transform: AffineTransform_float_3_3
Parameters: 0.999998 -0.000540266 -0.00218519 0.000536734 0.999998 -0.00149518 0.0021858 0.00149382 0.999996 0.143105 -0.0464049 -0.507994
FixedParameters: 0 0 0

#Transform 123
Transform: AffineTransform_float_3_3
Parameters: 0.999998 -0.000615038 -0.00187166 0.000613962 0.999999 -0.00055515 0.00187234 0.000553849 0.999998 0.133624 -0.207753 -0.523185
FixedParameters: 0 0 0

#Transform 124
Transform: AffineTransform_float_3_3
Parameters: 0.999997 -0.000616563 -0.00210725 0.000613436 0.999999 -0.0012173 0.00210775 0.0012157 0.999997 0.134059 -0.0890473 -0.512006
FixedParameters: 0 0 0

#Transform 125
Transform: AffineTransform_float_3_3
Parameters: 0.999999 -0.00061491 -0.00170167 0.00061409 0.999999 -0.000535046 0.00170233 0.000533954 0.999999 0.131768 -0.158704 -0.516537
FixedParameters: 0 0 0

#Transform 126
Transform: AffineTransform_float_3_3
Parameters: 0.999999 -0.000616754 -0.00170101 0.000614246 0.999998 -0.00161905 0.001702 0.00161795 0.999997 0.131687 -0.0737129 -0.502529
FixedParameters: 0 0 0

#Transform 127
Transform: AffineTransform_float_3_3
Parameters: 0.999999 -0.000266743 -0.00145205 0.000267257 1 0.000176612 0.00145195 -0.000177387 0.999999 0.111581 -0.160866 -0.524475
FixedParameters: 0 0 0

#Transform 128
Transform: AffineTransform_float_3_3
Parameters: 0.999998 -0.00106198 -0.0017474 0.00106102 1 -0.000562856 0.0017486 0.000561145 0.999999 0.137602 -0.107692 -0.622792
FixedParameters: 0 0 0

#Transform 129
Transform: AffineTransform_float_3_3
Parameters: 0.999998 -0.00110748 -0.0020646 0.00110352 0.999997 -0.00217028 0.0020674 0.00216772 0.999995 0.153312 -0.0507933 -0.710912
FixedParameters: 0 0 0

#Transform 130
Transform: AffineTransform_float_3_3
Parameters: 0.999998 -0.00107352 -0.00176408 0.00107148 0.999999 -0.000859892 0.00176492 0.000858107 0.999998 0.149324 -0.13331 -0.645405
FixedParameters: 0 0 0

#Transform 131
Transform: AffineTransform_float_3_3
Parameters: 0.999997 -0.00101237 -0.00191269 0.00100862 0.999997 -0.00228793 0.00191531 0.00228507 0.999995 0.159658 -0.0288282 -0.675052
FixedParameters: 0 0 0

#Transform 132
Transform: AffineTransform_float_3_3
Parameters: 0.999999 -0.00100337 -0.00151209 0.00100163 0.999999 -0.000909517 0.00151291 0.000907484 0.999999 0.136554 -0.130406 -0.635463
FixedParameters: 0 0 0

#Transform 133
Transform: AffineTransform_float_3_3
Parameters: 0.999998 -0.000819065 -0.00179661 0.000815934 0.999998 -0.00170647 0.00179839 0.00170453 0.999997 0.136364 -0.0470196 -0.669726
FixedParameters: 0 0 0

#Transform 134
Transform: AffineTransform_float_3_3
Parameters: 0.999998 -0.000980432 -0.00179668 0.000978567 0.999998 -0.00135376 0.00179833 0.00135224 0.999998 0.137942 -0.151568 -0.634422
FixedParameters: 0 0 0

#Transform 135
Transform: AffineTransform_float_3_3
Parameters: 0.999998 -0.00106697 -0.00179565 0.00106303 0.999997 -0.00220891 0.00179835 0.00220709 0.999996 0.154951 -0.0568737 -0.71281
FixedParameters: 0 0 0

#Transform 136
Transform: AffineTransform_float_3_3
Parameters: 0.999998 -0.00135293 -0.00183885 0.00135007 0.999998 -0.00159349 0.00184115 0.00159151 0.999997 0.154757 -0.105332 -0.670563
FixedParameters: 0 0 0

#Transform 137
Transform: AffineTransform_float_3_3
Parameters: 0.999998 -0.000978946 -0.00177383 0.000975054 0.999997 -0.00222373 0.00177617 0.00222227 0.999996 0.137409 -0.0737407 -0.705392
FixedParameters: 0 0 0

#Transform 138
Transform: AffineTransform_float_3_3
Parameters: 0.999998 -0.00148263 -0.00129901 0.00148037 0.999997 -0.00202293 0.001302 0.00202107 0.999997 0.148509 -0.0478672 -0.595846
FixedParameters: 0 0 0

#Transform 139
Transform: AffineTransform_float_3_3
Parameters: 0.999998 -0.000675772 -0.00161443 0.000672228 0.999997 -0.00233609 0.00161557 0.00233491 0.999996 0.138149 0.0785133 -0.731887
FixedParameters: 0 0 0

#Transform 140
Transform: AffineTransform_float_3_3
Parameters: 0.999998 -0.000978351 -0.00178917 0.000974649 0.999998 -0.00187275 0.00179083 0.00187125 0.999996 0.137754 0.0887386 -0.79165
FixedParameters: 0 0 0

#Transform 141
Transform: AffineTransform_float_3_3
Parameters: 0.999998 -0.000826622 -0.00150911 0.000825378 0.999999 -0.00107525 0.00150989 0.00107375 0.999999 0.127043 0.0173245 -0.783794
FixedParameters: 0 0 0

#Transform 142
Transform: AffineTransform_float_3_3
Parameters: 0.999998 -0.000480614 -0.00200538 0.000478385 0.999999 -0.00130396 0.00200663 0.00130304 0.999997 0.13815 0.10347 -0.785652
FixedParameters: 0 0 0

#Transform 143
Transform: AffineTransform_float_3_3
Parameters: 0.999996 -0.000294092 -0.00274021 0.000295909 0.999999 0.000696192 0.0027398 -0.000696808 0.999996 0.105444 0.0151435 -0.844232
FixedParameters: 0 0 0

#Transform 144
Transform: AffineTransform_float_3_3
Parameters: 0.999997 -0.000203312 -0.00235724 0.000206689 1 0.00114052 0.00235677 -0.00114048 0.999997 0.094757 0.0276544 -0.840104
FixedParameters: 0 0 0

#Transform 145
Transform: AffineTransform_float_3_3
Parameters: 0.999997 -0.000317932 -0.0024634 0.000321068 0.999999 0.00124521 0.0024626 -0.00124579 0.999996 0.0987175 0.031263 -0.870396
FixedParameters: 0 0 0

#Transform 146
Transform: AffineTransform_float_3_3
Parameters: 0.999997 -0.000431402 -0.00233267 0.000434597 0.999998 0.00154199 0.00233133 -0.00154301 0.999996 0.0966827 0.0238627 -0.899149
FixedParameters: 0 0 0

#Transform 147
Transform: AffineTransform_float_3_3
Parameters: 0.999998 -0.000293854 -0.00207074 0.000299147 0.999997 0.00248539 0.00207026 -0.00248561 0.999995 0.0885762 0.0375257 -0.871991
FixedParameters: 0 0 0

#Transform 148
Transform: AffineTransform_float_3_3
Parameters: 0.999999 0.000249452 -0.0018344 -0.000244548 0.999997 0.00242745 0.0018346 -0.00242655 0.999996 0.0554546 0.0382215 -0.967983
FixedParameters: 0 0 0

#Transform 149
Transform: AffineTransform_float_3_3
Parameters: 0.999997 0.000116415 -0.00242393 -0.000115584 1 0.000584282 0.00242407 -0.000583719 0.999997 0.0910697 0.0873431 -1.09479
FixedParameters: 0 0 0

#Transform 150
Transform: AffineTransform_float_3_3
Parameters: 0.999997 0.000119094 -0.0023708 -0.000115905 0.999998 0.00172728 0.0023712 -0.00172672 0.999995 0.0728278 0.0155904 -0.996914
FixedParameters: 0 0 0

#Transform 151
Transform: AffineTransform_float_3_3
Parameters: 0.999995 0.000117253 -0.00296091 -0.000115749 0.999999 0.000760346 0.00296109 -0.000760656 0.999996 0.0860073 0.0340697 -1.07003
FixedParameters: 0 0 0

#Transform 152
Transform: AffineTransform_float_3_3
Parameters: 0.999997 -7.40177e-05 -0.00273006 7.59817e-05 0.999999 0.000725795 0.00272995 -0.000726205 0.999996 0.0773453 0.0909462 -0.976109
FixedParameters: 0 0 0

#Transform 153
Transform: AffineTransform_float_3_3
Parameters: 0.999995 0.00011644 -0.00309095 -0.000115559 1 0.000466359 0.00309106 -0.000465642 0.999995 0.0906956 0.0611511 -1.02516
FixedParameters: 0 0 0

#Transform 154
Transform: AffineTransform_float_3_3
Parameters: 0.999996 -0.000103614 -0.00288109 0.000106385 0.999999 0.000827697 0.00288091 -0.000828302 0.999996 0.100377 0.0691536 -0.951434
FixedParameters: 0 0 0

#Transform 155
Transform: AffineTransform_float_3_3
Parameters: 0.999995 0.000114934 -0.00298 -0.000115068 1 -2.26572e-05 0.00297999 2.23426e-05 0.999995 0.0885165 0.0839105 -0.979323
FixedParameters: 0 0 0

#Transform 156
Transform: AffineTransform_float_3_3
Parameters: 0.999997 0.000114161 -0.00268804 -0.000115838 1 -0.00031169 0.00268797 0.000312308 0.999997 0.0786838 0.13363 -0.844319
FixedParameters: 0 0 0

#Transform 157
Transform: AffineTransform_float_3_3
Parameters: 0.999996 0.000116395 -0.00300695 -0.000115604 1 0.00046435 0.00300706 -0.000463652 0.999996 0.0713018 0.091924 -0.848941
FixedParameters: 0 0 0

#Transform 158
Transform: AffineTransform_float_3_3
Parameters: 0.999996 0.000116201 -0.00288895 -0.000115798 1 0.000416336 0.00288905 -0.000415666 0.999995 0.0702592 0.144956 -0.862399
FixedParameters: 0 0 0

#Transform 159
Transform: AffineTransform_float_3_3
Parameters: 0.999995 -0.000190667 -0.00314127 0.000194333 0.999999 0.0013794 0.00314074 -0.00137961 0.999994 0.0823756 0.0707515 -0.889062
FixedParameters: 0 0 0

#Transform 160
Transform: AffineTransform_float_3_3
Parameters: 0.999996 0.000116885 -0.00285292 -0.000115116 1 0.000660331 0.00285308 -0.000660669 0.999995 0.058709 0.160712 -0.922378
FixedParameters: 0 0 0

#Transform 161
Transform: AffineTransform_float_3_3
Parameters: 0.999996 0.000118933 -0.00264183 -0.000115065 0.999999 0.00148931 0.00264217 -0.00148869 0.999996 0.051108 0.0745199 -0.919014
FixedParameters: 0 0 0

#Transform 162
Transform: AffineTransform_float_3_3
Parameters: 0.999995 0.000118765 -0.00294885 -0.000115236 0.999999 0.00127635 0.00294915 -0.00127666 0.999995 0.0458673 0.160774 -1.00621
FixedParameters: 0 0 0

#Transform 163
Transform: AffineTransform_float_3_3
Parameters: 0.999995 0.000459965 -0.00308812 -0.000454034 0.999998 0.00193241 0.00308888 -0.00193059 0.999994 0.0450625 0.0941108 -1.00859
FixedParameters: 0 0 0

#Transform 164
Transform: AffineTransform_float_3_3
Parameters: 0.999996 0.000513442 -0.00271998 -0.00050856 0.999998 0.00200039 0.00272102 -0.00199961 0.999995 0.0393284 0.0621393 -1.0682
FixedParameters: 0 0 0

#Transform 165
Transform: AffineTransform_float_3_3
Parameters: 0.999996 0.000656031 -0.00282053 -0.000653968 0.999999 0.000720847 0.00282147 -0.000719152 0.999996 0.0668289 0.177854 -1.09941
FixedParameters: 0 0 0

#Transform 166
Transform: AffineTransform_float_3_3
Parameters: 0.999997 0.000454151 -0.0026873 -0.000450852 0.999998 0.00154422 0.0026877 -0.00154378 0.999995 0.0567105 0.0684536 -1.06294
FixedParameters: 0 0 0

#Transform 167
Transform: AffineTransform_float_3_3
Parameters: 0.999996 0.0003249 -0.00281055 -0.0003211 0.999999 0.00138791 0.00281145 -0.00138709 0.999995 0.0548736 0.132575 -1.10208
FixedParameters: 0 0 0

#Transform 168
Transform: AffineTransform_float_3_3
Parameters: 0.999996 0.00048895 -0.00276348 -0.00048605 1 0.00106835 0.00276352 -0.00106665 0.999995 0.0519279 0.140613 -1.07029
FixedParameters: 0 0 0

#Transform 169
Transform: AffineTransform_float_3_3
Parameters: 0.999996 0.000547144 -0.0025091 -0.000542857 0.999998 0.00165137 0.0025099 -0.00165063 0.999996 0.0449192 0.102982 -1.08404
FixedParameters: 0 0 0

#Transform 170
Transform: AffineTransform_float_3_3
Parameters: 0.999995 0.000639903 -0.00291471 -0.000633096 0.999997 0.00202585 0.00291629 -0.00202414 0.999993 0.0389161 0.116186 -1.08826
FixedParameters: 0 0 0

#Transform 171
Transform: AffineTransform_float_3_3
Parameters: 0.999995 0.000461686 -0.00326565 -0.000451312 0.999996 0.00296649 0.00326736 -0.00296451 0.999991 0.0348665 0.103993 -1.04448
FixedParameters: 0 0 0

#Transform 172
Transform: AffineTransform_float_3_3
Parameters: 0.999997 0.000953202 -0.0023573 -0.000949798 0.999998 0.00178324 0.00235869 -0.00178076 0.999995 0.0163776 0.142375 -0.995697
FixedParameters: 0 0 0

#Transform 173
Transform: AffineTransform_float_3_3
Parameters: 0.999996 0.000705051 -0.00250342 -0.000702949 1 0.000819763 0.00250458 -0.000818238 0.999997 0.0242602 0.0874935 -0.973493
FixedParameters: 0 0 0

#Transform 174
Transform: AffineTransform_float_3_3
Parameters: 0.999996 0.000559132 -0.00254175 -0.000557867 0.999999 0.000446419 0.00254125 -0.00044458 0.999996 0.0308703 0.187109 -0.958675
FixedParameters: 0 0 0

#Transform 175
Transform: AffineTransform_float_3_3
Parameters: 0.999996 0.000503345 -0.00284859 -0.000501656 0.999999 0.000823432 0.00284841 -0.000822569 0.999995 0.0519606 0.121842 -0.973323
FixedParameters: 0 0 0

#Transform 176
Transform: AffineTransform_float_3_3
Parameters: 0.999996 0.00058543 -0.00256599 -0.000580571 0.999999 0.0017265 0.00256701 -0.0017255 0.999995 0.0427358 0.159601 -0.90589
FixedParameters: 0 0 0

#Transform 177
Transform: AffineTransform_float_3_3
Parameters: 0.999996 0.000626365 -0.0027679 -0.000616633 0.999994 0.00338372 0.0027701 -0.00338128 0.999991 0.0693474 0.0875652 -0.903768
FixedParameters: 0 0 0

#Transform 178
Transform: AffineTransform_float_3_3
Parameters: 0.999996 0.000626249 -0.00271588 -0.000616749 0.999994 0.00340569 0.00271811 -0.00340331 0.99999 0.0798514 0.1208 -0.92639
FixedParameters: 0 0 0

#Transform 179
Transform: AffineTransform_float_3_3
Parameters: 0.999997 0.000557645 -0.00235944 -0.000550358 0.999996 0.00281531 0.00236056 -0.00281469 0.999994 0.0673551 0.0887212 -1.00927
FixedParameters: 0 0 0

#Transform 180
Transform: AffineTransform_float_3_3
Parameters: 0.999997 0.000621966 -0.00208452 -0.000617037 0.999997 0.00238129 0.00208547 -0.00238071 0.999995 0.0639681 0.161252 -1.00436
FixedParameters: 0 0 0

#Transform 181
Transform: AffineTransform_float_3_3
Parameters: 0.999998 0.000622607 -0.00178105 -0.000617393 0.999995 0.00314711 0.00178295 -0.0031459 0.999994 0.0418415 0.0668449 -1.0264
FixedParameters: 0 0 0

#Transform 182
Transform: AffineTransform_float_3_3
Parameters: 0.999999 0.000513674 -0.00174292 -0.000509328 0.999997 0.00210789 0.00174308 -0.00210711 0.999997 0.0426216 0.132228 -1.04882
FixedParameters: 0 0 0

#Transform 183
Transform: AffineTransform_float_3_3
Parameters: 0.999998 0.000455565 -0.00157269 -0.000450434 0.999995 0.00290171 0.00157431 -0.00290129 0.999995 0.0439864 0.0698882 -1.01272
FixedParameters: 0 0 0

#Transform 184
Transform: AffineTransform_float_3_3
Parameters: 0.999999 0.000270146 -0.0016995 -0.000266854 0.999999 0.00185046 0.0017005 -0.00185054 0.999997 0.0477365 0.174857 -1.0627
FixedParameters: 0 0 0

#Transform 185
Transform: AffineTransform_float_3_3
Parameters: 0.999998 0.000346545 -0.00170208 -0.000342454 0.999997 0.00267059 0.00170292 -0.00266941 0.999995 0.0570916 0.0961512 -1.01671
FixedParameters: 0 0 0

#Transform 186
Transform: AffineTransform_float_3_3
Parameters: 0.999998 0.000620109 -0.00189198 -0.000616892 0.999999 0.00164317 0.00189302 -0.00164183 0.999997 0.0592402 0.185968 -1.10434
FixedParameters: 0 0 0

#Transform 187
Transform: AffineTransform_float_3_3
Parameters: 0.999999 0.000621163 -0.00164443 -0.000616835 0.999996 0.00253102 0.00164657 -0.00252998 0.999996 0.035248 0.103746 -1.07631
FixedParameters: 0 0 0

#Transform 188
Transform: AffineTransform_float_3_3
Parameters: 0.999998 0.000424192 -0.00192908 -0.000419808 0.999997 0.00217281 0.00192992 -0.00217218 0.999996 0.0622222 0.148348 -1.14182
FixedParameters: 0 0 0

#Transform 189
Transform: AffineTransform_float_3_3
