#Insight Transform File V1.0
#Transform 0
Transform: AffineTransform_float_3_3
Parameters: 0.999999 -0.000186993 0.000949 0.000187006 1 -6.82253e-06 -0.000948998 7.17746e-06 0.999999 -0.305176 -0.0845972 0.717718
FixedParameters: 0 0 0

#Transform 1
Transform: AffineTransform_float_3_3
Parameters: 1 -0.000268851 0.000632063 0.000268149 1 -0.00023583 -0.000631936 0.00023617 1 -0.2647 -0.0593997 0.648504
FixedParameters: 0 0 0

#Transform 2
Transform: AffineTransform_float_3_3
Parameters: 0.999999 -0.000466822 0.000798103 0.000467177 1 -0.000221627 -0.000797896 0.000222372 0.999999 -0.265382 -0.0538183 0.535568
FixedParameters: 0 0 0

#Transform 3
Transform: AffineTransform_float_3_3
Parameters: 1 -0.000524758 0.00097813 0.000525242 1 -0.000247486 -0.00097787 0.000247513 0.999999 -0.253642 -0.0180078 0.472354
FixedParameters: 0 0 0

#Transform 4
Transform: AffineTransform_float_3_3
Parameters: 0.999999 -0.000466845 0.000632114 0.000467154 1 -0.000243705 -0.000631886 0.000244295 1 -0.220412 -0.00446206 0.425842
FixedParameters: 0 0 0

#Transform 5
Transform: AffineTransform_float_3_3
Parameters: 0.999999 7.11057e-05 0.000845991 -7.08942e-05 1 -0.00012506 -0.000846008 0.00012494 0.999999 -0.224725 0.0493904 0.320503
FixedParameters: 0 0 0

#Transform 6
Transform: AffineTransform_float_3_3
Parameters: 0.999999 2.1452e-05 0.000777987 -2.1548e-05 1 -0.000581017 -0.000778012 0.000580983 0.999999 -0.184181 0.102713 0.264431
FixedParameters: 0 0 0

#Transform 7
Transform: AffineTransform_float_3_3
Parameters: 1 -7.92416e-06 0.000632001 8.07584e-06 1 -0.000119995 -0.000631999 0.000120005 1 -0.166 0.0882182 0.187497
FixedParameters: 0 0 0

#Transform 8
Transform: AffineTransform_float_3_3
Parameters: 1 0.00015302 0.000261988 -0.00015298 1 -7.70401e-05 -0.000262012 7.79599e-05 1 -0.126171 0.0540345 0.117892
FixedParameters: 0 0 0

#Transform 9
Transform: AffineTransform_float_3_3
Parameters: 1 -6.99684e-05 0.000632003 7.00316e-05 1 -4.99557e-05 -0.000631996 5.00442e-05 1 -0.123664 0.0192999 0.080822
FixedParameters: 0 0 0

#Transform 10
Transform: AffineTransform_float_3_3
Parameters: 1 -8.62249e-05 0.000631969 8.5775e-05 1 0.000356054 -0.00063203 -0.000355945 0.999999 -0.12178 0.0199731 0.0529996
FixedParameters: 0 0 0

#Transform 11
Transform: AffineTransform_float_3_3
Parameters: 1 -0.000196322 0.000506875 0.000196678 1 0.000634099 -0.000507125 -0.0006349 0.999999 -0.10848 -0.0158339 -0.0362314
FixedParameters: 0 0 0

#Transform 12
Transform: AffineTransform_float_3_3
Parameters: 1 -0.000417076 4.63173e-05 0.000416924 0.999998 0.00163702 -4.66825e-05 -0.00163698 0.999998 -0.0679683 -0.0248171 0.03894
FixedParameters: 0 0 0

#Transform 13
Transform: AffineTransform_float_3_3
Parameters: 1 -0.000466662 -0.000205768 0.000467338 0.999998 0.0016449 0.000205232 -0.00164409 0.999998 -0.0496848 -0.0313961 0.0365264
FixedParameters: 0 0 0

#Transform 14
Transform: AffineTransform_float_3_3
Parameters: 1 -0.000467079 4.62144e-05 0.000467922 0.999999 0.00168202 -4.67871e-05 -0.00168198 0.999998 -0.055012 -0.0140575 0.0374361
FixedParameters: 0 0 0

#Transform 15
Transform: AffineTransform_float_3_3
Parameters: 1 -0.000467081 4.61934e-05 0.00046792 0.999999 0.00172702 -4.68081e-05 -0.00172698 0.999998 -0.0453255 -0.0119069 0.0261162
FixedParameters: 0 0 0

#Transform 16
Transform: AffineTransform_float_3_3
Parameters: 0.999999 -0.000466038 -0.000682657 0.000466962 0.999999 0.00140868 0.000682342 -0.00140932 0.999999 -0.0181777 0.0149648 0.0170522
FixedParameters: 0 0 0

#Transform 17
Transform: AffineTransform_float_3_3
Parameters: 1 -0.000375472 -0.000310639 0.000376529 0.999998 0.00170188 0.000310359 -0.00170212 0.999998 -0.0324089 0.00507548 0.0200223
FixedParameters: 0 0 0

#Transform 18
Transform: AffineTransform_float_3_3
Parameters: 1 0.000166948 4.71864e-05 -0.000167052 1 0.00111599 -4.68136e-05 -0.00111601 1 -0.0490145 0.0683107 -0.0246505
FixedParameters: 0 0 0

#Transform 19
Transform: AffineTransform_float_3_3
Parameters: 1 5.60084e-05 4.699e-05 -5.59916e-05 1 -0.000179003 -4.701e-05 0.000178997 1 0.00307671 0.0871078 -0.040037
FixedParameters: 0 0 0

#Transform 20
Transform: AffineTransform_float_3_3
Parameters: 1 -8.90886e-06 0.000256003 9.09113e-06 1 -0.000355998 -0.000255997 0.000356002 1 -0.00638596 0.0164458 -0.0299033
FixedParameters: 0 0 0

#Transform 21
Transform: AffineTransform_float_3_3
Parameters: 1 8.19988e-05 -9.30011e-05 -8.20012e-05 1 -1.29924e-05 9.29989e-05 1.30076e-05 1 0.00744638 -0.0459973 -0.0245112
FixedParameters: 0 0 0

#Transform 22
Transform: AffineTransform_float_3_3
Parameters: 1 -1.98514e-05 -0.000392007 2.01486e-05 1 0.000378992 0.000391992 -0.000379008 1 0.0097646 -0.00921035 0.0148174
FixedParameters: 0 0 0

#Transform 23
Transform: AffineTransform_float_3_3
Parameters: 1 0.00030427 -0.000393791 -0.000304729 0.999999 0.00068712 0.000394209 -0.00068688 0.999999 -0.00766119 -0.0383864 -0.0211117
FixedParameters: 0 0 0

#Transform 24
Transform: AffineTransform_float_3_3
Parameters: 0.999999 -0.000154598 -0.000903069 0.000155402 1 0.00044486 0.000902931 -0.00044514 1 0.0184586 -0.0026728 0.0115801
FixedParameters: 0 0 0

#Transform 25
Transform: AffineTransform_float_3_3
Parameters: 0.999999 -0.00012099 -0.000827148 0.000122011 0.999999 0.0012209 0.000827851 -0.0012211 0.999999 0.0360125 -0.0540793 0.0287592
FixedParameters: 0 0 0

#Transform 26
Transform: AffineTransform_float_3_3
Parameters: 1 -0.000628199 -0.000953528 0.000629801 1 0.000839401 0.000953472 -0.0008406 0.999999 0.06329 -0.0194564 0.00468673
FixedParameters: 0 0 0

#Transform 27
Transform: AffineTransform_float_3_3
Parameters: 1 -0.00072167 -0.000828161 0.000723332 0.999999 0.0016064 0.000827839 -0.0016076 0.999999 0.0706484 -0.0117794 0.028863
FixedParameters: 0 0 0

#Transform 28
Transform: AffineTransform_float_3_3
Parameters: 1 -0.000728639 -0.000935061 0.00072936 0.999998 0.00145532 0.000933939 -0.00145668 0.999998 0.083525 -0.00631165 0.0396979
FixedParameters: 0 0 0

#Transform 29
Transform: AffineTransform_float_3_3
Parameters: 0.999999 -0.000728207 -0.00106223 0.000729794 0.999999 0.00168823 0.00106177 -0.00168978 0.999998 0.0841993 0.000433049 0.0534518
FixedParameters: 0 0 0

#Transform 30
Transform: AffineTransform_float_3_3
Parameters: 0.999999 -0.000400508 -0.00129846 0.000401492 1 0.00114948 0.00129754 -0.00114952 0.999998 0.0772376 0.0330865 0.0697192
FixedParameters: 0 0 0

#Transform 31
Transform: AffineTransform_float_3_3
Parameters: 0.999999 0.000382558 -0.00129784 -0.000381443 1 0.000429495 0.00129816 -0.000429504 0.999999 0.0436286 0.113271 0.0194086
FixedParameters: 0 0 0

#Transform 32
Transform: AffineTransform_float_3_3
Parameters: 0.999999 0.000383683 -0.0012975 -0.000381317 0.999999 0.0012975 0.0012975 -0.0012965 0.999999 0.0435967 0.0609321 0.021611
FixedParameters: 0 0 0

#Transform 33
Transform: AffineTransform_float_3_3
Parameters: 0.999999 0.000383749 -0.00129748 -0.000382252 0.999999 0.0013475 0.00129752 -0.0013475 0.999999 0.0435566 0.00878098 0.0471825
FixedParameters: 0 0 0

#Transform 34
Transform: AffineTransform_float_3_3
Parameters: 1 0.00015515 -0.00101383 -0.00015385 1 0.00113416 0.00101418 -0.00113384 0.999999 0.0376842 0.0187791 0.0682683
FixedParameters: 0 0 0

#Transform 35
Transform: AffineTransform_float_3_3
Parameters: 1 -8.95418e-05 -0.00109312 9.0458e-05 0.999999 0.0013339 0.00109288 -0.0013341 0.999998 0.0578597 0.02027 0.0987423
FixedParameters: 0 0 0

#Transform 36
Transform: AffineTransform_float_3_3
Parameters: 0.999999 -8.81986e-05 -0.00129819 9.08008e-05 0.999997 0.00215788 0.00129781 -0.00215812 0.999997 0.0708192 -0.0192496 0.0769763
FixedParameters: 0 0 0

#Transform 37
Transform: AffineTransform_float_3_3
Parameters: 0.999999 -0.000231066 -0.00129835 0.000232934 0.999999 0.0014897 0.00129765 -0.0014903 0.999998 0.0808777 0.00343138 0.0573614
FixedParameters: 0 0 0

#Transform 38
Transform: AffineTransform_float_3_3
Parameters: 0.999998 -0.000508468 -0.00181799 0.000511532 0.999998 0.00194307 0.00181701 -0.00194393 0.999997 0.112295 -0.0145692 0.0569234
FixedParameters: 0 0 0

#Transform 39
Transform: AffineTransform_float_3_3
Parameters: 0.999998 -0.000508381 -0.00181802 0.00051162 0.999998 0.00199107 0.00181699 -0.00199193 0.999997 0.129537 0.00139409 0.100103
FixedParameters: 0 0 0

#Transform 40
Transform: AffineTransform_float_3_3
Parameters: 0.999998 -0.000621344 -0.00181825 0.000624655 0.999998 0.00201087 0.00181675 -0.00201213 0.999997 0.133533 0.000973079 0.124309
FixedParameters: 0 0 0

#Transform 41
Transform: AffineTransform_float_3_3
Parameters: 0.999999 -0.000509571 -0.00130395 0.000511429 0.999998 0.00186334 0.00130305 -0.00186367 0.999998 0.109177 0.0220917 0.0840357
FixedParameters: 0 0 0

#Transform 42
Transform: AffineTransform_float_3_3
Parameters: 0.999999 0.000296819 -0.0012398 -0.00029618 0.999999 0.000661368 0.0012402 -0.000660632 0.999999 0.0949086 0.0935121 0.0446184
FixedParameters: 0 0 0

#Transform 43
Transform: AffineTransform_float_3_3
Parameters: 0.999998 0.000184545 -0.00159671 -0.000182454 0.999998 0.00159429 0.00159729 -0.00159371 0.999998 0.113149 0.046288 0.0988886
FixedParameters: 0 0 0

#Transform 44
Transform: AffineTransform_float_3_3
Parameters: 0.999999 0.000183367 -0.00149883 -0.000182633 0.999999 0.000912275 0.00149917 -0.000911726 0.999999 0.0894914 0.0256828 0.109743
FixedParameters: 0 0 0

#Transform 45
Transform: AffineTransform_float_3_3
Parameters: 0.999999 0.000184221 -0.00152973 -0.000181779 0.999999 0.00145228 0.00152926 -0.00145172 0.999998 0.0970666 0.00389393 0.109007
FixedParameters: 0 0 0

#Transform 46
Transform: AffineTransform_float_3_3
Parameters: 0.999999 -0.000305779 -0.00181755 0.000309223 0.999999 0.00177244 0.00181745 -0.00177256 0.999997 0.108633 -0.00420355 0.133587
FixedParameters: 0 0 0

#Transform 47
Transform: AffineTransform_float_3_3
Parameters: 0.999999 -0.000370917 -0.00153075 0.000374082 0.999998 0.00201443 0.00152925 -0.00201457 0.999997 0.0822214 -0.0270969 0.158659
FixedParameters: 0 0 0

#Transform 48
Transform: AffineTransform_float_3_3
Parameters: 0.999998 -0.000370687 -0.00186966 0.000374314 0.999999 0.0017723 0.00186934 -0.0017727 0.999996 0.0611142 -0.0192015 0.0939264
FixedParameters: 0 0 0

#Transform 49
Transform: AffineTransform_float_3_3
Parameters: 0.999998 1.29777e-05 -0.001714 -1.30223e-05 1 -1.29777e-05 0.001714 1.30223e-05 0.999998 -0.0218722 0.105051 0.140521
FixedParameters: 0 0 0

#Transform 50
Transform: AffineTransform_float_3_3
Parameters: 0.999997 0.000712835 -0.0022401 -0.000710166 0.999999 0.00126559 0.0022409 -0.00126441 0.999996 -0.0766078 0.0180619 0.199127
FixedParameters: 0 0 0

#Transform 51
Transform: AffineTransform_float_3_3
Parameters: 0.999998 0.00071266 -0.00181596 -0.000709339 0.999998 0.00146529 0.00181704 -0.00146371 0.999998 -0.0866191 0.0161217 0.210243
FixedParameters: 0 0 0

#Transform 52
Transform: AffineTransform_float_3_3
Parameters: 0.999999 0.000712804 -0.00113524 -0.000710194 0.999996 0.00246881 0.00113776 -0.00246819 0.999997 -0.0885321 0.0232018 0.163332
FixedParameters: 0 0 0

#Transform 53
Transform: AffineTransform_float_3_3
Parameters: 0.999999 0.00117375 -0.00136965 -0.00117025 0.999998 0.00200461 0.00137235 -0.00200339 0.999997 -0.0725939 0.039246 0.142089
FixedParameters: 0 0 0

#Transform 54
Transform: AffineTransform_float_3_3
Parameters: 0.999997 0.00114312 -0.00181504 -0.00113988 0.999998 0.00171907 0.00181696 -0.00171693 0.999997 -0.00077299 -0.00118654 0.123747
FixedParameters: 0 0 0

#Transform 55
Transform: AffineTransform_float_3_3
Parameters: 0.999998 0.00107753 -0.00167774 -0.00107447 0.999997 0.00210281 0.00168026 -0.00210119 0.999997 0.0127784 -0.0543536 0.0842084
FixedParameters: 0 0 0

#Transform 56
Transform: AffineTransform_float_3_3
Parameters: 0.999999 0.000900639 -0.001183 -0.000897361 0.999997 0.00222906 0.001185 -0.00222794 0.999997 0.0153346 -0.0673482 0.151843
FixedParameters: 0 0 0

#Transform 57
Transform: AffineTransform_float_3_3
Parameters: 0.999999 0.000771222 -0.00161199 -0.000766778 0.999997 0.00261824 0.00161401 -0.00261676 0.999996 0.0318511 -0.0889785 0.173503
FixedParameters: 0 0 0

#Transform 58
Transform: AffineTransform_float_3_3
Parameters: 0.999999 0.000659834 -0.00127153 -0.000657164 0.999998 0.00222884 0.00127347 -0.00222716 0.999996 0.038017 -0.0853144 0.258285
FixedParameters: 0 0 0

#Transform 59
Transform: AffineTransform_float_3_3
Parameters: 0.999999 0.000180634 -0.00126849 -0.000177365 0.999996 0.00286423 0.00126951 -0.00286377 0.999995 0.0748103 -0.11344 0.240514
FixedParameters: 0 0 0

#Transform 60
Transform: AffineTransform_float_3_3
Parameters: 0.999999 0.000179741 -0.000839418 -0.00017726 0.999994 0.00326515 0.000839583 -0.00326485 0.999995 0.0889958 -0.11316 0.235674
FixedParameters: 0 0 0

#Transform 61
Transform: AffineTransform_float_3_3
Parameters: 0.999999 -0.000225436 -0.000747777 0.000227561 0.999994 0.00342983 0.000746223 -0.00343017 0.999994 0.112615 -0.125713 0.227726
FixedParameters: 0 0 0

#Transform 62
Transform: AffineTransform_float_3_3
Parameters: 1 0.000256293 -0.000526372 -0.000254708 0.999997 0.00245513 0.000526627 -0.00245486 0.999997 0.108389 -0.0369911 0.160573
FixedParameters: 0 0 0

#Transform 63
Transform: AffineTransform_float_3_3
Parameters: 0.999999 0.000565824 -0.000526115 -0.000565176 0.999998 0.0015653 0.000526885 -0.0015647 0.999998 0.0988009 -0.00501309 0.186891
FixedParameters: 0 0 0

#Transform 64
Transform: AffineTransform_float_3_3
Parameters: 0.999999 0.000237419 -0.000906629 -0.00023658 0.999998 0.00156522 0.000907371 -0.00156479 0.999999 0.134257 -0.0608219 0.277837
FixedParameters: 0 0 0

#Transform 65
Transform: AffineTransform_float_3_3
Parameters: 0.999999 -0.000372542 -0.00127402 0.000376459 0.999996 0.00271552 0.00127298 -0.00271548 0.999996 0.185974 -0.131815 0.412591
FixedParameters: 0 0 0

#Transform 66
Transform: AffineTransform_float_3_3
Parameters: 0.999999 -0.001081 -0.00106505 0.001084 0.999996 0.00281785 0.00106195 -0.00281915 0.999995 0.218465 -0.129893 0.3897
FixedParameters: 0 0 0

#Transform 67
Transform: AffineTransform_float_3_3
Parameters: 0.999999 -0.000933145 -0.000959785 0.000935853 0.999995 0.00297911 0.000956216 -0.0029799 0.999995 0.207203 -0.109462 0.413651
FixedParameters: 0 0 0

#Transform 68
Transform: AffineTransform_float_3_3
Parameters: 1 -0.000586388 -0.000920669 0.000589613 0.999996 0.00283946 0.00091933 -0.00283954 0.999995 0.160964 -0.0937356 0.331421
FixedParameters: 0 0 0

#Transform 69
Transform: AffineTransform_float_3_3
Parameters: 0.999999 -0.000138327 -0.000738315 0.000139673 0.999998 0.0022669 0.000737685 -0.0022671 0.999997 0.111252 -0.0671541 0.314143
FixedParameters: 0 0 0

#Transform 70
Transform: AffineTransform_float_3_3
Parameters: 1 -0.000533376 -0.000914537 0.000536626 0.999995 0.00287251 0.000913463 -0.00287249 0.999996 0.15091 -0.150423 0.370094
FixedParameters: 0 0 0

#Transform 71
Transform: AffineTransform_float_3_3
Parameters: 0.999999 -0.000734607 -0.00118873 0.000739394 0.999993 0.00369913 0.00118627 -0.00369988 0.999993 0.17274 -0.178689 0.428613
FixedParameters: 0 0 0

#Transform 72
Transform: AffineTransform_float_3_3
Parameters: 0.999999 -0.000240694 -0.000932859 0.000243306 0.999993 0.00354477 0.000932143 -0.00354523 0.999994 0.149363 -0.149496 0.389289
FixedParameters: 0 0 0

#Transform 73
Transform: AffineTransform_float_3_3
Parameters: 0.999999 -0.000603882 -0.00120607 0.000608118 0.999994 0.00341727 0.00120393 -0.00341773 0.999994 0.169336 -0.150547 0.430262
FixedParameters: 0 0 0

#Transform 74
Transform: AffineTransform_float_3_3
Parameters: 0.999999 -0.000603971 -0.00117209 0.000608028 0.999994 0.00343929 0.00116992 -0.00344071 0.999994 0.158319 -0.187213 0.484302
FixedParameters: 0 0 0

#Transform 75
Transform: AffineTransform_float_3_3
Parameters: 0.999999 -0.00118483 -0.000905159 0.00118817 0.999993 0.00350493 0.000900841 -0.00350607 0.999994 0.207077 -0.151585 0.511628
FixedParameters: 0 0 0

#Transform 76
Transform: AffineTransform_float_3_3
Parameters: 0.999998 -0.00175004 -0.0011625 0.00175496 0.99999 0.00428097 0.0011555 -0.00428203 0.99999 0.268555 -0.228913 0.603271
FixedParameters: 0 0 0

#Transform 77
Transform: AffineTransform_float_3_3
Parameters: 1 -0.000563192 -0.000960244 0.000566812 0.999992 0.00397046 0.000958757 -0.00397054 0.999991 0.192589 -0.185111 0.407791
FixedParameters: 0 0 0

#Transform 78
Transform: AffineTransform_float_3_3
Parameters: 0.999999 -0.000681682 -0.00124692 0.000687316 0.99999 0.00426815 0.00124408 -0.00426985 0.99999 0.173609 -0.196431 0.450213
FixedParameters: 0 0 0

#Transform 79
Transform: AffineTransform_float_3_3
Parameters: 0.999998 -0.000677035 -0.00189559 0.000686968 0.999986 0.00526171 0.00189241 -0.00526229 0.999985 0.218847 -0.23717 0.649066
FixedParameters: 0 0 0

#Transform 80
Transform: AffineTransform_float_3_3
Parameters: 0.999996 -0.000114582 -0.00285375 0.000132421 0.999982 0.00610465 0.00285325 -0.00610436 0.999978 0.2194 -0.242997 0.57826
FixedParameters: 0 0 0

#Transform 81
Transform: AffineTransform_float_3_3
Parameters: 0.999999 -2.45978e-05 -0.00181515 3.34013e-05 0.999986 0.00517995 0.00181485 -0.00518005 0.999985 0.17373 -0.155436 0.497957
FixedParameters: 0 0 0

#Transform 82
Transform: AffineTransform_float_3_3
Parameters: 0.999998 -0.000233777 -0.00185658 0.000246225 0.999979 0.00658555 0.00185542 -0.00658644 0.999976 0.157794 -0.307385 0.621508
FixedParameters: 0 0 0

#Transform 83
Transform: AffineTransform_float_3_3
Parameters: 0.999996 0.000203623 -0.00281378 -0.000185377 0.999981 0.00626155 0.00281522 -0.00626146 0.999977 0.135088 -0.27368 0.674706
FixedParameters: 0 0 0

#Transform 84
Transform: AffineTransform_float_3_3
Parameters: 0.999994 0.00139346 -0.00322037 -0.00137054 0.999975 0.00696646 0.00322962 -0.00696154 0.999971 0.0960519 -0.237818 0.536971
FixedParameters: 0 0 0

#Transform 85
Transform: AffineTransform_float_3_3
Parameters: 0.999996 0.000874886 -0.00290137 -0.000856119 0.999979 0.00650351 0.00290663 -0.00650149 0.999974 0.111281 -0.204473 0.565651
FixedParameters: 0 0 0

#Transform 86
Transform: AffineTransform_float_3_3
Parameters: 0.999997 1.37568e-05 -0.00266998 6.75706e-06 0.99997 0.00777401 0.00267003 -0.00777399 0.999966 0.152238 -0.331819 0.653777
FixedParameters: 0 0 0

#Transform 87
Transform: AffineTransform_float_3_3
Parameters: 0.999996 0.000926138 -0.0026691 -0.000905862 0.999971 0.00753645 0.0026759 -0.00753355 0.999968 0.101696 -0.293304 0.524976
FixedParameters: 0 0 0

#Transform 88
Transform: AffineTransform_float_3_3
Parameters: 0.999996 0.000718585 -0.00282384 -0.000697414 0.999973 0.00728401 0.00282915 -0.007282 0.99997 0.125112 -0.269952 0.632797
FixedParameters: 0 0 0

#Transform 89
Transform: AffineTransform_float_3_3
Parameters: 0.999993 0.000867071 -0.00364406 -0.000832929 0.999956 0.0093411 0.00365194 -0.0093379 0.999949 0.0808746 -0.375383 0.820504
FixedParameters: 0 0 0

#Transform 90
Transform: AffineTransform_float_3_3
Parameters: 0.999991 0.00131454 -0.00407966 -0.00128146 0.999968 0.0079683 0.00409034 -0.0079627 0.99996 0.0956351 -0.259973 0.695917
FixedParameters: 0 0 0

#Transform 91
Transform: AffineTransform_float_3_3
Parameters: 0.999992 0.0012608 -0.00376515 -0.0012302 0.999968 0.00790669 0.00377484 -0.0079023 0.999961 0.103385 -0.251865 0.61648
FixedParameters: 0 0 0

#Transform 92
Transform: AffineTransform_float_3_3
Parameters: 0.999992 0.00090941 -0.0037425 -0.000878592 0.999964 0.00838634 0.0037495 -0.00838265 0.999958 0.126845 -0.326831 0.650768
FixedParameters: 0 0 0

#Transform 93
Transform: AffineTransform_float_3_3
Parameters: 0.999994 0.000793121 -0.00321743 -0.00076588 0.999964 0.00842252 0.00322356 -0.00841949 0.99996 0.168063 -0.256304 0.664119
FixedParameters: 0 0 0

#Transform 94
Transform: AffineTransform_float_3_3
Parameters: 0.999993 0.000454706 -0.00373015 -0.000412293 0.999937 0.0111746 0.00373484 -0.0111724 0.99993 0.130036 -0.381408 0.996055
FixedParameters: 0 0 0

#Transform 95
Transform: AffineTransform_float_3_3
Parameters: 0.999991 0.000455368 -0.00407148 -0.000412627 0.999946 0.0104008 0.00407651 -0.0103992 0.999937 0.143914 -0.317491 0.945309
FixedParameters: 0 0 0

#Transform 96
Transform: AffineTransform_float_3_3
Parameters: 0.999986 0.00133416 -0.0051673 -0.00128384 0.999952 0.00969877 0.00517969 -0.00969223 0.999939 0.126396 -0.269333 0.91825
FixedParameters: 0 0 0

#Transform 97
Transform: AffineTransform_float_3_3
Parameters: 0.999986 0.0017113 -0.00504786 -0.0016687 0.999963 0.00837154 0.00506214 -0.00836345 0.999952 0.109289 -0.215679 0.744258
FixedParameters: 0 0 0

#Transform 98
Transform: AffineTransform_float_3_3
Parameters: 0.999981 0.00120004 -0.00606267 -0.00113595 0.999943 0.0105561 0.00607532 -0.0105489 0.999926 0.111307 -0.368262 1.03194
FixedParameters: 0 0 0

#Transform 99
Transform: AffineTransform_float_3_3
Parameters: 0.999982 0.000472597 -0.00607492 -0.000402416 0.999933 0.0116167 0.00607909 -0.0116143 0.999914 0.199498 -0.341579 1.09098
FixedParameters: 0 0 0

#Transform 100
Transform: AffineTransform_float_3_3
Parameters: 0.999982 0.00128064 -0.00589211 -0.00121437 0.999938 0.0111294 0.00590587 -0.0111226 0.99992 0.188366 -0.313884 0.948138
FixedParameters: 0 0 0

#Transform 101
Transform: AffineTransform_float_3_3
Parameters: 0.999992 0.000306232 -0.00410619 -0.00025077 0.999907 0.0136881 0.00410982 -0.0136869 0.999898 0.102428 -0.443018 1.21057
FixedParameters: 0 0 0

#Transform 102
Transform: AffineTransform_float_3_3
Parameters: 0.999991 0.000890024 -0.00428932 -0.000841981 0.999937 0.0111847 0.00429869 -0.0111813 0.999928 0.0855442 -0.343191 1.02105
FixedParameters: 0 0 0

#Transform 103
Transform: AffineTransform_float_3_3
Parameters: 0.999991 4.49921e-05 -0.00407675 -6.00514e-06 0.999955 0.00956411 0.00407724 -0.0095639 0.999946 0.190743 -0.243428 0.989562
FixedParameters: 0 0 0

#Transform 104
Transform: AffineTransform_float_3_3
Parameters: 0.99999 -0.000113313 -0.00447383 0.000170686 0.999917 0.0128954 0.00447217 -0.0128966 0.999907 0.175905 -0.395777 1.28436
FixedParameters: 0 0 0

#Transform 105
Transform: AffineTransform_float_3_3
Parameters: 0.999991 -0.000121173 -0.00408878 0.000170831 0.999925 0.0121884 0.00408722 -0.0121886 0.999918 0.171035 -0.344706 1.09375
FixedParameters: 0 0 0

#Transform 106
Transform: AffineTransform_float_3_3
Parameters: 0.99999 -0.000515018 -0.00429122 0.000571977 0.999911 0.0132877 0.00428378 -0.0132903 0.999903 0.156689 -0.384449 1.20846
FixedParameters: 0 0 0

#Transform 107
Transform: AffineTransform_float_3_3
Parameters: 0.999995 -0.000400409 -0.00313931 0.000439587 0.999921 0.0126207 0.0031337 -0.0126223 0.999916 0.0682604 -0.417584 0.954046
FixedParameters: 0 0 0

#Transform 108
Transform: AffineTransform_float_3_3
Parameters: 0.999993 0.000265136 -0.00360533 -0.000225857 0.999941 0.0108509 0.00360866 -0.0108501 0.999934 0.0646898 -0.305903 1.01797
FixedParameters: 0 0 0

#Transform 109
Transform: AffineTransform_float_3_3
Parameters: 0.999984 0.000948094 -0.00569564 -0.0008639 0.999891 0.0147492 0.00570936 -0.0147438 0.999875 0.16909 -0.455179 1.33689
FixedParameters: 0 0 0

#Transform 110
Transform: AffineTransform_float_3_3
Parameters: 0.999989 0.000584373 -0.00480643 -0.000508636 0.999877 0.0156676 0.00481456 -0.0156654 0.999865 0.0884049 -0.444659 1.41307
FixedParameters: 0 0 0

#Transform 111
Transform: AffineTransform_float_3_3
Parameters: 0.999987 0.00115507 -0.00483033 -0.00108292 0.999889 0.0148964 0.00484766 -0.0148916 0.999877 0.0452625 -0.404768 1.2861
FixedParameters: 0 0 0

#Transform 112
Transform: AffineTransform_float_3_3
Parameters: 0.999985 0.000484312 -0.00536505 -0.000399671 0.999876 0.0157054 0.00537294 -0.0157026 0.999863 0.0685554 -0.434651 1.53302
FixedParameters: 0 0 0

#Transform 113
Transform: AffineTransform_float_3_3
Parameters: 0.999988 0.000212285 -0.00477725 -0.000136714 0.999876 0.0157548 0.00477975 -0.0157532 0.999865 0.0719861 -0.402685 1.41357
FixedParameters: 0 0 0

#Transform 114
Transform: AffineTransform_float_3_3
Parameters: 0.999989 0.000531718 -0.00464415 -0.000458288 0.999874 0.0158593 0.00465186 -0.0158577 0.999864 0.042889 -0.404862 1.47005
FixedParameters: 0 0 0

#Transform 115
Transform: AffineTransform_float_3_3
Parameters: 0.999988 0.000322468 -0.00488235 -0.000242536 0.999865 0.0164734 0.00488666 -0.0164716 0.999853 0.0626389 -0.40906 1.57956
FixedParameters: 0 0 0

#Transform 116
Transform: AffineTransform_float_3_3
Parameters: 0.999983 0.00139616 -0.00568808 -0.00130884 0.99988 0.0154737 0.00570893 -0.0154663 0.999864 0.0317206 -0.368324 1.60068
FixedParameters: 0 0 0

#Transform 117
Transform: AffineTransform_float_3_3
Parameters: 0.999988 0.00053079 -0.00501529 -0.000451213 0.999876 0.0156985 0.0050227 -0.0156955 0.999864 0.0463616 -0.369089 1.66315
FixedParameters: 0 0 0

#Transform 118
Transform: AffineTransform_float_3_3
Parameters: 0.999988 0.00100886 -0.00474508 -0.000941136 0.999897 0.0142826 0.00475892 -0.0142774 0.999886 0.0294584 -0.273976 1.47424
FixedParameters: 0 0 0

#Transform 119
Transform: AffineTransform_float_3_3
Parameters: 0.999988 0.00101101 -0.00490108 -0.000940997 0.999898 0.0142648 0.00491492 -0.0142602 0.999886 0.0388665 -0.314368 1.43518
FixedParameters: 0 0 0

#Transform 120
Transform: AffineTransform_float_3_3
Parameters: 0.999987 0.00101486 -0.00500058 -0.000941137 0.999891 0.0147499 0.00501542 -0.0147451 0.999878 0.0508887 -0.370302 1.51094
FixedParameters: 0 0 0

#Transform 121
Transform: AffineTransform_float_3_3
Parameters: 0.99999 0.00150818 -0.00404565 -0.00144383 0.999874 0.015821 0.00406834 -0.015815 0.999866 -0.0127546 -0.349484 1.43682
FixedParameters: 0 0 0

#Transform 122
Transform: AffineTransform_float_3_3
Parameters: 0.999989 0.00168063 -0.00423062 -0.00160936 0.99986 0.016644 0.00425837 -0.016637 0.999852 -0.0226636 -0.352117 1.49099
FixedParameters: 0 0 0

#Transform 123
Transform: AffineTransform_float_3_3
Parameters: 0.99999 0.0014703 -0.00420913 -0.0013907 0.999822 0.018781 0.00423586 -0.0187749 0.999815 -0.0723167 -0.4768 1.72033
FixedParameters: 0 0 0

#Transform 124
Transform: AffineTransform_float_3_3
Parameters: 0.999991 0.00158506 -0.00390188 -0.00151394 0.999834 0.0181481 0.00393012 -0.0181419 0.999827 -0.0604153 -0.414658 1.49954
FixedParameters: 0 0 0

#Transform 125
Transform: AffineTransform_float_3_3
Parameters: 0.999993 0.00138729 -0.00342419 -0.00132771 0.999845 0.0175467 0.00344783 -0.0175423 0.99984 -0.0467643 -0.379579 1.49228
FixedParameters: 0 0 0

#Transform 126
Transform: AffineTransform_float_3_3
Parameters: 0.99999 0.00108256 -0.0043659 -0.000998436 0.999813 0.0193245 0.00438611 -0.0193204 0.999803 -0.00363533 -0.485586 1.62759
FixedParameters: 0 0 0

#Transform 127
Transform: AffineTransform_float_3_3
Parameters: 0.999992 0.00114162 -0.00367111 -0.00107838 0.999854 0.0170151 0.00368988 -0.0170109 0.999848 -0.0262033 -0.377528 1.53764
FixedParameters: 0 0 0

#Transform 128
Transform: AffineTransform_float_3_3
Parameters: 0.999993 0.00136232 -0.00348979 -0.00130367 0.999861 0.0166607 0.00351221 -0.0166563 0.999855 -0.0247092 -0.335982 1.48141
FixedParameters: 0 0 0

#Transform 129
Transform: AffineTransform_float_3_3
Parameters: 0.999991 0.000534176 -0.00420781 -0.000455824 0.999827 0.0185571 0.00421718 -0.0185559 0.999819 0.0399457 -0.466564 1.69998
FixedParameters: 0 0 0

#Transform 130
Transform: AffineTransform_float_3_3
Parameters: 0.999992 0.00104563 -0.0039859 -0.000974385 0.999839 0.017931 0.00400312 -0.017927 0.999832 0.00264445 -0.388246 1.53536
FixedParameters: 0 0 0

#Transform 131
Transform: AffineTransform_float_3_3
Parameters: 0.999991 0.00103629 -0.00427357 -0.000965706 0.999865 0.0164163 0.00429043 -0.0164117 0.999856 -8.41856e-05 -0.350461 1.50243
FixedParameters: 0 0 0

#Transform 132
Transform: AffineTransform_float_3_3
Parameters: 0.999988 0.00112357 -0.00475848 -0.00104244 0.999853 0.0171102 0.00477653 -0.0171048 0.999843 0.018174 -0.404789 1.59039
FixedParameters: 0 0 0

#Transform 133
Transform: AffineTransform_float_3_3
Parameters: 0.999988 0.00138219 -0.00456505 -0.00130381 0.999853 0.0170861 0.00458794 -0.0170798 0.999843 0.000990297 -0.381413 1.48614
FixedParameters: 0 0 0

#Transform 134
Transform: AffineTransform_float_3_3
Parameters: 0.999989 0.00137433 -0.00434337 -0.00130366 0.999868 0.0161548 0.00436563 -0.0161492 0.99986 -0.0211347 -0.318292 1.40692
FixedParameters: 0 0 0

#Transform 135
Transform: AffineTransform_float_3_3
Parameters: 0.999987 0.000980424 -0.00498424 -0.000891559 0.999839 0.0179127 0.00500177 -0.0179073 0.999827 0.0487516 -0.423711 1.64165
FixedParameters: 0 0 0

#Transform 136
Transform: AffineTransform_float_3_3
Parameters: 0.999988 0.00236206 -0.00411757 -0.00230995 0.999918 0.0126027 0.00414643 -0.0125933 0.999912 -0.0772402 -0.293843 1.48679
FixedParameters: 0 0 0

#Transform 137
Transform: AffineTransform_float_3_3
Parameters: 0.99999 0.00304074 -0.00320533 -0.00300725 0.99994 0.0104787 0.00323768 -0.0104693 0.99994 -0.179718 -0.128997 1.32423
FixedParameters: 0 0 0

#Transform 138
Transform: AffineTransform_float_3_3
Parameters: 0.999992 0.00268967 -0.00315292 -0.00265433 0.999933 0.0112625 0.00318308 -0.0112535 0.999931 -0.154889 -0.186162 1.32985
FixedParameters: 0 0 0

#Transform 139
Transform: AffineTransform_float_3_3
Parameters: 0.999992 0.00174091 -0.0036572 -0.00169009 0.999903 0.0138773 0.0036808 -0.0138707 0.999897 -0.0853446 -0.293286 1.42544
FixedParameters: 0 0 0

#Transform 140
Transform: AffineTransform_float_3_3
Parameters: 0.999988 0.00175484 -0.00453142 -0.00169015 0.999896 0.0142728 0.00455658 -0.0142652 0.999888 -0.04938 -0.246652 1.42924
FixedParameters: 0 0 0

#Transform 141
Transform: AffineTransform_float_3_3
Parameters: 0.999986 0.00177468 -0.00484481 -0.00168931 0.999846 0.0174274 0.00487517 -0.0174196 0.999837 -0.0525972 -0.373053 1.73185
FixedParameters: 0 0 0

#Transform 142
Transform: AffineTransform_float_3_3
Parameters: 0.999989 0.00176312 -0.00437826 -0.00168988 0.99986 0.0166486 0.00440674 -0.0166404 0.999852 -0.0483349 -0.308732 1.4821
FixedParameters: 0 0 0

#Transform 143
Transform: AffineTransform_float_3_3
Parameters: 0.999989 0.00175961 -0.00437967 -0.00168939 0.999873 0.0158466 0.00440732 -0.0158394 0.999865 -0.0370864 -0.324839 1.43546
FixedParameters: 0 0 0

#Transform 144
Transform: AffineTransform_float_3_3
Parameters: 0.999989 0.00122273 -0.00438607 -0.00114427 0.999843 0.0176822 0.00440692 -0.0176768 0.999834 -0.0545247 -0.428457 1.63122
FixedParameters: 0 0 0

#Transform 145
Transform: AffineTransform_float_3_3
Parameters: 0.99999 0.00175588 -0.00396951 -0.00169011 0.999862 0.0165399 0.0039985 -0.0165331 0.999856 -0.0656898 -0.323895 1.46047
FixedParameters: 0 0 0

#Transform 146
Transform: AffineTransform_float_3_3
Parameters: 0.99999 0.00176011 -0.00410565 -0.00168988 0.999854 0.0170181 0.00413535 -0.0170109 0.999847 -0.0564033 -0.363389 1.53989
FixedParameters: 0 0 0

#Transform 147
Transform: AffineTransform_float_3_3
Parameters: 0.999988 0.00176989 -0.00442085 -0.00169012 0.999837 0.0180107 0.00445115 -0.0180023 0.999828 -0.0808755 -0.409765 1.71771
FixedParameters: 0 0 0

#Transform 148
Transform: AffineTransform_float_3_3
Parameters: 0.999989 0.00176255 -0.00438151 -0.00168944 0.999863 0.0165086 0.00441048 -0.0165004 0.999854 -0.0902101 -0.356722 1.55018
FixedParameters: 0 0 0

#Transform 149
Transform: AffineTransform_float_3_3
Parameters: 0.99999 0.00133296 -0.00416847 -0.00125603 0.999834 0.0181724 0.00419251 -0.0181666 0.999826 -0.0952498 -0.408714 1.80993
FixedParameters: 0 0 0

#Transform 150
Transform: AffineTransform_float_3_3
Parameters: 0.99999 0.00134994 -0.00423041 -0.00127707 0.999852 0.0171976 0.00425259 -0.0171914 0.999843 -0.0665796 -0.353779 1.5773
FixedParameters: 0 0 0

#Transform 151
Transform: AffineTransform_float_3_3
Parameters: 0.99999 0.00175945 -0.00396793 -0.00168955 0.999847 0.0174379 0.00399806 -0.0174311 0.99984 -0.100699 -0.342681 1.65455
FixedParameters: 0 0 0

#Transform 152
Transform: AffineTransform_float_3_3
Parameters: 0.999988 0.00178041 -0.00471384 -0.00168959 0.999816 0.0191142 0.00474716 -0.0191058 0.999806 -0.112125 -0.431956 1.91362
FixedParameters: 0 0 0

#Transform 153
Transform: AffineTransform_float_3_3
Parameters: 0.999987 0.00350202 -0.00388336 -0.00346998 0.99996 0.00822159 0.00391264 -0.00820841 0.999958 -0.277609 -0.104231 1.43928
FixedParameters: 0 0 0

#Transform 154
Transform: AffineTransform_float_3_3
Parameters: 0.999989 0.00298554 -0.00344104 -0.00295347 0.999952 0.00942126 0.00346896 -0.00941174 0.999949 -0.245113 -0.121632 1.40234
FixedParameters: 0 0 0

#Transform 155
Transform: AffineTransform_float_3_3
Parameters: 0.999991 0.00263153 -0.00333844 -0.00259045 0.999923 0.0120898 0.00337055 -0.0120802 0.999922 -0.228295 -0.25766 1.45943
FixedParameters: 0 0 0

#Transform 156
Transform: AffineTransform_float_3_3
Parameters: 0.999991 0.00201833 -0.00372954 -0.00196168 0.999881 0.0153114 0.00375947 -0.0153035 0.999876 -0.14533 -0.252378 1.48786
FixedParameters: 0 0 0

#Transform 157
Transform: AffineTransform_float_3_3
Parameters: 0.99999 0.00124668 -0.00425592 -0.00116532 0.999816 0.0191401 0.00427908 -0.0191349 0.999808 -0.074642 -0.391202 1.77684
FixedParameters: 0 0 0

#Transform 158
Transform: AffineTransform_float_3_3
Parameters: 0.999992 0.00187637 -0.00371406 -0.00181963 0.999884 0.0151229 0.00374194 -0.0151161 0.999878 -0.151132 -0.270337 1.48249
FixedParameters: 0 0 0

#Transform 159
Transform: AffineTransform_float_3_3
Parameters: 0.999989 0.00312421 -0.00327848 -0.0030938 0.999953 0.00917824 0.00330652 -0.00916877 0.999953 -0.267104 -0.143855 1.21443
FixedParameters: 0 0 0

#Transform 160
Transform: AffineTransform_float_3_3
Parameters: 0.999991 0.00262643 -0.00333417 -0.00259257 0.999943 0.0102887 0.00336084 -0.0102803 0.999942 -0.202134 -0.141663 1.23804
FixedParameters: 0 0 0

#Transform 161
Transform: AffineTransform_float_3_3
Parameters: 0.999978 0.00223064 -0.00633043 -0.00212335 0.999856 0.0168028 0.00636756 -0.0167892 0.999839 -0.0234922 -0.308353 1.74222
FixedParameters: 0 0 0

#Transform 162
Transform: AffineTransform_float_3_3
Parameters: 0.99998 0.00162691 -0.00610928 -0.0015191 0.999844 0.0176266 0.00613672 -0.0176174 0.999826 0.0524447 -0.356845 1.57938
FixedParameters: 0 0 0

#Transform 163
Transform: AffineTransform_float_3_3
Parameters: 0.999983 0.00161208 -0.00556936 -0.00151693 0.999854 0.0170337 0.00559565 -0.0170253 0.99984 0.0253767 -0.327775 1.62078
FixedParameters: 0 0 0

#Transform 164
Transform: AffineTransform_float_3_3
Parameters: 0.999981 0.00166527 -0.00590099 -0.00155473 0.999825 0.0186425 0.00593101 -0.0186335 0.999809 0.0108202 -0.3819 1.706
FixedParameters: 0 0 0

#Transform 165
Transform: AffineTransform_float_3_3
Parameters: 0.999984 0.00167768 -0.00528828 -0.00159131 0.999865 0.0163517 0.00531572 -0.0163433 0.999853 -0.0225815 -0.28808 1.56051
FixedParameters: 0 0 0

#Transform 166
Transform: AffineTransform_float_3_3
Parameters: 0.999979 0.00170968 -0.00624274 -0.00159833 0.999842 0.0176914 0.00627125 -0.0176817 0.999824 0.0056143 -0.370481 1.60394
FixedParameters: 0 0 0

#Transform 167
Transform: AffineTransform_float_3_3
Parameters: 0.999982 0.00221543 -0.00560673 -0.00212357 0.999865 0.0162622 0.00564127 -0.0162498 0.999852 -0.0698021 -0.317308 1.47702
FixedParameters: 0 0 0

#Transform 168
Transform: AffineTransform_float_3_3
Parameters: 0.999985 0.00254969 -0.00499016 -0.00246231 0.999844 0.0175006 0.00503385 -0.0174884 0.999835 -0.179827 -0.343749 1.57437
FixedParameters: 0 0 0

#Transform 169
Transform: AffineTransform_float_3_3
Parameters: 0.999986 0.00220887 -0.00480387 -0.00212412 0.999843 0.0176014 0.00484213 -0.0175915 0.999833 -0.175328 -0.352022 1.61029
FixedParameters: 0 0 0

#Transform 170
Transform: AffineTransform_float_3_3
Parameters: 0.999983 0.00221142 -0.00528829 -0.00212357 0.999862 0.0164795 0.00532471 -0.0164685 0.99985 -0.111571 -0.343215 1.48612
FixedParameters: 0 0 0

#Transform 171
Transform: AffineTransform_float_3_3
Parameters: 0.999984 0.00199911 -0.00529227 -0.00191287 0.999867 0.0162274 0.00532473 -0.0162166 0.999855 -0.107024 -0.342665 1.5321
FixedParameters: 0 0 0

#Transform 172
Transform: AffineTransform_float_3_3
Parameters: 0.999985 0.00177567 -0.00529572 -0.00168832 0.999866 0.0163262 0.00532427 -0.0163168 0.999852 -0.0844508 -0.307337 1.46898
FixedParameters: 0 0 0

#Transform 173
Transform: AffineTransform_float_3_3
Parameters: 0.999985 0.00177501 -0.00529595 -0.00168899 0.999868 0.0162012 0.00532405 -0.0161918 0.999854 -0.0837357 -0.326304 1.52004
FixedParameters: 0 0 0

#Transform 174
Transform: AffineTransform_float_3_3
Parameters: 0.999983 0.0023212 -0.00522009 -0.0022338 0.999859 0.0166499 0.00525791 -0.0166381 0.999848 -0.104622 -0.314216 1.54141
FixedParameters: 0 0 0

#Transform 175
Transform: AffineTransform_float_3_3
Parameters: 0.99998 0.0024503 -0.00570208 -0.00234271 0.999822 0.0187477 0.00574691 -0.0187343 0.999808 -0.102564 -0.374703 1.70113
FixedParameters: 0 0 0

#Transform 176
Transform: AffineTransform_float_3_3
Parameters: 0.999983 0.00243697 -0.00520412 -0.002332 0.999795 0.0200835 0.00525287 -0.0200705 0.999785 -0.121181 -0.404425 1.69973
FixedParameters: 0 0 0

#Transform 177
Transform: AffineTransform_float_3_3
Parameters: 0.999984 0.00243956 -0.00520606 -0.00233944 0.999812 0.0192355 0.00525196 -0.0192225 0.999802 -0.166837 -0.334134 1.94793
FixedParameters: 0 0 0

#Transform 178
Transform: AffineTransform_float_3_3
Parameters: 0.999983 0.00243309 -0.00520415 -0.00232789 0.999795 0.0201055 0.00525285 -0.0200926 0.999785 -0.181281 -0.381681 1.86901
FixedParameters: 0 0 0

#Transform 179
Transform: AffineTransform_float_3_3
Parameters: 0.999986 0.00241861 -0.00472571 -0.00232838 0.999815 0.0190863 0.0047713 -0.0190757 0.999806 -0.160437 -0.354939 1.72496
FixedParameters: 0 0 0

#Transform 180
Transform: AffineTransform_float_3_3
Parameters: 0.999982 0.00202675 -0.00567062 -0.00191326 0.999799 0.0199942 0.00570938 -0.0199828 0.999784 -0.120392 -0.428248 1.95781
FixedParameters: 0 0 0

#Transform 181
Transform: AffineTransform_float_3_3
Parameters: 0.999982 0.002475 -0.00536039 -0.00237598 0.999828 0.0183981 0.00540561 -0.0183849 0.999817 -0.114092 -0.334162 1.72174
FixedParameters: 0 0 0

#Transform 182
Transform: AffineTransform_float_3_3
Parameters: 0.99998 0.00235845 -0.00587951 -0.00224754 0.999819 0.0188906 0.0059235 -0.0188774 0.999805 -0.0643357 -0.388788 1.76549
FixedParameters: 0 0 0

#Transform 183
Transform: AffineTransform_float_3_3
Parameters: 0.999964 0.00287881 -0.00790726 -0.00271417 0.999783 0.0206502 0.00796571 -0.0206278 0.999755 -0.139763 -0.449865 1.9431
FixedParameters: 0 0 0

#Transform 184
Transform: AffineTransform_float_3_3
Parameters: 0.999973 0.0029699 -0.00662741 -0.00285209 0.999839 0.0177284 0.00667958 -0.0177096 0.999821 -0.151368 -0.340978 1.69593
FixedParameters: 0 0 0

#Transform 185
Transform: AffineTransform_float_3_3
Parameters: 0.999978 0.00317422 -0.00579015 -0.00309078 0.999892 0.0143252 0.00583484 -0.0143068 0.99988 -0.215615 -0.242755 1.58247
FixedParameters: 0 0 0

#Transform 186
Transform: AffineTransform_float_3_3
Parameters: 0.999979 0.00311636 -0.00558731 -0.00303363 0.999885 0.0148663 0.00563369 -0.0148487 0.999874 -0.208292 -0.274286 1.58447
FixedParameters: 0 0 0

#Transform 187
Transform: AffineTransform_float_3_3
Parameters: 0.99998 0.00302409 -0.00555072 -0.00292892 0.999847 0.0172386 0.0056013 -0.0172224 0.999836 -0.183648 -0.287903 1.54055
FixedParameters: 0 0 0

#Transform 188
Transform: AffineTransform_float_3_3
Parameters: 0.999975 0.00233019 -0.00676735 -0.00218981 0.999785 0.0206484 0.00681465 -0.0206337 0.999764 -0.104928 -0.425035 1.8681
FixedParameters: 0 0 0

#Transform 189
Transform: AffineTransform_float_3_3
Parameters: 0.999976 0.00260632 -0.00643796 -0.00246569 0.999762 0.0217074 0.00649303 -0.0216916 0.999743 -0.103489 -0.447386 1.67493
FixedParameters: 0 0 0

#Transform 190
Transform: AffineTransform_float_3_3
