#Insight Transform File V1.0
#Transform 0
Transform: AffineTransform_float_3_3
Parameters: 0.999996 -0.00204168 -0.00156355 0.00205532 0.999961 0.00856782 0.00154544 -0.00857119 0.999962 -0.25104 0.199781 0.41311
FixedParameters: 0 0 0

#Transform 1
Transform: AffineTransform_float_3_3
Parameters: 0.999997 -0.00176986 -0.00129024 0.00177814 0.999979 0.00633472 0.00127876 -0.00633628 0.999979 -0.254689 0.220638 0.464516
FixedParameters: 0 0 0

#Transform 2
Transform: AffineTransform_float_3_3
Parameters: 0.999997 -0.0021541 -0.00161093 0.00215991 0.999991 0.00367353 0.00160307 -0.00367647 0.999992 -0.120462 0.304611 0.804744
FixedParameters: 0 0 0

#Transform 3
Transform: AffineTransform_float_3_3
Parameters: 0.999993 -0.00236246 -0.0026342 0.00237654 0.999984 0.00514777 0.0026228 -0.00515323 0.999984 -0.0597508 0.0723963 0.423928
FixedParameters: 0 0 0

#Transform 4
Transform: AffineTransform_float_3_3
Parameters: 0.999996 -0.00239214 -0.00187693 0.00240287 0.99998 0.00580752 0.00186307 -0.00581249 0.999982 -0.0311779 0.32389 0.533599
FixedParameters: 0 0 0

#Transform 5
Transform: AffineTransform_float_3_3
Parameters: 0.999994 -0.00285775 -0.00162052 0.00286125 0.999993 0.00262738 0.00161348 -0.00263263 0.999995 -0.00874256 0.0343946 0.295656
FixedParameters: 0 0 0

#Transform 6
Transform: AffineTransform_float_3_3
Parameters: 0.999994 -0.00157644 -0.00315181 0.00158756 0.999992 0.00366902 0.00314619 -0.00367398 0.999989 -0.102487 0.193637 0.219923
FixedParameters: 0 0 0

#Transform 7
Transform: AffineTransform_float_3_3
Parameters: 0.999993 -0.000759791 -0.00360038 0.000771209 0.999995 0.00311224 0.00359862 -0.00311575 0.999988 -0.106011 0.122443 0.147832
FixedParameters: 0 0 0

#Transform 8
Transform: AffineTransform_float_3_3
Parameters: 0.999995 -0.000361984 -0.00333233 0.000374014 0.999994 0.00360578 0.00333067 -0.00360723 0.999988 -0.128949 0.0856144 0.0513019
FixedParameters: 0 0 0

#Transform 9
Transform: AffineTransform_float_3_3
Parameters: 0.999996 -0.00102085 -0.00265975 0.00102815 0.999996 0.00268728 0.00265625 -0.00268972 0.999993 -0.0751443 -0.0207567 -0.0264635
FixedParameters: 0 0 0

#Transform 10
Transform: AffineTransform_float_3_3
Parameters: 0.999997 -0.00114942 -0.00223839 0.00115558 0.999995 0.00294142 0.00223461 -0.00294458 0.999993 -0.0623028 0.124014 -0.0108555
FixedParameters: 0 0 0

#Transform 11
Transform: AffineTransform_float_3_3
Parameters: 0.999998 -0.000764396 -0.00145789 0.000768603 0.999996 0.00247288 0.0014561 -0.00247412 0.999996 -0.0594679 0.00416321 -0.0498967
FixedParameters: 0 0 0

#Transform 12
Transform: AffineTransform_float_3_3
Parameters: 0.999998 -0.000710998 -0.00145845 0.000716003 0.999994 0.00343196 0.00145655 -0.00343304 0.999993 -0.0421249 0.0233428 -0.0610647
FixedParameters: 0 0 0

#Transform 13
Transform: AffineTransform_float_3_3
Parameters: 0.999998 -0.000238624 -0.00225425 0.000241375 1 0.00105346 0.00225375 -0.00105454 0.999997 -0.0354565 0.0565738 -0.14024
FixedParameters: 0 0 0

#Transform 14
Transform: AffineTransform_float_3_3
Parameters: 0.999999 -0.000237123 -0.00128672 0.000240878 0.999996 0.00301369 0.00128628 -0.00301431 0.999994 -0.0260678 -0.0386586 -0.0366556
FixedParameters: 0 0 0

#Transform 15
Transform: AffineTransform_float_3_3
Parameters: 0.999999 -0.000237464 -0.00122269 0.000241534 0.999996 0.00289271 0.00122131 -0.00289329 0.999995 -0.0201967 0.0219429 -0.0637548
FixedParameters: 0 0 0

#Transform 16
Transform: AffineTransform_float_3_3
Parameters: 1 -0.000238657 -0.00101955 0.000241342 0.999998 0.00229876 0.00101845 -0.00229924 0.999997 -0.0027189 0.0333428 -0.0742157
FixedParameters: 0 0 0

#Transform 17
Transform: AffineTransform_float_3_3
Parameters: 1 -0.000237904 -0.00116863 0.000241095 0.999996 0.00265072 0.00116737 -0.00265028 0.999996 -0.0306512 0.0185733 -0.0994324
FixedParameters: 0 0 0

#Transform 18
Transform: AffineTransform_float_3_3
Parameters: 1 0.00025554 -0.000953324 -0.000252462 0.999997 0.00266224 0.000953676 -0.00266276 0.999996 -0.0264822 -0.000879895 -0.0771167
FixedParameters: 0 0 0

#Transform 19
Transform: AffineTransform_float_3_3
Parameters: 0.999999 1.00356e-05 -0.00154099 -7.96432e-06 0.999999 0.00132101 0.00154101 -0.00132099 0.999998 -0.0548784 -0.0326005 -0.18533
FixedParameters: 0 0 0

#Transform 20
Transform: AffineTransform_float_3_3
Parameters: 0.999999 0.000224104 -0.000841706 -0.000222895 0.999999 0.00131219 0.000842293 -0.00131181 0.999999 -0.0230312 0.0321396 -0.037618
FixedParameters: 0 0 0

#Transform 21
Transform: AffineTransform_float_3_3
Parameters: 1 0.000586077 -0.000100549 -0.000585923 0.999999 0.000769058 0.000100451 -0.000768941 0.999999 -0.0281195 -0.12621 -0.138944
FixedParameters: 0 0 0

#Transform 22
Transform: AffineTransform_float_3_3
Parameters: 1 0.000177013 0.000313993 -0.000176987 1 -4.20556e-05 -0.000314007 4.19444e-05 1 -0.016519 0.00554264 0.0784626
FixedParameters: 0 0 0

#Transform 23
Transform: AffineTransform_float_3_3
Parameters: 0.999999 0.000130078 -0.0013479 -0.000128921 0.999999 0.000800174 0.0013481 -0.000799825 0.999999 -0.0823669 -0.0317761 -0.00194232
FixedParameters: 0 0 0

#Transform 24
Transform: AffineTransform_float_3_3
Parameters: 1 0.000585223 -0.000937486 -0.000585778 1 -0.000828452 0.000937515 0.00082955 0.999999 -0.0970828 -0.14041 -0.111231
FixedParameters: 0 0 0

#Transform 25
Transform: AffineTransform_float_3_3
Parameters: 1 -0.000590002 -0.000145992 0.000589998 1 -1.30861e-05 0.000146008 1.29139e-05 1 -0.0320179 0.116279 0.248189
FixedParameters: 0 0 0

#Transform 26
Transform: AffineTransform_float_3_3
Parameters: 0.999999 -0.000185283 0.00154233 0.000188717 0.999999 -0.00176171 -0.00154167 0.00176229 0.999998 0.0715569 -0.0258588 0.634734
FixedParameters: 0 0 0

#Transform 27
Transform: AffineTransform_float_3_3
Parameters: 1 -0.000622817 0.00099001 0.000626183 0.999994 -0.00321838 -0.000987991 0.00321862 0.999995 0.0673218 -0.181188 0.323769
FixedParameters: 0 0 0

#Transform 28
Transform: AffineTransform_float_3_3
Parameters: 0.999999 -0.000184852 0.00176098 0.000194148 0.999987 -0.00519567 -0.00176002 0.00519634 0.999985 0.0564446 0.058615 0.0762101
FixedParameters: 0 0 0

#Transform 29
Transform: AffineTransform_float_3_3
Parameters: 0.999998 -0.000126523 0.00203681 0.000139474 0.999981 -0.00612773 -0.00203518 0.00612727 0.999979 -3.63963e-05 -0.0813414 0.139953
FixedParameters: 0 0 0

#Transform 30
Transform: AffineTransform_float_3_3
Parameters: 0.999997 0.000223566 0.00235502 -0.000212435 0.99999 -0.00448551 -0.00235598 0.00448549 0.999987 -0.00834464 -0.170734 0.369222
FixedParameters: 0 0 0

#Transform 31
Transform: AffineTransform_float_3_3
Parameters: 0.999993 0.000382174 0.00376359 -0.000367827 0.999993 -0.00376641 -0.00376441 0.00376459 0.999986 0.0377716 -0.264391 0.158923
FixedParameters: 0 0 0

#Transform 32
Transform: AffineTransform_float_3_3
Parameters: 0.999991 0.000296576 0.00419973 -0.000277422 0.99999 -0.00442321 -0.00420127 0.0044218 0.999982 0.0520729 0.0684751 0.354325
FixedParameters: 0 0 0

#Transform 33
Transform: AffineTransform_float_3_3
Parameters: 0.999991 -0.00014273 0.00438342 0.000155266 0.999996 -0.00279835 -0.00438259 0.00279965 0.999987 0.0256953 -0.108732 0.314786
FixedParameters: 0 0 0

#Transform 34
Transform: AffineTransform_float_3_3
Parameters: 0.999985 -0.000364557 0.00544104 0.000349444 0.999997 0.00267594 -0.00544195 -0.00267406 0.999981 0.0323512 0.300757 0.74407
FixedParameters: 0 0 0

#Transform 35
Transform: AffineTransform_float_3_3
Parameters: 0.999978 0.000212875 0.00652284 -0.000208129 0.999999 -0.000747374 -0.00652316 0.000746627 0.999979 0.0847657 0.209563 0.896044
FixedParameters: 0 0 0

#Transform 36
Transform: AffineTransform_float_3_3
Parameters: 0.999985 0.000536859 0.00531851 -0.000532136 1 -0.000915844 -0.00531949 0.000912158 0.999986 0.0397033 -0.141283 0.385997
FixedParameters: 0 0 0

#Transform 37
Transform: AffineTransform_float_3_3
Parameters: 0.999978 0.000315625 0.00652836 -0.000301373 0.999998 -0.00208801 -0.00652964 0.00208598 0.999977 0.0891196 0.220358 0.554986
FixedParameters: 0 0 0

#Transform 38
Transform: AffineTransform_float_3_3
Parameters: 0.999977 0.00048607 0.00665398 -0.000471928 0.999997 -0.00211619 -0.00665501 0.00211281 0.999975 0.104487 -0.00714767 0.443205
FixedParameters: 0 0 0

#Transform 39
Transform: AffineTransform_float_3_3
Parameters: 0.999976 0.000620384 0.00698883 -0.000606621 0.999998 -0.00191629 -0.00699018 0.00191271 0.999973 0.119491 0.060898 0.376338
FixedParameters: 0 0 0

#Transform 40
Transform: AffineTransform_float_3_3
Parameters: 0.999974 0.000349023 0.00709951 -0.000338974 0.999999 -0.00141344 -0.00709948 0.00141056 0.999974 0.159557 0.143681 0.478034
FixedParameters: 0 0 0

#Transform 41
Transform: AffineTransform_float_3_3
Parameters: 0.999976 0.000617814 0.00700376 -0.00061519 0.999999 -0.000403319 -0.00700425 0.000399683 0.999976 0.152546 -0.0999554 0.0820616
FixedParameters: 0 0 0

#Transform 42
Transform: AffineTransform_float_3_3
Parameters: 0.999977 0.000591291 0.00672463 -0.00058671 0.999999 -0.00063996 -0.00672438 0.000636038 0.999977 0.1819 0.11184 0.251096
FixedParameters: 0 0 0

#Transform 43
Transform: AffineTransform_float_3_3
Parameters: 0.999978 0.000429108 0.00664861 -0.000422888 1 -0.000920833 -0.00664839 0.000917168 0.999978 0.177051 0.0489643 0.433847
FixedParameters: 0 0 0

#Transform 44
Transform: AffineTransform_float_3_3
Parameters: 0.999968 -0.000547306 0.00795074 0.000571692 0.999995 -0.00310355 -0.00794926 0.00310845 0.999963 0.231678 -0.126539 0.256431
FixedParameters: 0 0 0

#Transform 45
Transform: AffineTransform_float_3_3
Parameters: 0.999991 0.00370551 0.00173285 -0.00366248 0.999707 -0.0239266 -0.00182114 0.0239195 0.999712 -0.0121532 -0.323581 0.150609
FixedParameters: 0 0 0

#Transform 46
Transform: AffineTransform_float_3_3
Parameters: 0.999993 0.00217914 -0.00303842 -0.00226085 0.999628 -0.0272043 0.00297759 0.0272117 0.999626 -0.117177 -0.611502 0.303407
FixedParameters: 0 0 0

#Transform 47
Transform: AffineTransform_float_3_3
Parameters: 0.999988 -0.000373706 -0.00489369 0.00029629 0.999874 -0.0158696 0.00489932 0.0158684 0.999862 -0.302628 -0.515039 -0.106814
FixedParameters: 0 0 0

#Transform 48
Transform: AffineTransform_float_3_3
Parameters: 0.999988 0.000692155 -0.00498735 -0.000762842 0.999898 -0.0142174 0.00497666 0.0142206 0.999887 -0.243114 -0.421452 -0.195078
FixedParameters: 0 0 0

#Transform 49
Transform: AffineTransform_float_3_3
Parameters: 0.999989 0.000346029 -0.00467327 -0.000410969 0.999903 -0.0139092 0.00466774 0.0139108 0.999893 -0.215014 -0.412761 -0.287443
FixedParameters: 0 0 0

#Transform 50
Transform: AffineTransform_float_3_3
Parameters: 0.999992 -0.000356382 -0.00381639 0.000303622 0.999902 -0.0139793 0.00382062 0.0139777 0.999895 -0.124049 -0.487796 -0.275507
FixedParameters: 0 0 0

#Transform 51
Transform: AffineTransform_float_3_3
Parameters: 0.99999 0.000137838 -0.00436045 -0.000201156 0.999895 -0.0144883 0.00435754 0.0144887 0.999885 -0.175764 -0.46939 -0.525599
FixedParameters: 0 0 0

#Transform 52
Transform: AffineTransform_float_3_3
Parameters: 0.999994 0.000966208 -0.00335527 -0.00103379 0.999794 -0.0202617 0.00333474 0.0202654 0.999789 -0.15683 -0.627713 -1.01041
FixedParameters: 0 0 0

#Transform 53
Transform: AffineTransform_float_3_3
Parameters: 0.999997 0.000859702 -0.00232267 -0.000887302 0.999925 -0.01221 0.00231234 0.012212 0.999923 -0.100823 -0.569162 -0.569212
FixedParameters: 0 0 0

#Transform 54
Transform: AffineTransform_float_3_3
Parameters: 0.999997 0.00135892 -0.00191486 -0.00138108 0.999932 -0.0115774 0.00189914 0.0115796 0.999931 -0.0874494 -0.48319 -0.526116
FixedParameters: 0 0 0

#Transform 55
Transform: AffineTransform_float_3_3
Parameters: 0.999997 0.0013552 -0.00213658 -0.0013818 0.999925 -0.0121181 0.00212041 0.0121209 0.999925 -0.0969449 -0.485944 -0.547325
FixedParameters: 0 0 0

#Transform 56
Transform: AffineTransform_float_3_3
Parameters: 0.999995 0.00134142 -0.0030696 -0.00138158 0.999916 -0.0129278 0.00305239 0.0129322 0.999911 -0.0535578 -0.533505 -0.895999
FixedParameters: 0 0 0

#Transform 57
Transform: AffineTransform_float_3_3
Parameters: 0.999989 0.00132441 -0.0043576 -0.00138158 0.999915 -0.0130081 0.00433939 0.0130149 0.999906 -0.0896355 -0.709221 -1.25356
FixedParameters: 0 0 0

#Transform 58
Transform: AffineTransform_float_3_3
Parameters: 0.999989 0.000912365 -0.00444821 -0.000970636 0.999916 -0.0129728 0.00443578 0.0129762 0.999906 -0.102256 -0.743021 -1.36785
FixedParameters: 0 0 0

#Transform 59
Transform: AffineTransform_float_3_3
Parameters: 0.999991 0.000659841 -0.00420335 -0.000711166 0.999925 -0.0121811 0.00419565 0.0121839 0.999917 -0.145064 -0.596674 -1.13144
FixedParameters: 0 0 0

#Transform 60
Transform: AffineTransform_float_3_3
Parameters: 0.999992 0.000827268 -0.00409059 -0.000877735 0.999922 -0.0124155 0.00408041 0.0124195 0.999914 -0.153914 -0.707587 -1.22983
FixedParameters: 0 0 0

#Transform 61
Transform: AffineTransform_float_3_3
Parameters: 0.99999 0.0010159 -0.00419521 -0.0010691 0.999919 -0.0126756 0.00418178 0.0126794 0.999911 -0.146521 -0.676149 -1.27694
FixedParameters: 0 0 0

#Transform 62
Transform: AffineTransform_float_3_3
Parameters: 0.99999 0.00132909 -0.00416194 -0.00138191 0.999921 -0.0124954 0.00414505 0.0125006 0.999914 -0.146972 -0.673679 -1.27406
FixedParameters: 0 0 0

#Transform 63
Transform: AffineTransform_float_3_3
Parameters: 0.999991 0.00105818 -0.00414783 -0.00111082 0.999918 -0.0127525 0.00413417 0.0127575 0.99991 -0.143169 -0.702067 -1.30014
FixedParameters: 0 0 0

#Transform 64
Transform: AffineTransform_float_3_3
Parameters: 0.999993 0.000849395 -0.00346922 -0.000894601 0.999916 -0.012876 0.00345777 0.012879 0.999911 -0.128177 -0.60382 -1.27094
FixedParameters: 0 0 0

#Transform 65
Transform: AffineTransform_float_3_3
Parameters: 0.999996 0.00064617 -0.00299196 -0.000681831 0.999928 -0.01199 0.00298404 0.011992 0.999923 -0.120629 -0.765619 -1.29223
FixedParameters: 0 0 0

#Transform 66
Transform: AffineTransform_float_3_3
Parameters: 0.999996 0.00106564 -0.00234346 -0.00109836 0.999897 -0.0142795 0.00232855 0.0142815 0.999896 -0.118403 -0.54181 -0.802923
FixedParameters: 0 0 0

#Transform 67
Transform: AffineTransform_float_3_3
Parameters: 0.999995 0.00134066 -0.00292085 -0.00138134 0.999903 -0.013853 0.00290214 0.013857 0.9999 -0.117766 -0.634108 -0.859435
FixedParameters: 0 0 0

#Transform 68
Transform: AffineTransform_float_3_3
Parameters: 0.999998 0.000996512 -0.00199453 -0.00102648 0.999881 -0.015344 0.00197848 0.015346 0.999881 -0.0771927 -0.516095 -0.73295
FixedParameters: 0 0 0

#Transform 69
Transform: AffineTransform_float_3_3
Parameters: 0.999998 0.00135988 -0.00132601 -0.00138112 0.99987 -0.0160572 0.00130399 0.0160588 0.99987 -0.0928019 -0.886702 -0.874778
FixedParameters: 0 0 0

#Transform 70
Transform: AffineTransform_float_3_3
Parameters: 0.999999 0.00137171 -0.00064803 -0.00138128 0.999893 -0.0145521 0.000627965 0.0145529 0.999894 -0.0689105 -0.593888 -0.843877
FixedParameters: 0 0 0

#Transform 71
Transform: AffineTransform_float_3_3
Parameters: 0.999998 0.00125844 -0.00111482 -0.00127455 0.9999 -0.0140706 0.00109617 0.0140714 0.999901 -0.0321252 -0.558495 -0.806472
FixedParameters: 0 0 0

#Transform 72
Transform: AffineTransform_float_3_3
Parameters: 0.999998 0.00135954 -0.00148099 -0.00138146 0.999892 -0.014586 0.001461 0.014588 0.999892 -0.0669289 -0.711511 -1.04429
FixedParameters: 0 0 0

#Transform 73
Transform: AffineTransform_float_3_3
Parameters: 0.999998 0.00136237 -0.00133725 -0.00138163 0.9999 -0.0140302 0.00131774 0.0140318 0.9999 -0.0680335 -0.64692 -1.0025
FixedParameters: 0 0 0

#Transform 74
Transform: AffineTransform_float_3_3
Parameters: 0.999998 0.00149482 -0.00133858 -0.00151317 0.999906 -0.013682 0.00131742 0.013684 0.999906 -0.0859425 -0.662284 -1.18535
FixedParameters: 0 0 0

#Transform 75
Transform: AffineTransform_float_3_3
Parameters: 0.999998 0.00136176 -0.00133787 -0.00138123 0.999894 -0.0144852 0.00131713 0.0144868 0.999894 -0.058968 -0.496021 -1.1619
FixedParameters: 0 0 0

#Transform 76
Transform: AffineTransform_float_3_3
Parameters: 0.999998 0.00177114 -0.000670869 -0.00177986 0.999908 -0.0134418 0.000647133 0.0134432 0.99991 -0.0563189 -0.687769 -1.02735
FixedParameters: 0 0 0

#Transform 77
Transform: AffineTransform_float_3_3
Parameters: 0.999999 0.00165894 -0.00070612 -0.00166906 0.999893 -0.0144938 0.000681879 0.0144951 0.999894 -0.0512648 -0.549063 -1.00279
FixedParameters: 0 0 0

#Transform 78
Transform: AffineTransform_float_3_3
Parameters: 0.999998 0.00180297 0.000520121 -0.00179503 0.999887 -0.014941 -0.00054688 0.01494 0.999888 0.00884563 -0.599243 -0.908402
FixedParameters: 0 0 0

#Transform 79
Transform: AffineTransform_float_3_3
Parameters: 0.999998 0.00178482 0.000629539 -0.00177518 0.999904 -0.0137391 -0.00065445 0.0137379 0.999906 0.000458154 -0.776977 -1.05484
FixedParameters: 0 0 0

#Transform 80
Transform: AffineTransform_float_3_3
Parameters: 0.999998 0.00152417 0.000519433 -0.00151684 0.999908 -0.0135258 -0.000539566 0.0135252 0.999909 -0.0121471 -0.481227 -0.971404
FixedParameters: 0 0 0

#Transform 81
Transform: AffineTransform_float_3_3
Parameters: 0.999999 0.0018235 0.000167791 -0.0018205 0.999902 -0.0138333 -0.000193203 0.0138337 0.999905 -0.0470229 -0.638058 -0.803705
FixedParameters: 0 0 0

#Transform 82
Transform: AffineTransform_float_3_3
Parameters: 0.999998 0.00189393 -1.75391e-05 -0.00189407 0.999921 -0.012428 -6.53997e-06 0.012428 0.999923 -0.0177471 -0.570077 -0.810887
FixedParameters: 0 0 0

#Transform 83
Transform: AffineTransform_float_3_3
Parameters: 0.999999 0.00186014 0.000184588 -0.00185786 0.999938 -0.0109794 -0.000205409 0.0109786 0.999939 0.00697268 -0.563978 -0.701511
FixedParameters: 0 0 0

#Transform 84
Transform: AffineTransform_float_3_3
Parameters: 0.999997 0.00205844 0.000707901 -0.00205055 0.999929 -0.0117315 -0.000732104 0.0117295 0.999931 0.00204931 -0.574612 -0.87071
FixedParameters: 0 0 0

#Transform 85
Transform: AffineTransform_float_3_3
Parameters: 0.999998 0.0022901 0.000169675 -0.00228789 0.999932 -0.0115004 -0.000196323 0.0114996 0.999934 -0.0410087 -0.494885 -0.886664
FixedParameters: 0 0 0

#Transform 86
Transform: AffineTransform_float_3_3
Parameters: 0.999997 0.00229418 0.000654706 -0.00228781 0.999954 -0.00929452 -0.00067629 0.00929247 0.999956 -0.0313636 -0.470778 -0.862287
FixedParameters: 0 0 0

#Transform 87
Transform: AffineTransform_float_3_3
Parameters: 0.999997 0.00222345 0.000905512 -0.00221455 0.999955 -0.00923303 -0.000925484 0.00923097 0.999957 -0.0253025 -0.523042 -0.865682
FixedParameters: 0 0 0

#Transform 88
Transform: AffineTransform_float_3_3
Parameters: 0.999997 0.00229864 0.0010541 -0.00228836 0.999948 -0.00998445 -0.0010769 0.00998256 0.999949 -0.0234594 -0.533557 -0.784985
FixedParameters: 0 0 0

#Transform 89
Transform: AffineTransform_float_3_3
Parameters: 0.999997 0.00229667 0.000904288 -0.00228833 0.999952 -0.00947209 -0.000925714 0.0094699 0.999954 -0.0181562 -0.522678 -0.909108
FixedParameters: 0 0 0

#Transform 90
Transform: AffineTransform_float_3_3
Parameters: 0.999997 0.00229737 0.000902511 -0.00228764 0.999945 -0.0102461 -0.000925485 0.0102439 0.999947 -0.0264814 -0.469997 -0.957435
FixedParameters: 0 0 0

#Transform 91
Transform: AffineTransform_float_3_3
Parameters: 0.999998 0.00187872 0.000908186 -0.00187029 0.999953 -0.00950472 -0.000925818 0.00950329 0.999955 -0.00269505 -0.562328 -0.874623
FixedParameters: 0 0 0

#Transform 92
Transform: AffineTransform_float_3_3
Parameters: 0.999998 0.00186412 0.000625047 -0.00185788 0.999951 -0.00964718 -0.000642952 0.00964582 0.999954 -0.0253369 -0.638956 -0.934749
FixedParameters: 0 0 0

#Transform 93
Transform: AffineTransform_float_3_3
Parameters: 0.999998 0.00186058 0.000380933 -0.00185742 0.999956 -0.00918172 -0.000398069 0.00918028 0.999958 -0.0534854 -0.484809 -0.924824
FixedParameters: 0 0 0

#Transform 94
Transform: AffineTransform_float_3_3
Parameters: 0.999998 0.00186368 0.000183668 -0.00186232 0.99996 -0.00876735 -0.000199334 0.00876664 0.999961 -0.0409695 -0.587698 -0.890982
FixedParameters: 0 0 0

#Transform 95
Transform: AffineTransform_float_3_3
Parameters: 0.999998 0.00219211 0.000427452 -0.0021879 0.999953 -0.00938295 -0.000447548 0.00938204 0.999956 -0.0375967 -0.53872 -0.845438
FixedParameters: 0 0 0

#Transform 96
Transform: AffineTransform_float_3_3
Parameters: 0.999998 0.00199433 0.000345304 -0.00199167 0.999954 -0.00938271 -0.000364703 0.00938229 0.999956 -0.0336709 -0.452229 -0.801972
FixedParameters: 0 0 0

#Transform 97
Transform: AffineTransform_float_3_3
Parameters: 0.999997 0.00229705 0.00093098 -0.00228795 0.999951 -0.00960617 -0.00095302 0.00960385 0.999954 -0.0330153 -0.564714 -0.823614
FixedParameters: 0 0 0

#Transform 98
Transform: AffineTransform_float_3_3
Parameters: 0.999997 0.00200383 0.0008697 -0.00199417 0.999936 -0.0111568 -0.000892303 0.0111552 0.999938 -0.0294836 -0.597081 -0.851567
FixedParameters: 0 0 0

#Transform 99
Transform: AffineTransform_float_3_3
Parameters: 0.999997 0.00189726 0.000995839 -0.00188674 0.999935 -0.0111869 -0.00101717 0.0111851 0.999937 -0.0111907 -0.551634 -0.870181
FixedParameters: 0 0 0

#Transform 100
Transform: AffineTransform_float_3_3
Parameters: 0.999998 0.00148022 0.00173781 -0.00146078 0.999939 -0.0110096 -0.00175419 0.0110074 0.999938 0.0173838 -0.468365 -0.725294
FixedParameters: 0 0 0

#Transform 101
Transform: AffineTransform_float_3_3
Parameters: 0.999998 0.00105623 0.00137116 -0.00104177 0.999946 -0.0103364 -0.00138184 0.0103346 0.999945 0.0513609 -0.612039 -0.756636
FixedParameters: 0 0 0

#Transform 102
Transform: AffineTransform_float_3_3
Parameters: 0.999999 0.000894134 0.000947539 -0.000883861 0.999943 -0.0106418 -0.00095746 0.0106412 0.999943 0.0280863 -0.449247 -0.718807
FixedParameters: 0 0 0

#Transform 103
Transform: AffineTransform_float_3_3
Parameters: 0.999999 0.000901751 0.000947818 -0.000892248 0.999947 -0.0102379 -0.000957185 0.0102371 0.999947 0.0367929 -0.629391 -0.735689
FixedParameters: 0 0 0

#Transform 104
Transform: AffineTransform_float_3_3
Parameters: 0.999999 0.00103969 0.000946459 -0.00102931 0.999947 -0.010186 -0.000956533 0.010185 0.999947 0.0254078 -0.568568 -0.773891
FixedParameters: 0 0 0

#Transform 105
Transform: AffineTransform_float_3_3
Parameters: 0.999999 0.000647821 0.00125547 -0.000635173 0.999948 -0.0101858 -0.00126254 0.0101852 0.999948 0.0911376 -0.563673 -0.809819
FixedParameters: 0 0 0

#Transform 106
Transform: AffineTransform_float_3_3
Parameters: 0.999999 0.000721813 0.00127986 -0.000709185 0.99995 -0.00998392 -0.00128714 0.00998308 0.99995 0.073561 -0.528265 -0.821789
FixedParameters: 0 0 0

#Transform 107
Transform: AffineTransform_float_3_3
Parameters: 0.999998 0.000757469 0.00146863 -0.000742527 0.999952 -0.0098281 -0.00147637 0.0098269 0.99995 0.0929197 -0.520395 -0.84382
FixedParameters: 0 0 0

#Transform 108
Transform: AffineTransform_float_3_3
Parameters: 1 0.000639643 0.000948569 -0.000630364 0.999949 -0.0101306 -0.000954436 0.0101304 0.999948 0.0720059 -0.530433 -0.876471
FixedParameters: 0 0 0

#Transform 109
Transform: AffineTransform_float_3_3
Parameters: 0.999999 0.00135523 0.00123014 -0.00133577 0.999879 -0.0155037 -0.00125086 0.0155023 0.999879 0.102058 -0.407408 -0.811533
FixedParameters: 0 0 0

#Transform 110
Transform: AffineTransform_float_3_3
Parameters: 0.999998 0.00208614 0.000852529 -0.00207285 0.999884 -0.0151338 -0.000884471 0.0151322 0.999885 0.146213 -0.763137 -0.906995
FixedParameters: 0 0 0

#Transform 111
Transform: AffineTransform_float_3_3
Parameters: 0.999997 0.0019902 0.00125608 -0.0019708 0.999884 -0.0151065 -0.00128592 0.0151035 0.999885 0.154702 -0.570181 -0.886484
FixedParameters: 0 0 0

#Transform 112
Transform: AffineTransform_float_3_3
Parameters: 0.999998 0.00183215 0.00136567 -0.00181284 0.999902 -0.0138975 -0.00139133 0.0138945 0.999903 0.14503 -0.637004 -0.870636
FixedParameters: 0 0 0

#Transform 113
Transform: AffineTransform_float_3_3
Parameters: 0.999997 0.00178553 0.00169249 -0.00176046 0.999895 -0.014387 -0.0017185 0.014384 0.999895 0.15249 -0.598815 -0.849628
FixedParameters: 0 0 0

#Transform 114
Transform: AffineTransform_float_3_3
Parameters: 0.999997 0.00178457 0.00175536 -0.00175942 0.999902 -0.0139011 -0.00178063 0.0138979 0.999902 0.153721 -0.567199 -0.877325
FixedParameters: 0 0 0

#Transform 115
Transform: AffineTransform_float_3_3
Parameters: 0.999995 0.00154473 0.0024916 -0.00150826 0.999891 -0.0146778 -0.00251441 0.0146742 0.999889 0.147691 -0.418486 -0.705006
FixedParameters: 0 0 0

#Transform 116
Transform: AffineTransform_float_3_3
Parameters: 0.999995 0.00171334 0.00266574 -0.00167466 0.999896 -0.0143185 -0.00269025 0.0143145 0.999894 0.149764 -0.492363 -0.660736
FixedParameters: 0 0 0

#Transform 117
Transform: AffineTransform_float_3_3
Parameters: 0.999991 0.00144604 0.00403435 -0.00138996 0.999903 -0.0138597 -0.00405365 0.0138533 0.999896 0.203263 -0.72449 -0.725985
FixedParameters: 0 0 0

#Transform 118
Transform: AffineTransform_float_3_3
Parameters: 0.999991 0.00164063 0.00385919 -0.00158137 0.99988 -0.0154052 -0.00388382 0.0153988 0.999874 0.126374 -0.82224 -0.0447624
FixedParameters: 0 0 0

#Transform 119
Transform: AffineTransform_float_3_3
Parameters: 0.999994 0.0015454 0.00310337 -0.00149761 0.999878 -0.0155368 -0.00312664 0.0155323 0.999875 0.119113 -0.434838 -0.250401
FixedParameters: 0 0 0

#Transform 120
Transform: AffineTransform_float_3_3
Parameters: 0.999988 0.00175112 0.00455201 -0.00168188 0.999884 -0.0151448 -0.00457799 0.0151372 0.999875 0.0844919 -0.594845 -0.262407
FixedParameters: 0 0 0

#Transform 121
Transform: AffineTransform_float_3_3
Parameters: 0.999989 0.00174284 0.0043853 -0.00168115 0.999903 -0.0138395 -0.00440968 0.0138315 0.999894 0.105579 -0.455345 -0.405435
FixedParameters: 0 0 0

#Transform 122
Transform: AffineTransform_float_3_3
Parameters: 0.999991 0.00135732 0.00400364 -0.00130467 0.999914 -0.0130423 -0.00402136 0.0130377 0.999907 0.127243 -0.481521 -0.392096
FixedParameters: 0 0 0

#Transform 123
Transform: AffineTransform_float_3_3
Parameters: 0.99999 0.0023619 0.00382382 -0.00231409 0.99992 -0.012484 -0.00385318 0.012475 0.999915 0.0591551 -0.626475 -0.559567
FixedParameters: 0 0 0

#Transform 124
Transform: AffineTransform_float_3_3
Parameters: 0.999988 0.00257738 0.00403843 -0.00252462 0.99991 -0.0131664 -0.00407258 0.0131567 0.999905 0.0794911 -0.571372 -0.657402
FixedParameters: 0 0 0

#Transform 125
Transform: AffineTransform_float_3_3
Parameters: 0.999988 0.00249576 0.00416493 -0.00243724 0.999902 -0.0138163 -0.00419906 0.0138057 0.999896 0.0776058 -0.591433 -0.678126
FixedParameters: 0 0 0

#Transform 126
Transform: AffineTransform_float_3_3
Parameters: 0.999991 0.0019158 0.00385014 -0.00186519 0.999911 -0.0131543 -0.00387586 0.0131467 0.999906 0.104992 -0.580523 -0.65108
FixedParameters: 0 0 0

#Transform 127
Transform: AffineTransform_float_3_3
Parameters: 0.999994 0.00137262 0.00318053 -0.00132938 0.999905 -0.0136773 -0.00319848 0.0136727 0.999902 0.110682 -0.549147 -0.747529
FixedParameters: 0 0 0

#Transform 128
Transform: AffineTransform_float_3_3
Parameters: 0.999996 0.00136156 0.00245321 -0.00132944 0.999911 -0.0132273 -0.0024708 0.0132237 0.999909 0.132278 -0.583331 -0.838257
FixedParameters: 0 0 0

#Transform 129
Transform: AffineTransform_float_3_3
Parameters: 0.999967 0.00797771 0.00155928 -0.00794227 0.999733 -0.0217031 -0.00173273 0.0216899 0.999763 -0.286477 -1.33063 -2.20499
FixedParameters: 0 0 0

#Transform 130
Transform: AffineTransform_float_3_3
Parameters: 0.999935 0.00959966 0.00605358 -0.00939136 0.999397 -0.033446 -0.00637039 0.033387 0.999422 -0.216578 -1.34341 -1.8961
FixedParameters: 0 0 0

#Transform 131
Transform: AffineTransform_float_3_3
Parameters: 0.99997 0.0057506 0.00518937 -0.00561139 0.999633 -0.0265249 -0.00534064 0.0264951 0.999634 -0.174321 -0.924354 -1.2209
FixedParameters: 0 0 0

#Transform 132
Transform: AffineTransform_float_3_3
Parameters: 0.999968 0.00645264 0.00458374 -0.00633538 0.999662 -0.0252308 -0.00474426 0.0252012 0.999671 -0.22498 -1.17173 -1.16312
FixedParameters: 0 0 0

#Transform 133
Transform: AffineTransform_float_3_3
Parameters: 0.999971 0.00601337 0.00466441 -0.00589962 0.999696 -0.0239482 -0.00480759 0.0239208 0.999703 -0.232546 -0.903401 -1.04987
FixedParameters: 0 0 0

#Transform 134
Transform: AffineTransform_float_3_3
Parameters: 0.999967 0.00594619 0.00543503 -0.00581881 0.999715 -0.0231254 -0.00557096 0.0230936 0.999718 -0.177084 -1.07792 -0.983072
FixedParameters: 0 0 0

#Transform 135
Transform: AffineTransform_float_3_3
Parameters: 0.999969 0.00581706 0.00543402 -0.00568594 0.9997 -0.0238297 -0.00557099 0.0237984 0.999702 -0.175206 -1.06849 -1.08548
FixedParameters: 0 0 0

#Transform 136
Transform: AffineTransform_float_3_3
Parameters: 0.999957 0.00583831 0.00723035 -0.00566069 0.999688 -0.024306 -0.00736965 0.024264 0.999679 -0.139541 -1.08277 -1.09605
FixedParameters: 0 0 0

#Transform 137
Transform: AffineTransform_float_3_3
Parameters: 0.999952 0.00585133 0.00785168 -0.00566068 0.999695 -0.0240486 -0.00798931 0.0240024 0.99968 -0.121736 -1.0328 -1.14285
FixedParameters: 0 0 0

#Transform 138
Transform: AffineTransform_float_3_3
Parameters: 0.999956 0.00563696 0.00751678 -0.00546604 0.999731 -0.0225731 -0.00764221 0.0225309 0.999717 -0.0819156 -0.885499 -1.06131
FixedParameters: 0 0 0

#Transform 139
Transform: AffineTransform_float_3_3
Parameters: 0.999954 0.00583379 0.00762078 -0.0056612 0.999731 -0.0225022 -0.00775022 0.0224578 0.999717 -0.097369 -1.07269 -1.07872
FixedParameters: 0 0 0

#Transform 140
Transform: AffineTransform_float_3_3
Parameters: 0.999956 0.00554903 0.00758076 -0.00536797 0.999705 -0.0236947 -0.00771025 0.0236533 0.999691 -0.124345 -0.95954 -1.15775
FixedParameters: 0 0 0

#Transform 141
Transform: AffineTransform_float_3_3
Parameters: 0.999962 0.00524923 0.00706591 -0.0050848 0.999721 -0.0230628 -0.00718409 0.0230262 0.999709 -0.108013 -1.04705 -1.18612
FixedParameters: 0 0 0

#Transform 142
Transform: AffineTransform_float_3_3
Parameters: 0.999959 0.00429967 0.00803585 -0.00410734 0.999708 -0.02384 -0.00813616 0.023806 0.999683 0.0130886 -0.9792 -1.54239
FixedParameters: 0 0 0

#Transform 143
Transform: AffineTransform_float_3_3
Parameters: 0.999953 0.00417899 0.00874795 -0.00398502 0.999749 -0.0220759 -0.00883805 0.0220401 0.999718 0.0305768 -0.835247 -0.896527
FixedParameters: 0 0 0

#Transform 144
Transform: AffineTransform_float_3_3
Parameters: 0.99995 0.00499307 0.00873643 -0.00481093 0.999774 -0.0207381 -0.00883857 0.0206949 0.999747 -0.0449846 -1.04718 -0.802666
FixedParameters: 0 0 0

#Transform 145
Transform: AffineTransform_float_3_3
Parameters: 0.999952 0.00500705 0.00850652 -0.00481794 0.999744 -0.0221011 -0.00861549 0.022059 0.99972 -0.0603723 -0.947652 -0.970263
FixedParameters: 0 0 0

#Transform 146
Transform: AffineTransform_float_3_3
Parameters: 0.999951 0.00478973 0.00873716 -0.00460026 0.999759 -0.0214943 -0.00883882 0.0214527 0.999731 -0.0373778 -0.871882 -0.993768
FixedParameters: 0 0 0

#Transform 147
Transform: AffineTransform_float_3_3
Parameters: 0.999954 0.00477625 0.00823481 -0.00460075 0.999766 -0.0211709 -0.00833418 0.0211322 0.999742 -0.047623 -0.930589 -0.957267
FixedParameters: 0 0 0

#Transform 148
Transform: AffineTransform_float_3_3
Parameters: 0.999952 0.00520247 0.00822498 -0.00502552 0.99976 -0.0213333 -0.00833399 0.0212906 0.999738 -0.0557766 -0.943468 -1.06353
FixedParameters: 0 0 0

#Transform 149
Transform: AffineTransform_float_3_3
Parameters: 0.999954 0.00486986 0.00823477 -0.00469814 0.999774 -0.0207617 -0.00833425 0.0207224 0.999751 -0.0500149 -0.867421 -1.08952
FixedParameters: 0 0 0

#Transform 150
Transform: AffineTransform_float_3_3
Parameters: 0.999957 0.0044076 0.00824711 -0.00424141 0.999789 -0.0201098 -0.0083339 0.0200741 0.999764 -0.0605323 -0.973346 -1.22647
FixedParameters: 0 0 0

#Transform 151
Transform: AffineTransform_float_3_3
Parameters: 0.999957 0.00446814 0.00814332 -0.00429285 0.999762 -0.0213989 -0.00823767 0.0213631 0.999738 -0.0829597 -1.04206 -1.28016
FixedParameters: 0 0 0

#Transform 152
Transform: AffineTransform_float_3_3
Parameters: 0.999958 0.00502037 0.00768054 -0.00485162 0.999751 -0.0217852 -0.00778845 0.0217468 0.999733 -0.0975953 -1.0718 -1.31116
FixedParameters: 0 0 0

#Transform 153
Transform: AffineTransform_float_3_3
Parameters: 0.999957 0.00485024 0.00793222 -0.00467777 0.999756 -0.02159 -0.00803478 0.021552 0.999736 -0.0218339 -1.00214 -1.36058
FixedParameters: 0 0 0

#Transform 154
Transform: AffineTransform_float_3_3
Parameters: 0.999953 0.00485962 0.00832865 -0.00467837 0.999754 -0.021689 -0.00843235 0.021649 0.99973 -0.0179382 -0.975569 -1.3511
FixedParameters: 0 0 0

#Transform 155
Transform: AffineTransform_float_3_3
Parameters: 0.999956 0.00469661 0.00818848 -0.00452638 0.999775 -0.020731 -0.00828453 0.020693 0.999751 -0.00853017 -0.961002 -1.26248
FixedParameters: 0 0 0

#Transform 156
Transform: AffineTransform_float_3_3
Parameters: 0.999959 0.00482678 0.00774573 -0.00466222 0.999766 -0.021152 -0.00784629 0.021115 0.999747 -0.0194827 -1.04244 -1.22238
FixedParameters: 0 0 0

#Transform 157
Transform: AffineTransform_float_3_3
Parameters: 0.999958 0.00448708 0.00789916 -0.00431392 0.999753 -0.021794 -0.00799484 0.021759 0.999732 0.041686 -0.933618 -1.26647
FixedParameters: 0 0 0

#Transform 158
Transform: AffineTransform_float_3_3
Parameters: 0.999959 0.00428266 0.00799488 -0.00411035 0.99976 -0.0214897 -0.00808412 0.0214553 0.999737 0.0401121 -1.07625 -1.28153
FixedParameters: 0 0 0

#Transform 159
Transform: AffineTransform_float_3_3
Parameters: 0.999958 0.0044416 0.00799469 -0.00427441 0.999776 -0.020737 -0.0080843 0.020702 0.999753 0.0389761 -0.952564 -1.25079
FixedParameters: 0 0 0

#Transform 160
Transform: AffineTransform_float_3_3
Parameters: 0.999956 0.00421542 0.00840264 -0.00404557 0.999788 -0.0201969 -0.00848636 0.0201621 0.99976 0.0615395 -0.966735 -1.24149
FixedParameters: 0 0 0

#Transform 161
Transform: AffineTransform_float_3_3
Parameters: 0.999952 0.00456595 0.00873172 -0.00439705 0.999804 -0.0192703 -0.00881829 0.0192317 0.999776 0.0593287 -0.875463 -1.25983
FixedParameters: 0 0 0

#Transform 162
Transform: AffineTransform_float_3_3
Parameters: 0.999956 0.00442123 0.00826284 -0.00426977 0.999824 -0.0182311 -0.00834215 0.0181949 0.999799 0.049221 -0.890824 -1.20215
FixedParameters: 0 0 0

#Transform 163
Transform: AffineTransform_float_3_3
Parameters: 0.99996 0.00457055 0.00777716 -0.00442246 0.999812 -0.0188842 -0.00786185 0.0188498 0.999792 0.0291365 -0.839726 -1.19662
FixedParameters: 0 0 0

#Transform 164
Transform: AffineTransform_float_3_3
Parameters: 0.999955 0.00424403 0.00855918 -0.00409597 0.999843 -0.0172388 -0.00863082 0.0172032 0.999815 0.0584533 -0.857369 -1.18218
FixedParameters: 0 0 0

#Transform 165
Transform: AffineTransform_float_3_3
Parameters: 0.999957 0.00430919 0.00818369 -0.0041678 0.999842 -0.0173138 -0.00825732 0.0172782 0.999816 0.0186725 -0.897985 -1.30774
FixedParameters: 0 0 0

#Transform 166
Transform: AffineTransform_float_3_3
Parameters: 0.999958 0.00430209 0.00809564 -0.0041669 0.999853 -0.0166304 -0.00816635 0.0165956 0.999829 -0.0604231 -0.876204 -1.34494
FixedParameters: 0 0 0

#Transform 167
Transform: AffineTransform_float_3_3
Parameters: 0.999953 0.00472556 0.00844029 -0.00458344 0.99985 -0.0167125 -0.0085187 0.0166735 0.999824 -0.0714329 -0.871558 -1.28323
FixedParameters: 0 0 0

#Transform 168
Transform: AffineTransform_float_3_3
Parameters: 0.999961 0.00470872 0.00738495 -0.00458428 0.999848 -0.0168145 -0.00746306 0.0167805 0.999832 -0.0914425 -0.883528 -1.18144
FixedParameters: 0 0 0

#Transform 169
Transform: AffineTransform_float_3_3
Parameters: 0.99996 0.00471561 0.00769286 -0.00458341 0.999845 -0.017037 -0.00777114 0.0170011 0.999826 -0.0627051 -0.837712 -1.18558
FixedParameters: 0 0 0

#Transform 170
Transform: AffineTransform_float_3_3
Parameters: 0.999957 0.00490062 0.00794535 -0.0047644 0.999842 -0.0171226 -0.00802767 0.0170844 0.999822 -0.0713537 -0.896677 -1.21355
FixedParameters: 0 0 0

#Transform 171
Transform: AffineTransform_float_3_3
Parameters: 0.999956 0.00513308 0.00794597 -0.00499892 0.999847 -0.0168035 -0.00803103 0.0167625 0.999827 -0.108685 -0.835715 -1.2422
FixedParameters: 0 0 0

#Transform 172
Transform: AffineTransform_float_3_3
Parameters: 0.999955 0.00521721 0.00792095 -0.00508179 0.999841 -0.01712 -0.00800907 0.017079 0.999822 -0.119871 -0.828989 -1.1873
FixedParameters: 0 0 0

#Transform 173
Transform: AffineTransform_float_3_3
Parameters: 0.999953 0.00566749 0.00793863 -0.00552953 0.999836 -0.0172347 -0.00803437 0.0171903 0.99982 -0.159371 -0.846539 -1.20183
FixedParameters: 0 0 0

#Transform 174
Transform: AffineTransform_float_3_3
Parameters: 0.999951 0.00573285 0.00800302 -0.00559515 0.999838 -0.0171426 -0.00809997 0.0170964 0.999821 -0.201447 -0.817278 -1.14384
FixedParameters: 0 0 0

#Transform 175
Transform: AffineTransform_float_3_3
Parameters: 0.999955 0.00574532 0.0076284 -0.0056127 0.999833 -0.0173836 -0.00772662 0.0173404 0.99982 -0.23345 -0.854121 -1.18826
FixedParameters: 0 0 0

#Transform 176
Transform: AffineTransform_float_3_3
Parameters: 0.999953 0.00620724 0.00742161 -0.00607878 0.999834 -0.0171779 -0.00752639 0.0171321 0.999825 -0.257184 -0.886121 -1.11353
FixedParameters: 0 0 0

#Transform 177
Transform: AffineTransform_float_3_3
Parameters: 0.999949 0.00621804 0.00787721 -0.00607896 0.999828 -0.0175538 -0.00798479 0.0175052 0.999815 -0.270346 -0.838182 -1.12077
FixedParameters: 0 0 0

#Transform 178
Transform: AffineTransform_float_3_3
Parameters: 0.999946 0.0062174 0.00824948 -0.00607861 0.999842 -0.016697 -0.0083515 0.016646 0.999826 -0.285158 -0.796211 -1.08891
FixedParameters: 0 0 0

#Transform 179
Transform: AffineTransform_float_3_3
Parameters: 0.999947 0.0066497 0.00780326 -0.00652629 0.999855 -0.0157718 -0.00790774 0.0157202 0.999845 -0.358041 -0.763841 -1.03778
FixedParameters: 0 0 0

#Transform 180
Transform: AffineTransform_float_3_3
Parameters: 0.999947 0.00708276 0.00745743 -0.00697125 0.999864 -0.0149068 -0.00756158 0.0148542 0.999861 -0.394959 -0.73538 -0.89372
FixedParameters: 0 0 0

#Transform 181
Transform: AffineTransform_float_3_3
Parameters: 0.99995 0.00674434 0.00737878 -0.00662465 0.999846 -0.0162137 -0.00748723 0.0161643 0.999842 -0.386052 -0.778359 -0.983527
FixedParameters: 0 0 0

#Transform 182
Transform: AffineTransform_float_3_3
Parameters: 0.999947 0.00709898 0.00744301 -0.00697102 0.99983 -0.0170818 -0.007563 0.0170292 0.999827 -0.367744 -0.873793 -1.06631
FixedParameters: 0 0 0

#Transform 183
Transform: AffineTransform_float_3_3
Parameters: 0.999948 0.00662137 0.00766004 -0.00648562 0.999824 -0.0175646 -0.00777495 0.0175134 0.999817 -0.312998 -0.85675 -1.05616
FixedParameters: 0 0 0

#Transform 184
Transform: AffineTransform_float_3_3
Parameters: 0.999953 0.00606593 0.00754663 -0.00592608 0.999812 -0.0184286 -0.00765637 0.0183824 0.999801 -0.28601 -0.915223 -1.16922
FixedParameters: 0 0 0

#Transform 185
Transform: AffineTransform_float_3_3
Parameters: 0.999949 0.00610006 0.0080744 -0.00592593 0.999754 -0.021408 -0.0082036 0.0213591 0.999738 -0.305612 -0.944262 -1.44716
FixedParameters: 0 0 0

#Transform 186
Transform: AffineTransform_float_3_3
Parameters: 0.999951 0.00671716 0.00717673 -0.00657283 0.99978 -0.0199261 -0.00730926 0.0198779 0.999775 -0.381691 -0.936675 -1.14893
FixedParameters: 0 0 0

#Transform 187
Transform: AffineTransform_float_3_3
Parameters: 0.999951 0.00654418 0.00740473 -0.00640181 0.999797 -0.0190653 -0.00752826 0.0190167 0.999791 -0.383845 -0.921809 -1.12478
FixedParameters: 0 0 0

#Transform 188
Transform: AffineTransform_float_3_3
Parameters: 0.99995 0.00690609 0.00713596 -0.00676691 0.99979 -0.0193352 -0.00726802 0.0192858 0.999787 -0.379087 -0.934249 -1.11193
FixedParameters: 0 0 0

#Transform 189
Transform: AffineTransform_float_3_3
